4.8781e-05 -4.43928e-11 -1.01012e-07 -3.16929e-10 -5.07878e-08 -2.53673e-10 4.80206e-05 -4.59026e-05 -1.94291e-07 -2.03069e-08 4.83553e-05 4.8256e-05 -4.79083e-05 -1.15858e-06 -4.83459e-08 -3.54601e-07 -3.88569e-05 -6.75662e-08 -2.94538e-09 1.20841e-05 -1.47158e-06 -3.2013e-07 -4.67054e-05 -7.50304e-06 -1.42594e-09 -4.82603e-05 -4.82607e-05 7.53594e-06 -3.34003e-10 1.40406e-07 -4.56744e-05 -4.79798e-05 -4.08744e-05 -4.93834e-09 -2.8326e-06 -1.00046e-07 -5.96756e-06 -4.82438e-07 -6.17922e-11 -5.29966e-09 -5.97921e-10 -4.18724e-09 -4.70109e-10 4.63631e-05 -4.48839e-09 -9.06281e-09 -3.10229e-08 -1.33438e-06 -1.70234e-06 -1.44989e-08 -1.39423e-09 -5.92067e-10 -1.24877e-08 -9.65259e-07 -2.61968e-05 -1.90759e-09 -9.67949e-06 -1.19281e-07 7.27633e-08 -2.46844e-09 -8.99652e-08 -1.08462e-10 -3.74006e-12 -1.21841e-07 -1.15024e-07 -1.52981e-08 -2.19362e-10 -4.54943e-05 -2.94863e-09 -1.70729e-08 -1.02786e-09 -4.10202e-06 -1.12803e-09 4.82269e-05 4.83404e-05 -1.36605e-08 -1.81018e-07 4.80374e-05 2.94609e-05 -1.28463e-10 -1.7936e-09 4.81703e-05 4.30939e-05 -3.51547e-05 -7.69313e-09 -9.72698e-06 -6.7695e-10 -4.70223e-05 4.8346e-05 -1.67531e-06 -2.43917e-12 -3.55793e-10 -3.41971e-10 -1.03469e-09 -6.23136e-06 -1.21958e-11 -2.86196e-11 8.68407e-07 4.70194e-05 -2.46551e-09 
-4.43928e-11 9.09999e-07 -1.88427e-09 -5.91197e-12 -9.47392e-10 -4.732e-12 7.15075e-07 -4.94427e-07 -3.62428e-09 -3.78803e-10 7.1535e-07 7.13497e-07 -7.0701e-07 -8.59318e-08 -1.27492e-09 -6.6147e-09 -7.54804e-07 -1.26037e-09 -5.49428e-11 6.43614e-07 -2.73129e-08 -5.97168e-09 -7.74572e-07 4.67057e-08 -2.65993e-11 -7.13577e-07 -7.1489e-07 -4.6092e-08 -6.23047e-12 -1.42256e-09 -4.45339e-07 -7.08344e-07 -7.65453e-07 -9.21193e-11 -5.2839e-08 -1.86624e-09 -1.11318e-07 -8.99935e-09 -1.15267e-12 -9.88594e-11 -1.11536e-11 -7.81083e-11 -8.76937e-12 7.15618e-07 -8.37261e-11 -1.69057e-10 -5.78699e-10 -2.48913e-08 5.82447e-08 -2.70461e-10 -2.60078e-11 -1.10444e-11 -2.32945e-10 -1.80059e-08 -5.16715e-07 -3.5584e-11 6.1063e-09 -2.22506e-09 -4.30103e-09 -4.6046e-11 -1.6782e-09 -2.02323e-12 -6.97667e-14 -2.27281e-09 -2.14565e-09 -2.8537e-10 -4.09197e-12 -6.6198e-07 -5.50034e-11 -3.18476e-10 -1.91737e-11 -7.65188e-08 -2.10422e-11 7.12955e-07 7.15071e-07 -2.54821e-10 -3.37669e-09 7.19864e-07 -3.74971e-09 -2.39633e-12 -3.34577e-11 7.11897e-07 2.86984e-07 -6.55772e-07 -1.43507e-10 -1.81446e-07 -1.26278e-11 -6.90483e-07 7.15176e-07 -3.1251e-08 -4.55e-14 -6.63693e-12 -6.3791e-12 -1.93011e-11 7.04275e-08 -2.275e-13 -5.33867e-13 -1.04759e-08 4.93311e-07 3.76621e-07 
-1.01012e-07 -1.88427e-09 0.00206634 -1.34521e-08 -1.07904e-06 -1.07672e-08 -1.87913e-05 -4.66649e-05 -5.29672e-06 -8.61931e-07 -1.80225e-05 -2.22391e-05 3.57679e-05 6.79676e-06 -2.90096e-06 -1.18511e-05 0.000287898 -2.85454e-06 -1.25017e-07 -8.35873e-05 0.000459673 -1.16547e-05 6.70607e-05 -0.000317409 -6.05243e-08 1.85288e-05 1.92124e-05 0.000211102 -1.41769e-08 -3.2369e-06 -0.000669813 3.35433e-05 0.000260031 8.03908e-08 -6.29738e-05 -2.99647e-06 0.000653262 -2.00972e-05 -2.62279e-09 -2.24946e-07 -2.53789e-08 -1.77729e-07 -1.99539e-08 -1.75552e-05 -1.90511e-07 -3.84674e-07 -8.53445e-07 -5.65314e-05 -7.13097e-05 -6.1541e-07 -5.91784e-08 -2.51305e-08 -4.83378e-07 -3.86374e-05 -0.00109878 -8.09683e-08 -0.000170182 -5.06292e-06 2.13334e-05 -1.04774e-07 -3.8186e-06 -4.60369e-09 -1.58748e-10 6.07584e-05 -4.88224e-06 -5.06e-07 -9.3109e-09 0.000131153 -1.25155e-07 -7.24663e-07 -4.3628e-08 -0.000154192 -4.78797e-08 -2.3616e-05 -1.69661e-05 -4.8649e-07 -6.63669e-06 -7.89313e-06 -0.000209002 -5.45264e-09 -7.61299e-08 -2.60223e-05 -3.39492e-05 -0.000416537 -3.26537e-07 -0.000353538 -2.87333e-08 3.20474e-05 -1.83415e-05 -6.90122e-05 -1.03531e-10 -1.51017e-08 -1.45151e-08 -1.39179e-08 -0.000254138 -5.17656e-10 -1.21477e-09 2.2543e-05 -2.20876e-05 -1.04649e-07 
-3.16929e-10 -5.91197e-12 -1.34521e-08 6.49662e-06 -6.76361e-09 -3.37827e-11 3.71437e-06 -6.17308e-06 -2.58744e-08 -2.70435e-09 1.04634e-06 4.48311e-06 -6.12013e-06 -2.90957e-07 -9.10189e-09 -4.72236e-08 -4.47536e-06 -8.99806e-09 5.96078e-08 5.22644e-06 1.00075e-06 -4.2633e-08 -6.19994e-06 4.39412e-06 -1.89898e-10 -3.24035e-06 -6.01639e-06 4.6359e-07 -4.44805e-11 4.88318e-06 -7.19302e-07 -6.38966e-06 -4.47471e-06 -6.57658e-10 -3.77228e-07 1.53343e-07 -7.94724e-07 3.94909e-06 -8.22911e-12 -7.05776e-10 -7.96275e-11 5.94424e-08 -6.26062e-11 6.02159e-06 -5.97737e-10 5.87931e-08 -4.13145e-09 3.7123e-06 -2.26707e-07 3.9614e-06 -1.85675e-10 -7.88479e-11 -1.66304e-09 -1.28547e-07 -2.70226e-06 -2.54041e-10 -9.45722e-07 -1.58851e-08 -3.07059e-08 -3.28731e-10 4.8019e-08 -1.44443e-11 -4.98078e-13 -1.6226e-08 -1.53182e-08 -2.03731e-09 -2.92133e-11 -5.60199e-06 -3.9268e-10 -2.27366e-09 -1.36885e-10 -5.46283e-07 -1.50225e-10 5.94257e-06 1.04435e-06 -1.81922e-09 -2.41069e-08 1.65235e-07 2.25737e-06 -1.71079e-11 -2.38861e-10 4.63502e-06 -1.49419e-07 -4.68168e-06 2.44564e-06 -1.03538e-06 -9.01521e-11 -6.00214e-06 1.0451e-06 -2.13107e-07 -3.24833e-13 -4.73824e-11 -4.55416e-11 -1.37794e-10 -5.09854e-07 -1.62417e-12 -3.81138e-12 9.11877e-07 1.11784e-07 -3.28342e-10 
-5.07878e-08 -9.47392e-10 -1.07904e-06 -6.76361e-09 0.00104001 2.27792e-06 -9.44474e-06 -0.000957278 6.01736e-05 1.13833e-05 -9.1303e-06 -1.12503e-05 -0.000878002 4.47755e-06 5.88781e-05 -6.97758e-06 -0.00085855 3.29147e-05 1.98048e-06 -4.53442e-05 0.000934326 3.67081e-05 -4.68885e-05 -0.000154053 3.29569e-07 -5.5052e-05 3.89646e-06 -0.000633462 -7.128e-09 -1.41082e-06 -0.000967952 1.71451e-05 -0.000863523 3.66513e-05 0.000644406 -1.01751e-07 -0.000127274 0.000845964 2.75348e-07 2.02328e-08 3.40724e-06 -8.93602e-08 5.72997e-06 -8.82325e-06 3.49675e-05 1.06992e-06 -6.62064e-07 -2.84771e-05 -3.56431e-05 -3.09422e-07 6.80246e-07 -1.26354e-08 1.14735e-05 0.000141974 -0.00058718 -4.07101e-08 -0.000204871 -2.54559e-06 0.000955073 -5.26792e-08 -9.26624e-07 2.34352e-07 -7.98169e-11 2.39265e-05 0.000165315 -3.26479e-07 1.16532e-06 -0.000952519 -6.29269e-08 5.0159e-05 -2.19358e-08 0.000666055 -2.40735e-08 -4.29392e-06 -7.61884e-06 -2.58196e-07 0.000792284 -3.96859e-06 0.000920379 -2.74154e-09 -3.82774e-08 -1.21438e-05 -4.11202e-05 0.000281864 -1.6418e-07 -0.000206568 -1.44469e-08 3.46323e-05 -9.32923e-06 1.17738e-05 -5.20545e-11 -7.59302e-09 -7.29804e-09 -2.20815e-08 -0.000132911 -2.60273e-10 3.60559e-08 -1.18483e-05 4.57842e-05 -5.26167e-08 
-2.53673e-10 -4.732e-12 -1.07672e-08 -3.37827e-11 2.27792e-06 5.19997e-06 -4.71909e-08 -6.92441e-07 1.11262e-06 -2.16459e-09 -4.56204e-08 -5.62095e-08 -3.41006e-06 2.32467e-08 1.12605e-06 -3.77983e-08 -4.31316e-06 1.12613e-06 -3.13959e-10 -2.26966e-07 3.25831e-07 1.09921e-06 -3.36517e-06 1.85356e-06 -1.51996e-10 -1.07758e-06 4.82484e-08 -4.39672e-06 -3.56027e-11 -8.1289e-09 -4.8686e-06 8.56526e-08 -4.37401e-06 -5.26396e-10 4.02806e-06 -1.06642e-08 -6.36105e-07 -5.14248e-08 -6.58667e-12 -5.64911e-10 2.2327e-07 -4.46333e-10 -5.01107e-11 -4.40867e-08 -4.78435e-10 -9.66039e-10 -3.30685e-09 -8.90293e-09 -1.81459e-07 -1.54549e-09 -1.48616e-10 -6.31107e-11 -1.33111e-09 4.79378e-06 -1.91932e-06 -2.03337e-10 1.37823e-06 -1.27146e-08 1.12542e-06 -2.6312e-10 3.70769e-08 -1.15613e-11 -3.98667e-13 -1.29875e-08 -1.22609e-08 -1.63069e-09 -2.33827e-11 -3.38274e-06 -3.14305e-10 1.13151e-06 -1.09564e-10 -2.00584e-07 -1.20241e-10 -5.93075e-08 -4.72114e-08 -1.45612e-09 2.87404e-06 -1.98222e-08 3.31095e-06 -1.36933e-11 -1.91187e-10 -6.53503e-08 -3.41044e-07 1.1494e-06 -8.2004e-10 -1.03684e-06 -7.21587e-11 1.87715e-07 -4.66139e-08 -1.78577e-07 -2.6e-13 -3.79253e-11 -3.6452e-11 -1.10292e-10 8.15776e-07 -1.3e-12 -3.05067e-12 -5.98623e-08 -5.72688e-08 -2.62808e-10 
4.80206e-05 7.15075e-07 -1.87913e-05 3.71437e-06 -9.44474e-06 -4.71909e-08 0.00899282 -0.00443902 1.23427e-05 0.000155279 0.00686938 0.00876408 -0.00877026 -4.90526e-05 0.000340279 0.00107376 -0.00440413 -1.18727e-05 2.82654e-05 0.00496441 0.00418019 0.000118473 -0.00852173 0.000721782 1.22781e-05 -0.0069073 -0.00816617 0.00133018 6.5912e-06 0.0010331 -0.00594012 -0.00882284 -0.0069223 8.50132e-06 -0.000522209 -1.85582e-05 -0.00108852 0.00174312 4.48505e-07 9.07241e-05 -1.11231e-07 5.02771e-06 -8.74545e-08 0.00724354 -6.34977e-07 0.000125131 4.95213e-06 -0.000210321 0.00026583 8.45361e-05 1.79306e-05 3.22319e-06 -1.21309e-06 -0.000155777 -0.0032869 1.0513e-07 -0.00173318 -1.51532e-05 0.000123277 -4.59204e-07 8.06041e-06 -2.01771e-08 7.59709e-08 -1.17927e-05 5.29687e-05 8.03574e-05 1.39919e-06 -0.00836159 -5.48534e-07 -2.37607e-06 7.8786e-08 -0.000763101 -2.09848e-07 0.00871693 0.00674344 -2.41459e-06 -3.33415e-05 0.00374687 0.00159522 -2.3898e-08 -3.33664e-07 0.00873922 0.00385751 -0.00653937 0.000110569 -0.0018087 1.29341e-05 -0.00870651 0.00683007 0.00184403 -4.53759e-10 2.43048e-06 -6.3617e-08 3.77516e-07 -0.00113461 5.43979e-08 -5.3241e-09 0.00135954 0.0052577 4.93547e-05 
-4.59026e-05 -4.94427e-07 -4.66649e-05 -6.17308e-06 -0.000957278 -6.92441e-07 -0.00443902 0.00969116 -8.42513e-05 -0.000250013 -0.00313636 -0.00494897 0.00796502 0.000113194 -0.000357122 -0.00039404 0.00570154 -3.42815e-06 -5.70358e-05 -0.002906 -0.00658882 5.74805e-06 0.00517961 -0.00102463 -1.36906e-05 0.00323908 0.00450911 -4.47913e-05 -3.58966e-06 -0.00126804 0.00607955 0.0050056 0.00725861 -4.84926e-05 -0.00115618 -0.000102409 0.0011885 -0.00513326 -1.0676e-06 -0.000104547 -1.00167e-05 -7.376e-05 -8.44902e-06 -0.00476658 -3.71929e-05 -6.36351e-05 -5.11949e-06 0.000111834 0.000186551 -0.000127785 -2.78136e-05 -9.16789e-06 -8.00137e-06 -0.000116062 0.00349641 3.82702e-07 0.00134375 1.89603e-05 -0.00361167 4.9522e-07 -0.000113958 -2.14907e-07 -7.59163e-08 -6.14962e-05 -0.00217567 -2.21775e-05 -4.20599e-06 0.00795067 1.64889e-07 -3.33348e-05 7.95443e-08 -0.00256602 -2.63693e-07 -0.00502061 -0.0028996 2.26391e-06 -0.0028886 -0.00159536 -0.00509908 -2.57756e-06 -2.68333e-08 -0.00479417 -0.000873917 0.00255023 -0.00014621 0.0018831 -2.47523e-07 0.00486017 -0.00296562 -0.0019322 4.89347e-10 -3.28621e-07 6.86065e-08 -2.69086e-07 0.00106539 2.44674e-09 -3.0925e-08 -0.00138446 -0.00278996 -4.8332e-05 
-1.94291e-07 -3.62428e-09 -5.29672e-06 -2.58744e-08 6.01736e-05 1.11262e-06 1.23427e-05 -8.42513e-05 0.00396686 -1.58121e-06 -3.40435e-06 5.4072e-05 -0.000268708 1.69682e-05 0.000682063 -2.88933e-05 -2.56553e-05 0.000419877 1.80287e-06 -6.47921e-05 -0.000133876 0.000302658 -0.000375691 -0.000341516 -1.16415e-07 -0.000803425 -1.48949e-06 -0.00149983 -2.72684e-08 5.28673e-05 -9.71784e-05 -7.82013e-05 0.000170016 1.73968e-05 -0.000197853 -5.48784e-06 -0.000362988 -7.99672e-06 -5.04478e-09 -4.3267e-07 -4.88149e-08 2.6815e-07 6.63162e-06 -1.09597e-05 3.53802e-05 -7.39897e-07 -2.53275e-06 -0.000108247 -0.000138924 5.36396e-05 -1.13826e-07 -4.8337e-08 2.24305e-05 -6.39715e-05 -0.00195975 9.65093e-06 -0.000783327 -9.24157e-06 9.3935e-07 9.68474e-07 -7.15153e-06 -8.85492e-09 -3.05342e-10 0.000274453 3.10263e-06 -7.32289e-07 -1.7909e-08 -0.000461391 -7.73957e-08 0.000207276 -8.3916e-08 0.00065545 -9.20938e-08 3.17526e-05 -4.74292e-06 -1.07526e-06 5.13151e-06 1.54214e-05 -0.000243933 1.95122e-08 -1.46431e-07 7.9411e-05 0.000137925 0.000667025 2.61986e-05 0.000355736 1.214e-07 -0.000128634 -3.23201e-06 -0.000122694 -1.99136e-10 -2.90473e-08 7.18748e-07 1.85526e-07 -0.000494558 -9.95681e-10 -2.33653e-09 -4.38957e-05 0.000631481 -2.01287e-07 
-2.03069e-08 -3.78803e-10 -8.61931e-07 -2.70435e-09 1.13833e-05 -2.16459e-09 0.000155279 -0.000250013 -1.58121e-06 0.000416093 0.000170045 0.000169567 -0.00018597 -0.000215019 -5.83194e-07 7.42775e-05 -0.000175728 -5.7654e-07 1.5882e-06 6.14277e-05 0.000271457 -2.73166e-06 -0.000339833 2.86368e-05 1.12783e-06 -0.000167667 -5.2231e-05 -3.11428e-05 2.61715e-06 4.12604e-07 -0.000334488 -0.00021752 -0.000252169 1.38079e-05 5.68286e-06 3.99996e-05 -5.0381e-05 3.30004e-06 -5.27271e-10 0.000100698 -5.10204e-09 -3.57296e-08 2.61266e-06 0.000177267 3.33837e-06 -7.73326e-08 -2.64718e-07 -1.04262e-05 7.61707e-05 -1.23719e-07 2.58614e-05 -5.05209e-09 -1.06557e-07 2.66014e-06 -0.000217431 -1.62774e-08 0.000116205 3.97551e-06 0.000160126 -2.10631e-08 2.50223e-05 -9.255e-10 -3.19138e-11 -4.49663e-07 0.000101905 9.56128e-07 2.24795e-07 -0.000168492 -2.51605e-08 -1.45682e-07 -8.77074e-09 1.34375e-05 -9.62547e-09 0.000208236 1.58407e-05 -9.65644e-08 2.01954e-05 0.000151823 7.08555e-05 -1.09617e-09 8.46953e-08 4.6482e-05 -2.63043e-05 -0.000162847 6.01021e-07 -8.26767e-05 -5.77639e-09 -0.00016058 9.58352e-05 0.000188575 -2.08133e-11 -3.03597e-09 -2.91803e-09 -8.82902e-09 4.98514e-05 -1.04067e-10 -2.4421e-10 -3.92055e-07 1.35889e-06 2.21823e-05 
4.83553e-05 7.1535e-07 -1.80225e-05 1.04634e-06 -9.1303e-06 -4.56204e-08 0.00686938 -0.00313636 -3.40435e-06 0.000170045 0.00869618 0.00867203 -0.00858501 -5.91595e-05 0.000439299 0.00160462 -0.00251291 9.95625e-07 8.09697e-06 0.00300559 0.00306539 6.95315e-05 -0.00784843 -0.00119586 5.88689e-06 -0.00858828 -0.00723537 0.00126034 6.59327e-06 0.000968192 -0.00638911 -0.00860958 -0.00636991 8.53189e-06 -0.000506892 -1.79654e-05 -0.00106829 -1.31244e-05 -1.11127e-08 0.000106084 -1.0753e-07 8.16972e-07 -8.45439e-08 0.00597983 -6.07188e-07 0.000139677 -1.64914e-06 -0.000239613 -4.83805e-05 1.09359e-05 2.56226e-05 -1.06477e-07 -8.52446e-07 -0.000110735 -0.0015984 -2.06393e-07 -0.00169733 -1.42147e-05 0.000196041 -4.43921e-07 -7.40259e-06 -1.95056e-08 7.59941e-08 -9.77506e-06 6.81975e-05 0.000191169 5.87217e-07 -0.00818083 -5.30278e-07 -3.07037e-06 1.57182e-06 -0.000737667 -7.95311e-08 0.00822145 0.00842127 -2.33002e-06 -3.08507e-05 0.00377347 -0.000415187 -2.31026e-08 -3.22559e-07 0.00837089 0.00379375 -0.00631813 3.50265e-05 -0.00174929 1.29383e-05 -0.00845512 0.00851551 0.000323571 -4.38657e-10 -6.39855e-08 -6.14998e-08 1.00588e-07 -0.00112063 5.44734e-08 -5.14691e-09 0.00308647 0.00668501 5.00866e-05 
4.8256e-05 7.13497e-07 -2.22391e-05 4.48311e-06 -1.12503e-05 -5.62095e-08 0.00876408 -0.00494897 5.4072e-05 0.000169567 0.00867203 0.0106927 -0.0105697 -5.00558e-05 0.000513196 0.00161739 -0.00418366 8.83853e-06 2.5024e-05 0.00481702 0.00479426 0.000178772 -0.00966902 0.000375598 1.13707e-05 -0.00879748 -0.00897355 0.00148955 6.57932e-06 0.00123283 -0.00662672 -0.010614 -0.00802134 8.32575e-06 -0.00062447 -1.8825e-05 -0.00128836 0.00168882 4.46308e-07 0.000105996 -1.32489e-07 5.77218e-06 -1.04168e-07 0.00778128 -7.94548e-07 0.000143472 8.35868e-07 -0.000279184 2.30151e-05 0.000116091 2.55644e-05 -1.31192e-07 -1.37372e-06 -0.000152334 -0.00259989 2.73119e-08 -0.00209006 -1.92906e-05 0.00021381 -5.46962e-07 4.04197e-06 -2.40332e-08 7.58379e-08 -5.53107e-06 6.4206e-05 0.000292567 1.61806e-06 -0.0100264 -6.53363e-07 -3.78304e-06 1.24722e-05 -0.000908936 -1.26619e-07 0.0100774 0.0085368 -2.90025e-06 -3.80737e-05 0.00377055 0.00122227 -2.84651e-08 -3.9743e-07 0.0103706 0.00379745 -0.00778674 0.000139105 -0.00214211 1.30867e-05 -0.0104182 0.00862635 0.00179047 -5.40476e-10 5.41163e-07 -7.57747e-08 3.4073e-07 -0.00136777 5.39643e-08 -6.34158e-09 0.00314471 0.00676085 4.99837e-05 
-4.79083e-05 -7.0701e-07 3.57679e-05 -6.12013e-06 -0.000878002 -3.41006e-06 -0.00877026 0.00796502 -0.000268708 -0.00018597 -0.00858501 -0.0105697 0.0176155 5.1028e-05 -0.000684203 -0.00172193 0.00812915 -0.000613216 -5.53737e-05 -0.00484586 -0.00821836 -0.000673334 0.0104576 -0.000863102 -1.37857e-05 0.00915049 0.00901506 0.000386751 -6.53052e-06 -0.0014967 0.0114379 0.0106804 0.0121722 -3.96842e-05 -0.00153931 -0.000264207 0.00150717 -0.005354 -1.06061e-06 -0.000106421 -1.15768e-05 -8.42937e-05 -1.04715e-06 -0.00782536 -2.0893e-05 -0.000161398 -0.00010115 -0.000698461 -0.000249004 -0.000118669 -2.80674e-05 -9.06897e-06 -1.86884e-05 -0.00123128 0.00441008 -3.31929e-07 0.00184308 -7.23647e-05 -0.00348703 -3.88904e-06 -0.000721454 3.98804e-08 -7.52915e-08 -0.000185917 -0.00208978 -0.000303842 -4.41601e-06 0.0149863 5.40852e-07 -0.000311526 -1.28621e-05 -0.00182158 -8.65232e-07 -0.0100161 -0.00847184 2.00617e-06 -0.00320645 -0.00374239 -0.00558926 -2.5861e-06 -1.52384e-06 -0.010464 -0.00375565 0.00775027 -0.000143405 0.00212123 -1.29878e-05 0.0111049 -0.00857504 -0.00203136 8.96861e-10 -2.03584e-06 -3.40426e-06 -6.30289e-06 0.000631943 -1.28849e-07 -2.61435e-08 -0.00310099 -0.00689156 -4.95935e-05 
-1.15858e-06 -8.59318e-08 6.79676e-06 -2.90957e-07 4.47755e-06 2.32467e-08 -4.90526e-05 0.000113194 1.69682e-05 -0.000215019 -5.91595e-05 -5.00558e-05 5.1028e-05 0.00445053 -8.41676e-06 -2.66443e-05 0.00266738 5.19846e-06 -2.59834e-05 -0.0031744 1.27993e-06 9.42349e-06 0.00165459 -0.00336169 -2.82933e-06 5.86089e-05 -7.70655e-06 0.00262985 -2.58939e-06 -5.12479e-06 0.000111608 0.000588326 0.00252598 -3.11078e-06 -0.00109535 -0.000164078 0.000513496 -4.12226e-05 5.66266e-09 -9.09777e-05 5.47937e-08 -2.41063e-05 -2.26359e-06 -0.000129198 -4.55349e-07 -2.08948e-06 -1.20604e-05 -7.2704e-05 -0.00268679 -4.5428e-05 -1.50722e-05 -9.43574e-06 8.61045e-07 6.64833e-05 0.00159613 -9.81854e-07 -0.00333315 8.81762e-06 -4.96305e-05 -4.96713e-06 -0.000278832 9.93946e-09 3.4274e-10 9.06553e-06 -7.62325e-05 1.40193e-06 -2.06564e-07 0.00030002 -3.49787e-07 1.56456e-06 9.08605e-08 0.000370844 1.03373e-07 -8.22891e-05 3.5235e-05 1.05185e-06 6.89187e-06 -7.60452e-05 -0.00234752 -1.96156e-06 -1.47563e-06 2.22527e-05 0.000147097 0.002772 -3.38332e-07 0.00025784 6.20359e-08 4.44454e-05 -1.47753e-05 1.02088e-05 2.23526e-10 -3.69406e-06 -9.86617e-08 9.48197e-08 -0.00346494 -5.88824e-08 2.62271e-09 4.66846e-05 3.53249e-05 -2.13174e-05 
-4.83459e-08 -1.27492e-09 -2.90096e-06 -9.10189e-09 5.88781e-05 1.12605e-06 0.000340279 -0.000357122 0.000682063 -5.83194e-07 0.000439299 0.000513196 -0.000684203 -8.41676e-06 0.00139905 0.000162253 -0.000752111 0.000533943 1.95875e-06 0.0003702 5.70161e-05 0.00031096 -0.000884418 0.000115723 -4.09515e-08 -0.00128942 -0.000440054 -0.000761119 -9.59225e-09 4.12099e-05 -0.000666674 -0.000590103 -0.000424266 1.63348e-05 -4.48561e-05 4.08345e-06 -0.000118693 -1.34518e-05 -1.77461e-09 -1.52201e-07 -1.71717e-08 4.96413e-07 6.61317e-06 0.000204972 3.05611e-05 1.42497e-05 -8.90949e-07 -3.77087e-05 -4.46429e-05 8.56303e-05 -4.00409e-08 -1.70036e-08 2.0258e-05 -2.20546e-05 -0.00029258 6.04855e-06 -0.000184959 -2.6323e-06 -5.25175e-06 9.29109e-07 -2.45371e-06 -3.11491e-09 -1.07411e-10 0.000448531 -3.30339e-06 1.70807e-05 -6.29987e-09 -0.00114201 -1.8015e-08 0.00018813 -2.95193e-08 -0.000116803 2.67604e-07 0.000473444 0.00043708 -3.58982e-07 -1.70532e-06 0.000282689 -3.1001e-05 2.63107e-08 -5.15105e-08 0.00052471 0.000668521 -0.000478645 3.32457e-05 0.000173934 1.57225e-07 -0.000695885 0.000446431 -4.57265e-05 -7.00505e-11 -1.0218e-08 8.01789e-08 -2.97154e-08 -0.000104225 -3.50252e-10 -8.21926e-10 0.000109318 0.00103046 2.69193e-07 
-3.54601e-07 -6.6147e-09 -1.18511e-05 -4.72236e-08 -6.97758e-06 -3.77983e-08 0.00107376 -0.00039404 -2.88933e-05 7.42775e-05 0.00160462 0.00161739 -0.00172193 -2.66443e-05 0.000162253 0.00721606 0.000866616 -1.62428e-06 1.20779e-06 -0.000169928 0.00590951 9.67944e-06 -0.00348072 -0.000856017 5.83753e-06 -0.00158911 -0.00163372 0.000534665 3.5369e-06 -2.04977e-06 -0.00636862 -0.00159969 -0.00348634 1.70042e-05 -0.000407354 -1.11672e-05 -0.000661756 0.000224445 -9.20727e-09 2.6487e-05 -8.90924e-08 -6.1058e-07 1.71329e-06 0.000359859 -6.68787e-07 0.000110836 -2.2792e-06 -0.000182377 -0.000249972 -1.07706e-06 -2.07745e-07 -8.82202e-08 -9.77383e-07 0.000790059 -0.00256122 -2.84238e-07 -0.000908873 -6.30332e-06 2.48875e-05 -3.67806e-07 5.91151e-06 -1.61612e-08 -5.57282e-10 -1.64981e-05 -1.24324e-05 4.98239e-05 -3.26858e-08 -0.0014456 -3.39356e-07 -2.47725e-06 7.50178e-07 -0.000523907 -1.68081e-07 0.00211584 0.0015384 -1.41213e-06 -4.45233e-06 5.57446e-05 0.000218003 -1.91414e-08 -2.67253e-07 0.00158699 -0.000471943 -0.00158419 4.70369e-06 -0.00144329 -1.00868e-07 -0.00145311 0.00159503 0.00373744 -3.63445e-10 -5.30145e-08 -5.0955e-08 5.24583e-06 -0.000177852 -1.81722e-09 -4.26442e-09 0.000944891 0.000992416 2.66093e-05 
-3.88569e-05 -7.54804e-07 0.000287898 -4.47536e-06 -0.00085855 -4.31316e-06 -0.00440413 0.00570154 -2.56553e-05 -0.000175728 -0.00251291 -0.00418366 0.00812915 0.00266738 -0.000752111 0.000866616 0.14146 -0.000289244 -4.82664e-05 -0.0315403 -0.00155866 -0.00443534 0.0184243 -0.120216 -1.24683e-05 0.00302888 0.00396465 0.102535 -1.899e-06 -0.000601655 0.00296477 0.0084992 0.106257 -3.23057e-05 -0.0439014 -0.00140551 0.012489 -0.00772055 -1.05064e-06 -4.95592e-05 -1.01663e-05 -7.11582e-05 -5.95651e-06 -0.00468656 -4.17387e-05 -2.409e-05 -0.000515841 -0.0226686 -0.0286443 -0.000195496 -2.27091e-05 -9.49348e-06 -2.68866e-05 -0.00507794 0.0175028 2.36889e-06 -0.101533 0.000378 -0.00365835 -1.23204e-05 -0.001528 1.42512e-07 -6.35915e-08 0.000146566 -0.00190534 -0.000183988 -2.95311e-06 0.0450869 8.35833e-06 -0.000106907 -6.67328e-06 0.00658164 -1.87631e-05 -0.0042047 -0.00262375 -9.777e-05 -0.00303522 -0.00290843 -0.0820357 -2.18423e-06 -2.92063e-05 -0.00556457 0.00565017 0.0463942 -0.000124298 0.015107 -1.12934e-05 0.0212836 -0.00254384 0.00290488 8.52726e-09 -6.02282e-06 -4.61448e-06 -5.7994e-06 -0.0782332 -2.07364e-07 -3.4328e-07 0.00145036 -0.0025982 -1.04273e-05 
-6.75662e-08 -1.26037e-09 -2.85454e-06 -8.99806e-09 3.29147e-05 1.12613e-06 -1.18727e-05 -3.42815e-06 0.000419877 -5.7654e-07 9.95625e-07 8.83853e-06 -0.000613216 5.19846e-06 0.000533943 -1.62428e-06 -0.000289244 0.00138311 -8.36233e-08 -5.86961e-05 -4.91938e-05 0.000288964 -0.000380289 -0.000191032 -4.04843e-08 -0.000760918 -1.5249e-05 -0.000589814 -9.48282e-09 0.000150955 -0.000599586 -5.51965e-06 -3.18435e-06 3.82979e-06 -7.14247e-05 -2.13769e-07 -8.60041e-05 -1.71374e-06 -1.75437e-09 -1.50465e-07 -1.69758e-08 -1.18881e-07 5.9332e-07 -1.14326e-05 1.8259e-06 1.38936e-06 -8.80785e-07 -3.77648e-05 -4.78551e-05 -4.11644e-07 -3.95841e-08 -1.68096e-08 1.80888e-05 0.000198865 0.000245629 1.07584e-06 -0.000271458 6.67011e-06 -3.59954e-06 1.06584e-07 -2.55424e-06 -3.07938e-09 -1.06185e-10 0.000505351 -3.2657e-06 1.03357e-05 1.77105e-07 -0.00091228 -8.37156e-08 0.000288325 -2.91825e-08 3.75211e-05 -3.20264e-08 -1.52566e-05 4.15191e-07 3.35494e-07 -4.36268e-06 -5.14633e-06 -6.11844e-05 2.63528e-08 -5.09228e-08 -1.46395e-05 0.000285643 0.000121283 -2.18419e-07 0.000524187 1.57447e-07 -0.000176785 7.80432e-06 -4.33509e-05 -6.92513e-11 -1.01015e-08 1.51362e-06 5.10624e-07 -0.00017456 -3.46257e-10 -8.12549e-10 2.75056e-05 0.00040841 -6.99992e-08 
-2.94538e-09 -5.49428e-11 -1.25017e-07 5.96078e-08 1.98048e-06 -3.13959e-10 2.82654e-05 -5.70358e-05 1.80287e-06 1.5882e-06 8.09697e-06 2.5024e-05 -5.53737e-05 -2.59834e-05 1.95875e-06 1.20779e-06 -4.82664e-05 -8.36233e-08 6.0373e-05 5.33547e-05 1.81522e-05 2.07125e-07 -5.48449e-05 4.07239e-05 1.21824e-06 -2.71727e-05 -2.77231e-05 -2.55698e-05 -4.13379e-10 1.86256e-05 -5.49155e-05 -5.72355e-05 -5.07696e-05 -6.11193e-09 -2.84243e-06 2.45728e-05 -7.38575e-06 4.02362e-05 -7.64771e-11 1.60677e-06 -7.40017e-10 3.06915e-05 1.91275e-06 4.84748e-05 1.62444e-06 2.62545e-06 6.34494e-06 2.91452e-05 4.79766e-07 -1.79445e-08 -1.72557e-09 8.55593e-06 -1.54554e-08 -1.14132e-06 -2.9253e-05 -2.36093e-09 2.06202e-05 -1.47628e-07 -2.85365e-07 -3.05506e-09 3.23653e-05 -1.34237e-10 -4.62888e-12 -1.50796e-07 -1.4236e-07 4.10663e-08 -2.71494e-10 -4.8226e-05 4.23017e-07 1.0887e-07 -1.27214e-09 -5.07687e-06 -1.39611e-09 2.49314e-05 6.32183e-06 -1.69069e-08 -2.24037e-07 6.86651e-06 4.57999e-05 1.97317e-06 2.7778e-07 2.41946e-05 4.71018e-06 -4.14658e-05 3.68048e-06 -1.20386e-05 -8.37827e-10 -5.41971e-05 7.8921e-06 1.45399e-05 -3.01883e-12 -4.40347e-10 -4.2324e-10 -1.28059e-09 2.51411e-05 -1.50942e-11 -3.5421e-11 -6.95055e-07 9.41172e-06 2.36949e-07 
1.20841e-05 6.43614e-07 -8.35873e-05 5.22644e-06 -4.53442e-05 -2.26966e-07 0.00496441 -0.002906 -6.47921e-05 6.14277e-05 0.00300559 0.00481702 -0.00484586 -0.0031744 0.0003702 -0.000169928 -0.0315403 -5.86961e-05 5.33547e-05 0.0417423 0.00104472 -0.000186313 -0.0242586 0.0309931 1.11609e-05 -0.00304967 -0.00475259 -0.0162723 1.64449e-06 0.000657965 -0.00214873 -0.00942104 -0.024955 6.1491e-07 0.0040309 0.000123124 -0.0040825 0.00235234 4.04713e-07 -3.21171e-06 -5.34971e-07 4.48869e-05 3.79385e-07 0.00485477 -8.55849e-07 -8.86635e-08 -1.75802e-05 -0.000547805 0.00481579 0.000274654 -1.24744e-06 9.5036e-06 -3.33633e-06 -0.000351176 -0.0208687 -1.12009e-06 0.0241834 -5.52831e-05 -0.000202662 1.38614e-05 0.00030626 -9.70427e-08 -3.3463e-09 -0.00010353 -6.23444e-05 1.46247e-06 1.24373e-06 -0.00379563 -9.38193e-07 -1.35688e-05 -4.06317e-07 -0.00353833 2.30727e-07 0.00512179 0.00293225 -7.99562e-06 -1.42735e-05 0.00298437 0.0194326 2.4884e-06 7.04856e-06 0.00659053 0.00224099 -0.0254135 0.000142873 -0.00476026 1.93432e-06 -0.00468159 0.00292645 0.000192729 -2.18237e-09 5.75833e-06 6.70699e-07 4.60757e-06 0.0219372 1.05755e-07 3.8106e-07 -0.000494645 0.00366652 1.06074e-05 
-1.47158e-06 -2.73129e-08 0.000459673 1.00075e-06 0.000934326 3.25831e-07 0.00418019 -0.00658882 -0.000133876 0.000271457 0.00306539 0.00479426 -0.00821836 1.27993e-06 5.70161e-05 0.00590951 -0.00155866 -4.91938e-05 1.81522e-05 0.00104472 0.0359459 -0.000239987 -0.00886984 -0.00287407 1.24452e-05 -0.00294862 -0.00442685 0.00297494 3.33101e-06 0.000298215 -0.0228585 -0.0047147 -0.00790184 3.31867e-05 0.00118903 0.000446376 -0.00350298 0.00624644 1.0327e-06 0.000102247 1.05223e-05 4.61636e-07 2.31017e-06 0.00311475 6.53446e-06 0.000154373 -1.72925e-05 -0.00100497 -0.00116259 2.66788e-05 2.69062e-05 -4.53185e-07 4.39154e-06 0.000871996 -0.017217 -6.53458e-07 -0.00564688 0.000104639 0.00412412 -1.88941e-06 -4.82286e-05 1.53647e-07 -2.86275e-09 0.000113006 0.00215213 3.84037e-06 4.11209e-06 -0.00715216 -1.62696e-06 -6.62806e-06 2.76576e-07 0.00468571 -8.63429e-07 0.00543056 0.00279364 -9.35612e-06 0.00325309 0.000180174 0.00474645 -9.83291e-08 -1.37287e-06 0.00508029 0.000108717 0.00132447 9.67481e-05 -0.00680663 -3.1149e-07 -0.004 0.00288604 0.00886408 -1.86701e-09 1.14433e-06 -2.61755e-07 1.2928e-05 -0.00360104 -9.33504e-09 1.47604e-08 0.0011769 0.00218325 3.23262e-05 
-3.2013e-07 -5.97168e-09 -1.16547e-05 -4.2633e-08 3.67081e-05 1.09921e-06 0.000118473 5.74805e-06 0.000302658 -2.73166e-06 6.95315e-05 0.000178772 -0.000673334 9.42349e-06 0.00031096 9.67944e-06 -0.00443534 0.000288964 2.07125e-07 -0.000186313 -0.000239987 0.00651922 0.000108951 0.00218181 5.81518e-07 -0.00061478 5.14505e-06 -0.00228471 -4.49298e-08 3.78548e-05 -1.69135e-05 -0.000200272 -0.00238369 1.15124e-05 0.000101192 -1.1658e-05 0.000848963 -1.64203e-05 -8.31223e-09 -7.12905e-07 -8.04317e-08 -5.63263e-07 2.45676e-06 -4.64798e-05 1.16629e-05 8.46755e-06 -3.88984e-06 0.00186136 0.00258595 1.17763e-05 -1.8755e-07 -7.96442e-08 8.2135e-06 -9.00902e-06 0.00175279 1.57339e-06 0.00175017 -1.60456e-05 -7.59604e-06 6.38795e-06 3.86146e-05 -1.45901e-08 -5.03108e-10 0.000102677 -1.54729e-05 0.000207245 -2.95084e-08 -0.00368198 -3.96646e-07 9.92134e-05 5.2584e-06 -0.000551057 6.31591e-07 -6.04447e-05 0.000311474 -3.42591e-08 -2.29403e-05 -2.08685e-05 0.0017773 -1.72807e-08 1.32206e-06 0.000135183 -0.000231863 -0.00453924 5.97846e-06 0.00183806 8.5604e-08 -0.00465973 0.000243781 -0.000151447 -3.28114e-10 6.75472e-07 3.20067e-06 -1.39186e-07 0.000987328 7.50261e-08 -3.84987e-09 0.000102775 8.97481e-05 -3.21658e-07 
-4.67054e-05 -7.74572e-07 6.70607e-05 -6.19994e-06 -4.68885e-05 -3.36517e-06 -0.00852173 0.00517961 -0.000375691 -0.000339833 -0.00784843 -0.00966902 0.0104576 0.00165459 -0.000884418 -0.00348072 0.0184243 -0.000380289 -5.48449e-05 -0.0242586 -0.00886984 0.000108951 0.0407803 -0.0161116 -1.87616e-05 0.00843953 0.00880076 0.00313975 -6.3617e-06 -0.00137405 0.0150437 0.0106706 0.0181399 -1.94382e-05 -0.00535772 -0.00126573 0.00300046 -0.00351259 -4.06047e-07 -0.000103683 1.88734e-07 -7.22773e-05 -9.18286e-06 -0.0076129 -3.01943e-05 -0.000140364 1.30573e-05 -5.00951e-05 -0.000932049 -0.000282847 -2.47826e-05 -9.24638e-06 -3.31132e-05 -0.00298043 0.0144236 -5.94774e-06 -0.0097267 -0.00198793 -0.000221117 -1.0578e-05 -0.000356918 9.47019e-08 -7.34011e-08 -0.000292683 -0.000237085 -2.46026e-05 -1.65847e-06 0.00820889 -6.87751e-08 -0.000256833 -3.38587e-06 -9.01699e-05 -7.85071e-07 -0.0105903 -0.00761167 4.82748e-06 -0.00038325 -0.00363502 -0.0107193 -2.52117e-06 -8.90394e-06 -0.0111901 -0.0054568 0.0170854 -0.0001488 0.00582063 -1.31089e-05 0.00882615 -0.00771071 -0.00349731 2.12973e-09 -1.29601e-06 -1.67475e-06 -1.25766e-05 -0.00886461 -4.6018e-08 -3.81678e-07 -0.00229598 -0.00814541 -4.83873e-05 
-7.50304e-06 4.67057e-08 -0.000317409 4.39412e-06 -0.000154053 1.85356e-06 0.000721782 -0.00102463 -0.000341516 2.86368e-05 -0.00119586 0.000375598 -0.000863102 -0.00336169 0.000115723 -0.000856017 -0.120216 -0.000191032 4.07239e-05 0.0309931 -0.00287407 0.00218181 -0.0161116 0.130148 8.34766e-06 0.0011234 -0.000504551 -0.104076 -1.05304e-06 0.000215164 0.00545553 -0.00494334 -0.0987276 -7.0595e-06 0.0391879 0.000418684 -0.0161595 0.00247262 2.81849e-07 -1.55087e-05 -1.35845e-06 7.10619e-05 1.25118e-06 0.00123974 8.75241e-06 -2.00864e-05 0.000526818 0.0225756 0.0283618 0.000229198 -4.3957e-06 9.82667e-06 -3.73811e-05 0.00447331 -0.0174313 -6.00089e-06 0.107391 -0.000346071 -0.000709904 9.48422e-06 0.00142901 -3.41956e-07 -1.17916e-08 -0.000378684 -0.000275477 -4.8165e-05 3.48398e-07 -0.0366117 -7.49971e-06 -4.73504e-05 -2.9173e-06 -0.0118021 1.83269e-05 0.000670751 -0.0012925 0.000102908 -0.000251703 -0.000520365 0.0764036 2.19832e-06 2.87718e-05 0.00182452 -0.00900507 -0.0429165 0.000124142 -0.0229871 -1.77761e-06 -0.0174033 -0.00130005 -0.00341388 -7.69016e-09 6.00826e-06 4.65173e-07 -9.08834e-07 0.0818396 1.54883e-07 3.16435e-07 -0.00171824 -0.000343594 -7.77322e-06 
-1.42594e-09 -2.65993e-11 -6.05243e-08 -1.89898e-10 3.29569e-07 -1.51996e-10 1.22781e-05 -1.36906e-05 -1.16415e-07 1.12783e-06 5.88689e-06 1.13707e-05 -1.37857e-05 -2.82933e-06 -4.09515e-08 5.83753e-06 -1.24683e-05 -4.04843e-08 1.21824e-06 1.11609e-05 1.24452e-05 5.81518e-07 -1.87616e-05 8.34766e-06 2.92291e-05 -5.47996e-06 -1.12021e-05 -4.58795e-06 -2.00128e-10 7.70973e-07 -1.24238e-05 -1.58919e-05 -1.79237e-05 -2.95895e-09 -1.69724e-06 1.16005e-06 -2.96231e-06 6.76427e-06 -3.70247e-11 -3.17545e-09 -3.58262e-10 1.21749e-06 -2.8168e-10 1.25988e-05 -2.68935e-09 3.5579e-06 -1.85883e-08 1.2638e-06 5.85666e-06 -8.68745e-09 -8.35393e-10 -3.54755e-10 -7.48239e-09 -3.16975e-08 -1.21507e-05 -1.14299e-09 6.07358e-06 -7.14709e-08 -1.38153e-07 -1.47904e-09 1.16609e-06 -6.4988e-11 -2.24097e-12 -7.30046e-08 -6.89202e-08 1.80834e-07 -1.31438e-10 -1.32193e-05 -1.76676e-09 -1.02297e-08 -6.15876e-10 -2.37118e-06 -6.75895e-10 1.208e-05 7.70462e-06 3.18482e-07 7.15377e-08 -5.47569e-08 1.28353e-05 -7.69723e-11 -1.07469e-09 1.4046e-05 -1.91706e-06 -1.80806e-05 1.66872e-06 -5.43821e-06 -4.05615e-10 -1.59748e-05 5.47798e-06 6.20286e-06 -1.4615e-12 -2.13184e-10 -2.04902e-10 -6.19968e-10 2.7163e-06 -7.3075e-12 -1.71483e-11 2.43505e-07 -1.68583e-07 -1.47728e-09 
-4.82603e-05 -7.13577e-07 1.85288e-05 -3.24035e-06 -5.5052e-05 -1.07758e-06 -0.0069073 0.00323908 -0.000803425 -0.000167667 -0.00858828 -0.00879748 0.00915049 5.86089e-05 -0.00128942 -0.00158911 0.00302888 -0.000760918 -2.71727e-05 -0.00304967 -0.00294862 -0.00061478 0.00843953 0.0011234 -5.47996e-06 0.0106059 0.00718089 -0.00034408 -6.57993e-06 -0.00119717 0.00677944 0.00882031 0.00650436 -2.81081e-05 0.000489494 -4.87802e-05 0.00120108 1.31626e-05 1.35797e-08 -0.000103645 1.31402e-07 -4.61298e-05 -6.52335e-06 -0.00592908 -3.71969e-05 -0.000139368 -5.81559e-06 0.000143282 -1.86796e-05 -0.000101777 -2.56003e-05 -9.15655e-06 -2.11756e-05 6.39063e-05 0.00137753 -1.02374e-05 0.00194857 1.51104e-05 -0.000214159 -9.27525e-07 -4.65155e-05 2.3836e-08 -7.58447e-08 -0.00048174 -6.31884e-05 -0.000308118 -1.09846e-06 0.00930046 1.5467e-07 -0.000248738 -1.45774e-05 0.000771599 -1.2221e-06 -0.00820449 -0.00852505 2.87542e-06 2.9638e-05 -0.00374338 0.000385625 -2.6051e-06 3.9417e-07 -0.00855326 -0.00414423 0.00639487 -9.15293e-05 0.00102346 -1.30879e-05 0.00893178 -0.00865221 -0.000240658 5.36042e-10 7.81907e-08 -1.04847e-07 -5.92777e-08 0.00121586 -5.39865e-08 6.28956e-09 -0.00332327 -0.00759743 -4.99982e-05 
-4.82607e-05 -7.1489e-07 1.92124e-05 -6.01639e-06 3.89646e-06 4.82484e-08 -0.00816617 0.00450911 -1.48949e-06 -5.2231e-05 -0.00723537 -0.00897355 0.00901506 -7.70655e-06 -0.000440054 -0.00163372 0.00396465 -1.5249e-05 -2.77231e-05 -0.00475259 -0.00442685 5.14505e-06 0.00880076 -0.000504551 -1.12021e-05 0.00718089 0.00919245 -0.00135979 -6.58981e-06 -0.00103544 0.00620297 0.00897033 0.00688048 -2.22407e-06 0.000516287 7.70191e-06 0.00112373 -0.00185482 -4.48247e-07 -3.4582e-05 1.13724e-07 -4.48026e-06 8.94142e-08 -0.00734454 5.73687e-07 -0.00015262 -1.42947e-06 0.000228757 -0.00010364 -4.36523e-05 2.65181e-07 1.12611e-07 -7.09485e-06 2.22746e-05 0.00267842 -9.71783e-08 0.00183003 1.50938e-05 -2.03458e-05 4.69494e-07 -7.25204e-06 2.06293e-08 -7.59553e-08 2.49731e-06 1.79108e-05 -3.90036e-05 -1.39828e-06 0.00849526 5.60826e-07 -1.92428e-05 1.95499e-07 0.000740607 -1.54493e-08 -0.00901364 -0.00715255 2.41821e-06 2.55894e-05 -0.00359643 -0.00144499 2.44335e-08 6.11409e-08 -0.00900847 -0.00345819 0.00659795 -9.46168e-05 0.00184087 -1.26779e-05 0.00880334 -0.00718945 -0.00166049 4.63927e-10 -1.01233e-06 6.50425e-08 -1.29999e-05 0.00118097 -5.4347e-08 5.44341e-09 -0.00214741 -0.00569196 -5.00711e-05 
7.53594e-06 -4.6092e-08 0.000211102 4.6359e-07 -0.000633462 -4.39672e-06 0.00133018 -4.47913e-05 -0.00149983 -3.11428e-05 0.00126034 0.00148955 0.000386751 0.00262985 -0.000761119 0.000534665 0.102535 -0.000589814 -2.55698e-05 -0.0162723 0.00297494 -0.00228471 0.00313975 -0.104076 -4.58795e-06 -0.00034408 -0.00135979 0.130614 8.64324e-07 4.22205e-05 -0.00213225 0.00261287 0.0862986 -3.39689e-05 -0.0409347 -0.00133227 0.0107565 -0.00284898 1.89005e-07 1.52553e-05 -1.03633e-05 -7.01007e-05 -5.44802e-06 0.000793628 -4.80437e-05 -2.66917e-05 -0.000515759 -0.0218803 -0.0271655 -0.000140814 1.9483e-06 -9.87849e-06 9.78371e-06 -0.00559849 0.0112159 -6.64608e-06 -0.100241 0.000372643 -0.000924172 -2.39343e-06 -0.00151511 -9.49878e-07 1.18433e-08 -0.000219968 -2.67233e-05 -2.38435e-05 -1.73203e-06 0.0359983 -1.54062e-05 -0.00017309 2.30484e-06 0.00469612 -1.89046e-05 0.00157435 0.00126121 -0.000106439 -0.000905321 0.000588663 -0.0679892 -2.22654e-06 -2.44904e-05 0.00109141 0.00805203 0.034978 -2.82322e-05 0.00960786 1.32697e-06 0.0140279 0.00127809 0.00498856 7.72388e-09 -4.78334e-06 -4.31044e-06 -2.0902e-06 -0.0761676 -1.54714e-07 -2.39373e-07 0.0014477 0.000253801 7.8073e-06 
-3.34003e-10 -6.23047e-12 -1.41769e-08 -4.44805e-11 -7.128e-09 -3.56027e-11 6.5912e-06 -3.58966e-06 -2.72684e-08 2.61715e-06 6.59327e-06 6.57932e-06 -6.53052e-06 -2.58939e-06 -9.59225e-09 3.5369e-06 -1.899e-06 -9.48282e-09 -4.13379e-10 1.64449e-06 3.33101e-06 -4.49298e-08 -6.3617e-06 -1.05304e-06 -2.00128e-10 -6.57993e-06 -6.58981e-06 8.64324e-07 6.84662e-06 -1.07031e-08 -4.09366e-06 -6.54056e-06 -5.56579e-06 -6.93088e-10 -3.97551e-07 -1.40413e-08 -8.37539e-07 -6.77094e-08 -8.67244e-12 2.23259e-06 -8.39173e-11 -5.87672e-10 -6.5979e-11 3.82862e-06 -6.29939e-10 -1.27195e-09 -4.35402e-09 -1.57278e-07 -2.38921e-07 -2.0349e-09 -1.95678e-10 -8.30957e-11 -1.75263e-09 -1.35473e-07 -3.781e-06 -2.67727e-10 -1.16517e-06 -1.67409e-08 2.6764e-07 -3.46441e-10 -1.26265e-08 -1.52224e-11 -5.24911e-13 -1.71002e-08 -1.61435e-08 -2.14707e-09 -3.07872e-11 -6.19173e-06 -4.13835e-10 -2.39615e-09 -1.44259e-10 -5.75713e-07 -1.58318e-10 6.57525e-06 2.99784e-06 -1.91723e-09 -2.54056e-08 6.60057e-06 -7.05355e-07 -1.80296e-11 -2.51729e-10 3.94729e-06 2.22429e-06 -4.9339e-06 -1.07972e-09 -1.36517e-06 -9.50089e-11 -6.40618e-06 6.59196e-06 2.64154e-06 -3.42333e-13 -4.9935e-11 -4.79951e-11 -1.45218e-10 -6.81228e-07 -1.71167e-12 -4.01671e-12 3.11813e-08 7.84596e-07 1.95299e-06 
1.40406e-07 -1.42256e-09 -3.2369e-06 4.88318e-06 -1.41082e-06 -8.1289e-09 0.0010331 -0.00126804 5.28673e-05 4.12604e-07 0.000968192 0.00123283 -0.0014967 -5.12479e-06 4.12099e-05 -2.04977e-06 -0.000601655 0.000150955 1.86256e-05 0.000657965 0.000298215 3.78548e-05 -0.00137405 0.000215164 7.70973e-07 -0.00119717 -0.00103544 4.22205e-05 -1.07031e-08 0.00156081 -0.00110801 -0.00129333 -0.00116498 5.84189e-08 -5.11299e-05 6.23274e-05 -0.000185276 0.00034053 -1.98012e-09 1.43017e-06 3.2084e-07 5.63625e-05 -1.50645e-08 0.00114943 -3.04961e-08 8.29585e-07 9.32588e-06 5.81002e-05 6.55226e-06 8.75554e-05 -4.46777e-08 8.16769e-06 -3.80166e-07 4.36585e-05 -3.1006e-05 -6.11283e-08 -0.000229957 -2.41233e-06 -2.26856e-06 -7.91005e-08 8.39004e-05 -3.47563e-09 7.65468e-08 3.12456e-05 1.70074e-06 1.60978e-06 1.0163e-06 -0.00139295 -9.4488e-08 5.76162e-05 -3.29377e-08 -8.47151e-05 7.05191e-08 0.00124291 0.000893497 -4.37746e-07 -2.99401e-06 0.000384321 0.000258961 1.77922e-06 -5.74755e-08 0.00122344 0.00026151 -0.000901533 0.000118883 -0.000145295 7.64974e-07 -0.00128507 0.000892807 -1.82381e-05 -7.81625e-11 2.51932e-07 -1.09584e-08 -3.31565e-08 -0.000122156 -3.90812e-10 -9.17107e-10 0.000516081 0.000893964 2.44327e-07 
-4.56744e-05 -4.45339e-07 -0.000669813 -7.19302e-07 -0.000967952 -4.8686e-06 -0.00594012 0.00607955 -9.71784e-05 -0.000334488 -0.00638911 -0.00662672 0.0114379 0.000111608 -0.000666674 -0.00636862 0.00296477 -0.000599586 -5.49155e-05 -0.00214873 -0.0228585 -1.69135e-05 0.0150437 0.00545553 -1.24238e-05 0.00677944 0.00620297 -0.00213225 -4.09366e-06 -0.00110801 0.0596683 0.00649925 0.0139176 -5.04353e-05 -0.00608934 -0.0014466 -8.83283e-06 -0.00642255 -1.05928e-06 -0.000101313 -1.10156e-05 -7.97399e-05 -6.88586e-06 -0.00477902 -3.06731e-05 -0.000167977 9.00458e-06 2.10398e-05 0.00112016 -1.30355e-05 -2.67586e-05 -8.52653e-06 -3.06962e-05 -0.00962104 0.00785476 5.32048e-07 0.00299389 -0.00225167 -0.00429989 2.00473e-06 -0.00135445 -7.38307e-07 -7.17807e-08 -0.00164535 -0.00209416 -2.56314e-05 -4.21009e-06 0.0111577 1.40538e-06 -0.000323096 -1.16055e-06 -0.0120531 1.47365e-06 -0.00727354 -0.00624841 -2.87108e-05 -0.0033726 -0.00276452 -0.00631969 -2.46551e-06 -9.59353e-06 -0.00686821 -0.00740451 -0.00152668 -9.23098e-05 0.00392896 -7.03898e-06 0.00611513 -0.00628585 -0.00481147 3.18649e-09 -6.41864e-07 -4.33325e-06 -1.71983e-05 0.00486345 -4.07342e-08 -1.42612e-07 -0.00296771 -0.00618144 -4.61658e-05 
-4.79798e-05 -7.08344e-07 3.35433e-05 -6.38966e-06 1.71451e-05 8.56526e-08 -0.00882284 0.0050056 -7.82013e-05 -0.00021752 -0.00860958 -0.010614 0.0106804 0.000588326 -0.000590103 -0.00159969 0.0084992 -5.51965e-06 -5.72355e-05 -0.00942104 -0.0047147 -0.000200272 0.0106706 -0.00494334 -1.58919e-05 0.00882031 0.00897033 0.00261287 -6.54056e-06 -0.00129333 0.00649925 0.0162003 0.0102023 -1.06359e-05 0.000819635 -0.00020291 0.00180958 -0.00186158 -4.39136e-07 -0.000106447 2.01888e-07 -5.93395e-05 1.58732e-07 -0.00820132 3.75502e-07 -0.00014881 -2.58518e-05 -0.000176872 -0.00205237 -0.000227058 -2.54026e-05 -9.43009e-06 2.82314e-06 0.000145279 0.00470723 -1.8959e-06 -0.00208881 3.31352e-05 -0.000192032 8.33466e-07 -0.000329637 3.6622e-08 -7.54038e-08 1.82061e-05 -5.67721e-05 -0.000307098 -1.5926e-06 0.0100955 -9.27731e-07 4.82131e-06 -1.23563e-05 0.00138371 1.2088e-07 -0.0101169 -0.00849108 -1.72422e-06 2.70139e-05 -0.00374917 -0.00345131 -2.55996e-06 -1.72773e-06 -0.0112867 -0.00361387 0.0116775 -0.000154536 0.00114769 -1.30081e-05 0.0108661 -0.00858043 -0.00176014 8.23583e-10 -7.0932e-06 1.02133e-07 -4.23969e-07 -0.00304701 -5.25488e-08 9.66337e-09 -0.00307234 -0.00679589 -4.97075e-05 
