7.26681e-05 -1.58859e-05 -1.88155e-06 -1.25473e-06 -1.19548e-09 -2.43253e-05 -8.24257e-06 -1.69345e-06 -4.52919e-07 -1.72222e-07 -6.06914e-07 -4.54632e-06 -2.96207e-08 -2.56912e-05 -2.54061e-05 6.17751e-05 -5.06653e-07 -4.96475e-08 -4.30955e-08 1.83953e-06 -2.10871e-06 -1.50124e-05 -2.14168e-09 2.8196e-05 -1.54067e-10 1.43242e-06 -2.5339e-05 -4.09422e-07 -3.13381e-05 4.8904e-07 5.05619e-05 6.51762e-05 -2.11771e-05 6.29544e-06 -5.45886e-06 -3.62194e-05 -1.78937e-06 -3.37931e-09 3.76658e-05 3.79606e-05 -1.96533e-06 -2.43655e-06 -9.05625e-07 -1.44838e-09 -8.06432e-10 -2.19478e-06 -2.92546e-07 -6.21868e-06 -2.19822e-08 -2.36411e-08 -2.43417e-05 -1.17317e-06 6.27287e-05 -1.78716e-05 -6.4953e-09 -6.56773e-08 2.70738e-05 -4.07064e-05 -7.02509e-11 -3.04632e-08 -3.92754e-05 -4.01725e-05 -6.80938e-08 -4.40029e-05 -1.322e-08 2.03769e-05 -2.0265e-06 -6.61002e-07 -2.50757e-05 -8.03547e-07 -7.54541e-07 -3.5841e-05 -5.40053e-07 1.57869e-05 -2.13288e-06 -8.8677e-08 7.48241e-06 -1.39402e-07 -3.80106e-09 -3.88811e-05 -1.70918e-07 8.10529e-07 -5.60655e-08 -6.03969e-07 3.61905e-05 5.80375e-05 -3.93221e-08 -1.52647e-07 -2.57794e-08 6.36885e-05 1.03562e-07 -1.9724e-06 -1.57324e-07 -1.49232e-06 -6.23282e-05 -2.41268e-05 -3.76833e-05 5.09653e-05 -3.85314e-09 -1.07344e-07 
-1.58859e-05 0.190698 -0.00664032 0.0323902 9.23757e-06 -0.0852224 0.0666622 -0.00597655 -0.00454689 -0.000458266 -0.00210469 -0.0168699 -4.10679e-05 0.151104 0.154909 -0.00529385 -0.00174842 -0.000175217 -0.000119717 -0.00293676 0.0360437 0.0981878 -7.55847e-06 0.0986845 -4.70405e-07 -0.00905492 -0.0562719 -0.00130256 -0.123198 -0.00023161 0.0271843 0.00181969 -0.117687 0.00129496 -0.00587825 -0.138095 -0.00631196 3.0757e-05 0.139169 -0.00803195 -0.00690216 -0.00849314 -0.00256811 8.00502e-06 -2.79274e-06 -0.00781656 -0.00103246 0.0299231 -7.34134e-05 0.000123382 0.153815 -0.00372877 -0.0027528 0.0870639 -2.27633e-05 -0.00023179 -0.148749 -0.143645 -2.47931e-07 -7.42613e-05 -0.132887 -0.142077 -0.000302054 -0.0423514 3.42004e-05 0.108089 -0.00712672 0.00317256 0.136389 -0.00283589 -0.00266172 -0.126291 -0.00190597 0.0356463 0.0136562 -0.00021333 -0.0434982 -0.000573643 -1.32148e-05 -0.143971 -0.000603039 -0.000507779 -0.000108728 -5.88572e-05 -0.00782705 0.0415469 4.12037e-05 -0.00185213 -8.48979e-05 -0.0218467 0.0633248 -0.00681068 -0.000317958 -0.00518278 0.00421357 0.127161 -0.141189 -0.0456332 4.04757e-07 0.000652904 
-1.88155e-06 -0.00664032 0.0252202 -0.0012284 9.4101e-08 -0.00866609 -0.00327256 -0.000603305 -0.000541117 -2.09089e-05 -0.000215642 0.0240264 -1.05526e-05 -0.0104357 -0.0102319 0.0243667 -0.000180266 -1.74074e-05 -1.51832e-05 -0.000320977 -0.00181122 -0.00647272 -7.16327e-07 -0.0157137 -5.48879e-08 0.0248931 -0.0141181 -0.000145707 -0.00915502 -5.37807e-05 0.0200227 -0.00056706 0.0100926 -6.68647e-05 -0.00195125 -0.0139372 -0.000637478 -1.07058e-06 0.0152047 0.0242224 -0.000699995 0.0249382 -0.000322637 -5.15998e-07 -2.50632e-07 -0.000789904 -0.000103989 -0.00221529 -7.83136e-06 7.14098e-06 -0.0103535 -0.000417951 -0.00210237 0.0180834 -2.31401e-06 -2.28981e-05 0.0102038 -0.014502 -2.50275e-08 2.70339e-05 -0.0144302 -0.0147595 -3.96969e-05 -0.0157881 -4.70974e-06 0.0182361 -0.000721945 -0.000246145 -0.00945557 -0.000286271 -0.000268812 0.0130876 -0.000192399 -0.00181204 -0.00171391 -3.1592e-05 0.00361207 -5.72094e-05 -1.35416e-06 -0.0145115 0.000150972 -6.15629e-05 -1.99738e-05 -0.000215016 0.0233411 -0.00277328 -1.40088e-05 -0.00030495 -9.18414e-06 -0.00217871 -0.0060629 -0.000698947 -5.60481e-05 -0.000531651 -0.0241991 -0.00876725 -0.0142469 -0.0066606 -1.37272e-06 -3.80721e-05 
-1.25473e-06 0.0323902 -0.0012284 0.045195 -6.13822e-07 -0.0150234 -0.00536281 -0.000797594 0.00128212 -6.24549e-05 -0.000395001 -0.0032484 -1.63051e-05 0.0281448 0.0280079 -0.00274471 -0.000300718 -3.24133e-05 -2.5489e-05 -0.000502634 0.0286141 0.0323811 -1.39824e-06 0.0176733 -6.05858e-08 -0.00167608 0.0112336 0.000337668 -0.0227904 0.000141137 -0.0083862 -0.000922524 -0.0275622 -5.68664e-05 -0.00290663 -0.0255616 -0.00103642 2.47104e-05 0.0251271 -0.00148587 -0.00128289 -0.00161518 -0.000576417 6.77732e-07 -5.16494e-07 -0.00144712 -0.000190994 0.0139436 1.03252e-05 -1.34412e-05 0.0281463 -0.000765336 0.00867046 0.013599 9.92942e-06 0.000180491 -0.0280437 -0.0265281 -4.58646e-08 -1.67485e-05 -0.0264266 -0.0269112 4.77661e-05 -0.0277756 5.42411e-07 0.00132296 -0.00131719 -0.000301343 0.0291226 -0.000392857 -0.000489039 -0.0234246 -0.000352584 -0.00240064 -0.001527 5.14223e-05 -0.0386645 -0.000106245 -2.48159e-06 -0.0265009 -0.000111583 -7.07582e-05 -3.57601e-05 0.000196148 -0.00143752 0.0323621 6.96179e-05 -0.000248552 -3.11723e-06 -0.00406234 -0.00641058 -0.000809213 -8.2582e-05 -0.000261733 0.00206492 0.0300283 -0.0259906 -0.0115951 -2.15893e-06 -5.64746e-05 
-1.19548e-09 9.23757e-06 9.4101e-08 -6.13822e-07 1.64497e-05 -4.98282e-06 1.05207e-05 -2.06654e-07 -3.44721e-07 -3.89834e-08 -1.37378e-07 -4.64841e-07 -6.7048e-09 8.08161e-06 8.21103e-06 3.61292e-07 -1.14684e-07 -1.1238e-08 -9.7549e-09 -2.08354e-07 1.27922e-05 9.63068e-06 -4.84782e-10 3.77565e-06 -3.4874e-11 9.78814e-07 6.09159e-06 3.33992e-07 -7.90163e-06 -3.41705e-08 -2.16689e-06 -6.31578e-08 2.10757e-06 9.13382e-07 -8.93503e-07 -8.86243e-06 -2.28366e-07 -7.64925e-10 8.60059e-06 1.04481e-06 -4.44862e-07 9.99421e-07 -2.04993e-07 -3.27848e-10 -1.8254e-10 -5.02083e-07 -6.62194e-08 -6.94299e-07 -4.9758e-09 -5.35129e-09 8.13356e-06 6.87781e-07 -7.77737e-07 -3.61881e-06 -1.47025e-09 -1.48664e-08 -6.91412e-06 -9.03745e-06 -1.59017e-11 -6.89551e-09 -9.16862e-06 -9.20104e-06 -2.52221e-08 -7.16599e-06 -2.99242e-09 2.05176e-06 -4.58709e-07 -1.56412e-07 -5.57875e-06 -1.81887e-07 -1.70794e-07 -6.79519e-06 -1.22244e-07 1.18592e-05 1.39694e-05 -2.00725e-08 1.36235e-07 -3.68361e-08 -8.6039e-10 -9.05737e-06 -3.86881e-08 5.57552e-07 -1.26907e-08 2.09955e-07 2.6761e-07 -1.43079e-06 -8.90077e-09 -1.93756e-07 -5.83531e-09 -1.41205e-06 -3.90156e-06 -2.39796e-07 -3.56112e-08 3.52206e-07 -1.47215e-05 -5.57138e-06 -8.87981e-06 -4.24222e-06 -8.72179e-10 -2.42978e-08 
-2.43253e-05 -0.0852224 -0.00866609 -0.0150234 -4.98282e-06 0.222683 -0.0417199 0.0151966 -0.00700497 -0.000738231 -0.00195356 -0.0223354 -0.000134794 -0.124736 -0.127373 -0.0196103 -0.00124569 -0.000100314 1.89578e-07 -0.00268667 -0.0162534 -0.077892 -9.66088e-06 -0.198571 -7.09608e-07 -0.0118244 0.136894 0.00312301 0.113441 0.000149189 -0.0751324 -0.00746494 0.118442 -0.00082852 -0.0190738 0.12689 0.0151485 -1.54512e-05 -0.137276 -0.0104371 0.0027505 -0.0114036 0.000918183 -5.47648e-07 -3.71428e-06 0.00418754 0.00103239 -0.0284824 8.92437e-05 -9.58835e-05 -0.127973 0.00800547 -0.027115 -0.0983625 5.82805e-05 0.000587145 0.121582 0.141451 -3.23563e-07 3.06518e-05 0.123867 0.138303 -0.000512674 0.0964344 -5.3129e-05 -0.0979948 0.00127877 -0.00318244 -0.116661 0.00691119 0.00177428 0.145489 -0.000688208 -0.0236792 0.00261889 0.000707953 0.0278339 -0.000705605 2.94797e-05 0.140315 -0.000645649 -0.000795438 0.000333082 0.00246097 -0.0101779 -0.0360636 -0.000180264 -0.000356963 5.97579e-05 -0.0273721 -0.0793819 0.0130137 0.000387516 0.013369 0.00593218 -0.113206 0.137603 -0.0724232 -1.77469e-05 -0.000485612 
-8.24257e-06 0.0666622 -0.00327256 -0.00536281 1.05207e-05 -0.0417199 0.110423 -0.00294369 -0.00254959 -0.000297527 -0.00103761 -0.00769829 0.000252188 0.0728535 0.0736744 -0.00741488 -0.000863429 -8.35113e-05 -6.81755e-05 -0.00132622 0.00487993 0.0666966 -3.26167e-06 0.0475407 -2.44634e-07 -0.00444921 -0.025152 -0.000469586 -0.0587222 -4.83125e-05 -0.0246935 -0.00267928 -0.0594586 -0.000163398 -0.00905211 -0.0656379 -0.00309723 -5.72759e-06 0.0670778 -0.00392532 -0.00322506 -0.00381679 -0.00156909 2.42752e-06 -1.40262e-06 -0.00384306 -0.000508822 0.00891286 -3.82334e-05 0.000216021 0.0734387 -0.00164176 -0.00256634 0.0070363 -1.10805e-05 -0.000114232 -0.0687325 -0.0688492 -1.22187e-07 -4.0141e-05 -0.0676813 -0.0697464 -0.000119124 0.00922593 -2.26467e-05 0.0690772 -0.00327947 0.00150247 0.0573996 -0.00139699 -0.00131205 -0.0617951 -0.000939309 0.053388 0.0182686 -0.000143041 -0.00111529 -0.000214908 -6.41113e-06 -0.0686248 -0.000297275 0.000120891 7.11892e-05 -0.000710937 -0.00385711 -0.00972539 6.97076e-05 -0.00106075 -3.51945e-05 -0.00811073 0.0184532 -0.00340821 6.35945e-05 -0.0025906 -0.00367286 0.0396571 -0.0660446 -0.00463932 4.18683e-05 0.000695525 
-1.69345e-06 -0.00597655 -0.000603305 -0.000797594 -2.06654e-07 0.0151966 -0.00294369 0.0227592 -0.000488313 -5.50717e-05 -0.000194589 -0.00161229 -9.36099e-06 -0.0091648 -0.00919938 -0.00135865 -7.64579e-05 0.000182904 1.11684e-05 -0.00020732 -0.000800197 -0.00540439 -6.86715e-07 -0.0142473 -4.94006e-08 -0.000821397 0.0102522 0.000176498 -0.0108388 0.000750286 -0.00527778 -0.000504727 0.00683277 -4.96874e-05 -0.000546177 -0.00840479 0.0181865 -1.08355e-06 -0.00958746 -0.000710665 -2.54777e-05 -0.00078488 -0.000279089 -4.64412e-07 -2.58577e-07 -0.000678764 -7.66462e-05 -0.00199398 5.09916e-05 -7.58035e-06 -0.00903609 0.0126249 -0.00180549 -0.00699981 -2.08267e-06 0.000189078 0.00923085 0.00994769 -2.25254e-08 0.000161756 -0.00818873 0.00978336 -3.5115e-05 -0.0096036 3.30443e-06 -0.00684881 0.000130517 -0.000221565 -0.0082851 0.0103169 -0.000191841 -0.00533742 0.000544172 -0.0016491 0.0169901 0.000973696 -0.0147212 -4.81667e-05 -1.10545e-06 0.00998121 -4.16501e-05 -5.54083e-05 0.000571313 2.23782e-05 -0.000703842 -0.00251715 -1.26083e-05 -0.00015606 6.90684e-07 -0.000913071 -0.00552674 0.0177964 0.00104052 0.0180995 -0.0126069 -0.00789212 0.010249 -0.00588936 -1.23548e-06 -3.31723e-05 
-4.52919e-07 -0.00454689 -0.000541117 0.00128212 -3.44721e-07 -0.00700497 -0.00254959 -0.000488313 0.0205165 2.82224e-05 0.00010759 0.00136008 5.08687e-05 0.0124053 0.0126076 -0.00112608 0.000263511 2.36173e-05 0.00013908 -0.000225896 -0.000743468 0.00147835 -5.20897e-07 0.00800359 -4.4426e-08 -0.00063547 -0.00919219 -0.000106205 -0.0100659 -3.44999e-05 0.0129627 0.00167364 -0.00559189 -5.51398e-05 0.00671884 -0.0112897 -0.000515972 -9.57772e-07 0.0118712 -0.000654249 -0.000423157 -0.000706283 -0.000260488 -4.17647e-07 -2.32538e-07 -0.000635281 -8.4357e-05 0.00522975 -6.33867e-06 -6.02035e-06 0.0123776 -0.000338227 8.13389e-05 0.0103172 -1.41962e-06 -1.89383e-05 -0.0124189 -0.0117151 -2.02572e-08 -8.63087e-06 -0.0113194 -0.0119222 0.000201533 -0.0118819 5.22746e-05 0.00510656 -0.000558207 0.000221697 0.0129955 -0.000231706 -0.000215662 -0.0103059 -0.000152347 -0.00138046 -0.00137847 -2.53571e-05 -0.0081217 -4.69256e-05 -1.09605e-06 -0.011757 -4.30315e-05 3.55079e-05 -1.59667e-05 -0.000160541 -0.000631339 0.00597846 3.59797e-06 -0.000235412 -5.34361e-06 -0.00178276 0.01258 -0.000560756 -2.88462e-07 -0.00042923 0.00128853 0.0138065 -0.0115275 -0.0050693 -1.11107e-06 -1.42897e-05 
-1.72222e-07 -0.000458266 -2.09089e-05 -6.24549e-05 -3.89834e-08 -0.000738231 -0.000297527 -5.50717e-05 2.82224e-05 0.00236419 -1.77242e-05 1.07361e-05 -5.3257e-07 -0.000310338 1.50524e-05 0.00153516 -1.65215e-05 -1.33229e-06 -1.40531e-06 -1.13658e-05 -4.79162e-05 -0.000246751 -6.98383e-08 0.000833902 -5.024e-09 -7.59665e-05 -0.00120645 4.24025e-05 -0.00113417 -4.84599e-06 0.00167474 -5.14641e-05 0.000668666 -2.83892e-06 0.000319819 -0.00124008 -5.7983e-05 -1.03529e-07 0.00124289 7.96205e-05 -6.40875e-05 0.00142556 -2.95316e-05 1.79436e-07 -2.6297e-08 -7.21941e-05 -9.53966e-06 -0.000174672 -5.50153e-07 4.55752e-07 0.00112295 -3.80792e-05 -0.000185683 0.00153785 1.25915e-05 -2.14168e-06 -0.0013983 -0.00132491 4.77092e-08 8.23566e-05 -0.00127329 -0.00130939 -2.00687e-06 -0.000194556 8.22224e-06 0.00085325 -6.60823e-05 9.31404e-05 0.000521884 -2.62029e-05 -2.46049e-05 -0.000895649 -1.76106e-05 0.000836038 -9.81459e-05 2.36499e-06 0.000120677 -1.34999e-06 -1.23949e-07 -0.00132802 -5.57346e-06 -2.59831e-06 -1.82825e-06 0.000113072 -4.8185e-05 -0.000163153 -7.9559e-07 -2.70894e-05 -8.40643e-07 -0.000175031 0.0017108 -6.43181e-05 -4.67686e-06 -2.25643e-06 -0.00125885 0.000744589 -0.00130263 -0.000342833 -1.25647e-07 -3.38038e-06 
-6.06914e-07 -0.00210469 -0.000215642 -0.000395001 -1.37378e-07 -0.00195356 -0.00103761 -0.000194589 0.00010759 -1.77242e-05 0.00828151 0.00499394 5.25928e-05 0.00309142 -0.00245112 -0.000440933 0.00382015 0.000190741 0.000302951 3.44039e-05 -0.000562113 -0.00163132 -1.46112e-07 -0.00440569 -1.77047e-08 -0.000181784 -0.00439725 -1.69421e-05 -0.00371789 -1.41975e-05 -0.00116243 0.000229063 -0.0033572 -1.97477e-05 -0.000555933 -0.00156171 -0.000204989 -3.88333e-07 -0.00288241 -0.000260168 0.00665635 -0.000284466 0.00414685 -1.66441e-07 -9.26711e-08 0.00480862 0.00214158 0.00196453 -2.52609e-06 -5.06719e-07 -0.00275887 -0.000134748 -0.000455758 -0.00244746 -7.46407e-07 -5.16064e-06 -0.00487832 0.0023708 -8.07288e-09 -3.50068e-06 0.00299763 0.00265116 -1.16846e-05 -0.00504052 -7.95844e-07 -0.00206263 0.00383719 -7.87231e-05 -0.00251682 -9.23397e-05 0.00542084 0.00316715 0.00557693 -0.000567817 -0.000539388 -1.00936e-05 -0.00685984 -1.85874e-05 -2.20132e-07 -0.000973538 0.00166582 -1.92278e-05 -6.28277e-06 -3.67452e-05 -0.000251111 -0.000404981 3.6778e-05 0.00567071 2.11042e-05 -0.000661007 -0.00157744 -0.000177488 0.000471344 -0.000170853 0.000402101 -0.00219576 -0.00422004 -0.0020845 -4.42784e-07 0.000183298 
-4.54632e-06 -0.0168699 0.0240264 -0.0032484 -4.64841e-07 -0.0223354 -0.00769829 -0.00161229 0.00136008 1.07361e-05 0.00499394 0.0645772 2.86865e-05 0.0051293 0.000660368 0.0280318 0.00426536 0.00015058 0.000384383 -0.000225372 -0.00438797 0.00610269 9.77167e-06 -0.00950913 4.26221e-07 0.0296531 -0.0374107 -0.000329149 -0.0250892 -9.74081e-05 0.0430479 -0.000723955 0.00771413 -0.000181383 0.0125574 -0.0322166 -0.00168837 7.46579e-07 0.0305692 0.0280189 0.00620296 0.0289835 0.00161088 -1.38299e-06 7.0664e-07 0.00243937 0.00026686 0.00539705 -1.56632e-05 3.60961e-05 -9.92576e-05 -0.00109484 -0.00430554 0.0251709 -6.20208e-06 -6.07424e-05 -0.00731296 -0.0299976 -6.70795e-08 1.36454e-05 -0.02896 -0.0302774 -8.71102e-05 -0.0394486 -1.05265e-05 0.0212585 0.00277933 -0.000595171 0.00239799 -0.000757809 0.00305401 0.00628728 0.00367465 -0.00370594 -0.00455606 -8.43137e-05 -0.00744162 -0.000128363 8.60537e-07 -0.0326816 0.00196694 -0.000162076 -1.31412e-05 -0.000420911 0.0275103 -0.00403982 0.00025063 0.00323208 0.000211611 -0.00529525 0.00720593 -0.00163266 0.000587161 -0.00142193 -0.0275109 0.00402896 -0.0335951 -0.0166334 2.70941e-05 9.37723e-05 
-2.96207e-08 -4.10679e-05 -1.05526e-05 -1.63051e-05 -6.7048e-09 -0.000134794 0.000252188 -9.36099e-06 5.08687e-05 -5.3257e-07 5.25928e-05 2.86865e-05 0.000407421 0.00023449 0.000235897 -2.16027e-05 5.32918e-05 2.25049e-05 4.71416e-05 -4.22578e-06 -1.39112e-05 0.000240109 -1.20116e-08 -7.3734e-06 -8.64084e-10 -7.71355e-06 -8.51757e-05 -1.8729e-06 -0.000195184 4.56335e-06 -8.40724e-05 1.83675e-06 -0.000242542 -6.958e-07 -2.98947e-05 -0.00021509 -9.89896e-06 5.43806e-08 1.29974e-06 -1.27651e-05 7.92408e-05 -1.38896e-05 -5.07917e-06 -8.1232e-09 -4.52285e-09 -1.02203e-05 -1.64074e-06 0.000366256 5.2338e-07 1.44074e-05 0.000124524 0.000105067 1.32252e-05 -0.000104622 -3.64287e-08 -3.6835e-07 -0.000238958 -0.000120298 -3.94e-10 2.14248e-06 -0.00017207 -0.000226924 4.46317e-05 -0.000166918 -7.41441e-08 0.000186587 -5.23558e-06 5.12145e-05 0.000105719 -4.37001e-06 -3.20516e-06 -0.000191478 -4.45544e-07 0.000114218 0.000133662 -2.10676e-07 -0.000338196 6.88606e-05 -2.13181e-08 -0.000228311 2.15808e-06 0.000180728 1.12256e-05 -3.21735e-06 -1.24479e-05 0.000146139 -9.0537e-08 -2.33074e-06 1.75417e-07 -3.391e-05 -8.86102e-05 -1.04288e-05 -3.29016e-07 -8.06629e-06 -8.55063e-05 0.00010604 -0.000224258 -5.42574e-05 4.83898e-08 1.09813e-05 
-2.56912e-05 0.151104 -0.0104357 0.0281448 8.08161e-06 -0.124736 0.0728535 -0.0091648 0.0124053 -0.000310338 0.00309142 0.0051293 0.00023449 0.240619 0.232396 -0.00617086 0.00142582 -7.95986e-05 0.000147641 -0.00402443 0.0378651 0.14754 -1.12107e-05 0.140448 -7.17999e-07 -0.0137438 -0.117962 0.003245 -0.192947 -0.000192033 0.0962193 0.00504688 -0.143269 0.00111998 0.0431553 -0.211019 -0.00964815 2.36238e-05 0.206031 -0.0125375 -0.0050492 -0.01286 0.00210674 1.17353e-05 -4.42022e-06 -0.00447355 0.000190585 0.0508228 -0.0001169 0.000171791 0.2309 -0.00550952 -0.00556796 0.138337 5.3345e-05 0.000496119 -0.230464 -0.216056 -3.89706e-07 -7.54766e-05 -0.197967 -0.214685 -9.89415e-05 -0.08922 -6.19826e-05 0.138766 -0.00672113 0.00538024 0.21532 -0.00445153 0.00319016 -0.188717 0.00213309 0.0387602 0.016288 -0.000276462 -0.0701788 -0.000815315 -1.19245e-06 -0.220446 0.000664845 -0.00022086 -0.000150748 0.00451492 -0.0122861 0.0591407 0.00029667 0.00323223 -2.8074e-05 -0.0333073 0.137524 -0.0101698 0.000125368 -0.00688268 0.0117724 0.198606 -0.220257 -0.0743823 3.09953e-05 0.000692175 
-2.54061e-05 0.154909 -0.0102319 0.0280079 8.21103e-06 -0.127373 0.0736744 -0.00919938 0.0126076 1.50524e-05 -0.00245112 0.000660368 0.000235897 0.232396 0.239033 -0.00361326 -0.00200812 -9.85473e-05 8.45729e-05 -0.0042346 0.0383001 0.150009 -1.13921e-05 0.147956 -7.0132e-07 -0.0134341 -0.113422 0.00259957 -0.189868 -0.000196893 0.100094 0.00548044 -0.13954 0.00113331 0.0438085 -0.21251 -0.00972568 2.6703e-05 0.211551 -0.0122677 -0.0103045 -0.0124146 -0.00429129 9.01213e-06 -2.38959e-06 -0.012043 -0.00159052 0.0498143 -0.000112843 0.000174567 0.23618 -0.0047905 -0.00452239 0.14004 2.62081e-05 -0.000355158 -0.225644 -0.220787 -3.82101e-07 -6.10421e-05 -0.203916 -0.220476 -4.86543e-06 -0.0881423 8.79119e-05 0.141356 -0.0108873 0.00565483 0.219369 -0.00437057 -0.00410191 -0.194869 -0.00287319 0.0407465 0.0168557 -0.000311045 -0.0624983 -0.000600574 -2.04743e-05 -0.221841 -0.000929249 0.000212134 -0.000145432 0.00398303 -0.0120476 0.0614148 0.00032636 -0.0029255 -0.000122623 -0.0329068 0.1419 -0.0102431 -0.000352577 -0.0073361 0.0116965 0.203673 -0.216775 -0.0710154 3.20624e-05 0.000700879 
6.17751e-05 -0.00529385 0.0243667 -0.00274471 3.61292e-07 -0.0196103 -0.00741488 -0.00135865 -0.00112608 0.00153516 -0.000440933 0.0280318 -2.16027e-05 -0.00617086 -0.00361326 0.0552414 -0.000398014 1.02685e-05 -3.4544e-05 0.000203131 -0.00404061 -0.0143976 1.59039e-05 -0.00420998 1.53892e-06 0.0327068 -0.0259666 -0.000326261 -0.0217934 -5.45767e-05 0.0409172 0.00104171 0.00911512 0.000256277 -0.000382998 -0.0299935 -0.00139879 -7.82203e-07 0.0317803 0.0293195 -0.00148937 0.0310969 -0.000727626 -1.1696e-06 1.03921e-05 -0.00177898 -0.000235571 -0.00159215 2.30788e-05 -2.27408e-06 -0.00254462 0.000111372 0.00126726 0.0342914 -5.2451e-06 -5.25359e-05 0.00307317 -0.0302114 1.13271e-07 0.000137917 -0.0322168 -0.0322431 0.00092114 -0.0314014 1.41679e-05 0.0270238 -0.00153221 0.00223384 -0.00273068 -0.000631703 -0.000587765 0.00327631 -0.000435742 -0.00199943 -0.00260559 -7.03387e-05 0.00403072 0.00140392 -2.90277e-06 -0.0303514 0.000296814 0.000115017 -4.35575e-05 -0.000420139 0.0286511 -0.00230172 -2.15935e-05 -0.000440373 -1.98608e-05 0.000718145 0.00645748 -0.000248526 -0.000126603 -0.00112959 -0.0321032 0.000202853 -0.0288383 -0.00794909 -1.3915e-06 -7.51224e-05 
-5.06653e-07 -0.00174842 -0.000180266 -0.000300718 -1.14684e-07 -0.00124569 -0.000863429 -7.64579e-05 0.000263511 -1.65215e-05 0.00382015 0.00426536 5.32918e-05 0.00142582 -0.00200812 -0.000398014 0.00692304 0.000173127 0.000479292 0.000581028 -0.000469944 -0.00135116 -1.05454e-07 -0.00346903 -1.47799e-08 3.15753e-05 -0.00319417 -3.92764e-05 -0.00229455 -1.14318e-05 -0.00110561 0.000362495 0.000100122 -1.68575e-05 -0.000136701 -0.00210917 -5.03064e-05 -2.50848e-07 -0.00253836 -0.000217157 0.00516809 -0.000236968 0.00125888 -7.56116e-08 -7.7362e-08 0.00182171 0.000124656 0.00200252 -4.18784e-07 1.40208e-06 -0.00222742 -8.81433e-05 -0.00052178 -0.00202411 -6.23103e-07 -4.64384e-06 -0.00309149 0.00186711 -6.73926e-09 -2.92237e-06 0.00230352 0.00222674 -5.28601e-06 -0.00343468 1.02179e-06 -0.00203978 0.0042354 -6.6072e-05 -0.00213488 -6.23587e-05 0.00171669 0.00246157 0.00320424 -0.000421525 -0.000282945 -8.4569e-06 -0.00483185 1.99852e-05 -2.8464e-07 -0.000582405 0.00162699 7.96327e-05 -1.27844e-06 -5.78329e-05 -0.000203564 -0.000381998 8.62445e-06 0.00195734 0.00016581 -0.000531637 -0.00153551 0.000580139 0.000474894 8.408e-05 0.000354566 -0.00177653 -0.00110791 -0.00089683 -3.69637e-07 0.000180576 
-4.96475e-08 -0.000175217 -1.74074e-05 -3.24133e-05 -1.1238e-08 -0.000100314 -8.35113e-05 0.000182904 2.36173e-05 -1.33229e-06 0.000190741 0.00015058 2.25049e-05 -7.95986e-05 -9.85473e-05 1.02685e-05 0.000173127 0.000682693 0.000169962 -8.47617e-06 -4.77747e-05 -0.00016905 -2.01327e-08 -0.000138819 -1.4483e-09 -6.16302e-06 3.46613e-05 2.53793e-06 -7.33873e-05 -9.02418e-07 1.06007e-05 0.000115005 -0.000187084 -1.7509e-06 -4.45169e-05 -7.6502e-05 0.000180843 -3.17669e-08 -0.000274528 -2.09091e-05 0.000178118 -1.68472e-05 2.40341e-06 -1.36154e-08 -9.14132e-10 3.41288e-05 -1.64672e-06 0.000119345 -2.33089e-08 4.7443e-07 -0.000272891 0.000219332 8.62713e-07 -0.000204537 -6.10586e-08 -6.17394e-07 7.79047e-05 -6.76734e-06 -6.60388e-10 3.4103e-06 4.96953e-05 8.00687e-05 1.78192e-05 -0.00030649 1.15726e-07 -0.000199684 -3.79995e-06 -6.49571e-06 -0.00024692 9.38163e-05 7.947e-06 -0.000283736 4.41099e-05 -3.71674e-05 0.000187889 8.9664e-06 -0.00037906 3.54535e-05 -3.57315e-08 4.85219e-05 5.99997e-06 4.13089e-05 -6.70397e-08 2.45824e-05 -1.94207e-05 -3.13102e-05 4.13689e-07 0.000136917 1.93766e-06 0.000166565 -0.000160983 0.000185662 6.26775e-06 0.000186792 -0.000198401 -0.00020254 5.46591e-05 0.000112433 -3.62211e-08 0.000133908 
-4.30955e-08 -0.000119717 -1.51832e-05 -2.5489e-05 -9.7549e-09 1.89578e-07 -6.81755e-05 1.11684e-05 0.00013908 -1.40531e-06 0.000302951 0.000384383 4.71416e-05 0.000147641 8.45729e-05 -3.4544e-05 0.000479292 0.000169962 0.000592652 -3.94092e-06 -2.21193e-05 -5.23598e-05 7.91909e-08 -0.000221255 -1.25717e-09 -1.01944e-05 -0.000166924 -3.34082e-06 -0.000260968 -4.91808e-07 9.76647e-06 0.000244712 -0.000193106 8.55965e-06 -2.74833e-05 -0.00029399 8.28903e-06 -1.0908e-08 -0.000237073 -1.85721e-05 0.00043812 -2.02082e-05 1.76002e-05 -1.18186e-08 -6.58036e-09 1.37638e-05 3.6362e-06 0.000235553 6.33962e-07 1.34376e-06 -0.0001428 2.23438e-05 -4.59674e-05 -0.000172379 -5.30007e-08 -5.35917e-07 -0.000313252 -0.000102648 -5.73237e-10 -1.90847e-09 0.000177339 -0.000108165 -9.09228e-07 -0.000349486 5.48793e-07 -0.000162983 0.000175834 -5.63847e-06 -0.000160055 -5.46349e-06 7.97973e-06 -8.50468e-05 7.63699e-05 -2.7647e-05 1.47044e-05 -5.06924e-07 -0.000483285 -1.3279e-06 -3.10161e-08 -0.000128003 9.39201e-06 -7.10053e-07 2.66585e-06 -4.87497e-06 -1.70339e-05 0.000115965 7.7758e-06 0.000198372 4.43964e-06 -5.07359e-05 -0.00013638 0.000179082 2.82896e-05 4.60996e-05 2.26815e-05 -4.09884e-05 -0.000122455 -0.000134117 -3.1441e-08 0.000169164 
1.83953e-06 -0.00293676 -0.000320977 -0.000502634 -2.08354e-07 -0.00268667 -0.00132622 -0.00020732 -0.000225896 -1.13658e-05 3.44039e-05 -0.000225372 -4.22578e-06 -0.00402443 -0.0042346 0.000203131 0.000581028 -8.47617e-06 -3.94092e-06 0.0125055 -0.000771107 -0.00297889 -1.86597e-07 0.00163771 -2.68517e-08 -0.000359372 -0.00289076 -6.69362e-05 -0.00268981 0.00046471 -0.00233059 0.00119425 0.000252419 -2.78073e-05 -0.000944988 0.00372108 0.000764449 3.43693e-08 -0.00433375 -0.00037805 0.000482629 -0.000347905 -8.08204e-05 -2.52431e-07 2.56117e-07 -7.74207e-06 -4.97198e-05 -0.000704315 7.80888e-05 -4.1203e-06 -0.00383684 -2.43552e-06 0.000953239 -0.000873664 -1.13204e-06 3.09674e-06 0.00278012 0.00326814 6.4423e-08 -3.87596e-06 0.00310575 0.00392398 6.14323e-06 0.00228457 -2.30405e-06 -0.002862 0.00237972 -0.000106491 -0.00403493 0.00034073 3.85134e-06 0.00178195 -4.89434e-05 -0.000789699 -0.000633141 -1.88176e-06 -0.00050149 0.000227241 -6.42468e-07 0.00451314 -2.76717e-05 -2.51772e-05 -7.68473e-06 -8.93563e-05 4.04383e-05 -0.000156033 -6.85326e-06 -0.000103348 -2.32964e-06 0.00126877 -0.00266453 0.00104249 5.15574e-05 -0.000170742 0.000279472 -0.00357372 0.00455845 0.00149596 4.5121e-08 -1.72484e-05 
-2.10871e-06 0.0360437 -0.00181122 0.0286141 1.27922e-05 -0.0162534 0.00487993 -0.000800197 -0.000743468 -4.79162e-05 -0.000562113 -0.00438797 -1.39112e-05 0.0378651 0.0383001 -0.00404061 -0.000469944 -4.77747e-05 -2.21193e-05 -0.000771107 0.0650792 0.0457052 -2.06219e-06 0.0204589 -1.48349e-07 -0.00243055 0.0255928 0.00495252 -0.0334634 0.000121114 -0.0103331 0.00378982 -0.0141338 0.00175531 0.00651139 -0.0362367 -0.000393691 2.44228e-05 0.0198825 -0.00210104 -0.00160415 -0.00235919 -0.00086944 1.69454e-05 -7.66499e-07 -0.00212014 -0.000281641 0.000268132 1.8677e-05 2.57031e-05 0.0395221 0.00040817 0.00917765 -0.00136391 8.22025e-05 0.000163847 -0.0339908 -0.0356693 -6.76433e-08 -1.03491e-05 -0.0365213 -0.0361824 -1.71345e-05 -0.0397354 1.44736e-06 -0.0140593 -0.00103533 -0.000623503 0.0356351 -0.000523591 -0.00072342 -0.0330808 -0.000420198 0.00815129 0.0249892 0.000123118 -0.0301562 -0.000145305 -3.65997e-06 -0.0360031 -0.00016302 0.00056497 -5.37412e-05 0.00656368 -0.00213039 0.0300096 0.000131731 -0.000498501 -1.11525e-05 -0.00580807 -0.0130007 0.000644697 -0.000149055 0.000968001 -0.00576743 0.0162086 -0.0352124 -0.0138072 -1.99345e-06 -9.14292e-05 
-1.50124e-05 0.0981878 -0.00647272 0.0323811 9.63068e-06 -0.077892 0.0666966 -0.00540439 0.00147835 -0.000246751 -0.00163132 0.00610269 0.000240109 0.14754 0.150009 -0.0143976 -0.00135116 -0.00016905 -5.23598e-05 -0.00297889 0.0457052 0.187505 -7.15444e-06 0.0909879 -3.93353e-07 -0.00843686 -0.0349056 0.00400971 -0.120078 0.000133955 0.0206209 0.00386533 -0.095986 0.00153296 0.0286233 -0.134547 -0.00591597 3.12812e-05 0.125732 -0.00773714 -0.00665178 -0.00850761 -0.00309464 1.47873e-05 -2.76427e-06 -0.0076117 -0.00100539 0.0468489 -6.97062e-05 0.000224274 0.149007 -0.00234896 0.00573035 0.0411117 6.6525e-05 1.85149e-06 -0.140992 -0.13925 -2.41676e-07 -7.08656e-05 -0.137642 -0.142218 4.59539e-05 -0.0858648 4.74041e-05 0.075746 -0.00691764 0.00138697 0.136939 -0.0027319 -0.00259313 -0.123388 -0.00185788 0.0490036 0.0265835 -7.20448e-05 -0.0756341 -0.000357167 -1.24497e-05 -0.140023 -0.000587984 0.000482133 -3.63323e-05 0.00523826 -0.00762903 0.0591204 0.000385065 -0.00184308 -5.37458e-05 -0.0209717 0.0401134 -0.00579842 -0.000197407 -0.00346536 0.00201636 0.109249 -0.136583 -0.0367457 3.65512e-05 0.000262855 
-2.14168e-09 -7.55847e-06 -7.16327e-07 -1.39824e-06 -4.84782e-10 -9.66088e-06 -3.26167e-06 -6.86715e-07 -5.20897e-07 -6.98383e-08 -1.46112e-07 9.77167e-06 -1.20116e-08 -1.12107e-05 -1.13921e-05 1.59039e-05 -1.05454e-07 -2.01327e-08 7.91909e-08 -1.86597e-07 -2.06219e-06 -7.15444e-06 2.94691e-05 5.54719e-06 -6.24764e-11 1.07088e-05 -9.46945e-06 -1.66026e-07 1.97765e-06 1.82117e-07 1.73466e-05 2.03508e-05 3.40812e-06 -5.42099e-08 -1.85842e-06 4.83639e-06 -7.25613e-07 -1.37036e-09 -1.01329e-06 4.88037e-06 3.89701e-07 4.87239e-06 -2.93909e-07 -5.87337e-10 -3.27019e-10 -4.5281e-07 -1.18631e-07 -2.52176e-06 -8.91409e-09 -9.58679e-09 -1.16109e-05 -4.75734e-07 2.74415e-06 -2.86977e-06 -2.63393e-09 -2.6633e-08 1.1081e-05 -1.42237e-05 -2.84877e-11 -1.23532e-08 -7.84548e-06 -7.98006e-06 8.81482e-08 -1.41933e-05 -5.36089e-09 -2.85835e-06 -4.21773e-07 -2.8021e-07 -1.05113e-05 -3.25849e-07 -3.05976e-07 -3.66355e-06 -2.18999e-07 -1.95893e-06 -1.9598e-06 -3.59597e-08 4.36985e-06 6.06752e-08 -1.54138e-09 -1.2706e-05 -6.93093e-08 1.96592e-07 6.0598e-08 7.17491e-08 8.02997e-06 4.24904e-06 -1.59456e-08 -2.87111e-07 1.19546e-07 1.8647e-05 -6.66294e-06 -7.99833e-07 -4.04637e-08 -6.05155e-07 -4.81983e-06 -9.00107e-06 -4.21458e-06 1.43134e-05 -1.5625e-09 1.16471e-07 
2.8196e-05 0.0986845 -0.0157137 0.0176733 3.77565e-06 -0.198571 0.0475407 -0.0142473 0.00800359 0.000833902 -0.00440569 -0.00950913 -7.3734e-06 0.140448 0.147956 -0.00420998 -0.00346903 -0.000138819 -0.000221255 0.00163771 0.0204589 0.0909879 5.54719e-06 0.237452 8.22523e-07 -0.0134034 -0.117334 -0.00263426 -0.114064 -5.77013e-05 0.0593977 0.00845889 -0.135414 0.000971263 0.0231865 -0.119525 -0.0140472 1.76645e-05 0.13172 -0.0140396 -0.015596 -0.0136869 -0.00395423 1.60916e-06 2.97865e-06 -0.00890673 -0.00242053 0.0305652 -0.00011355 5.443e-05 0.149133 -0.00738975 0.0312426 0.0864967 -5.32201e-05 -0.000546824 -0.134422 -0.137165 1.18383e-07 -6.64054e-05 -0.120026 -0.133778 0.000593482 -0.0826213 6.24979e-05 0.0860058 -0.00689851 0.00365092 0.136006 -0.00642874 -0.00614053 -0.172178 -0.00453623 0.0267359 0.00084208 -0.000640795 -0.0281417 0.000516737 -2.61939e-05 -0.13299 -0.00139421 0.000817879 -0.000310875 -0.00174308 -0.0135064 0.0418093 0.00020189 -0.00414256 -0.000168914 0.0303935 0.0917754 -0.0121653 -0.000836203 -0.012398 0.0182778 0.131006 -0.127881 0.0722759 8.12751e-06 0.000342818 
-1.54067e-10 -4.70405e-07 -5.48879e-08 -6.05858e-08 -3.4874e-11 -7.09608e-07 -2.44634e-07 -4.94006e-08 -4.4426e-08 -5.024e-09 -1.77047e-08 4.26221e-07 -8.64084e-10 -7.17999e-07 -7.0132e-07 1.53892e-06 -1.47799e-08 -1.4483e-09 -1.25717e-09 -2.68517e-08 -1.48349e-07 -3.93353e-07 -6.24764e-11 8.22523e-07 2.12e-06 1.58843e-06 -4.66237e-07 -1.19435e-08 6.45008e-07 -4.40374e-09 1.13303e-06 1.53901e-06 6.7717e-07 -5.57827e-09 -1.59827e-07 -4.95482e-07 -5.21988e-08 -9.858e-11 9.2716e-07 -6.63958e-08 -5.73318e-08 -7.22449e-08 -2.64185e-08 -4.22516e-11 -2.35249e-11 -6.47061e-08 -8.53405e-09 -4.47424e-08 -6.41258e-10 -6.8965e-10 -7.11304e-07 -3.42232e-08 1.2705e-06 -5.00684e-07 -1.89479e-10 -1.91591e-09 7.24979e-07 -1.18747e-06 -2.04933e-12 -8.88662e-10 -8.61609e-07 -8.88556e-07 4.83416e-07 -9.51777e-07 -3.85649e-10 -4.86433e-07 -5.91163e-08 -2.01577e-08 -6.37714e-07 -2.34408e-08 -2.20112e-08 -1.04671e-06 -1.57542e-08 -1.50033e-07 -1.40983e-07 -2.58685e-09 2.17255e-07 7.85861e-08 -1.10883e-10 -8.7004e-07 -4.98594e-09 -5.04097e-09 -1.63552e-09 -1.76188e-08 -6.47457e-08 4.07596e-07 -1.14709e-09 5.16963e-08 -7.52028e-10 1.80136e-06 -5.02815e-07 -5.75381e-08 -4.5894e-09 -4.35333e-08 -1.48853e-06 -5.81347e-07 -8.07157e-07 9.46616e-07 -1.12402e-10 -3.13139e-09 
1.43242e-06 -0.00905492 0.0248931 -0.00167608 9.78814e-07 -0.0118244 -0.00444921 -0.000821397 -0.00063547 -7.59665e-05 -0.000181784 0.0296531 -7.71355e-06 -0.0137438 -0.0134341 0.0327068 3.15753e-05 -6.16302e-06 -1.01944e-05 -0.000359372 -0.00243055 -0.00843686 1.07088e-05 -0.0134034 1.58843e-06 0.0340822 -0.0160335 -0.000197189 -0.0114947 -7.24264e-05 0.0263548 0.000641627 0.012454 0.00032928 -0.00246294 -0.0183577 -0.000865062 -8.66199e-07 0.0204702 0.0297048 -0.000907022 0.0302794 -0.000440273 -7.04136e-07 2.01462e-06 -0.00107553 -0.000141579 -0.00256561 2.51866e-05 7.35344e-06 -0.0135061 -0.000555266 0.000380256 0.0208342 -3.15772e-06 -3.14293e-05 0.0136218 -0.0196405 9.18056e-09 4.13868e-05 -0.0196269 -0.0200599 0.000582363 -0.0215514 -3.06962e-07 0.0216107 -0.000931211 -0.000335217 -0.0124236 -0.000388865 -0.000364693 0.0140434 -0.000235396 -0.00249439 -0.00200679 -4.2634e-05 0.0041833 0.000184759 -1.78457e-06 -0.0193133 0.000341494 -3.83627e-05 -2.72065e-05 -0.000293396 0.0287586 -0.00167667 7.34001e-08 -0.000375845 -1.25328e-05 0.000364349 -0.00822619 -0.000888113 -7.56872e-05 -0.00071954 -0.0305781 -0.0113178 -0.0178404 -0.00580129 -1.87322e-06 -4.46355e-05 
-2.5339e-05 -0.0562719 -0.0141181 0.0112336 6.09159e-06 0.136894 -0.025152 0.0102522 -0.00919219 -0.00120645 -0.00439725 -0.0374107 -8.51757e-05 -0.117962 -0.113422 -0.0259666 -0.00319417 3.46613e-05 -0.000166924 -0.00289076 0.0255928 -0.0349056 -9.46945e-06 -0.117334 -4.66237e-07 -0.0160335 0.247939 0.0022117 0.105139 8.8379e-05 -0.119488 -0.000253141 0.0615174 0.00118597 -0.0309252 0.121885 0.010289 8.60247e-06 -0.137108 -0.0164097 -0.00626198 -0.0184639 -0.00661405 9.06028e-06 3.5246e-06 -0.00648457 -0.00217062 -0.0326977 9.37823e-05 2.78861e-05 -0.112471 0.00721295 0.0295133 -0.144701 4.01211e-05 -0.000261488 0.12476 0.130698 -4.40548e-07 -1.02986e-05 0.109511 0.126379 0.000523301 0.029027 -7.15161e-05 -0.117392 -0.00765296 -0.00506082 -0.118841 0.0049703 -0.00533057 0.0808605 -0.00318145 -0.00374768 0.0296522 0.000553099 0.013526 0.000375013 -6.15597e-06 0.131942 -0.0012376 0.000652221 0.000200839 0.00223437 -0.0161908 -0.00465999 -0.000144619 -0.00482973 -0.000161898 0.0208444 -0.127795 0.0117789 -5.29382e-05 0.00932122 0.00684472 -0.134292 0.138015 0.0209676 -1.80402e-05 -8.12631e-05 
-4.09422e-07 -0.00130256 -0.000145707 0.000337668 3.33992e-07 0.00312301 -0.000469586 0.000176498 -0.000106205 4.24025e-05 -1.69421e-05 -0.000329149 -1.8729e-06 0.003245 0.00259957 -0.000326261 -3.92764e-05 2.53793e-06 -3.34082e-06 -6.69362e-05 0.00495252 0.00400971 -1.66026e-07 -0.00263426 -1.19435e-08 -0.000197189 0.0022117 0.00560199 -0.00270494 4.27074e-06 -0.000215508 -7.786e-06 0.0019931 2.36329e-05 0.00502609 -0.00293661 -4.41075e-05 2.14698e-07 -0.0022497 -0.000175901 -0.000149998 -0.000191602 -7.01652e-05 5.80772e-06 -6.25156e-08 -0.000135208 -2.26786e-05 -0.000466187 -1.70409e-06 9.44731e-06 0.00289273 3.15814e-05 -0.000435401 -0.00164412 8.75365e-05 0.000245855 -0.00322989 -0.00306209 -5.44594e-09 -1.20821e-06 -0.00291687 -0.00304069 -8.58464e-06 -0.003319 1.29552e-05 -0.00157554 -0.00015676 -5.2804e-05 0.00344992 -5.16154e-05 -5.8133e-05 -0.00277774 -4.16123e-05 -0.000395577 0.0051091 0.000103979 -0.00149338 -1.26155e-05 -2.94663e-07 -0.00307822 -1.32497e-05 -4.46264e-06 -4.34627e-06 0.00531075 -0.000171606 -0.000501287 -3.0483e-06 -6.513e-05 1.34182e-05 -0.000466072 -0.00128236 0.000272911 -8.90931e-06 0.00131406 -0.000996665 -0.00186602 -0.00301241 -0.00144196 -2.987e-07 -8.32141e-06 
-3.13381e-05 -0.123198 -0.00915502 -0.0227904 -7.90163e-06 0.113441 -0.0587222 -0.0108388 -0.0100659 -0.00113417 -0.00371789 -0.0250892 -0.000195184 -0.192947 -0.189868 -0.0217934 -0.00229455 -7.33873e-05 -0.000260968 -0.00268981 -0.0334634 -0.120078 1.97765e-06 -0.114064 6.45008e-07 -0.0114947 0.105139 -0.00270494 0.249614 -0.000541871 -0.102791 -0.00658959 0.117213 -0.00125815 -0.0362076 0.215455 -0.0117926 -2.23359e-05 -0.192281 -0.0119687 0.00254941 -0.0122854 -0.00381586 -9.57322e-06 -5.3302e-06 -0.00106137 -0.00113009 -0.0410964 -0.000131027 -0.000156259 -0.19195 -0.007738 0.00478431 -0.137591 -4.29314e-05 -0.000419251 0.190679 0.199913 3.22336e-07 -0.000201153 0.204323 0.200765 -0.000592083 0.107151 -8.60591e-05 -0.136463 -0.00017318 -0.00456624 -0.175453 -0.0053062 -0.00356804 0.165453 -0.00347579 -0.0338715 -0.0317591 -0.00058541 0.0759436 -0.000384456 1.30983e-06 0.203944 -0.00109962 -0.00107599 -0.000363345 -0.00377757 -0.0118678 -0.0516573 -0.000259887 -0.00467831 -2.37918e-05 0.0318701 -0.113923 -0.0111773 -0.000973468 -0.00985982 0.026045 -0.162661 0.206032 0.0678337 -2.54677e-05 -0.000677833 
4.8904e-07 -0.00023161 -5.37807e-05 0.000141137 -3.41705e-08 0.000149189 -4.83125e-05 0.000750286 -3.44999e-05 -4.84599e-06 -1.41975e-05 -9.74081e-05 4.56335e-06 -0.000192033 -0.000196893 -5.45767e-05 -1.14318e-05 -9.02418e-07 -4.91808e-07 0.00046471 0.000121114 0.000133955 1.82117e-07 -5.77013e-05 -4.40374e-09 -7.24264e-05 8.8379e-05 4.27074e-06 -0.000541871 0.00207292 -0.000424237 0.00068507 -0.00106277 3.47143e-05 -0.000122343 -0.000575357 0.000791647 3.66742e-07 -0.00049034 -6.49631e-05 -4.7082e-05 -7.01543e-05 -1.92757e-05 -4.13993e-08 -2.30504e-08 -2.62543e-05 -3.75858e-06 0.000133607 9.65834e-06 -6.75739e-07 -0.000180663 0.000196464 0.000383045 -0.000318434 -1.85656e-07 1.77027e-05 0.000168525 -0.000375153 -2.008e-09 3.9026e-06 -0.000924725 0.000124213 -7.14944e-07 -0.000878799 1.1213e-07 -0.000222291 -5.75339e-05 -1.94944e-05 -0.00013127 0.000542619 2.95028e-05 -0.000969554 3.36535e-05 -0.000131547 0.000737587 0.000411825 -0.00116526 -4.02817e-06 3.80203e-08 0.000270125 -4.88537e-06 -5.72621e-07 6.74673e-08 -6.78338e-06 -1.79302e-06 0.000488183 3.36049e-07 -9.32998e-06 3.44981e-06 0.0004366 -0.000490073 0.000795719 5.32732e-05 0.000750128 -0.000723574 -0.00017538 0.000288596 -7.32595e-06 -1.10135e-07 -2.15156e-06 
5.05619e-05 0.0271843 0.0200227 -0.0083862 -2.16689e-06 -0.0751324 -0.0246935 -0.00527778 0.0129627 0.00167474 -0.00116243 0.0430479 -8.40724e-05 0.0962193 0.100094 0.0409172 -0.00110561 1.06007e-05 9.76647e-06 -0.00233059 -0.0103331 0.0206209 1.73466e-05 0.0593977 1.13303e-06 0.0263548 -0.119488 -0.000215508 -0.102791 -0.000424237 0.17523 0.00365868 -0.0297708 -0.000152142 0.0465739 -0.120226 -0.00557756 -8.61499e-06 0.130026 0.0237296 -0.00575469 0.0259473 -0.00272631 -4.51532e-06 -9.47382e-07 -0.00689016 -0.000911146 0.0210701 -6.55995e-05 -4.59145e-05 0.0996011 -0.00364756 -0.0135929 0.13878 -9.48242e-06 -0.000186599 -0.0990681 -0.126062 -1.25674e-07 0.000114034 -0.118597 -0.124877 -0.00013002 -0.081677 0.00011266 0.0837845 -0.00626907 0.00347632 0.101097 -0.00250506 -0.00235099 -0.0793417 -0.00156062 -0.0143492 -0.013597 -0.000275874 -0.00798976 -0.000467228 -1.18498e-05 -0.126163 -2.92482e-05 -0.000537286 -0.000174391 -0.000288366 0.0231469 0.0175278 0.000136487 -0.00197226 -7.80472e-05 -0.0158713 0.118205 -0.00613934 -0.000472421 -0.00460874 -0.0199651 0.111139 -0.122478 -0.0530864 1.32785e-06 4.90833e-05 
6.51762e-05 0.00181969 -0.00056706 -0.000922524 -6.31578e-08 -0.00746494 -0.00267928 -0.000504727 0.00167364 -5.14641e-05 0.000229063 -0.000723955 1.83675e-06 0.00504688 0.00548044 0.00104171 0.000362495 0.000115005 0.000244712 0.00119425 0.00378982 0.00386533 2.03508e-05 0.00845889 1.53901e-06 0.000641627 -0.000253141 -7.786e-06 -0.00658959 0.00068507 0.00365868 0.0219763 -0.0105245 0.00151533 0.00233813 -0.00612792 -0.000412374 2.12662e-08 0.000388768 -0.000588033 -0.00031417 -0.000762921 -0.000276361 9.08606e-07 -2.36139e-07 -0.000558339 -9.02735e-05 -0.00112716 -8.9694e-07 -7.13679e-06 0.00606986 0.000401097 0.00492983 -0.000738171 -1.72934e-06 -2.03175e-05 -0.00122439 -0.0102912 2.1601e-08 1.79694e-05 -0.00831279 -0.0072211 0.000118586 -0.0106016 2.0557e-05 0.00247036 -0.000119398 -0.000212374 0.00360821 -0.00016135 -0.0002287 -0.0109228 -0.000101574 -0.00139275 0.00451141 -1.92917e-06 -0.00615416 3.16539e-05 -1.05587e-06 -0.00678665 -1.13772e-05 0.00126203 -8.70739e-06 -8.76999e-05 -0.000482588 0.0114886 1.67089e-05 0.000904553 -7.92494e-06 0.00591506 -0.000757604 0.000466826 2.64979e-05 -0.0004443 0.000653783 0.000828302 -0.00575674 0.00402897 -1.19198e-06 0.000220413 
-2.11771e-05 -0.117687 0.0100926 -0.0275622 2.10757e-06 0.118442 -0.0594586 0.00683277 -0.00559189 0.000668666 -0.0033572 0.00771413 -0.000242542 -0.143269 -0.13954 0.00911512 0.000100122 -0.000187084 -0.000193106 0.000252419 -0.0141338 -0.095986 3.40812e-06 -0.135414 6.7717e-07 0.012454 0.0615174 0.0019931 0.117213 -0.00106277 -0.0297708 -0.0105245 0.238281 -0.00118819 0.0134741 0.122533 0.00655769 -2.67638e-05 -0.12357 0.0117286 0.00316283 0.0124781 -0.00704298 -4.40248e-06 -5.14291e-06 -0.00885474 -0.00242234 -0.0496656 -7.1551e-05 -0.000154642 -0.139511 0.00305407 -0.0443194 -0.0796316 3.3973e-05 -0.000307662 0.137412 0.126346 -9.13112e-08 7.57425e-05 0.123918 0.127723 -0.000671383 0.0633047 -1.00806e-05 -0.13271 -0.000184531 -0.00439783 -0.128405 0.0020667 -0.00616695 0.160852 -0.00242351 -0.0261458 0.00099632 -0.000506505 0.0746764 -0.00035236 -2.92603e-05 0.12717 0.000317777 -0.00143072 6.30624e-05 0.00278503 0.0114106 -0.0591677 -0.0003243 -0.00652986 0.000100958 -0.0284168 -0.0707356 0.0041534 -3.49176e-05 0.00563194 -0.0161859 -0.127711 0.132275 -0.00476083 -3.13862e-05 -0.000872262 
