0.0149352 -3.82642e-07 -0.000488754 -0.00189241 9.43822e-05 0.00680934 -0.000472627 -6.04335e-06 -0.00134679 -0.0119581 1.04955e-05 -0.00111647 -0.000216895 -1.5106e-05 -0.000711018 0.000104486 0.0140841 -0.00675536 -0.00975263 2.88186e-07 0.00293976 6.71049e-06 -0.0130185 -0.00549273 -0.0140164 -9.36048e-07 -7.95636e-06 -0.0124129 -5.99621e-05 -8.25999e-08 -1.45445e-06 -4.95235e-06 0.000374975 0.00109091 -2.41688e-06 -6.22279e-07 -0.000104594 1.37931e-05 -1.66781e-05 0.00330729 0.0127406 -5.66118e-07 -2.01536e-06 -0.00057348 -0.00167121 -0.0132329 0.0131297 0.000446262 -3.75133e-06 -6.43258e-07 0.00959446 -2.59831e-07 6.07976e-06 -3.05638e-05 -8.79077e-08 7.40691e-06 -1.16772e-08 6.6507e-06 0.0133722 -4.22099e-08 3.63476e-07 4.14619e-05 -4.00131e-06 0.0130626 -0.0118994 -0.0123003 2.66737e-06 -0.00335313 -1.05092e-06 -0.000181127 -0.000186263 0.000194399 -0.000179479 -0.00576717 -0.00189005 -2.03656e-05 0.0131152 -0.00933065 3.7546e-06 -1.95429e-07 0.000797409 0.0127881 0.0125187 -0.0004157 4.41391e-08 0.0130339 1.30417e-05 -0.00900433 -0.00305912 -0.0101651 -4.33422e-07 0.00828552 -0.00191056 0.0107681 -0.000284737 0.00108466 -2.99816e-07 -2.22423e-09 -0.0130737 -0.000369582 
-3.82642e-07 3.79786e-05 -1.06749e-06 -2.54311e-06 -3.93485e-09 4.41291e-06 -1.18365e-06 -1.53187e-08 6.36945e-06 -2.28117e-05 -7.79223e-10 -2.79619e-06 9.78551e-06 1.39063e-06 -1.78082e-06 1.03723e-05 -3.34357e-07 -1.38916e-05 -1.87881e-05 -5.47165e-10 6.1285e-06 5.02152e-07 -2.72767e-05 -1.31334e-05 1.28356e-07 -2.34425e-09 -2.0285e-08 -2.65234e-05 -1.67701e-07 -2.06864e-10 -3.64254e-09 -1.26615e-08 3.40801e-08 -7.97689e-08 -6.05287e-09 -1.55845e-09 -2.68357e-07 4.70823e-07 -4.64019e-08 -2.81436e-08 -5.70077e-07 -1.41779e-09 -5.04729e-09 -1.43623e-06 6.54179e-06 -2.00741e-05 1.05026e-05 8.04545e-06 -9.70376e-09 -1.61098e-09 1.1728e-05 -6.50724e-10 -9.35574e-10 9.39093e-06 -2.20157e-10 1.63331e-06 -2.92446e-11 -1.54171e-08 3.02653e-06 -1.05711e-10 -2.4687e-11 -3.06739e-09 -1.16071e-08 2.50949e-05 -2.23358e-05 -2.49727e-05 -2.80318e-09 -7.08096e-06 -2.9575e-09 -4.53977e-07 2.93521e-07 -4.01308e-08 1.67641e-06 1.52505e-05 -4.22347e-06 -5.10038e-08 1.30876e-05 -1.96454e-05 -2.55605e-10 -4.89436e-10 8.40339e-09 1.39117e-05 1.46634e-05 5.22249e-07 -6.33e-12 2.46963e-05 -8.63918e-10 -1.81145e-05 -3.4639e-06 -2.31017e-05 -1.08547e-09 1.01816e-05 -3.3492e-06 2.18558e-05 -9.30987e-08 1.31189e-05 -7.50865e-10 -5.5704e-12 -9.84456e-06 9.2774e-06 
-0.000488754 -1.06749e-06 0.0313569 -0.00392963 -4.57481e-07 -0.0002592 0.00890699 0.000160702 -0.00252737 0.00427006 -6.14885e-07 -0.00234166 -0.000308583 0.00331772 0.00689578 -0.00139835 -0.00112798 0.0159317 0.00194706 -4.66878e-07 -0.00776299 2.48874e-05 0.00102794 -0.0116662 9.6023e-05 5.72264e-05 3.98048e-05 -0.00618495 8.72163e-05 1.06682e-06 9.58528e-06 2.8783e-05 -1.83224e-05 -6.70842e-05 3.7882e-05 -1.0731e-06 -0.000225224 -3.53252e-07 -3.66232e-05 -0.00117117 -0.000531499 1.11358e-06 -4.30668e-06 0.00118707 -0.00119844 0.00041314 -0.00275164 3.42022e-05 -6.19657e-06 -1.3746e-06 -0.00933946 -5.11908e-07 -7.98294e-07 -6.60044e-05 6.38814e-07 -1.35619e-05 -2.49534e-08 -1.06349e-05 -0.00148259 -9.01997e-08 -2.10646e-08 -2.6173e-06 -5.50726e-06 -0.00314201 -0.0245937 0.00317609 -2.29186e-06 0.0223663 4.21646e-06 -0.000355367 0.00213122 -1.10323e-05 2.80226e-05 0.00579954 0.0109797 9.42601e-05 -0.00301413 -0.012928 -1.81433e-07 3.96905e-06 -6.8297e-05 -0.00269197 -0.00251201 -0.000769816 -5.40118e-09 -0.00307256 -6.87153e-07 0.00065517 -0.00381028 -0.0206818 7.90472e-07 -0.00401856 -0.00259218 0.0132843 -0.00060844 0.00456181 2.02645e-07 -4.75304e-09 0.00162127 -0.000733618 
-0.00189241 -2.54311e-06 -0.00392963 0.109354 -1.26009e-05 -0.00281374 -0.00278279 1.13441e-05 -0.00870014 0.026112 -2.56402e-06 -0.00485737 0.00831634 -0.00118629 -0.00572268 -0.00536922 -0.00467399 -0.0448337 0.0436211 -1.6371e-06 -0.0843535 -1.13834e-05 0.0176213 -0.0426518 0.00273267 -6.95037e-06 0.000382713 0.0143616 -0.000542456 -6.80682e-07 -1.1889e-05 -4.16624e-05 -5.27039e-05 -0.000240691 -1.18468e-05 2.33286e-05 -0.000865427 -7.37991e-06 -0.000152684 -0.00830837 -0.0015946 2.51581e-05 7.91787e-05 -0.00354623 -0.00889465 0.00609634 -0.0151603 -0.000449159 -4.42334e-06 -5.14758e-06 -0.0285414 -1.85786e-06 -1.07182e-06 -0.000259674 -5.97756e-07 -5.38787e-05 6.73771e-07 0.000258797 -0.0079842 -3.4784e-07 -8.1232e-08 -1.00898e-05 -3.81928e-05 -0.0172636 0.0262366 0.0186024 -7.96046e-06 -0.0254123 4.88507e-06 -0.00143917 0.00366381 -0.000131269 -0.00148299 0.0623591 0.0647923 -5.15303e-05 -0.0168259 -0.0718444 2.05603e-07 -1.61048e-06 -0.000159725 -0.0156514 -0.0168552 -0.00339315 -2.08287e-08 -0.0159932 -2.78604e-06 -0.0364554 0.0912257 0.0402565 -1.58838e-06 -0.0519115 -0.0166979 0.0508237 0.00165969 -0.0166047 2.99297e-07 -1.83293e-08 0.0124649 -0.00231287 
9.43822e-05 -3.93485e-09 -4.57481e-07 -1.26009e-05 0.000103593 -1.49323e-06 -3.12549e-06 2.15821e-06 -9.20342e-06 -7.8221e-05 -2.1256e-09 -7.58756e-06 -1.49436e-06 -2.50905e-07 -4.75445e-06 -2.4483e-06 9.01276e-05 -4.20504e-05 -6.26101e-05 2.85074e-08 1.75644e-05 -1.23164e-08 -8.48693e-05 -3.57362e-05 -9.20968e-05 -6.39474e-09 6.91332e-07 -7.94762e-05 -1.54128e-07 -5.64293e-10 -9.93625e-09 -3.45386e-08 1.09172e-06 1.32291e-05 -1.65113e-08 -4.25119e-09 -7.32036e-07 8.07249e-08 -1.26577e-07 9.79363e-06 9.35864e-05 -3.86751e-09 -1.37682e-08 -3.91781e-06 -8.28214e-06 -9.10423e-05 8.47885e-05 -2.62779e-07 -2.64703e-08 9.89388e-08 6.56333e-05 -1.77507e-09 -2.5521e-09 -2.15701e-07 -6.00554e-10 -4.55199e-08 -7.97746e-11 1.79446e-08 8.71855e-05 -2.88363e-10 -6.73422e-11 1.63265e-09 -3.16622e-08 8.23743e-05 -7.78424e-05 -8.22164e-05 -7.64662e-09 -1.99274e-05 -8.06759e-09 -1.23838e-06 -1.27248e-06 -1.0947e-07 -1.31005e-06 -3.76329e-05 -1.27555e-05 -1.3913e-07 8.2843e-05 -5.95594e-05 -6.9725e-10 -1.3351e-09 5.31075e-06 8.31822e-05 8.23986e-05 -2.70324e-06 -1.72672e-11 8.22848e-05 -2.35663e-09 -5.64113e-05 -1.93074e-05 -6.55263e-05 -2.96098e-09 2.20288e-05 -1.09132e-05 6.93212e-05 -1.94522e-06 -1.15853e-05 -2.04824e-09 -1.51952e-11 -8.5409e-05 -2.53946e-06 
0.00680934 4.41291e-06 -0.0002592 -0.00281374 -1.49323e-06 0.0255638 -0.000693371 -3.90547e-06 -0.0023268 -0.0190622 -5.38624e-07 -0.0018452 7.5599e-05 -0.000255075 -0.0012133 -0.00115251 0.00993097 -0.0103016 -0.0156753 -1.28218e-07 0.00469909 -2.89429e-06 -0.0205459 -0.00890546 -0.00666246 -1.50042e-06 -1.08183e-05 -0.0205546 -4.2137e-05 -1.42991e-07 -2.20784e-06 -8.75206e-06 -1.41492e-05 -5.50555e-05 -4.18394e-06 -9.93915e-07 -0.000181191 -3.63297e-06 -3.00179e-05 -0.00168431 0.00659987 1.69033e-05 -7.25518e-07 -0.000988417 0.0121484 -0.0203863 0.021283 -9.003e-05 -6.70756e-06 -1.11357e-06 0.0154903 -4.49802e-07 -6.46699e-07 -5.21284e-05 2.782e-08 0.000229005 -2.02148e-08 -9.2968e-06 0.00579711 -2.30709e-08 -1.70645e-08 1.42231e-05 -2.96985e-06 0.0206871 -0.0193571 -0.0202663 -1.92431e-06 -0.00507525 -2.04432e-06 -0.000313804 -0.000317149 -2.21131e-05 -0.00028635 0.00585841 -0.00303471 -3.52555e-05 0.0198466 -0.0152939 2.69984e-07 -2.71647e-07 -4.85889e-05 0.0189308 0.0207353 -0.000463158 -4.3755e-09 0.0206017 6.2895e-06 -0.0138265 -0.00490372 -0.0165942 -7.20311e-07 0.0144258 -0.00359485 0.0168835 -0.00020892 0.0155169 -5.19022e-07 -3.85044e-09 -0.0220357 -0.00061789 
-0.000472627 -1.18365e-06 0.00890699 -0.00278279 -3.12549e-06 -0.000693371 0.0301939 0.000157417 -0.0026645 0.00641716 -5.89406e-07 -0.00212805 -8.17338e-05 0.00352571 0.0227373 -0.00139655 -0.00120002 0.0162203 0.00119451 -4.48987e-07 -0.023019 2.84184e-05 0.00440372 -0.011097 0.000809271 5.2993e-05 1.6381e-06 0.00436937 -0.000132613 3.00359e-06 2.0221e-05 -9.69631e-06 -1.85338e-05 -6.54559e-05 3.03099e-05 -6.65479e-07 -0.000211889 -4.09883e-06 -3.74793e-05 -0.00207452 -0.000552016 1.0866e-06 -3.63831e-06 -0.00116493 -0.00354266 0.00118194 -0.00391142 -9.84128e-05 0.000156577 2.25114e-05 -0.0102775 -4.7063e-07 -7.67703e-07 -6.48855e-05 7.49346e-07 -1.3693e-05 -2.39972e-08 -7.49079e-06 -0.00240261 -8.67431e-08 -2.02574e-08 -2.51701e-06 -6.93773e-06 -0.00432 -0.0219744 0.0051617 -2.3002e-06 0.0225989 5.01565e-05 -0.000353743 0.00495314 -3.29301e-05 -0.000391157 -0.00283446 0.00203889 2.26312e-05 -0.00421147 0.00359321 1.21692e-06 4.68384e-07 -6.63956e-05 -0.00380617 -0.00409893 -0.000839468 -5.1942e-09 -0.00437846 -7.08904e-07 -0.0147065 0.00495389 -0.000940901 5.7093e-06 -0.00348724 -0.0043041 -0.0042982 -0.000585146 0.000454318 3.93864e-07 -4.5709e-09 0.00217106 -0.000661969 
-6.04335e-06 -1.53187e-08 0.000160702 1.13441e-05 2.15821e-06 -3.90547e-06 0.000157417 0.000403174 -9.31303e-06 -6.44964e-05 -8.27512e-09 4.88653e-05 -5.56102e-06 7.38541e-05 0.000182722 1.84015e-05 -1.09134e-05 3.52825e-05 -7.80702e-05 -5.81074e-09 -0.000156522 -4.79487e-08 -4.29841e-05 -7.20226e-05 -3.46925e-05 -2.48953e-08 6.75458e-06 -1.48677e-05 5.39191e-05 -2.19684e-09 -3.86827e-08 -6.44617e-08 2.5347e-07 -8.47123e-07 3.4572e-07 1.61345e-06 -2.84988e-06 6.39127e-06 -3.79442e-07 -2.53882e-05 -3.57809e-06 -1.50566e-08 1.33164e-05 -1.52524e-05 9.68593e-05 2.06005e-05 -4.15089e-05 -1.46424e-06 8.85362e-06 1.42289e-06 -8.21677e-05 -6.9105e-09 -9.93553e-09 -8.39742e-07 -2.33801e-09 -1.77213e-07 -3.10569e-10 -1.63725e-07 -2.94613e-05 -1.12262e-09 -2.62169e-10 -3.25748e-08 -1.23264e-07 -4.75208e-05 -0.000189011 -0.00015801 -2.97689e-08 0.000161676 -3.14078e-08 -4.82111e-06 -1.52388e-06 2.73822e-07 1.22799e-05 -0.000147103 -4.92648e-05 1.28169e-06 -4.85577e-05 2.29509e-05 5.06189e-08 -5.19767e-09 9.6468e-06 -4.44143e-05 1.63003e-05 -1.10493e-05 -6.72228e-11 5.34891e-05 -9.17456e-09 -0.000145647 -7.92225e-05 -6.80936e-05 -1.15274e-08 2.02117e-05 2.1557e-05 -4.09708e-05 1.35071e-05 2.44001e-05 5.35937e-09 -5.9156e-11 2.91925e-05 4.80924e-05 
-0.00134679 6.36945e-06 -0.00252737 -0.00870014 -9.20342e-06 -0.0023268 -0.0026645 -9.31303e-06 0.0809419 -0.00196418 -1.65923e-06 0.00211561 0.00207911 -0.000513768 -0.00379279 0.0100754 -0.0034718 -0.00815341 0.0175453 -1.27979e-06 0.00764182 4.81828e-05 0.0106745 -0.00502931 0.00271668 -5.48308e-06 -4.68489e-05 0.0108187 -0.000383464 -4.83845e-07 3.1217e-05 -1.31413e-05 -4.79222e-05 -0.000186312 -1.38974e-05 1.48154e-06 -0.000592807 2.56009e-05 -8.7485e-05 -0.005913 -0.00156813 -1.96948e-06 -8.81868e-06 0.000304759 -0.0101411 0.004497 -0.011149 0.000950878 -2.15799e-05 -3.76801e-06 -0.0230514 -1.47868e-06 -1.13826e-06 0.00155546 -5.14937e-07 -3.90304e-05 -6.84016e-08 -1.89431e-05 -0.00682174 2.14608e-06 -5.77416e-08 -6.87113e-06 3.50834e-06 -0.0108559 0.0162142 0.000614363 3.93135e-05 -0.0190771 -6.40078e-06 3.36047e-05 -0.000989694 0.000305883 -0.00103616 0.0279159 -0.00528288 -4.7812e-05 -0.0119593 0.0170696 -5.97848e-07 1.78569e-07 -0.000179424 -0.0111762 -0.012029 0.00226623 -1.48055e-08 -0.0110286 -2.02066e-06 -0.0252748 -0.00539948 -0.0144386 -2.25885e-06 0.028634 -0.0078328 -0.0145336 -0.0015673 -0.0119606 7.571e-07 -1.30289e-08 0.00912114 0.0110685 
-0.0119581 -2.28117e-05 0.00427006 0.026112 -7.8221e-05 -0.0190622 0.00641716 -6.44964e-05 -0.00196418 0.16675 -9.04801e-06 -0.00839745 0.00166026 0.00174943 0.00955177 -0.0252003 -0.0299801 0.0752574 0.0947016 -1.13601e-05 -0.0504761 -6.45971e-05 0.107375 0.00661292 0.0236344 1.29693e-05 1.3702e-05 0.1001 -0.00304695 1.15181e-06 1.0518e-05 -0.000158122 -0.000422016 -0.00165097 3.31953e-05 -6.52685e-07 -0.00202872 -6.51738e-05 -0.000652611 -0.0524872 -0.0132215 6.69751e-06 1.83529e-05 0.007099 -0.0786196 0.0402322 -0.0967932 -0.0023803 4.54632e-05 8.96985e-06 -0.0302844 2.49985e-06 -1.95079e-06 -0.00110675 1.05915e-06 -0.000346371 -1.00502e-07 5.28846e-05 -0.0584713 -3.11409e-07 -5.12545e-07 -6.3451e-05 -4.89027e-05 -0.109014 0.0962456 0.123088 -4.77454e-05 0.0413992 2.01383e-06 -1.23152e-06 0.00229186 -0.000618155 -0.00888117 0.0236985 0.0248043 0.000283919 -0.106393 0.0600227 -2.83347e-06 2.61181e-06 -0.00161438 -0.0987858 -0.107122 0.00568364 -1.14217e-08 -0.108967 -1.76164e-05 0.0718688 0.0426144 0.0721868 5.73048e-06 -0.105074 0.00675165 -0.0790804 0.00294091 -0.0944342 3.72409e-06 -1.08984e-07 0.0793942 -0.0158261 
1.04955e-05 -7.79223e-10 -6.14885e-07 -2.56402e-06 -2.1256e-09 -5.38624e-07 -5.89406e-07 -8.27512e-09 -1.65923e-06 -9.04801e-06 2.05162e-05 -1.41383e-06 -2.9593e-07 3.73803e-07 -9.28659e-07 8.92418e-06 7.00482e-06 -6.15588e-06 -6.30415e-06 -2.95577e-10 5.16569e-06 2.94228e-07 -8.51071e-06 -5.67134e-06 -1.02311e-05 -1.26636e-09 -1.09579e-08 -1.19061e-05 -9.05915e-08 -1.11747e-10 -1.96769e-09 -6.83971e-09 1.01778e-05 -4.30909e-08 -3.26974e-09 -8.41867e-10 5.83676e-08 -3.15697e-09 -2.50662e-08 -2.90279e-08 2.09559e-07 -7.65887e-10 -2.72653e-09 -7.55848e-07 -2.01689e-06 -3.52911e-06 -1.13536e-06 9.69552e-06 -5.24194e-09 -8.70249e-10 -5.52489e-06 -3.51519e-10 -5.05394e-10 -4.27154e-08 -1.18928e-10 3.47652e-07 -1.57978e-11 -8.32826e-09 1.98688e-06 -5.71047e-11 -1.33358e-11 -1.65699e-09 -6.2701e-09 8.52913e-06 -8.94968e-06 -7.68646e-06 -1.51427e-09 -3.65304e-06 -1.59763e-09 -2.45237e-07 -2.01991e-07 -2.16785e-08 -2.59431e-07 -1.79445e-06 -2.52367e-06 -2.75521e-08 8.60084e-06 -7.04037e-06 -1.38077e-10 -2.64391e-10 9.72592e-06 -9.77893e-07 -1.19843e-06 4.42094e-06 -3.41944e-12 8.49029e-06 -4.66686e-10 -3.26105e-06 -4.10361e-06 -1.12858e-05 -5.86366e-10 2.54361e-07 1.44929e-05 5.57695e-06 -3.85213e-07 -2.15153e-06 -4.05614e-10 -3.00911e-12 6.3457e-07 -5.12793e-07 
-0.00111647 -2.79619e-06 -0.00234166 -0.00485737 -7.58756e-06 -0.0018452 -0.00212805 4.88653e-05 0.00211561 -0.00839745 -1.41383e-06 0.0682024 3.12098e-05 -0.000651498 -0.00123221 0.0134219 -0.00275037 0.0165234 -0.00527361 -9.07325e-07 -0.0185378 1.38377e-05 0.0103565 0.0209835 0.00169659 -4.54424e-06 0.000391042 0.0122628 -5.79016e-05 -2.50998e-07 -6.92091e-06 -2.45438e-05 -1.01232e-05 -0.000154629 -1.09333e-05 2.32523e-05 -0.000511267 2.63014e-05 -5.57083e-05 -0.00490071 -0.000876945 -2.115e-06 7.6856e-05 0.00133974 -0.00818162 0.00410025 -0.00923307 -0.000242024 -1.7357e-05 -3.12283e-06 -0.00443335 -5.94736e-07 -1.81357e-06 -0.000137388 -4.26766e-07 -3.23474e-05 7.13311e-07 4.54346e-05 -0.00567689 -2.04917e-07 -4.78548e-08 -4.93602e-06 -1.8565e-06 -0.0101946 0.0148577 -0.013715 5.10095e-05 0.00216514 1.52737e-05 -0.000848943 -0.000381355 -5.55253e-05 -0.000842441 -0.026561 -0.00644701 0.000441878 -0.00994862 0.0191834 -1.08814e-07 -9.18751e-07 -6.40818e-05 -0.00926212 -0.00986933 -0.00191854 -1.22705e-08 -0.00941789 -1.67467e-06 0.00642631 -0.0101952 0.018289 -1.46414e-06 -0.00446328 -0.00964267 -0.0204088 0.000698647 -0.00974135 -1.24552e-06 -1.0798e-08 0.00753945 0.0163832 
-0.000216895 9.78551e-06 -0.000308583 0.00831634 -1.49436e-06 7.5599e-05 -8.17338e-05 -5.56102e-06 0.00207911 0.00166026 -2.9593e-07 3.12098e-05 0.0142159 0.000102867 -0.000670396 0.00201465 -0.000471017 -0.00234092 0.00244488 -2.078e-07 -0.00762989 6.43753e-05 0.000143366 -0.0043487 0.000106678 -8.90291e-07 0.00030848 -0.00729242 -3.47255e-05 -7.85622e-08 1.00567e-05 -4.72854e-06 -8.20785e-06 -3.02943e-05 4.23793e-06 4.93814e-06 -9.48925e-05 2.80388e-06 -9.58569e-06 -0.000958549 0.000350145 2.61749e-05 3.79765e-05 0.000328353 -0.00153755 0.000447971 -0.00157383 0.0013134 -3.14526e-06 -6.05147e-07 -0.00398425 -2.2713e-07 -3.55309e-07 0.00169125 -6.36106e-08 -6.33738e-06 -1.11064e-08 9.37829e-06 -0.00101601 2.29853e-07 -9.37554e-09 -1.16492e-06 -2.56809e-06 -0.000496557 0.00131488 -0.00312629 1.86542e-06 -0.00282048 -1.89856e-07 7.86636e-05 -0.000105594 0.000105836 3.47046e-05 0.0058127 0.00767834 1.09866e-05 -0.00184983 -0.00826539 -9.70729e-08 2.70791e-07 -2.09751e-05 -0.0018089 -0.00173496 -0.000160329 -2.40398e-09 -0.000108314 -2.71429e-07 -0.00425944 0.00577909 0.000630735 5.77765e-07 -0.00323031 -0.00197513 0.00329312 0.000564395 -0.00191889 -1.82724e-09 -2.11551e-09 0.00120468 0.00220693 
-1.5106e-05 1.39063e-06 0.00331772 -0.00118629 -2.50905e-07 -0.000255075 0.00352571 7.38541e-05 -0.000513768 0.00174943 3.73803e-07 -0.000651498 0.000102867 0.0096307 0.00410582 -9.96195e-05 -0.000266033 0.00143286 -0.00105573 -1.40109e-07 -0.00179323 3.99719e-06 -0.00166838 -0.00213595 2.70947e-05 -6.00277e-07 2.80091e-05 -0.00252893 -2.81205e-06 1.99703e-06 -6.06053e-07 -2.93882e-06 5.06264e-05 -7.44588e-06 1.01101e-05 4.42725e-08 0.00012942 -1.49646e-06 -1.16852e-05 -0.000565001 -2.87923e-05 -3.63045e-07 -1.28243e-06 0.000886527 -0.000997359 -0.00169336 -0.00111186 0.000148241 6.44189e-06 5.20819e-07 -0.00320371 -1.66627e-07 4.01043e-06 0.000176625 1.28029e-06 -4.10963e-06 -7.48847e-09 -3.20442e-06 -0.000631661 -2.70687e-08 -6.32143e-09 -7.3878e-07 -2.51881e-06 -0.00112904 -0.00410009 0.00129247 1.35543e-07 0.00313661 -3.17308e-07 -0.000113964 0.000161105 9.59506e-05 -0.000116575 0.000359547 -0.00114577 -1.13602e-05 -0.00110134 0.00303434 -1.87845e-08 -1.25326e-07 6.72461e-05 -0.00102098 -0.00121473 -0.000166287 -1.62088e-09 -0.00117085 -2.21218e-07 -0.000475391 0.00083284 -0.00360893 1.81787e-05 -0.0021921 0.00267423 0.00151562 -0.000113375 -0.00104837 -1.92269e-07 -1.42637e-09 0.000576965 -9.14004e-06 
-0.000711018 -1.78082e-06 0.00689578 -0.00572268 -4.75445e-06 -0.0012133 0.0227373 0.000182722 -0.00379279 0.00955177 -9.28659e-07 -0.00123221 -0.000670396 0.00410582 0.0446898 -0.00209381 -0.00180943 0.023365 0.0094098 -6.75504e-07 -0.0206187 -3.08408e-06 0.00592207 -0.0153536 0.00135741 -2.57744e-06 2.16571e-05 0.00619782 -0.000206366 4.33795e-06 -4.4969e-06 1.82018e-07 -2.77677e-05 -9.67222e-05 8.33407e-05 8.92683e-07 -0.000315035 -6.7782e-06 -5.70423e-05 -0.00312075 -0.000823664 -1.75034e-06 -5.31448e-06 -0.000352334 -0.00482613 0.00162435 -0.00588213 -0.000122416 0.000159704 3.89312e-05 -0.0156148 1.06665e-06 -1.15502e-06 -9.75909e-05 3.08204e-07 -2.06012e-05 -3.6104e-08 -1.89732e-05 -0.00358534 -7.38392e-08 -3.04774e-08 -3.78686e-06 -1.39729e-05 -0.0065 -0.0241674 0.0083978 -3.46067e-06 0.0269347 3.37321e-05 -0.000362569 0.00215079 -3.96703e-05 -0.000591591 -0.00921596 -0.00476662 -2.7017e-05 -0.00633495 0.00907749 1.57775e-07 -2.77567e-07 -9.95053e-05 -0.00565901 -0.00640221 -0.00124431 -7.81472e-09 -0.00658755 -1.06655e-06 -0.0122255 0.00923437 0.00507062 6.31993e-06 -0.00837521 -0.00589261 -0.00848112 -0.000870241 -0.00353298 -1.16982e-07 -6.87695e-09 0.0036479 -0.00108617 
0.000104486 1.03723e-05 -0.00139835 -0.00536922 -2.4483e-06 -0.00115251 -0.00139655 1.84015e-05 0.0100754 -0.0252003 8.92418e-06 0.0134219 0.00201465 -9.96195e-05 -0.00209381 0.0429412 -0.00104121 -0.0137431 -0.0185174 -6.47764e-07 0.00840033 6.92082e-05 -0.0092858 0.00598156 0.000383607 -2.77525e-06 -2.22645e-05 -0.00868958 -0.000195977 -2.44897e-07 7.36777e-06 -1.47094e-05 0.000323251 -5.54815e-05 -6.97572e-06 -1.76497e-06 -0.000317693 1.08814e-05 0.000188343 -0.00180917 -0.000504373 -1.4718e-06 2.40141e-06 -0.00154763 0.00661286 -0.000515025 0.00426773 0.00206527 -1.06545e-05 -1.86384e-06 -0.0028706 -7.70363e-07 3.12416e-07 0.00170406 -9.39678e-08 -1.22252e-05 -3.46214e-08 -1.70783e-05 -0.000387468 1.54853e-07 2.07742e-08 -3.38014e-07 1.43889e-05 0.00923806 -0.00619574 -0.0291535 4.92548e-05 -0.00980323 8.04208e-06 -0.000378826 -0.000505004 1.08809e-05 0.00153488 -0.00201334 -0.00549305 -5.82145e-05 0.00792617 -0.00293637 -3.026e-07 -2.27542e-08 0.00139025 0.00532489 0.00655395 -0.00112878 -7.4938e-09 0.00921183 2.89058e-06 -0.0241813 -0.00588258 -0.00265796 -1.28504e-06 0.0211736 -0.00554325 0.00578102 -0.000746606 0.00609606 -7.22248e-07 3.34055e-08 0.00106406 0.0189745 
0.0140841 -3.34357e-07 -0.00112798 -0.00467399 9.01276e-05 0.00993097 -0.00120002 -1.09134e-05 -0.0034718 -0.0299801 7.00482e-06 -0.00275037 -0.000471017 -0.000266033 -0.00180943 -0.00104121 0.0375551 -0.0168559 -0.0250872 1.32936e-05 0.00749666 8.3172e-06 -0.032597 -0.0141317 -0.0245219 -2.41231e-06 9.88761e-05 -0.0311215 0.000188527 -2.1287e-07 -3.74828e-06 -1.28491e-05 0.000268594 0.00191999 -6.22859e-06 2.86964e-06 -0.000261121 1.89929e-05 -4.46224e-05 0.0157293 0.0158938 -1.19229e-06 -4.65382e-06 -0.00147774 0.00816238 -0.0224037 0.03303 0.000327991 -2.30214e-06 -1.65775e-06 0.0187103 -6.69615e-07 5.49727e-06 -8.13461e-05 -2.26549e-07 0.000177522 2.59906e-07 2.74753e-05 0.0269903 -5.21132e-08 4.2793e-07 3.83336e-05 5.89303e-07 0.0327582 -0.0298755 -0.0309666 2.10544e-06 -0.00720336 -2.93336e-06 -0.000466416 -0.000265132 0.000187427 -0.000306479 -0.0113817 -0.00483711 -5.21745e-05 0.0320609 -0.0233479 3.51697e-06 -5.03644e-07 0.000718965 0.0315536 0.0324641 -0.000952391 4.01529e-08 0.032806 1.4331e-05 -0.0228211 -0.00788623 -0.0258282 -1.11698e-06 0.0216552 -0.00507633 0.026998 -0.000733354 0.0196344 -7.72663e-07 -5.73211e-09 -0.0334246 -0.000781329 
-0.00675536 -1.38916e-05 0.0159317 -0.0448337 -4.20504e-05 -0.0103016 0.0162203 3.52825e-05 -0.00815341 0.0752574 -6.15588e-06 0.0165234 -0.00234092 0.00143286 0.023365 -0.0137431 -0.0168559 0.247025 0.00668519 -6.26416e-06 -0.00913695 -6.53877e-06 0.0605293 -0.0126147 0.0138844 3.30552e-05 -0.000146762 0.0528704 -0.0017044 2.21043e-06 3.48081e-05 6.86212e-05 -0.000262389 -0.000933375 7.51548e-05 -6.71175e-06 -0.00260432 -4.961e-05 -0.000502091 -0.0296507 -0.00761501 -3.63876e-06 -3.54311e-05 -0.00737934 -0.0463479 0.0252322 -0.0559097 -0.00123882 6.90383e-05 2.32587e-05 -0.001365 2.13124e-06 -1.08997e-05 -0.000767314 2.14525e-07 -0.000195717 -3.42999e-07 -0.000168001 -0.0343971 -1.05318e-06 -2.89544e-07 -3.04129e-05 1.00818e-05 -0.0612306 0.0214837 0.056399 -1.57774e-05 0.111596 2.34693e-05 -0.00243166 0.000940516 -0.000432116 -0.00403193 -0.0334245 -0.0217143 0.000385465 -0.0597785 0.0858741 -1.27456e-06 5.87626e-06 -0.000954149 -0.0555432 -0.0599412 0.00539048 4.57579e-08 -0.0618011 -1.01326e-05 0.0631629 -0.044936 -0.0194202 -2.60104e-06 0.00971803 -0.0503815 -0.0990708 -0.00758945 -0.0472828 -1.9366e-06 -6.53331e-08 0.0443492 -0.0085072 
-0.00975263 -1.87881e-05 0.00194706 0.0436211 -6.26101e-05 -0.0156753 0.00119451 -7.80702e-05 0.0175453 0.0947016 -6.30415e-06 -0.00527361 0.00244488 -0.00105573 0.0094098 -0.0185174 -0.0250872 0.00668519 0.229524 -9.26485e-06 -0.0487157 -7.54011e-05 0.0852674 0.0182177 0.0193542 -3.80706e-05 -0.000210328 0.0728238 -0.00253884 9.40612e-07 8.56293e-07 2.33061e-05 -0.000288223 -0.00134799 2.799e-05 -4.65164e-06 -0.00104588 -7.96117e-05 -0.000742462 -0.0421186 -0.0109962 1.21933e-05 -5.42663e-05 0.0126707 -0.0620444 0.0308439 -0.0783937 -0.00227341 -8.80318e-05 -4.40125e-06 -0.116712 6.09498e-06 1.07511e-06 -0.00119358 -2.07114e-06 -0.000282268 -4.11849e-07 9.26575e-05 -0.047693 5.43387e-07 -4.18011e-07 -5.12518e-05 -4.86494e-05 -0.0870662 0.0880188 0.0888775 -4.47132e-06 -0.0424936 -3.83778e-05 0.00211535 -0.00175015 -0.0005228 -0.00583619 0.0464118 0.039027 0.000347127 -0.084798 0.0122108 -4.14136e-06 -2.38734e-06 -0.00129721 -0.0794788 -0.0856186 -0.000712462 1.28176e-08 -0.0869628 -1.42183e-05 0.0420354 0.0703277 0.1018 4.70362e-07 -0.125768 0.0253219 -0.0403066 0.000658966 -0.0781699 6.48936e-06 -2.76538e-08 0.0635409 -0.0136918 
2.88186e-07 -5.47165e-10 -4.66878e-07 -1.6371e-06 2.85074e-08 -1.28218e-07 -4.48987e-07 -5.81074e-09 -1.27979e-06 -1.13601e-05 -2.95577e-10 -9.07325e-07 -2.078e-07 -1.40109e-07 -6.75504e-07 -6.47764e-07 1.32936e-05 -6.26416e-06 -9.26485e-06 1.44065e-05 -7.90758e-06 -1.71266e-09 -1.21251e-05 -4.97491e-06 -8.29337e-06 -8.89227e-10 -7.69455e-09 -1.15625e-05 4.00972e-06 -7.84683e-11 -1.3817e-09 -4.8028e-09 -8.5676e-09 2.96409e-07 -2.29599e-09 -5.91154e-10 -1.01794e-07 -2.2168e-09 -1.76013e-08 1.22877e-05 6.67456e-06 -5.37801e-10 -1.91455e-09 -5.44795e-07 -1.35535e-06 -1.26044e-05 1.20383e-05 -5.23007e-08 6.89652e-07 -6.11083e-10 3.96519e-06 -2.46834e-10 -3.54884e-10 -2.99945e-08 -8.35106e-11 1.57004e-07 -1.10931e-11 -5.84805e-09 1.29993e-05 -4.00986e-11 -9.36433e-12 -1.16353e-09 -4.40282e-09 1.21662e-05 -1.12666e-05 -1.15967e-05 -1.06331e-09 -3.18541e-06 -1.12185e-09 -1.72204e-07 -1.76946e-07 -1.52225e-08 -1.82171e-07 -5.51768e-06 -1.79551e-06 -1.93469e-08 1.22165e-05 -8.62095e-06 -9.69569e-11 -1.85654e-10 -3.09514e-08 1.23508e-05 1.2196e-05 -3.94907e-07 -2.40111e-12 1.21389e-05 -3.27704e-10 -8.31714e-06 -2.90962e-06 -9.41359e-06 -4.11743e-10 8.26491e-06 -1.89988e-06 1.00651e-05 -2.70494e-07 1.13495e-05 -2.8482e-10 -2.11298e-12 -1.26832e-05 -3.6008e-07 
0.00293976 6.1285e-06 -0.00776299 -0.0843535 1.75644e-05 0.00469909 -0.023019 -0.000156522 0.00764182 -0.0504761 5.16569e-06 -0.0185378 -0.00762989 -0.00179323 -0.0206187 0.00840033 0.00749666 -0.00913695 -0.0487157 -7.90758e-06 0.189591 -2.72453e-05 -0.0336662 0.0577344 -0.00554059 -4.60322e-05 -0.000265273 -0.0316155 0.000304171 -3.80536e-06 -2.23955e-05 8.15526e-05 0.000136242 0.000495456 -9.37487e-05 -1.40086e-05 0.00106774 -8.27608e-06 0.000299882 0.0164041 0.00251883 -2.51501e-05 -9.24929e-05 -0.00978812 0.0235448 -0.0117494 0.0290455 0.000870225 -0.000188462 -3.07936e-05 0.0266607 -9.38774e-06 -4.22445e-06 0.00052553 -3.10305e-06 -1.57054e-05 -5.74253e-07 -0.000189033 0.015433 6.34238e-07 1.65241e-07 1.39848e-05 5.88647e-05 0.0334738 -0.0153291 -0.0382029 -2.62604e-05 -0.0341947 -5.50141e-05 -0.000376224 -0.0087489 0.00025748 0.00298559 -0.0474632 -0.073414 -0.000715188 0.0325462 0.0572576 -1.69912e-06 -7.09399e-06 0.000390466 0.0300562 0.0324771 0.000917082 4.23695e-08 0.0331037 5.72593e-06 0.0376402 -0.0993126 -0.0375714 -1.32978e-05 0.0619959 0.0336798 -0.0371324 0.00010085 0.025233 -8.88746e-06 3.72852e-08 -0.0229921 0.00305876 
6.71049e-06 5.02152e-07 2.48874e-05 -1.13834e-05 -1.23164e-08 -2.89429e-06 2.84184e-05 -4.79487e-08 4.81828e-05 -6.45971e-05 2.94228e-07 1.38377e-05 6.43753e-05 3.99719e-06 -3.08408e-06 6.92082e-05 8.3172e-06 -6.53877e-06 -7.54011e-05 -1.71266e-09 -2.72453e-05 0.000118866 -4.88713e-05 -1.74095e-05 -9.0395e-06 -7.33767e-09 6.16507e-07 -4.44082e-05 5.80175e-06 -6.475e-10 -1.14014e-08 -3.96314e-08 6.98597e-06 -2.49682e-07 -1.89459e-08 6.75122e-07 -8.39977e-07 -1.82925e-08 2.15809e-06 -4.32993e-06 5.68847e-07 -4.43779e-09 -1.57984e-08 -4.31217e-06 -1.09979e-05 4.54433e-06 -7.33244e-06 5.32718e-05 3.60963e-06 -5.04249e-09 -3.28024e-05 -2.03681e-09 -2.92841e-09 5.10658e-05 -6.89108e-10 2.04435e-07 -9.15376e-11 4.9841e-07 -6.44239e-06 -3.30883e-10 -7.7272e-11 -9.60115e-09 -3.63309e-08 4.04831e-05 -6.32548e-05 -5.86288e-05 -8.77414e-09 1.09848e-05 7.87409e-07 -7.30979e-07 3.32032e-05 3.85439e-06 2.40678e-06 -3.42705e-05 1.45039e-05 -1.22979e-07 -1.86135e-06 -7.2869e-05 -8.00062e-10 3.05135e-07 1.23346e-05 -1.12064e-05 -9.73761e-06 -2.31866e-06 -1.98133e-11 4.51614e-05 -2.70412e-09 -6.35388e-05 -2.40094e-05 -6.5543e-05 -3.39759e-09 2.88101e-05 -1.51066e-05 6.0388e-06 -2.06538e-06 1.99135e-05 -2.35026e-09 -1.74357e-11 8.11385e-06 5.91987e-05 
-0.0130185 -2.72767e-05 0.00102794 0.0176213 -8.48693e-05 -0.0205459 0.00440372 -4.29841e-05 0.0106745 0.107375 -8.51071e-06 0.0103565 0.000143366 -0.00166838 0.00592207 -0.0092858 -0.032597 0.0605293 0.0852674 -1.21251e-05 -0.0336662 -4.88713e-05 0.121461 0.0506605 0.0256395 8.73238e-06 6.3892e-05 0.115224 -0.00336777 7.70574e-07 7.94184e-06 -0.000265922 -0.000312638 -0.00179959 -1.06294e-06 5.80524e-06 0.00047828 -6.38239e-05 0.000159161 -0.056947 -0.0144895 3.03797e-06 1.75112e-05 0.00292779 -0.0829726 0.0459006 -0.104817 -0.00286088 3.42767e-05 6.00095e-06 -0.0194299 2.13729e-06 -7.19164e-06 -0.00164429 -1.43243e-07 -0.000377143 1.08937e-07 4.06256e-05 -0.0636722 3.37109e-07 -5.5804e-07 -4.32272e-05 -4.98368e-05 -0.117367 0.109425 0.110694 2.73855e-06 0.029035 8.87675e-06 0.00125076 0.00167803 -0.000253849 -0.0085572 -0.0030614 0.0165249 0.000116354 -0.115394 0.0844163 -3.00787e-06 1.56649e-06 -0.00170291 -0.10649 -0.115155 0.00378535 -2.30873e-08 -0.117179 -1.88386e-05 0.079682 0.0266347 0.0947079 -1.40833e-05 -0.0779779 0.014585 -0.100032 0.00251228 -0.101405 2.79698e-06 -5.92502e-08 0.0858751 0.00184003 
-0.00549273 -1.31334e-05 -0.0116662 -0.0426518 -3.57362e-05 -0.00890546 -0.011097 -7.20226e-05 -0.00502931 0.00661292 -5.67134e-06 0.0209835 -0.0043487 -0.00213595 -0.0153536 0.00598156 -0.0141317 -0.0126147 0.0182177 -4.97491e-06 0.0577344 -1.74095e-05 0.0506605 0.231014 0.0113567 -2.23568e-05 -0.000187785 0.055472 -0.00157918 -1.97284e-06 -3.31684e-05 0.000150652 -6.51251e-05 -0.000760665 -5.17388e-05 -1.37027e-05 0.00415644 -2.92978e-05 0.000711384 -0.0241105 -0.00641788 -1.32613e-05 -1.3192e-05 0.00143767 -0.03895 0.0211908 -0.0450168 -0.00125162 -8.35468e-05 -1.50637e-05 -0.00279786 6.22747e-06 -7.93911e-06 -0.00060509 1.33372e-06 -0.000159143 -2.78902e-07 -6.41574e-05 -0.0279754 7.55182e-07 -2.35437e-07 -1.63866e-05 -8.73284e-05 -0.0501982 0.0722179 0.0316709 3.33931e-05 -0.0564719 -2.8132e-05 0.00113361 -0.0043235 0.000261825 -0.00443924 -0.128739 -0.0354556 -0.00045883 -0.0489355 0.095717 -2.38767e-06 -4.14101e-06 -0.000771796 -0.0455507 -0.0494572 -0.0032841 -6.03683e-08 -0.0505798 -8.22241e-06 0.115718 -0.0690845 0.0988975 -7.77863e-06 -0.0370454 0.061406 -0.103002 0.00790948 -0.0483987 3.97911e-06 1.35425e-08 0.0372108 0.0122843 
-0.0140164 1.28356e-07 9.6023e-05 0.00273267 -9.20968e-05 -0.00666246 0.000809271 -3.46925e-05 0.00271668 0.0236344 -1.02311e-05 0.00169659 0.000106678 2.70947e-05 0.00135741 0.000383607 -0.0245219 0.0138844 0.0193542 -8.29337e-06 -0.00554059 -9.0395e-06 0.0256395 0.0113567 0.0304745 1.94209e-06 -0.000389132 0.0243878 6.91951e-05 -1.12529e-06 2.98099e-06 1.03861e-05 -0.000262765 -0.00198654 1.30783e-06 -2.60656e-05 0.000202094 -3.35784e-05 2.82217e-05 -0.0165113 -0.0158214 9.07904e-07 -6.36086e-05 0.00118892 -0.00763037 0.0188748 -0.0261593 -0.000376731 4.02241e-06 -1.43205e-06 -0.0147553 4.25759e-07 -6.07492e-06 6.31987e-05 1.82389e-07 -0.000212872 -7.45772e-07 -0.000109041 -0.0273156 3.09096e-08 -3.52881e-07 -4.25222e-05 6.38254e-06 -0.0257808 0.02354 0.024942 -2.12444e-05 0.00682901 -8.66652e-06 0.000373024 0.000369225 -0.00022189 0.000324105 0.00978445 0.00375494 1.68208e-05 -0.0258775 0.0191421 -4.13491e-06 4.05473e-07 -0.000811351 -0.0258376 -0.025656 0.000862486 -4.14226e-08 -0.0265346 -1.16276e-05 0.018653 0.00572925 0.0201995 8.99256e-07 -0.0166133 0.0039947 -0.0221611 0.000554496 -0.0130077 6.22053e-07 4.6148e-09 0.0266879 0.000277703 
-9.36048e-07 -2.34425e-09 5.72264e-05 -6.95037e-06 -6.39474e-09 -1.50042e-06 5.2993e-05 -2.48953e-08 -5.48308e-06 1.29693e-05 -1.26636e-09 -4.54424e-06 -8.90291e-07 -6.00277e-07 -2.57744e-06 -2.77525e-06 -2.41231e-06 3.30552e-05 -3.80706e-05 -8.89227e-10 -4.60322e-05 -7.33767e-09 8.73238e-06 -2.23568e-05 1.94209e-06 6.17195e-05 1.937e-07 9.73977e-06 -2.7254e-07 -3.36186e-10 7.8408e-07 -2.05769e-08 -3.67067e-08 -1.29637e-07 -9.83685e-09 -2.53271e-09 -4.36122e-07 -9.49758e-09 -7.54103e-08 -4.10862e-06 -1.0944e-06 -2.30413e-09 -8.20262e-09 -2.3341e-06 -6.61401e-06 3.61285e-06 -7.74784e-06 -2.24075e-07 2.2423e-07 -2.6181e-09 -1.58073e-05 -1.05753e-09 -1.52045e-09 -1.28507e-07 -3.5779e-10 -2.71192e-08 -4.7527e-11 -2.50551e-08 -4.77275e-06 -1.71797e-10 -4.01202e-11 -4.98498e-09 -1.88633e-08 -8.55664e-06 -4.83923e-05 1.07667e-05 -4.55559e-09 4.78126e-05 -4.8064e-09 -7.37783e-07 5.01486e-05 -6.52187e-08 -7.80485e-07 2.99136e-05 5.25574e-05 3.65044e-06 -8.3409e-06 -3.71444e-05 -4.15398e-10 -7.95408e-10 -1.32607e-07 -7.76549e-06 -8.42895e-06 -1.31192e-06 -1.02872e-11 -8.67348e-06 -1.404e-09 -3.59528e-05 -1.21558e-05 -4.10371e-05 -1.76405e-09 -2.18627e-05 -8.52535e-06 -1.26651e-05 -1.15889e-06 3.45869e-06 -1.22027e-09 -9.05276e-12 2.48152e-06 -1.18938e-06 
-7.95636e-06 -2.0285e-08 3.98048e-05 0.000382713 6.91332e-07 -1.08183e-05 1.6381e-06 6.75458e-06 -4.68489e-05 1.3702e-05 -1.09579e-08 0.000391042 0.00030848 2.80091e-05 2.16571e-05 -2.22645e-05 9.88761e-05 -0.000146762 -0.000210328 -7.69455e-09 -0.000265273 6.16507e-07 6.3892e-05 -0.000187785 -0.000389132 1.937e-07 0.000533811 7.90088e-05 7.12503e-06 -2.90905e-09 -5.12234e-08 1.24195e-06 1.44924e-05 -1.12176e-06 2.31548e-07 2.18881e-05 -3.7738e-06 1.04483e-07 -6.52531e-07 -3.55522e-05 0.000379887 -1.99378e-08 9.22355e-07 -1.91838e-05 -1.80024e-05 3.13488e-05 -6.70093e-05 -1.34227e-06 -1.3646e-07 -2.26546e-08 -5.74063e-06 9.08491e-08 -1.31566e-08 -1.11198e-06 -3.09598e-09 -2.34664e-07 6.86255e-07 7.02632e-05 -3.81757e-05 -1.48657e-09 -3.47163e-10 -4.31354e-08 -3.22528e-09 -7.33812e-05 5.44688e-05 -0.000409609 1.12058e-06 -4.8099e-05 4.65077e-07 -6.34742e-06 -5.75323e-06 2.42324e-07 2.73931e-05 -0.00019516 -5.70948e-05 -1.80579e-07 -7.20311e-05 -0.000311371 -3.59447e-09 -6.88273e-09 4.01425e-05 -6.45187e-05 3.14703e-05 -5.28699e-06 -8.90161e-11 0.000369984 -1.21489e-08 -0.000232755 -0.000107441 -0.0002601 -1.52645e-08 -0.000216504 -6.72771e-05 0.000245435 -9.828e-06 -7.10959e-05 -1.05591e-08 -7.83342e-11 4.15036e-05 0.000381891 
-0.0124129 -2.65234e-05 -0.00618495 0.0143616 -7.94762e-05 -0.0205546 0.00436937 -1.48677e-05 0.0108187 0.1001 -1.19061e-05 0.0122628 -0.00729242 -0.00252893 0.00619782 -0.00868958 -0.0311215 0.0528704 0.0728238 -1.15625e-05 -0.0316155 -4.44082e-05 0.115224 0.055472 0.0243878 9.73977e-06 7.90088e-05 0.147941 -0.0032572 9.83304e-07 -1.50457e-05 -0.000246735 -0.000285701 -0.00172039 1.12082e-05 2.39788e-06 -0.000186057 -5.87141e-05 0.000206569 -0.054476 -0.0140582 -2.96307e-05 2.09883e-05 0.00218513 -0.0800093 0.0444762 -0.100552 -0.00278161 4.40923e-05 7.29095e-06 -0.0072604 3.09313e-06 -8.15287e-06 -0.00167076 -2.60176e-07 -0.000357523 1.39011e-07 5.51732e-05 -0.0608233 1.75817e-07 -5.32653e-07 -5.01962e-05 -3.80039e-05 -0.11248 0.112234 0.106297 2.32455e-06 0.026911 1.08048e-05 0.00106633 0.00134845 -0.000262483 -0.00877506 -0.0160419 0.00540156 0.000119257 -0.11034 0.08842 -2.77501e-06 1.62314e-06 -0.00162896 -0.102082 -0.110314 0.00347243 -1.65778e-08 -0.112191 -1.80068e-05 0.0722716 0.0202097 0.0976506 -1.8797e-05 -0.0746152 0.0141015 -0.104604 0.0021608 -0.0994028 2.07914e-06 -5.35218e-08 0.0828609 0.00277868 
-5.99621e-05 -1.67701e-07 8.72163e-05 -0.000542456 -1.54128e-07 -4.2137e-05 -0.000132613 5.39191e-05 -0.000383464 -0.00304695 -9.05915e-08 -5.79016e-05 -3.47255e-05 -2.81205e-06 -0.000206366 -0.000195977 0.000188527 -0.0017044 -0.00253884 4.00972e-06 0.000304171 5.80175e-06 -0.00336777 -0.00157918 6.91951e-05 -2.7254e-07 7.12503e-06 -0.0032572 0.00439601 -2.40498e-08 3.65235e-08 -1.47201e-06 -1.97922e-06 -8.9705e-06 -6.67033e-07 7.54837e-08 -3.11989e-05 3.24272e-05 -5.39463e-06 0.00250261 6.99168e-05 2.61836e-07 -5.86791e-07 -0.000164721 0.000412491 -0.00244185 0.0032647 1.13137e-05 2.88519e-07 -1.87291e-07 0.000481156 -7.56523e-08 -1.08769e-07 0.00010717 -2.55952e-08 -1.35336e-06 -3.39994e-09 -2.05705e-07 0.00292289 -1.22898e-08 1.43797e-07 -3.56611e-07 -1.33609e-06 0.00319468 -0.00309331 -0.00313887 9.8744e-07 -0.000471391 3.76164e-07 -5.22488e-05 0.000124821 7.74111e-06 5.18197e-05 -0.00147765 -0.000508438 -4.45631e-06 0.00316213 -0.0024382 -2.97164e-08 -5.69012e-08 -6.39632e-06 0.00321396 0.00334813 -0.000114868 -7.35918e-10 0.0033033 -1.00438e-07 -0.00251299 -0.000824643 -0.00272522 -1.26195e-07 0.00213487 -2.17516e-05 0.00283825 -7.51839e-05 0.00349308 -8.72946e-08 -6.47608e-10 -0.00244606 -6.95243e-05 
-8.25999e-08 -2.06864e-10 1.06682e-06 -6.80682e-07 -5.64293e-10 -1.42991e-07 3.00359e-06 -2.19684e-09 -4.83845e-07 1.15181e-06 -1.11747e-10 -2.50998e-07 -7.85622e-08 1.99703e-06 4.33795e-06 -2.44897e-07 -2.1287e-07 2.21043e-06 9.40612e-07 -7.84683e-11 -3.80536e-06 -6.475e-10 7.70574e-07 -1.97284e-06 -1.12529e-06 -3.36186e-10 -2.90905e-09 9.83304e-07 -2.40498e-08 5.44664e-06 -5.22372e-10 -1.81577e-09 -3.23911e-09 -1.14396e-08 3.39132e-07 -2.23495e-10 -3.84848e-08 -8.38097e-10 -6.65445e-09 -3.62558e-07 -9.6573e-08 -2.03324e-10 5.26095e-08 1.20698e-07 -6.28352e-07 -2.93641e-07 9.63905e-09 -1.97731e-08 -1.39161e-09 -2.31029e-10 -1.66316e-06 -9.33196e-11 -1.3417e-10 -1.13399e-08 -3.15725e-11 -2.39308e-09 -4.19393e-12 -2.21095e-09 -2.81163e-07 -1.51599e-11 -3.54033e-12 -4.39891e-10 -1.66456e-09 -7.55065e-07 -1.97353e-06 9.18328e-07 -4.02e-10 2.68237e-06 -4.24132e-10 -6.51043e-08 -6.68972e-08 -5.75511e-09 -6.88725e-08 -1.47271e-06 -4.92155e-07 -7.3144e-09 -7.36028e-07 -2.8128e-07 -3.66561e-11 -7.01894e-11 -1.17017e-08 -5.75252e-07 -7.43798e-07 -1.49301e-07 -9.07778e-13 -7.65376e-07 -1.23894e-10 -3.23642e-06 2.69331e-06 -1.07618e-07 -1.55666e-10 -1.89995e-06 -7.52304e-07 -1.21275e-06 5.21069e-07 -7.34888e-07 -1.07681e-10 -7.98844e-13 -4.53737e-07 -1.36134e-07 
-1.45445e-06 -3.64254e-09 9.58528e-06 -1.1889e-05 -9.93625e-09 -2.20784e-06 2.0221e-05 -3.86827e-08 3.1217e-05 1.0518e-05 -1.96769e-09 -6.92091e-06 1.00567e-05 -6.06053e-07 -4.4969e-06 7.36777e-06 -3.74828e-06 3.48081e-05 8.56293e-07 -1.3817e-09 -2.23955e-05 -1.14014e-08 7.94184e-06 -3.31684e-05 2.98099e-06 7.8408e-07 -5.12234e-08 -1.50457e-05 3.65235e-08 -5.22372e-10 9.58975e-05 1.94694e-07 -5.70354e-08 -2.01431e-07 -1.52846e-08 -3.93537e-09 -6.77653e-07 -1.47575e-08 -1.17174e-07 -6.15737e-06 -1.60382e-06 -3.5802e-09 -1.27454e-08 -3.44342e-06 -4.71089e-06 4.04257e-06 -1.15954e-05 1.91829e-07 -2.45038e-08 -4.06804e-09 -1.58139e-05 -1.6432e-09 -2.3625e-09 2.64366e-06 -5.55939e-10 -4.21382e-08 -7.38481e-11 -3.89311e-08 -7.41598e-06 -2.6694e-10 -6.23393e-11 -7.74574e-09 6.12402e-06 -4.8221e-06 -1.62186e-05 -4.64962e-05 -7.07855e-09 5.66107e-06 -7.46825e-09 -9.56378e-07 1.44021e-05 9.53288e-08 4.63394e-06 5.71315e-05 2.76338e-05 -1.21277e-08 -1.02935e-05 -5.80971e-05 -6.45452e-10 3.20974e-08 -2.06047e-07 -1.07961e-05 -1.33702e-07 3.70644e-05 -1.59844e-11 -5.26365e-06 -2.18156e-09 -4.78813e-05 -1.6913e-05 -5.92338e-05 -2.74101e-09 4.31625e-05 -1.01268e-05 -9.68263e-06 -1.80071e-06 7.92653e-06 -1.89607e-09 -1.40663e-11 9.85355e-06 -9.0421e-08 
-4.95235e-06 -1.26615e-08 2.8783e-05 -4.16624e-05 -3.45386e-08 -8.75206e-06 -9.69631e-06 -6.44617e-08 -1.31413e-05 -0.000158122 -6.83971e-09 -2.45438e-05 -4.72854e-06 -2.93882e-06 1.82018e-07 -1.47094e-05 -1.28491e-05 6.86212e-05 2.33061e-05 -4.8028e-09 8.15526e-05 -3.96314e-08 -0.000265922 0.000150652 1.03861e-05 -2.05769e-08 1.24195e-06 -0.000246735 -1.47201e-06 -1.81577e-09 1.94694e-07 0.000333262 -1.49227e-08 -7.0018e-07 -4.6463e-08 -1.36794e-08 0.000231478 -5.12973e-08 3.28604e-06 -2.2191e-05 -4.54093e-06 -1.24448e-08 -4.43031e-08 0.00030293 -3.34328e-05 1.69873e-05 -4.18468e-05 3.60975e-06 -8.51758e-08 -1.41406e-08 -0.000110865 -5.7118e-09 -8.2121e-09 -6.94079e-07 -1.93245e-09 -1.46473e-07 -2.56697e-10 9.98008e-07 -2.57114e-05 -9.27889e-10 -2.16693e-10 -2.69243e-08 2.81451e-07 -4.59352e-05 -0.00017063 -9.29559e-05 -2.46052e-08 -5.65211e-05 -2.59598e-08 0.000268709 -3.80457e-06 -3.52252e-07 -4.21547e-06 -7.9907e-05 0.000204588 -4.47691e-07 -4.30133e-05 -0.000182488 -2.2436e-09 -4.29607e-09 -4.36223e-07 -3.77188e-05 -4.55255e-05 4.32844e-06 -5.55622e-11 -4.65662e-05 -7.58313e-09 0.000130635 -6.51925e-05 -0.000209753 -9.52781e-09 9.22886e-05 0.000270667 -6.24849e-05 -3.7293e-06 -3.94102e-05 -6.59079e-09 -4.88948e-11 2.09244e-05 -7.85899e-06 
0.000374975 3.40801e-08 -1.83224e-05 -5.27039e-05 1.09172e-06 -1.41492e-05 -1.85338e-05 2.5347e-07 -4.79222e-05 -0.000422016 1.01778e-05 -1.01232e-05 -8.20785e-06 5.06264e-05 -2.77677e-05 0.000323251 0.000268594 -0.000262389 -0.000288223 -8.5676e-09 0.000136242 6.98597e-06 -0.000312638 -6.51251e-05 -0.000262765 -3.67067e-08 1.44924e-05 -0.000285701 -1.97922e-06 -3.23911e-09 -5.70354e-08 -1.49227e-08 0.000594343 -1.24903e-06 -9.47768e-08 5.6456e-06 -3.24532e-06 1.08516e-06 4.56765e-07 -2.97827e-05 1.10756e-05 -2.22e-08 -7.90312e-08 -1.97954e-05 -5.63569e-05 1.1409e-05 0.000193661 0.000363191 -1.51943e-07 -2.52251e-08 0.000159876 -1.01891e-08 5.57202e-06 -3.14839e-08 -3.44726e-09 -2.27957e-07 3.59542e-07 5.8786e-06 -4.3649e-06 -1.65524e-09 -3.86553e-10 -4.80297e-08 -1.81745e-07 0.000307308 -0.000263411 -0.000301818 5.46107e-07 -0.000130815 1.00369e-06 -3.69511e-06 -7.28087e-06 3.51163e-06 9.34346e-06 -0.000209639 -7.38408e-05 -4.88626e-07 0.00030803 -0.000193641 -4.00231e-09 -7.66366e-09 0.000392202 -5.33662e-05 -6.33986e-05 -1.45315e-05 -9.91161e-11 0.000326345 7.74314e-06 -0.000164587 -0.00010854 -0.000211617 -1.69964e-08 -0.00019625 0.000149569 0.000237656 -1.02658e-05 -7.68124e-05 -1.17572e-08 -8.72222e-11 1.67597e-05 -8.9716e-07 
