2.61666e-06 -3.48912e-07 -5.54821e-11 -2.70903e-10 -2.32308e-10 -2.83097e-10 -1.26127e-09 -9.43657e-11 7.67381e-11 -1.03794e-12 -1.10104e-09 3.65199e-11 -4.35239e-12 -1.57e-13 -2.61667e-13 -3.88933e-10 -2.08461e-12 3.86307e-11 -2.28348e-11 -4.65244e-08 1.99861e-08 -8.00177e-11 8.05061e-12 2.56869e-11 -7.32667e-13 -2.23465e-09 4.55056e-10 -4.0683e-09 2.4939e-08 -2.04092e-09 8.84237e-09 -3.13913e-11 -7.51821e-10 -1.63117e-06 -3.63138e-09 -2.85975e-10 -4.555e-08 -5.32056e-13 -1.19973e-09 0 7.70078e-07 -2.31226e-11 -1.91889e-13 -7.43221e-11 -7.23944e-13 -1.53686e-10 -2.4335e-12 0 -4.78065e-11 -5.23333e-14 -3.35802e-07 -1.98954e-10 0 1.39689e-07 -4.36111e-14 -1.07196e-11 -1.39834e-08 -2.08278e-10 -2.96556e-13 -3.27949e-09 -3.77585e-10 0 -6.97778e-13 -2.03402e-10 -9.68167e-13 6.72368e-07 3.68438e-08 -6.40211e-11 -5.65113e-11 -1.09272e-10 0 -1.14151e-08 -4.9489e-10 6.99575e-07 -4.98911e-12 -6.41171e-11 -2.45792e-10 -4.79722e-13 -2.61667e-14 -1.63342e-06 -8.11098e-07 -1.04461e-08 -3.39277e-09 -1.92689e-08 -4.44833e-13 -7.58833e-13 -1.96328e-10 -3.48902e-08 0 0 -1.48278e-13 -3.11462e-10 -2.37647e-09 -2.79111e-12 -5.82016e-10 -1.33014e-11 -1.60104e-08 -1.57297e-10 0 -4.36129e-10 
-3.48912e-07 0.000415467 -5.24785e-06 -2.30302e-07 -1.30031e-05 4.49681e-08 -1.32966e-06 -9.8344e-08 -1.21893e-08 1.64871e-10 -1.9844e-07 -5.80095e-09 6.91348e-10 2.49384e-11 4.1564e-11 -2.64489e-06 -4.63355e-08 -6.13623e-09 -3.97062e-08 1.43343e-06 -3.08883e-05 1.27103e-08 -1.27879e-09 -4.0802e-09 1.16379e-10 -0.000131128 -7.22826e-08 -1.73038e-05 -3.7514e-06 -1.42291e-05 1.48878e-06 -2.50137e-08 -2.40578e-07 0.000229006 -1.96318e-06 -1.00457e-06 8.92617e-07 8.45135e-11 -1.46097e-07 0 0.000125298 3.67287e-09 3.04803e-11 1.18056e-08 1.14994e-10 -2.60559e-06 3.86545e-10 0 7.59374e-09 8.3128e-12 -0.000302378 -6.29506e-06 0 -2.91083e-05 6.92733e-12 -4.49639e-08 -2.03022e-05 -2.93583e-07 4.71059e-11 2.20926e-07 -6.68981e-09 0 1.10837e-10 3.23091e-08 1.53787e-10 -0.000106734 6.82932e-06 1.01693e-08 8.97644e-09 -2.66264e-06 0 3.36543e-07 -4.21806e-06 -0.000202021 7.92487e-10 -5.06482e-07 -4.01762e-06 7.62007e-11 4.1564e-12 0.000137763 0.00019038 -2.43107e-05 -3.83108e-06 -0.000155686 7.06588e-11 1.20536e-10 2.78521e-08 -8.77057e-06 0 0 2.35529e-11 -7.50526e-07 -6.26251e-06 4.43349e-10 -1.28088e-06 2.11284e-09 -1.22352e-06 -2.07168e-06 0 6.92761e-08 
-5.54821e-11 -5.24785e-06 2.12029e-05 -2.19518e-09 -1.88243e-09 -2.29399e-09 3.64464e-08 -7.64663e-10 6.21823e-10 -8.41066e-12 1.37745e-07 2.95928e-10 -3.52682e-11 -1.2722e-12 -2.12033e-12 -3.15159e-09 -1.6892e-11 3.13032e-10 -1.85034e-10 -3.06996e-07 2.9621e-07 -6.48398e-10 6.52356e-11 2.08146e-10 -5.93693e-12 1.01892e-07 -4.26313e-07 -3.29662e-08 -2.07914e-07 -1.6538e-08 -6.83486e-08 -2.54369e-10 -6.09214e-09 -1.32176e-05 -2.94258e-08 -2.31731e-09 -2.21428e-06 -4.31134e-12 -9.72166e-09 0 -7.22747e-06 -1.87367e-10 -1.55491e-12 -6.02245e-10 -5.86626e-12 -1.24534e-09 -1.97191e-11 0 -3.87385e-10 -4.24067e-13 -1.52657e-06 -1.61216e-09 0 -1.03047e-05 -3.53389e-13 -8.6863e-11 -1.1331e-07 -1.68771e-09 -2.40304e-12 -2.65743e-08 -3.05964e-09 0 -5.65422e-12 -1.64821e-09 -7.84523e-12 6.23528e-06 -6.00152e-07 -5.18775e-10 -4.57921e-10 -8.85451e-10 0 -9.24986e-08 5.79323e-07 1.75474e-05 -4.04277e-11 -5.19552e-10 -1.9917e-09 -3.88728e-12 -2.12033e-13 -1.24686e-05 2.78315e-06 1.3202e-07 -2.74922e-08 4.69606e-06 -3.60457e-12 -6.14897e-12 -1.59089e-09 1.831e-07 0 0 -1.20152e-12 -2.52383e-09 -1.92569e-08 -2.26169e-11 -4.71619e-09 -1.07784e-10 3.00265e-07 -1.2746e-09 0 -3.53403e-09 
-2.70903e-10 -2.30302e-07 -2.19518e-09 0.000103519 -9.19139e-09 -1.12009e-08 1.67638e-08 -3.73364e-09 3.03619e-09 -4.10669e-11 1.2031e-06 1.44493e-09 -1.72205e-10 -6.2118e-12 -1.0353e-11 -1.53884e-08 -8.24789e-11 -2.11805e-07 -9.03472e-10 -1.71743e-06 -5.76925e-09 -3.16595e-09 3.18527e-10 1.01632e-09 -2.89884e-11 -8.84153e-08 1.80046e-08 -1.60965e-07 7.03395e-07 -8.07503e-08 -1.39681e-06 -1.24201e-09 -2.97462e-08 -5.20447e-05 -1.43678e-07 -1.13148e-08 -1.95817e-07 -2.10511e-11 2.04253e-06 0 -4.13544e-05 -9.1486e-10 -7.5922e-12 -2.9406e-09 -2.86433e-11 -6.08066e-09 -9.62829e-11 0 -1.89149e-09 -2.0706e-12 -8.10972e-06 -7.87173e-09 0 1.02504e-05 -1.7255e-12 -4.24128e-10 -1.63261e-07 -8.24064e-09 -1.17334e-11 -1.29755e-07 1.95061e-07 0 -2.7608e-11 4.48619e-07 -3.83061e-11 1.19239e-05 8.41762e-07 -2.53303e-09 -2.2359e-09 -4.32341e-09 0 -4.51645e-07 -1.95806e-08 -5.52181e-07 -1.97397e-10 -2.53683e-09 -9.72492e-09 -1.89805e-11 -1.0353e-12 2.00017e-05 -4.47548e-05 -4.13307e-07 4.39096e-07 -1.9769e-06 -1.76001e-11 -3.00237e-11 -7.76786e-09 2.92961e-06 0 0 -5.8667e-12 3.47677e-07 5.97371e-09 -1.10432e-10 -2.30278e-08 -5.26277e-10 -6.3346e-07 1.30443e-07 0 -1.72557e-08 
-2.32308e-10 -1.30031e-05 -1.88243e-09 -9.19139e-09 8.87721e-05 -9.60511e-09 8.97207e-07 -3.2017e-09 2.60362e-09 -3.52161e-11 2.05264e-06 1.23907e-09 -1.47671e-10 -5.3268e-12 -8.878e-12 -1.3196e-08 -7.07281e-11 1.31069e-09 -7.74753e-10 -2.41844e-07 -1.13568e-07 -2.71489e-09 2.73146e-10 8.71524e-10 -2.48584e-11 9.13751e-06 -9.78939e-08 1.33863e-06 -5.40519e-07 -6.92457e-08 -7.93666e-06 -1.06506e-09 -2.55083e-08 -1.32966e-05 -1.23208e-07 -9.70277e-09 -4.95445e-07 -1.80519e-11 -4.07053e-08 0 -2.71636e-05 -7.84519e-10 -6.51053e-12 -2.52165e-09 -2.45625e-11 -5.21435e-09 -8.25654e-11 0 -1.62201e-09 -1.7756e-12 1.67538e-05 -6.75024e-09 0 2.83018e-06 -1.47967e-12 -3.63702e-10 4.95223e-06 -7.06659e-09 -1.00617e-11 -1.11269e-07 -1.2811e-08 0 -2.36747e-11 -6.90117e-09 -3.28486e-11 -2.26548e-05 1.30505e-06 -2.17215e-09 -1.91735e-09 2.61296e-06 0 5.99603e-06 2.09876e-07 1.56297e-06 -1.69274e-10 -2.17541e-09 6.74994e-07 -1.62763e-11 -8.878e-13 -2.3894e-05 -1.07155e-05 5.08911e-07 9.61555e-07 -2.12401e-06 -1.50926e-11 -2.57462e-11 9.00055e-08 -1.90314e-05 0 0 -5.03087e-12 6.09918e-09 -8.06303e-08 -9.46987e-11 -1.9747e-08 -4.51298e-10 1.23346e-06 -5.33686e-09 0 -1.47973e-08 
-2.83097e-10 4.49681e-08 -2.29399e-09 -1.12009e-08 -9.60511e-09 0.000108178 7.11118e-06 1.2765e-08 -3.09349e-06 -4.29154e-11 -4.55242e-08 1.50997e-09 -1.79956e-10 -6.4914e-12 -1.0819e-11 -1.6081e-08 -8.61914e-11 1.59725e-09 -9.44138e-10 -1.92362e-06 -9.17303e-08 -3.30845e-09 3.32865e-10 1.06207e-09 -3.02932e-11 -9.2395e-08 1.8815e-08 -1.6821e-07 -2.14222e-05 8.05615e-07 -5.57044e-05 -1.29792e-09 -3.10852e-08 -6.07696e-05 -2.0145e-08 -1.18241e-08 9.50558e-09 -2.19986e-11 -2.93809e-09 0 -1.05777e-05 -9.56039e-10 -7.93393e-12 -3.07296e-09 -2.99326e-11 -6.35436e-09 -1.00617e-10 0 -1.97663e-09 -2.1638e-12 3.65373e-05 -8.22605e-09 0 -8.12993e-05 -1.80317e-12 -4.43218e-10 9.0517e-07 -8.61156e-09 -1.22615e-11 -1.35596e-07 -1.56118e-08 0 -2.88507e-11 1.10159e-06 -4.00303e-11 -2.02751e-05 -3.30039e-06 -2.64705e-09 -2.33654e-09 -4.51801e-09 0 -4.01974e-07 -2.0462e-08 -2.36052e-06 -2.06282e-10 -2.65102e-09 -1.01626e-08 -1.98348e-11 -1.0819e-12 2.92043e-05 5.46516e-05 2.03948e-05 3.79721e-07 -2.58838e-06 -1.83923e-11 -3.13751e-11 -8.1175e-09 3.94054e-06 0 0 -6.13077e-12 -1.28779e-08 -9.82585e-08 -1.15403e-10 9.22602e-07 -5.49966e-10 -6.61973e-07 -6.50366e-09 0 1.0153e-06 
-1.26127e-09 -1.32966e-06 3.64464e-08 1.67638e-08 8.97207e-07 7.11118e-06 0.000481781 2.59503e-08 -6.32531e-07 -1.91199e-10 -2.02822e-07 -1.99939e-07 -8.01749e-10 -2.89208e-11 -4.82013e-11 5.48355e-07 -3.84004e-10 7.11612e-09 -4.20637e-09 -8.57021e-06 4.10074e-07 -4.73997e-09 1.48299e-09 4.73176e-09 -1.34964e-10 3.98357e-07 8.38253e-08 1.75473e-05 4.50399e-06 1.17377e-07 -0.000160964 -5.78255e-09 -1.38492e-07 -0.000253319 -5.52267e-07 -5.26792e-08 1.29042e-07 -9.80094e-11 4.15665e-07 0 -0.000185765 -4.25939e-09 -3.53476e-11 -1.36908e-08 -1.33357e-10 -2.83102e-08 4.22885e-07 0 -8.80638e-09 -9.64027e-12 0.000327838 3.93002e-06 0 -1.70642e-05 -8.03356e-12 -1.97465e-09 -1.12253e-06 -3.83667e-08 -5.46282e-11 -1.50779e-07 -6.95545e-08 0 -1.28537e-10 2.6392e-06 -1.78345e-10 -0.000251113 -1.13174e-05 -1.17933e-08 -1.04099e-08 2.37987e-06 0 1.01372e-05 1.92217e-06 -9.36708e-07 -9.19039e-10 3.51522e-07 -4.52771e-08 -8.83691e-11 -4.82013e-12 3.84805e-05 -5.99614e-05 9.2824e-06 -3.01645e-07 -1.12086e-05 -8.19423e-11 -1.39784e-10 5.40501e-07 2.14083e-05 0 0 -2.73141e-11 5.12626e-07 3.33557e-06 -5.14148e-10 -1.07213e-07 -2.45023e-09 2.04079e-07 -2.89754e-08 0 2.7873e-05 
-9.43657e-11 -9.8344e-08 -7.64663e-10 -3.73364e-09 -3.2017e-09 1.2765e-08 2.59503e-08 3.6062e-05 -5.18942e-07 -1.43051e-11 -1.8414e-09 5.03324e-10 -5.99853e-11 -2.1638e-12 -3.60633e-12 -5.36033e-09 -2.87305e-11 -3.16134e-07 -3.14713e-10 1.60546e-06 9.03868e-07 -1.10282e-09 1.10955e-10 3.54022e-10 -1.00977e-11 -3.07983e-08 6.27165e-09 6.39301e-08 -3.07962e-06 2.51872e-07 -3.0548e-06 -4.3264e-10 -1.03617e-08 -1.92277e-05 8.99517e-08 -3.94136e-09 -1.05128e-06 -7.33288e-12 -1.65349e-08 0 1.38634e-06 -3.1868e-10 -2.64464e-12 -1.02432e-09 -9.97752e-12 -2.11812e-09 -3.35389e-11 0 -6.58877e-10 -7.21267e-13 8.29687e-06 -2.74202e-09 0 1.9169e-06 -6.01056e-13 -1.47739e-10 4.47279e-07 -2.87052e-09 -4.08718e-12 -4.51985e-08 -5.20394e-09 0 -9.61689e-12 -2.80332e-09 -1.33434e-11 2.57051e-06 9.43654e-06 -8.8235e-10 -7.78848e-10 -1.506e-09 0 8.26754e-08 7.49846e-07 6.36493e-07 -6.87608e-11 -8.83672e-10 -3.38755e-09 -6.61161e-12 -3.60633e-13 -1.80141e-05 -9.35502e-06 4.09363e-07 -4.67597e-08 -6.56128e-07 -6.13077e-12 -1.04584e-11 -2.70583e-09 -1.09376e-05 0 0 -2.04359e-12 -4.29262e-09 -3.27528e-08 -3.84676e-11 -8.02145e-09 -1.83322e-10 1.60601e-06 -2.16789e-09 0 -6.0108e-09 
7.67381e-11 -1.21893e-08 6.21823e-10 3.03619e-09 2.60362e-09 -3.09349e-06 -6.32531e-07 -5.18942e-07 2.93258e-05 1.16329e-11 -9.30993e-07 -4.09303e-10 4.878e-11 1.7596e-12 2.93267e-12 -9.18974e-07 2.33636e-11 -4.32959e-10 2.55924e-10 -5.89857e-06 -1.14425e-05 8.96809e-10 2.43243e-07 -2.8789e-10 8.21147e-12 2.50452e-08 -5.1001e-09 4.5596e-08 4.88049e-06 -2.46379e-06 7.80898e-07 -6.49648e-07 -7.76824e-06 1.19819e-06 -5.79597e-06 3.20511e-09 4.73748e-06 5.96309e-12 1.34462e-08 0 2.25338e-06 2.5915e-10 2.15062e-12 8.32975e-10 8.11371e-12 1.72245e-09 2.72738e-11 0 5.35798e-10 5.86533e-13 -5.68706e-07 2.2298e-09 0 -1.07924e-06 4.88778e-13 1.20142e-10 -3.32794e-08 2.3343e-09 3.32369e-12 3.67554e-08 4.23184e-09 0 7.82044e-12 2.27966e-09 1.08509e-11 1.28351e-06 7.27959e-07 -1.59282e-07 -1.49367e-07 1.22468e-09 0 -2.20638e-08 5.54655e-09 -2.59348e-06 5.59162e-11 7.18601e-10 2.75475e-09 5.37656e-12 2.93267e-13 1.39245e-06 -3.53021e-06 8.3743e-08 -4.11975e-07 -8.37612e-09 4.98553e-12 8.50473e-12 -2.61133e-07 6.3192e-06 0 0 1.66184e-12 3.49075e-09 2.66346e-08 3.12818e-11 6.52303e-09 -7.98509e-08 -4.39723e-06 1.76292e-09 0 4.88797e-09 
-1.03794e-12 1.64871e-10 -8.41066e-12 -4.10669e-11 -3.52161e-11 -4.29154e-11 -1.91199e-10 -1.43051e-11 1.16329e-11 3.96667e-07 -1.66909e-10 5.53614e-12 -6.59789e-13 -2.38e-14 -3.96667e-14 -5.89592e-11 -3.16011e-13 -1.39994e-07 -3.46158e-12 -7.05275e-09 -5.07417e-10 -1.21301e-11 1.22041e-12 3.89394e-12 -1.11067e-13 -3.38756e-10 6.8983e-11 -6.16723e-10 3.78057e-09 -3.09388e-10 -2.71993e-07 -4.75868e-12 -1.1397e-10 1.29394e-07 -5.5049e-10 -4.33517e-11 1.69285e-10 -8.06556e-14 -1.8187e-10 0 -1.07041e-07 -3.50521e-12 -2.90889e-14 -1.12667e-11 -1.09744e-13 -2.32976e-11 -3.689e-13 0 -7.2471e-12 -7.93333e-15 -5.899e-08 -3.01599e-11 0 4.08828e-08 -6.61111e-15 -1.62501e-12 -2.11977e-09 -3.15733e-11 -4.49556e-14 -4.97146e-10 -5.7239e-11 0 -1.05778e-13 5.66358e-08 -1.46767e-13 -2.44928e-07 4.45661e-08 -9.70511e-12 -8.56668e-12 -1.65648e-11 0 -1.73044e-09 -7.50216e-11 -8.65459e-09 -7.56311e-13 -9.71966e-12 -3.72602e-11 -7.27222e-14 -3.96667e-15 3.90359e-08 1.88526e-07 -1.58355e-09 -5.14318e-10 -9.49003e-09 -6.74333e-14 -1.15033e-13 -2.97619e-11 -3.87116e-08 0 0 -2.24778e-14 -4.72152e-11 -3.60254e-10 -4.23111e-13 -8.82292e-11 -2.01639e-12 -2.42705e-09 -2.3845e-11 0 -6.61138e-11 
-1.10104e-09 -1.9844e-07 1.37745e-07 1.2031e-06 2.05264e-06 -4.55242e-08 -2.02822e-07 -1.8414e-09 -9.30993e-07 -1.66909e-10 0.000420603 -1.58413e-06 -6.99897e-10 -2.52468e-11 -4.2078e-11 9.41233e-08 -3.35221e-10 6.21212e-09 1.46328e-07 -4.13148e-06 2.5484e-06 -1.28675e-08 1.2946e-09 4.13066e-09 -1.17818e-10 6.33984e-07 -6.2349e-07 5.95579e-06 3.57372e-06 -3.28196e-07 5.55254e-07 -5.04796e-09 1.4791e-06 -0.000125327 1.11271e-06 -4.5987e-08 -2.53757e-07 -8.55586e-11 -1.92926e-07 0 0.000142607 -3.71829e-09 -3.08572e-11 -1.19516e-08 -1.16416e-10 -2.47138e-08 -3.91325e-10 0 -7.68765e-09 -8.4156e-12 -4.41393e-05 -3.19933e-08 0 -2.04153e-05 -7.013e-12 -1.7238e-09 -5.98633e-07 3.43174e-07 -4.76884e-11 -4.37368e-07 1.09281e-07 0 -1.12208e-10 -3.27086e-08 -1.55689e-10 0.000115467 0.000163161 -1.02951e-08 -9.08745e-09 -1.75718e-08 0 -1.26563e-06 -3.62488e-08 1.1536e-05 -8.02287e-10 -1.03105e-08 -3.95253e-08 -7.7143e-11 -4.2078e-12 -0.000278421 -8.63648e-05 -4.59815e-07 -1.98917e-07 -9.37359e-06 -7.15326e-11 -1.22026e-10 -3.15711e-08 -0.00029666 0 0 -2.38442e-11 -8.54434e-11 -3.82154e-07 -4.48832e-10 -9.35927e-08 -2.13897e-09 -2.64592e-07 -2.52945e-08 0 -7.01328e-08 
3.65199e-11 -5.80095e-09 2.95928e-10 1.44493e-09 1.23907e-09 1.50997e-09 -1.99939e-07 5.03324e-10 -4.09303e-10 5.53614e-12 -1.58413e-06 1.39565e-05 2.32146e-11 8.374e-13 1.39567e-12 2.07447e-09 1.11188e-11 -2.06047e-10 1.21795e-10 2.21483e-07 -6.54799e-08 -1.12907e-07 -4.29399e-11 -1.37008e-10 3.90787e-12 1.19191e-08 -2.42716e-09 -6.27497e-06 -1.06352e-07 1.08858e-08 3.6395e-06 1.67433e-10 4.01003e-09 1.80024e-06 1.93689e-08 1.52532e-09 2.07104e-08 2.83786e-12 -7.69342e-08 0 4.73671e-06 1.2333e-10 1.02349e-12 3.96416e-10 3.86134e-12 8.19722e-10 1.29797e-11 0 2.54988e-10 2.79133e-13 -6.84444e-06 1.06117e-09 0 1.36154e-06 2.32611e-13 5.71758e-11 -1.69542e-06 1.1109e-09 1.58176e-12 1.7492e-08 2.01395e-09 0 3.72178e-12 -4.25582e-07 5.16397e-12 8.50145e-06 -1.81424e-06 -2.63252e-08 3.01417e-10 -2.56084e-07 0 -2.12448e-07 2.63962e-09 -2.54216e-06 2.66107e-11 -1.88966e-06 1.311e-09 2.55872e-12 1.39567e-13 -2.34431e-06 -1.06948e-07 -6.63428e-06 1.80962e-08 3.07239e-07 2.37263e-12 4.04743e-12 1.04717e-09 -6.31747e-07 0 0 7.90878e-13 1.66126e-09 1.26755e-08 1.48871e-11 -8.70229e-07 7.09464e-11 5.87288e-08 8.38982e-10 0 2.3262e-09 
-4.35239e-12 6.91348e-10 -3.52682e-11 -1.72205e-10 -1.47671e-10 -1.79956e-10 -8.01749e-10 -5.99853e-11 4.878e-11 -6.59789e-13 -6.99897e-10 2.32146e-11 1.66333e-06 -9.98e-14 -1.66333e-13 -2.47232e-10 -1.32512e-12 -9.99754e-08 -1.45154e-11 -2.95741e-08 9.78723e-08 -5.08647e-11 5.11752e-12 1.63284e-11 -4.65733e-13 -1.4205e-09 2.89265e-10 -2.58609e-09 1.5853e-08 -1.29735e-09 -1.21046e-07 -1.99545e-11 3.49522e-07 1.19786e-07 1.1025e-08 -1.81786e-10 7.09861e-10 -3.38211e-13 -7.62633e-10 0 6.80194e-07 -1.46983e-11 -1.21978e-13 -4.72442e-11 -4.60189e-13 -9.76931e-11 -1.5469e-12 0 -3.03891e-11 -3.32667e-14 -2.47361e-07 -1.26469e-10 0 1.24766e-07 -2.77222e-14 -6.81412e-12 6.77779e-08 -1.32396e-10 -1.88511e-13 -2.08467e-09 -2.40019e-10 0 -4.43556e-13 -1.29296e-10 -6.15433e-13 3.49085e-07 1.35926e-07 -4.06962e-11 -3.59225e-11 -6.94608e-11 0 -7.25621e-09 -3.14586e-10 -3.62911e-08 -3.17142e-12 -4.07572e-11 -1.56242e-10 -3.04944e-13 -1.66333e-14 -1.09149e-06 -4.68927e-07 -6.64027e-09 -2.15668e-09 -3.97943e-08 -2.82767e-13 -4.82367e-13 -1.248e-10 -1.44138e-06 0 0 -9.42556e-14 -1.97987e-10 -1.51064e-09 -1.77422e-12 -3.6997e-10 -8.45528e-12 -1.01773e-08 -9.99885e-11 0 -2.77233e-10 
-1.57e-13 2.49384e-11 -1.2722e-12 -6.2118e-12 -5.3268e-12 -6.4914e-12 -2.89208e-11 -2.1638e-12 1.7596e-12 -2.38e-14 -2.52468e-11 8.374e-13 -9.98e-14 6e-08 -6e-15 -8.9182e-12 -4.78e-14 8.858e-13 -5.236e-13 -1.0668e-09 -7.67522e-11 -1.8348e-12 1.846e-13 5.89e-13 -1.68e-14 -5.12404e-11 1.04344e-11 -9.32858e-11 5.7185e-10 -4.67982e-11 2.02755e-10 -7.198e-13 -1.72392e-11 -3.07359e-08 -8.32674e-11 -6.5574e-12 2.56062e-11 -1.22e-14 -2.75098e-11 0 -8.09587e-09 -5.302e-13 -4.4e-15 -1.7042e-12 -1.66e-14 -3.524e-12 -5.58e-14 0 -1.0962e-12 -1.2e-15 -8.92286e-09 -4.562e-12 0 -3.04827e-08 -1e-15 -2.458e-13 -3.20638e-10 -4.7758e-12 -6.8e-15 -7.51986e-11 -8.658e-12 0 -1.6e-14 -4.664e-12 -2.22e-14 1.32602e-08 -1.83033e-09 -1.468e-12 -1.2958e-12 -2.5056e-12 0 -2.61747e-10 -1.13478e-11 -1.3091e-09 -1.144e-13 -1.4702e-12 -5.636e-12 -1.1e-14 -6e-16 8.34568e-10 8.20836e-09 -2.39529e-10 -7.7796e-11 -1.43547e-09 -1.02e-14 -1.74e-14 -4.5018e-12 2.71589e-09 0 0 -3.4e-15 -7.1418e-12 -5.44922e-11 -6.4e-14 -1.33456e-11 -3.05e-13 -3.67117e-10 -3.6068e-12 0 -1.00004e-11 
-2.61667e-13 4.1564e-11 -2.12033e-12 -1.0353e-11 -8.878e-12 -1.0819e-11 -4.82013e-11 -3.60633e-12 2.93267e-12 -3.96667e-14 -4.2078e-11 1.39567e-12 -1.66333e-13 -6e-15 1e-07 -1.48637e-11 -7.96667e-14 1.47633e-12 -8.72667e-13 -1.778e-09 -1.2792e-10 -3.058e-12 3.07667e-13 9.81667e-13 -2.8e-14 -8.54007e-11 1.73907e-11 -1.55476e-10 9.53084e-10 -7.7997e-11 3.37925e-10 -1.19967e-12 -2.8732e-11 -5.56709e-08 -1.38779e-10 -1.0929e-11 4.2677e-11 -2.03333e-14 -4.58497e-11 0 5.20624e-08 -8.83667e-13 -7.33333e-15 -2.84033e-12 -2.76667e-14 -5.87333e-12 -9.3e-14 0 -1.827e-12 -2e-15 -1.48714e-08 -7.60333e-12 0 3.63991e-09 -1.66667e-15 -4.09667e-13 -5.34396e-10 -7.95967e-12 -1.13333e-14 -1.25331e-10 -1.443e-11 0 -2.66667e-14 -7.77333e-12 -3.7e-14 2.65448e-08 -3.05055e-09 -2.44667e-12 -2.15967e-12 -4.176e-12 0 -4.36245e-10 -1.8913e-11 -2.18183e-09 -1.90667e-13 -2.45033e-12 -9.39333e-12 -1.83333e-14 -1e-15 -6.41646e-08 -4.07638e-08 -3.99215e-10 -1.2966e-10 -2.39244e-09 -1.7e-14 -2.9e-14 -7.503e-12 4.52649e-09 0 0 -5.66667e-15 -1.1903e-11 -9.08203e-11 -1.06667e-13 -2.22427e-11 -5.08333e-13 -6.11862e-10 -6.01133e-12 0 -1.66673e-11 
-3.88933e-10 -2.64489e-06 -3.15159e-09 -1.53884e-08 -1.3196e-08 -1.6081e-08 5.48355e-07 -5.36033e-09 -9.18974e-07 -5.89592e-11 9.41233e-08 2.07447e-09 -2.47232e-10 -8.9182e-12 -1.48637e-11 0.000148615 -1.18414e-10 2.19437e-09 -1.2971e-09 -1.78943e-06 -1.90137e-07 -4.54531e-09 4.57305e-10 1.45912e-09 -4.16183e-11 8.26397e-07 -2.97484e-07 -1.91095e-07 5.79966e-07 -1.15932e-07 -7.9772e-07 -1.78314e-09 9.70627e-07 -7.71198e-05 8.27057e-07 -1.62445e-08 -3.53233e-07 -3.02228e-11 -6.81494e-08 0 -3.3747e-05 -1.31345e-09 -1.09e-11 -4.22178e-09 -4.11228e-11 -8.72993e-09 -1.38232e-10 0 -2.71559e-09 -2.97273e-12 -1.4444e-06 -1.13013e-08 0 4.38602e-06 -2.47728e-12 -6.08915e-10 -7.94309e-07 -1.1831e-08 -1.68455e-11 -1.86288e-07 -2.14483e-08 0 -3.96364e-11 -1.1554e-08 -5.49956e-11 3.61478e-05 -4.30757e-06 -3.63664e-09 -3.21006e-09 -6.20707e-09 0 -6.48421e-07 4.25222e-07 5.81603e-05 1.9305e-07 -3.64209e-09 2.29371e-07 -2.72501e-11 -1.48637e-12 -7.60679e-05 -4.94358e-05 1.13287e-07 9.90611e-07 -3.48271e-06 -2.52682e-11 -4.31046e-11 -1.11522e-08 1.97136e-06 0 0 -8.42274e-12 -1.76922e-08 -7.1659e-08 -1.58546e-10 -3.30608e-08 -7.5557e-10 -5.82784e-07 4.27732e-07 0 -2.47738e-08 
-2.08461e-12 -4.63355e-08 -1.6892e-11 -8.24789e-11 -7.07281e-11 -8.61914e-11 -3.84004e-10 -2.87305e-11 2.33636e-11 -3.16011e-13 -3.35221e-10 1.11188e-11 -1.32512e-12 -4.78e-14 -7.96667e-14 -1.18414e-10 7.96666e-07 1.17615e-11 -6.95224e-12 -1.41648e-08 -1.0191e-09 -2.43621e-11 2.45108e-12 7.82061e-12 -2.23067e-13 4.59863e-08 1.38546e-10 -1.23863e-09 7.5929e-09 -6.21376e-10 2.69214e-09 -9.55734e-12 -2.28898e-10 -2.56622e-07 -1.10561e-09 -8.70677e-11 3.39993e-10 -1.61989e-13 -3.65269e-10 0 8.12085e-08 -7.03988e-12 -5.84222e-14 -2.2628e-11 -2.20411e-13 -4.67909e-11 -7.409e-13 0 -1.45551e-11 -1.59333e-14 2.48576e-08 -6.05732e-11 0 -2.57891e-07 -1.32778e-14 -3.26368e-12 -4.25736e-09 -6.3412e-11 -9.02889e-14 -9.9847e-10 -1.14959e-10 0 -2.12444e-13 -6.19276e-11 -2.94767e-13 1.51252e-07 5.23639e-08 -1.94918e-11 -1.72053e-11 -3.32688e-11 0 -3.47542e-09 -1.50674e-10 1.42618e-07 -1.51898e-12 -1.9521e-11 -7.48336e-11 -1.46056e-13 -7.96667e-15 -5.44289e-07 2.54703e-08 -3.18041e-09 -1.03296e-09 -1.90598e-08 -1.35433e-13 -2.31033e-13 -5.97739e-11 -1.67272e-07 0 0 -4.51444e-14 -9.48272e-11 -7.23535e-10 -8.49778e-13 -1.772e-10 -4.04972e-12 -4.8745e-09 -4.78903e-11 0 -1.32783e-10 
3.86307e-11 -6.13623e-09 3.13032e-10 -2.11805e-07 1.31069e-09 1.59725e-09 7.11612e-09 -3.16134e-07 -4.32959e-10 -1.39994e-07 6.21212e-09 -2.06047e-10 -9.99754e-08 8.858e-13 1.47633e-12 2.19437e-09 1.17615e-11 1.47631e-05 1.28835e-10 1.55826e-07 -6.54778e-06 4.51463e-10 -4.54219e-11 -1.44927e-10 4.13373e-12 1.2608e-08 -2.56744e-09 2.29535e-08 -3.40403e-08 -9.51517e-08 7.40111e-07 1.77111e-10 4.2418e-09 -5.45357e-06 2.04884e-08 1.61348e-09 -6.30055e-09 3.00188e-12 6.76894e-09 0 -3.10373e-07 1.30459e-10 1.08264e-12 4.19328e-10 4.08452e-12 8.671e-10 1.37299e-11 0 2.69726e-10 2.95267e-13 2.15885e-06 1.12251e-09 0 -1.52159e-06 2.46056e-13 6.04805e-11 -1.91105e-07 1.17511e-09 1.67318e-12 1.8503e-08 2.13035e-09 0 3.93689e-12 -3.68852e-07 5.46243e-12 7.61688e-06 -3.36303e-07 3.6121e-10 3.18839e-10 6.16517e-10 0 6.44044e-08 2.79219e-09 3.22111e-07 2.81488e-11 3.61751e-10 1.38677e-09 2.70661e-12 1.47633e-13 -2.63628e-06 -6.76101e-06 -1.07106e-06 1.58088e-08 1.96538e-07 2.50977e-12 4.28137e-12 1.10769e-09 1.18406e-07 0 0 8.36589e-13 1.75728e-09 1.34081e-08 1.57476e-11 3.28376e-09 7.50469e-11 -1.63355e-08 -1.65779e-07 0 2.46065e-09 
-2.28348e-11 -3.97062e-08 -1.85034e-10 -9.03472e-10 -7.74753e-10 -9.44138e-10 -4.20637e-09 -3.14713e-10 2.55924e-10 -3.46158e-12 1.46328e-07 1.21795e-10 -1.45154e-11 -5.236e-13 -8.72667e-13 -1.2971e-09 -6.95224e-12 1.28835e-10 8.72659e-06 -1.5516e-07 -1.11632e-08 -2.66861e-10 2.6849e-11 8.56668e-11 -2.44347e-12 1.57255e-06 1.51763e-09 2.96977e-06 -1.00161e-07 -6.80654e-09 -9.93844e-07 -1.04691e-10 -2.50735e-09 -5.21666e-06 -1.21108e-08 -9.53737e-10 3.72428e-09 -1.77442e-12 -4.00115e-09 0 7.65093e-07 -7.71146e-11 -6.39956e-13 -2.47866e-10 -2.41438e-12 -5.12546e-10 -8.1158e-12 0 -1.59436e-10 -1.74533e-13 4.8222e-07 -6.63518e-10 0 -5.10391e-06 -1.45444e-13 -3.57502e-11 -4.6635e-08 -6.94614e-10 -9.89022e-13 -1.09372e-08 -1.25926e-09 0 -2.32711e-12 -6.78353e-10 -3.22887e-12 1.53826e-06 1.50455e-07 -2.13512e-10 -1.88467e-10 -3.64426e-10 0 1.7386e-06 -1.65047e-09 -1.73734e-07 -1.66388e-11 -2.13832e-10 -8.19725e-10 -1.59989e-12 -8.72667e-14 -1.61454e-06 -2.29577e-06 -3.48381e-08 -1.1315e-08 -6.54472e-08 -1.48353e-12 -2.53073e-12 -6.54762e-10 -2.11165e-06 0 0 -4.94511e-13 -1.03874e-09 -7.92559e-09 -9.30844e-12 -1.94104e-09 -4.43606e-11 -5.33951e-08 -5.24589e-10 0 -1.4545e-09 
-4.65244e-08 1.43343e-06 -3.06996e-07 -1.71743e-06 -2.41844e-07 -1.92362e-06 -8.57021e-06 1.60546e-06 -5.89857e-06 -7.05275e-09 -4.13148e-06 2.21483e-07 -2.95741e-08 -1.0668e-09 -1.778e-09 -1.78943e-06 -1.41648e-08 1.55826e-07 -1.5516e-07 0.0174639 4.08024e-05 -2.97047e-07 -2.1863e-07 1.74541e-07 -4.97841e-09 -4.74426e-06 2.56207e-06 -2.75937e-05 -0.00191563 0.000109502 1.56765e-05 3.46337e-06 -9.98558e-07 -0.0110506 4.15839e-06 3.45682e-06 -0.000216625 -3.61527e-09 -7.07875e-06 0 0.0064487 -4.37829e-08 -1.30387e-09 -3.16788e-08 -4.91914e-09 -8.3428e-07 -1.65354e-08 0 -3.24841e-07 -3.55601e-10 -0.0025804 1.07848e-05 0 0.00146751 -2.96334e-10 -7.28389e-08 -9.33058e-05 -1.41523e-06 -2.01507e-09 -1.92672e-05 1.87675e-07 0 -4.74134e-09 -1.3821e-06 -6.57861e-09 0.00586015 -0.000514376 9.46498e-06 -3.83989e-07 -3.22494e-07 0 2.77754e-05 2.68939e-05 -5.96577e-07 -3.39006e-08 -4.3567e-07 -1.62014e-06 -3.25967e-09 -1.778e-10 -0.00943247 -0.00813086 -6.88972e-05 -5.03587e-07 -0.00035565 -3.02261e-09 -5.15621e-09 -8.20702e-07 0.000747448 0 0 -1.00754e-09 -1.63969e-06 -1.55345e-05 -1.89654e-08 -3.20142e-06 8.69618e-07 0.00222649 1.48785e-06 0 -1.73346e-06 
1.99861e-08 -3.08883e-05 2.9621e-07 -5.76925e-09 -1.13568e-07 -9.17303e-08 4.10074e-07 9.03868e-07 -1.14425e-05 -5.07417e-10 2.5484e-06 -6.54799e-08 9.78723e-08 -7.67522e-11 -1.2792e-10 -1.90137e-07 -1.0191e-09 -6.54778e-06 -1.11632e-08 4.08024e-05 0.00127757 -3.9118e-08 -7.2731e-08 1.25575e-08 -3.58177e-10 5.48089e-06 -2.77087e-06 -1.98886e-06 -4.15615e-05 -7.51074e-07 -3.43373e-05 7.5132e-07 2.59246e-06 -0.000429297 -5.15266e-07 2.73529e-07 -1.50141e-05 -2.60105e-10 5.60682e-06 0 -0.000303005 -1.13039e-08 -9.38082e-11 -3.63336e-08 -3.53913e-10 -7.51319e-08 -1.18966e-09 0 -2.3371e-08 -2.55841e-11 7.00675e-05 8.92738e-07 0 5.24621e-05 -2.13201e-11 -5.24047e-09 -6.17935e-06 -1.0182e-07 -1.44976e-10 -6.76572e-07 -1.84589e-07 0 -3.41121e-10 5.63261e-10 -4.73305e-10 2.60826e-05 -2.62428e-05 -3.12978e-08 -2.76265e-08 -5.34195e-08 0 -5.4538e-06 1.08473e-06 0.000139923 -2.43901e-09 -3.13447e-08 -9.01598e-08 -2.34521e-10 -1.2792e-11 -0.000247229 -0.000304966 -2.45343e-06 -1.49862e-06 -3.03142e-05 -2.17465e-10 -3.70969e-10 1.65735e-06 -0.000147244 0 0 -7.24882e-11 -7.22636e-08 7.41489e-06 -1.36448e-09 -2.54529e-07 -6.50262e-09 1.5323e-05 -7.68972e-08 0 -2.13209e-07 
-8.00177e-11 1.27103e-08 -6.48398e-10 -3.16595e-09 -2.71489e-09 -3.30845e-09 -4.73997e-09 -1.10282e-09 8.96809e-10 -1.21301e-11 -1.28675e-08 -1.12907e-07 -5.08647e-11 -1.8348e-12 -3.058e-12 -4.54531e-09 -2.43621e-11 4.51463e-10 -2.66861e-10 -2.97047e-07 -3.9118e-08 3.05791e-05 9.40845e-11 3.00194e-10 -8.5624e-12 1.87218e-07 5.31807e-09 4.42579e-06 -3.52136e-08 -2.38515e-08 -2.82666e-06 -3.66858e-10 7.88042e-09 -1.40695e-05 -4.24386e-08 -3.34209e-09 -6.02827e-08 -6.21793e-12 -1.40208e-08 0 7.51269e-06 -2.70225e-10 -2.24253e-12 -8.68574e-10 -8.46047e-12 -1.79607e-09 -2.84394e-11 0 -5.58697e-10 -6.116e-13 -3.57683e-07 -2.3251e-09 0 2.65842e-06 -5.09667e-13 -1.25276e-10 6.29915e-07 -2.43407e-09 -3.46573e-12 -3.83262e-08 -4.41269e-09 0 -8.15467e-12 -2.37709e-09 -1.13146e-11 2.14274e-06 -7.76193e-07 -7.48191e-10 -6.60426e-10 -1.27702e-09 0 -1.33404e-07 -5.7836e-09 5.83613e-06 -5.83059e-11 -7.49312e-10 -2.87248e-09 -5.60633e-12 -3.058e-13 -2.12335e-05 -1.28876e-05 1.66459e-06 5.70166e-08 -6.74943e-07 -5.1986e-12 -8.8682e-12 -2.29442e-09 -1.8658e-06 0 0 -1.73287e-12 -3.63994e-09 3.88938e-08 -3.26187e-11 -6.80181e-09 -1.55448e-10 -1.87107e-07 -1.83827e-09 0 -5.09687e-09 
8.05061e-12 -1.27879e-09 6.52356e-11 3.18527e-10 2.73146e-10 3.32865e-10 1.48299e-09 1.10955e-10 2.43243e-07 1.22041e-12 1.2946e-09 -4.29399e-11 5.11752e-12 1.846e-13 3.07667e-13 4.57305e-10 2.45108e-12 -4.54219e-11 2.6849e-11 -2.1863e-07 -7.2731e-08 9.40845e-11 3.07666e-06 -3.02025e-11 8.61467e-13 2.62749e-09 -5.35053e-10 4.78349e-09 2.40101e-08 -9.33626e-10 1.96032e-08 3.69097e-11 -2.42449e-07 -1.12875e-06 -1.32397e-07 3.36249e-10 -1.31303e-09 6.25589e-13 1.41064e-09 0 -1.8069e-06 2.71875e-11 2.25622e-13 8.73876e-11 8.51211e-13 1.80703e-10 2.8613e-12 0 5.62107e-11 6.15333e-14 4.57544e-07 2.33929e-10 0 -2.03766e-07 5.12778e-14 1.26041e-11 1.64416e-08 2.44892e-10 3.48689e-13 3.85602e-09 4.43963e-10 0 8.20444e-13 2.3916e-10 1.13837e-12 -1.02181e-06 9.38554e-08 7.52758e-11 6.64457e-11 1.28482e-10 0 1.34218e-08 5.8189e-10 3.04609e-08 5.86618e-12 7.53886e-11 2.89002e-10 5.64056e-13 3.07667e-14 1.02258e-06 -3.00721e-07 1.22825e-08 3.98921e-09 7.02742e-08 5.23033e-13 8.92233e-13 2.30842e-10 1.14068e-07 0 0 1.74344e-13 3.66216e-10 2.79424e-09 3.28178e-12 6.84333e-10 1.56397e-11 -9.11751e-08 1.84949e-10 0 5.12798e-10 
2.56869e-11 -4.0802e-09 2.08146e-10 1.01632e-09 8.71524e-10 1.06207e-09 4.73176e-09 3.54022e-10 -2.8789e-10 3.89394e-12 4.13066e-09 -1.37008e-10 1.63284e-11 5.89e-13 9.81667e-13 1.45912e-09 7.82061e-12 -1.44927e-10 8.56668e-11 1.74541e-07 1.25575e-08 3.00194e-10 -3.02025e-11 9.81657e-06 2.74867e-12 8.3835e-09 -1.70718e-09 1.52626e-08 -9.35611e-08 7.65671e-09 -3.3173e-08 1.17767e-10 -5.71795e-08 -3.6972e-06 1.36235e-08 1.07286e-09 -4.18946e-09 1.99606e-12 4.50091e-09 0 -5.03524e-06 8.67466e-11 7.19889e-13 2.78826e-10 2.71594e-12 5.76566e-10 9.1295e-12 0 1.7935e-10 1.96333e-13 7.29879e-07 7.46394e-10 0 -1.01176e-06 1.63611e-13 4.02156e-11 -2.3754e-07 7.81374e-10 1.11256e-12 1.23033e-08 1.41654e-09 0 2.61778e-12 7.63082e-10 3.63217e-12 -2.41026e-06 2.99463e-07 2.40181e-10 2.12007e-10 4.09944e-10 0 4.28248e-08 1.85663e-09 2.14183e-07 1.87171e-11 2.40541e-10 9.22112e-10 1.79972e-12 9.81667e-14 -2.8034e-06 4.0961e-06 3.91896e-08 1.27283e-08 2.34858e-07 1.66883e-12 2.84683e-12 7.36544e-10 -4.4435e-07 0 0 5.56278e-13 1.16848e-09 8.91553e-09 1.04711e-11 2.18349e-09 4.99014e-11 6.00644e-08 5.90113e-10 0 1.63618e-09 
-7.32667e-13 1.16379e-10 -5.93693e-12 -2.89884e-11 -2.48584e-11 -3.02932e-11 -1.34964e-10 -1.00977e-11 8.21147e-12 -1.11067e-13 -1.17818e-10 3.90787e-12 -4.65733e-13 -1.68e-14 -2.8e-14 -4.16183e-11 -2.23067e-13 4.13373e-12 -2.44347e-12 -4.97841e-09 -3.58177e-10 -8.5624e-12 8.61467e-13 2.74867e-12 2.8e-07 -2.39122e-10 4.86939e-11 -4.35334e-10 2.66864e-09 -2.18392e-10 9.4619e-10 -3.35907e-12 -8.04496e-11 -1.07878e-07 -3.88581e-10 -3.06012e-11 1.19496e-10 -5.69333e-14 -1.28379e-10 0 1.77748e-08 -2.47427e-12 -2.05333e-14 -7.95293e-12 -7.74667e-14 -1.64453e-11 -2.604e-13 0 -5.1156e-12 -5.6e-15 -3.83067e-08 -2.12893e-11 0 2.88584e-08 -4.66667e-15 -1.14707e-12 -1.49631e-09 -2.22871e-11 -3.17333e-14 -3.50927e-10 -4.0404e-11 0 -7.46667e-14 -2.17653e-11 -1.036e-13 9.29922e-08 6.47918e-08 -6.85067e-12 -6.04707e-12 -1.16928e-11 0 -1.22149e-09 -5.29564e-11 6.38909e-08 -5.33867e-13 -6.86093e-12 -2.63013e-11 -5.13333e-14 -2.8e-15 -1.98328e-07 -1.32805e-07 -1.1178e-09 -3.63048e-10 -6.69884e-09 -4.76e-14 -8.12e-14 -2.10084e-11 -5.39925e-08 0 0 -1.58667e-14 -3.33284e-11 -2.54297e-10 -2.98667e-13 -6.22795e-11 -1.42333e-12 -1.71321e-09 -1.68317e-11 0 -4.66685e-11 
-2.23465e-09 -0.000131128 1.01892e-07 -8.84153e-08 9.13751e-06 -9.2395e-08 3.98357e-07 -3.07983e-08 2.50452e-08 -3.38756e-10 6.33984e-07 1.19191e-08 -1.4205e-09 -5.12404e-11 -8.54007e-11 8.26397e-07 4.59863e-08 1.2608e-08 1.57255e-06 -4.74426e-06 5.48089e-06 1.87218e-07 2.62749e-09 8.3835e-09 -2.39122e-10 0.000853277 -1.24815e-06 8.25555e-07 -5.13932e-07 9.77234e-07 1.83257e-06 -1.02452e-08 -2.45373e-07 -0.000162547 1.35148e-06 -4.33344e-08 -3.45536e-07 -1.73648e-10 -3.91559e-07 0 -4.90395e-05 -7.54657e-09 -6.26272e-11 -2.42566e-08 -2.36275e-10 4.6508e-08 -7.94226e-10 0 -1.56027e-08 -1.70801e-11 0.00027007 3.58507e-06 0 -6.05511e-05 -1.42334e-11 -3.49858e-09 -3.68045e-06 1.24536e-06 -9.67874e-11 -1.07034e-06 -1.23233e-07 0 -2.27735e-10 -6.63848e-08 -3.15982e-10 0.000237825 0.000166615 1.75772e-07 -1.84437e-08 -3.56633e-08 0 6.05777e-06 -1.01518e-07 7.05204e-05 -1.62831e-09 -2.0926e-08 -8.02197e-08 -1.56568e-10 -8.54007e-12 -0.000504304 -0.00037908 -1.98932e-06 1.84603e-06 -1.25316e-05 -1.45181e-10 -2.47662e-10 -6.40761e-08 -0.000337847 0 0 -4.83937e-11 1.81681e-07 6.62105e-06 -9.1094e-10 -1.49954e-07 -4.3412e-09 1.09413e-05 -5.13372e-08 0 -1.4234e-07 
4.55056e-10 -7.22826e-08 -4.26313e-07 1.80046e-08 -9.78939e-08 1.8815e-08 8.38253e-08 6.27165e-09 -5.1001e-09 6.8983e-11 -6.2349e-07 -2.42716e-09 2.89265e-10 1.04344e-11 1.73907e-11 -2.97484e-07 1.38546e-10 -2.56744e-09 1.51763e-09 2.56207e-06 -2.77087e-06 5.31807e-09 -5.35053e-10 -1.70718e-09 4.86939e-11 -1.24815e-06 0.000173876 2.2705e-07 2.42523e-07 -3.07691e-07 -5.87674e-07 2.0863e-09 -1.90033e-07 -5.76975e-05 2.41346e-07 1.90063e-08 1.17578e-06 3.5361e-11 7.97356e-08 0 -8.55572e-05 1.53676e-09 1.27532e-11 4.93953e-09 4.81142e-11 -1.19786e-07 1.61733e-10 0 3.17727e-09 3.47813e-12 1.78357e-05 1.32227e-08 0 5.85528e-05 2.89844e-12 7.12438e-10 -1.44732e-06 -2.32824e-07 1.97094e-11 -8.68204e-06 -9.82386e-08 0 4.63751e-11 -8.32981e-06 6.43455e-11 -5.6047e-05 2.91845e-06 -2.62412e-07 -2.39578e-07 7.26234e-09 0 -1.27347e-05 3.2891e-08 1.67435e-06 -4.86335e-07 4.26129e-09 -1.197e-06 3.18829e-11 1.73907e-12 6.50311e-07 -9.39518e-06 -8.59072e-07 2.25487e-07 -1.38894e-05 2.95641e-11 5.04329e-11 -4.02851e-08 3.24615e-05 0 0 9.85471e-12 2.07001e-08 1.57943e-07 1.855e-10 3.86815e-08 -1.59116e-07 -2.90926e-05 1.04541e-08 0 2.56523e-08 
-4.0683e-09 -1.73038e-05 -3.29662e-08 -1.60965e-07 1.33863e-06 -1.6821e-07 1.75473e-05 6.39301e-08 4.5596e-08 -6.16723e-10 5.95579e-06 -6.27497e-06 -2.58609e-09 -9.32858e-11 -1.55476e-10 -1.91095e-07 -1.23863e-09 2.29535e-08 2.96977e-06 -2.75937e-05 -1.98886e-06 4.42579e-06 4.78349e-09 1.52626e-08 -4.35334e-10 8.25555e-07 2.2705e-07 0.00155235 -6.32847e-06 -1.04267e-06 -0.000169509 4.80147e-08 -2.16715e-07 -0.000964688 -2.10102e-06 2.23413e-07 3.7686e-07 -3.16135e-10 -7.12854e-07 0 0.000275852 -1.37389e-08 -1.14016e-10 -4.41605e-08 -4.30151e-10 -9.13164e-08 -1.44593e-09 0 -2.84055e-08 -3.10953e-11 0.000271041 -1.18214e-07 0 -6.70171e-05 -2.59127e-11 -6.36935e-09 -7.10193e-06 -3.70873e-08 -1.76207e-10 1.6314e-06 -2.24352e-07 0 -4.14604e-10 4.91431e-08 -5.75262e-10 9.63968e-05 -3.42189e-05 -3.80399e-08 1.56422e-07 -6.49269e-08 0 4.85608e-05 -2.57386e-07 -3.19789e-05 -2.96442e-09 8.78857e-06 -1.46044e-07 -2.8504e-10 -1.55476e-11 -0.000583599 -0.000563312 0.000234113 1.04241e-05 -3.47568e-05 -2.6431e-10 -4.50881e-10 -1.16654e-07 -4.46379e-06 0 0 -8.81033e-11 -1.48397e-07 -7.62041e-07 -1.65841e-09 -3.42487e-07 6.12097e-07 -6.65967e-06 -9.3462e-08 0 -8.91376e-08 
2.4939e-08 -3.7514e-06 -2.07914e-07 7.03395e-07 -5.40519e-07 -2.14222e-05 4.50399e-06 -3.07962e-06 4.88049e-06 3.78057e-09 3.57372e-06 -1.06352e-07 1.5853e-08 5.7185e-10 9.53084e-10 5.79966e-07 7.5929e-09 -3.40403e-08 -1.00161e-07 -0.00191563 -4.15615e-05 -3.52136e-08 2.40101e-08 -9.35611e-08 2.66864e-09 -5.13932e-07 2.42523e-07 -6.32847e-06 0.00944 -0.000151936 1.27496e-05 -7.959e-06 -2.31493e-06 -0.000897929 -2.17399e-05 -1.51504e-06 0.000216949 1.93794e-09 -1.47347e-06 0 -0.00516924 -1.63245e-06 6.98928e-10 -1.04596e-06 2.63687e-09 -1.07689e-06 -1.41136e-07 0 1.74128e-07 1.90617e-10 0.00141352 5.61328e-07 0 0.00356677 1.58847e-10 3.90447e-08 5.04025e-05 6.58623e-07 -6.55865e-08 -2.86416e-05 1.3753e-06 0 2.54156e-09 6.97531e-07 3.52641e-09 -0.0031398 0.000284317 -1.50835e-05 1.42501e-07 3.98008e-07 0 -0.000109589 -2.74008e-05 2.93433e-05 1.81721e-08 2.33537e-07 8.75264e-07 1.74732e-09 9.53084e-11 -0.00139867 -0.000110247 2.36985e-05 1.11102e-06 9.15499e-05 1.62024e-09 2.76394e-09 6.98432e-07 -0.000411429 0 0 5.40081e-10 1.13446e-06 8.44261e-06 1.01662e-08 2.05991e-06 -1.43822e-06 -0.0016686 5.12931e-07 0 -6.41463e-07 
-2.04092e-09 -1.42291e-05 -1.6538e-08 -8.07503e-08 -6.92457e-08 8.05615e-07 1.17377e-07 2.51872e-07 -2.46379e-06 -3.09388e-10 -3.28196e-07 1.08858e-08 -1.29735e-09 -4.67982e-11 -7.7997e-11 -1.15932e-07 -6.21376e-10 -9.51517e-08 -6.80654e-09 0.000109502 -7.51074e-07 -2.38515e-08 -9.33626e-10 7.65671e-09 -2.18392e-10 9.77234e-07 -3.07691e-07 -1.04267e-06 -0.000151936 0.000779362 -0.000152034 -9.35704e-09 -8.4101e-08 -0.000450901 2.26109e-05 6.2809e-07 -2.60405e-05 -1.58594e-10 -3.10947e-07 0 -0.000142131 -6.89233e-09 -5.71978e-11 -2.21537e-08 -2.15792e-10 -4.58102e-08 -7.25372e-10 0 -1.42501e-08 -1.55994e-11 -1.63935e-06 4.00696e-07 0 -0.000318382 -1.29995e-11 -3.19528e-09 -3.97146e-06 -6.2083e-08 -8.83966e-11 -9.77544e-07 -1.1255e-07 0 -2.07992e-10 6.93703e-08 -2.88589e-10 0.000209416 -1.62134e-05 1.93425e-06 -1.68448e-08 6.74285e-08 0 3.57075e-06 3.73915e-06 1.23491e-05 -1.48714e-09 4.97555e-07 -7.32652e-08 -1.42995e-10 -7.7997e-12 -1.71794e-05 3.66429e-05 1.05291e-06 -4.34642e-07 -1.58903e-05 -1.32595e-10 -2.26191e-10 2.28146e-07 3.13386e-05 0 0 -4.41983e-11 6.50494e-07 -7.08371e-07 -8.31968e-10 -1.53486e-07 -3.96485e-09 0.000102774 -4.68866e-08 0 -6.00002e-08 
8.84237e-09 1.48878e-06 -6.83486e-08 -1.39681e-06 -7.93666e-06 -5.57044e-05 -0.000160964 -3.0548e-06 7.80898e-07 -2.71993e-07 5.55254e-07 3.6395e-06 -1.21046e-07 2.02755e-10 3.37925e-10 -7.9772e-07 2.69214e-09 7.40111e-07 -9.93844e-07 1.56765e-05 -3.43373e-05 -2.82666e-06 1.96032e-08 -3.3173e-08 9.4619e-10 1.83257e-06 -5.87674e-07 -0.000169509 1.27496e-05 -0.000152034 0.00336783 -2.56127e-07 -1.01907e-06 -0.000272212 -2.5807e-05 6.93182e-08 8.97784e-06 6.87114e-10 -1.02106e-05 0 0.000370283 2.98613e-08 -7.30855e-08 9.5982e-08 9.34926e-10 2.18079e-08 -4.20191e-07 0 -6.28261e-07 6.7585e-11 -0.00111648 -1.88597e-05 0 0.000577468 5.63208e-11 1.38437e-08 -5.85881e-05 -9.2769e-07 3.82982e-10 -0.000107508 4.87626e-07 0 -4.24322e-08 -5.30307e-05 -3.2083e-08 0.00104978 -0.000247684 -2.80732e-06 7.29805e-08 -4.09222e-06 0 -5.08948e-05 -3.85742e-05 3.47828e-05 6.4431e-09 -1.01172e-05 -3.22576e-07 6.19529e-10 3.37925e-11 -0.000685374 -0.00155604 -0.00039048 2.08154e-06 6.60133e-05 5.74472e-10 9.79982e-10 -2.05645e-06 -0.000138965 0 0 -5.64752e-08 -5.57777e-06 -3.85095e-06 3.60453e-09 -1.57503e-06 -2.61555e-08 -6.2657e-05 -3.09869e-05 0 -2.66468e-05 
-3.13913e-11 -2.50137e-08 -2.54369e-10 -1.24201e-09 -1.06506e-09 -1.29792e-09 -5.78255e-09 -4.3264e-10 -6.49648e-07 -4.75868e-12 -5.04796e-09 1.67433e-10 -1.99545e-11 -7.198e-13 -1.19967e-12 -1.78314e-09 -9.55734e-12 1.77111e-10 -1.04691e-10 3.46337e-06 7.5132e-07 -3.66858e-10 3.69097e-11 1.17767e-10 -3.35907e-12 -1.02452e-08 2.0863e-09 4.80147e-08 -7.959e-06 -9.35704e-09 -2.56127e-07 1.19965e-05 -3.44688e-09 -2.02843e-06 -1.66489e-08 -1.31112e-09 -3.31488e-06 -2.43932e-12 -5.50043e-09 0 4.2222e-06 -1.06011e-10 -8.79756e-13 -3.40745e-10 -3.31908e-12 -7.04604e-10 -1.11569e-11 0 -2.19179e-10 -2.39933e-13 -1.74741e-06 -9.12147e-10 0 -3.96689e-06 -1.99944e-13 -4.91463e-11 -6.41097e-08 -9.54895e-10 -1.35962e-12 -1.50355e-08 -1.73112e-09 0 -3.19911e-12 -9.32541e-10 -4.43877e-12 3.36427e-06 -3.65965e-07 -2.93518e-10 -2.59088e-10 -5.00981e-10 0 1.04332e-07 3.47731e-07 -2.61747e-07 -2.28736e-11 -2.93958e-10 -1.12689e-09 -2.19939e-12 -1.19967e-13 -6.44059e-07 -3.75675e-06 -4.78925e-08 -1.55549e-08 -2.4368e-07 -2.03943e-12 -3.47903e-12 -9.0011e-10 -1.88364e-06 0 0 -6.79811e-13 -1.42796e-09 -1.08954e-08 -1.27964e-11 -2.66838e-09 7.9939e-08 2.9566e-06 -7.2116e-10 0 -1.99952e-09 
-7.51821e-10 -2.40578e-07 -6.09214e-09 -2.97462e-08 -2.55083e-08 -3.10852e-08 -1.38492e-07 -1.03617e-08 -7.76824e-06 -1.1397e-10 1.4791e-06 4.01003e-09 3.49522e-07 -1.72392e-11 -2.8732e-11 9.70627e-07 -2.28898e-10 4.2418e-09 -2.50735e-09 -9.98558e-07 2.59246e-06 7.88042e-09 -2.42449e-07 -5.71795e-08 -8.04496e-11 -2.45373e-07 -1.90033e-07 -2.16715e-07 -2.31493e-06 -8.4101e-08 -1.01907e-06 -3.44688e-09 0.000287237 -5.01315e-05 2.00846e-05 -3.14012e-08 -2.77405e-06 -5.84217e-11 -1.31735e-07 0 9.28205e-05 -2.53895e-09 -2.10701e-11 -8.16085e-09 -7.94919e-11 -1.68753e-08 -2.67208e-10 0 -5.24934e-09 -5.7464e-12 -1.28619e-05 6.48208e-08 0 2.78795e-05 -4.78867e-12 -1.17705e-09 -1.49876e-06 3.79695e-09 -3.25629e-11 -3.60101e-07 1.91873e-07 0 -7.66187e-11 5.04332e-07 -1.06308e-10 -1.45901e-05 3.63515e-06 -7.02976e-09 1.43795e-07 -1.19985e-08 0 -1.11009e-06 9.89925e-08 2.1545e-06 -5.47823e-10 -7.0403e-09 -2.69889e-08 -5.26753e-11 -2.8732e-12 -0.000150906 -6.7134e-05 -1.14702e-06 5.14128e-07 -5.92063e-06 -4.88444e-11 -8.33228e-11 -2.15576e-08 -0.000120821 0 0 -1.62815e-11 8.2467e-08 -1.87612e-07 -3.06475e-10 -6.39076e-08 -1.46054e-09 2.64867e-06 -1.72718e-08 0 -4.78886e-08 
-1.63117e-06 0.000229006 -1.32176e-05 -5.20447e-05 -1.32966e-05 -6.07696e-05 -0.000253319 -1.92277e-05 1.19819e-06 1.29394e-07 -0.000125327 1.80024e-06 1.19786e-07 -3.07359e-08 -5.56709e-08 -7.71198e-05 -2.56622e-07 -5.45357e-06 -5.21666e-06 -0.0110506 -0.000429297 -1.40695e-05 -1.12875e-06 -3.6972e-06 -1.07878e-07 -0.000162547 -5.76975e-05 -0.000964688 -0.000897929 -0.000450901 -0.000272212 -2.02843e-06 -5.01315e-05 0.234779 -0.000780151 -6.2602e-05 0.000117201 7.65803e-08 -6.42355e-05 0 -0.0278031 -4.89523e-06 -9.04753e-09 -1.32993e-05 -1.72467e-07 -1.55129e-05 -4.59739e-07 0 -7.0324e-06 -1.24675e-08 -0.0864617 -3.62306e-05 0 0.00836728 -1.03896e-08 -8.80428e-07 0.000582678 -3.46686e-05 4.26841e-08 -0.000496303 -2.75564e-05 0 -1.66233e-07 1.05096e-05 -2.10649e-07 -0.110558 0.00913282 -1.52519e-05 7.3205e-06 -2.60322e-05 0 -0.00263393 -0.000107309 -0.00634535 7.18098e-07 -1.30914e-05 -2.05824e-05 -1.14285e-07 -6.23375e-09 -0.0200713 0.0548322 -0.00194912 -0.000766945 -0.0147204 -1.05974e-07 -1.80779e-07 -3.86952e-05 -0.0159133 0 0 -3.53246e-08 -6.21704e-06 -0.000414908 -7.16004e-08 -0.000102289 -3.00882e-06 -0.00346856 -1.25317e-06 0 -9.20534e-05 
