0.0997532 -0.0281496 -9.29034e-07 0.000720514 -0.0279046 -0.0300846 -1.92215e-06 -0.058108 -0.0150259 0.00555149 0.00246397 -0.000835471 0.0093135 -0.0172846 2.04888e-06 -1.90139e-05 -0.00123143 -0.0267206 0.0383826 -0.00325855 -0.0192624 -0.00119496 -0.0496531 0.000352362 0.000425259 -1.32338e-06 0.0692274 0.000133749 -0.000515772 -0.00013503 -1.13684e-06 0.0146962 -0.0671461 -0.0195053 -0.00737705 -0.0218549 6.69577e-05 -1.39355e-07 -4.09502e-06 -8.94168e-07 0.0674109 -0.0387224 -0.0523591 -0.00182594 -0.0226306 -0.000196866 -0.000895926 0.0775191 -0.0220174 -0.0166146 -0.000785279 0.00259185 -0.000207979 -0.0258772 -0.00120812 -0.0359332 -0.00281015 -0.00209506 -0.0294599 0.0647005 0.00397492 -2.4938e-05 -8.47991e-05 2.64246e-05 0.00986274 -0.000656239 -0.000586485 6.44095e-05 0.0111789 -6.60819e-06 -0.00458205 -2.72384e-05 0.0651651 -0.0148312 -0.0017555 -0.0158214 -4.97431e-05 0.0263049 2.20773e-05 0.0680565 -0.0237108 -7.82731e-05 -0.0171328 -0.000221367 0.00371843 -4.59341e-05 0.00079793 0.0125782 0.000136778 0.0760303 0.00615113 -4.34829e-05 -0.000287001 -0.000484525 0.00222303 -2.09529e-05 2.49074e-06 0.0141428 -0.0219069 -0.00247327 
-0.0281496 0.203966 -6.29682e-07 0.000564308 -0.0403721 0.0174013 0.000306192 0.0845288 -0.0546705 -0.0390414 -0.000786624 -0.00213395 -0.100832 0.0656668 -1.8811e-06 -9.40742e-05 -0.145685 -0.0312348 0.0710607 0.0134389 -0.0790032 -0.00268216 -0.0368811 0.000329335 -0.000241681 -9.57088e-06 -0.057273 0.00166274 -0.00121869 0.000857625 -4.25655e-06 -0.0631001 0.0937655 -0.0500308 -0.0183779 0.135806 0.000271293 -2.63952e-07 -1.22637e-05 4.29824e-07 -0.0360545 0.164627 0.0927797 -0.00513895 -0.0907289 -0.000381881 -0.00239361 -0.0332606 -0.0371426 0.170063 -0.00166085 -0.000624834 -5.08207e-05 -0.0421384 -0.00211011 -0.149243 0.00749763 0.0048917 0.169469 0.0514051 0.014252 -4.82599e-05 -0.000147639 0.000815457 -0.0032815 -0.00145154 0.00268978 0.00116797 -0.00488261 3.20934e-05 0.0118669 -1.85724e-05 -0.0286166 -0.0402182 -0.00441055 0.0961202 -0.000124636 -0.0811619 -8.98963e-06 -0.0622103 -0.0290056 -0.000136766 0.041672 0.00050236 0.00861327 0.000235051 0.0654413 -0.0590057 -4.00294e-05 -0.034896 -0.00356388 0.000132174 -0.00162584 -0.00323781 0.000472737 5.20636e-05 -1.7544e-06 -0.00452516 -0.0744121 -0.00462617 
-9.29034e-07 -6.29682e-07 8.2666e-06 -2.73566e-08 1.5154e-06 -4.46179e-07 -4.44501e-09 -1.98516e-06 1.05664e-06 4.61981e-07 -2.80553e-08 6.74786e-07 -2.54208e-06 -1.99648e-06 -1.56516e-10 -2.74057e-09 8.65785e-07 -1.29334e-07 -9.22749e-07 -2.41842e-07 1.48465e-06 2.45928e-06 -1.11189e-06 2.02191e-07 -7.09864e-09 -3.97461e-10 -1.18443e-06 1.73202e-07 6.97477e-07 2.93291e-07 -1.64782e-10 1.17957e-07 -2.03872e-06 1.10303e-06 -5.46726e-07 -1.19339e-06 -4.99695e-09 -1.02507e-11 -3.55164e-10 -8.24462e-11 -1.14173e-06 1.52409e-06 -1.09316e-06 1.99024e-08 -2.24407e-06 6.18602e-08 -6.93937e-08 -1.27883e-06 5.78998e-07 1.31424e-06 1.25537e-06 -3.08484e-08 3.52468e-07 -3.82927e-07 1.01401e-06 7.79894e-07 -2.20501e-07 2.7537e-06 1.08695e-07 -3.2046e-06 -2.71094e-06 -2.44688e-09 -6.26878e-09 -1.33546e-08 -9.50431e-08 9.58389e-07 -4.38671e-08 -1.55058e-08 -1.4342e-07 -6.62132e-10 7.11676e-07 1.64573e-07 -1.10657e-06 -1.15204e-06 1.20317e-07 -1.16464e-06 -3.68106e-09 -4.63205e-07 -2.60345e-10 -1.87718e-06 1.81304e-06 -5.83263e-09 -1.21448e-06 1.96982e-07 5.74563e-07 -3.40333e-09 2.42242e-06 2.26467e-07 -1.29307e-09 -1.25102e-06 -1.07992e-07 -3.8723e-09 -4.72242e-08 6.42128e-07 -3.25149e-08 -2.13217e-09 -6.98258e-11 -1.32564e-07 4.56959e-07 -1.81906e-07 
0.000720514 0.000564308 -2.73566e-08 0.00329832 0.000147887 -0.00233414 0.000481601 -0.002023 0.000263093 0.002079 0.000159956 -1.75752e-05 -0.00112197 -0.00242769 5.00678e-07 -1.09709e-06 -7.90655e-05 0.00014711 -0.00102468 -6.38796e-05 -0.000958809 -3.59966e-05 -0.000616503 0.000409703 -2.37502e-06 -1.5911e-07 0.000169899 0.000875268 -1.56883e-05 1.008e-05 2.0702e-08 0.0024844 -0.00196451 0.000270315 -0.000216296 -0.000288343 0.00044976 -4.10349e-09 6.0449e-07 -3.30044e-08 -0.000440003 0.00124329 -0.00151865 8.23273e-05 -0.00104483 0.000138123 -2.77793e-05 0.00143593 0.000983846 -0.000288035 -2.29978e-05 -9.07905e-06 0.000669825 0.00222735 -4.78347e-05 -0.000236558 -8.82696e-05 -3.0525e-05 -0.000864591 0.000608886 -0.00223205 -1.96188e-07 -2.22615e-06 0.00135147 -3.74871e-05 1.17272e-05 -1.52873e-05 0.00152074 -5.74132e-05 3.34161e-06 -0.000388146 -8.37995e-07 -0.00036982 -0.000466106 -4.37141e-05 -0.000446844 -1.47358e-06 0.000712304 -1.0422e-07 -0.00068852 -0.000667838 5.77784e-05 -0.00235351 -4.76583e-06 9.58239e-06 0.000389324 -0.000839403 0.00248217 2.12365e-07 -0.000308536 -4.32308e-05 1.89653e-06 -1.89045e-05 -3.78452e-05 0.0015212 1.89765e-05 -2.79523e-08 -5.2014e-05 -0.00103897 -7.63427e-05 
-0.0279046 -0.0403721 1.5154e-06 0.000147887 0.197615 -0.0156501 -0.00014427 -0.1104 0.14673 0.109677 -0.000908312 0.00538678 -0.0768141 -0.133932 3.6601e-06 0.000222681 0.0523435 0.177239 -0.155877 -0.0078849 -0.077289 0.00415033 0.0074904 -0.000335262 1.17928e-05 -1.13889e-05 0.0095225 -0.00106888 0.0033149 -0.000235788 3.02231e-06 0.130333 -0.101841 0.139755 0.0104108 -0.051892 -0.000163805 -3.28574e-08 2.7335e-05 4.60935e-06 -0.0372143 0.0337237 -0.100259 0.0139755 -0.060114 0.00118998 -0.00149357 -0.0404621 0.162304 -0.0693891 -0.00183842 -0.00101164 0.000917554 0.177441 -0.00400312 0.0763105 -0.00503923 -0.00339635 -0.0379457 -0.0472521 -0.154655 -7.87902e-05 -0.000199924 -0.00016894 -0.00279728 -0.00149955 0.00361138 -0.000401553 -0.00470168 3.18541e-05 -0.0364373 9.79648e-05 -0.0388737 -0.0130208 0.0113247 -0.0381362 0.000283862 0.113688 -2.21854e-07 0.00404707 0.0930587 0.000370001 -0.118113 0.000282787 -0.00613753 -0.000103939 -0.0591189 0.117177 -4.02222e-05 -0.0390055 -0.00351827 3.4807e-05 0.00360277 0.00395627 -0.00104143 9.31314e-05 -2.29007e-06 -0.00433214 -0.0719469 -0.00543724 
-0.0300846 0.0174013 -4.46179e-07 -0.00233414 -0.0156501 0.0683955 -0.000471091 0.0465155 -0.0243134 -0.0343629 -0.00291581 -0.000176096 0.01128 0.0489804 -9.64845e-06 -4.32342e-05 -0.0291171 -0.0158597 0.00911043 0.00201534 0.021169 0.000225577 0.0154135 -0.000841606 -0.000133675 3.20067e-06 -0.0285789 -0.000590291 0.000343414 -0.00023835 -6.84605e-07 -0.052153 0.0454954 -0.0209722 0.00446294 0.0135949 -0.000558614 -1.68427e-07 -3.32905e-05 2.4319e-07 -0.01639 0.00368977 0.0340635 -0.00831002 0.0232812 -0.000457092 0.000256384 -0.025724 -0.0194845 0.0195519 0.000114498 2.81501e-05 -0.00157377 -0.0191512 0.00099127 -0.00158221 0.00154851 0.00060531 0.0187437 -0.0171337 0.0388917 -0.000226088 2.2628e-05 -0.00145466 -0.0106295 5.90773e-05 -0.00138685 -0.00140813 0.000896988 1.64508e-06 0.00942317 -2.35194e-05 -0.0137305 0.0104576 -0.00620163 0.0101856 -0.000299076 -0.0486538 -2.80276e-05 -0.0272277 -0.000369119 -2.03016e-05 0.0475068 -0.000578234 0.00201725 -0.00037761 0.0185392 -0.0504024 -0.000143562 -0.0231249 0.000449438 -0.000224324 0.000338022 0.000632496 -0.00344397 -0.000103276 4.27113e-07 -0.0115096 0.0226065 0.00150288 
-1.92215e-06 0.000306192 -4.44501e-09 0.000481601 -0.00014427 -0.000471091 0.000537414 -0.000341288 -0.000112963 0.000258796 -1.82485e-06 -4.02504e-06 -0.000187553 -0.000369511 8.64862e-08 -1.78259e-07 -0.000274873 -0.000135091 -0.000304025 -1.57306e-05 -0.000155805 -5.90087e-06 -0.000239576 0.000196239 -1.91729e-07 -2.58528e-08 -9.22333e-05 0.000222626 -2.54909e-06 2.54015e-06 -1.07182e-08 0.00037691 -0.000332414 -0.000102981 -3.4025e-05 -0.00010816 0.000164892 -6.66752e-10 -2.31015e-08 -5.36269e-09 -4.87872e-05 0.000289696 -0.000251278 -3.14351e-06 -0.0001719 1.51136e-05 -4.5137e-06 0.000395589 0.000222052 -0.000152049 -3.77035e-06 -1.80986e-06 0.00018037 0.000346646 -8.19485e-06 -0.000306261 -1.43424e-05 -8.29301e-06 -0.000139895 0.000189878 -0.000338434 2.53751e-06 -4.07751e-07 0.000509368 -6.06872e-06 2.41981e-06 -2.77666e-06 0.000507821 -9.07207e-06 -4.30682e-08 -7.26252e-05 -1.36161e-07 -5.27037e-05 -7.62352e-05 -8.43522e-06 -7.57534e-05 -2.39434e-07 -0.00015555 -1.69341e-08 -9.96594e-05 -0.000114064 1.10618e-07 -0.000345382 2.08641e-06 -1.69091e-06 7.01753e-05 -0.000132053 0.000392507 -8.41076e-08 4.93447e-05 1.27457e-05 -2.51873e-07 -3.07169e-06 -6.14925e-06 0.000499658 1.34647e-07 -4.5418e-09 -8.42926e-06 -0.000168627 -5.09628e-06 
-0.058108 0.0845288 -1.98516e-06 -0.002023 -0.1104 0.0465155 -0.000341288 0.230922 -0.133473 -0.0883343 -0.00198526 -0.00471588 0.0916897 0.146943 -8.40849e-06 -0.000211021 -0.0465758 -0.112346 0.072583 0.0102092 0.102894 -0.0040253 0.0906818 -0.000660496 -0.000544235 1.29756e-05 -0.129785 -0.000519467 -0.00293046 0.000383464 3.07339e-06 -0.148361 0.217354 -0.122094 0.0236984 0.072532 -0.000385594 1.88726e-07 -2.73359e-05 -3.27756e-06 -0.0832842 0.0248335 0.167703 -0.0123432 0.11504 -0.00107367 0.00222881 -0.0933456 -0.121661 0.079545 0.000285235 -0.00199275 -0.00134521 -0.0971793 0.00291182 0.000400841 0.00801979 0.00356305 0.0848741 -0.030211 0.121862 -0.000186354 0.000270244 -0.00101816 -0.00732363 -0.000161308 -0.00317622 -0.000844813 -0.0110495 -3.85483e-05 0.0468023 -0.00012995 -0.0801881 0.0504948 -0.0100094 0.0506755 -0.00025104 -0.192953 -2.00967e-05 -0.127908 -0.109952 0.000135752 0.142486 0.000436054 -0.00167946 -0.000262712 0.00314179 -0.137047 -9.94887e-05 -0.0931542 -0.00739293 -0.000294749 -0.00353107 -0.00354965 -0.0024628 5.39062e-05 -1.39669e-06 -0.0102278 0.110129 0.00836649 
-0.0150259 -0.0546705 1.05664e-06 0.000263093 0.14673 -0.0243134 -0.000112963 -0.133473 0.165949 0.105399 -0.000668997 0.00585128 -0.0712302 -0.154722 4.83574e-06 0.000254543 0.0895941 0.147332 -0.123896 -0.0061454 -0.0608675 0.00458525 -0.0267259 -0.000272916 8.36762e-05 -8.84084e-06 0.0261507 -0.00101896 0.00357657 -0.000240068 1.9566e-07 0.15026 -0.129065 0.151263 -0.0138372 -0.0429903 -7.11761e-05 -5.04115e-10 3.31974e-05 1.86143e-06 -0.0279428 0.020347 -0.0981659 0.0150001 -0.0669906 0.00124494 -0.00100428 -0.0272199 0.15227 -0.0595191 -0.0014731 -0.000783961 0.00105645 0.134689 -0.00320038 0.0792689 -0.00560367 -0.0031539 -0.0539539 -0.0569569 -0.137419 -6.21301e-05 -0.000155758 -0.000138338 -0.00171241 -0.00122436 0.00362317 -0.000382554 -0.00364267 2.94863e-05 -0.0287168 8.92811e-05 -0.0296523 -0.0289346 0.0122973 -0.0295663 0.000308668 0.137884 1.78938e-05 0.023767 0.0960281 -8.37735e-05 -0.139969 -0.000371729 -0.00615187 -8.61135e-05 -0.0475459 0.134598 -3.0338e-05 -0.0238691 -0.00274428 -9.83582e-05 0.00396242 0.00528986 -0.000533697 -4.61456e-05 -1.77451e-06 -0.00294063 -0.0627248 -0.00497512 
0.00555149 -0.0390414 4.61981e-07 0.002079 0.109677 -0.0343629 0.000258796 -0.0883343 0.105399 0.187984 0.000367271 -0.00101317 -0.0401845 -0.126762 2.41497e-06 1.20508e-06 0.0697905 0.112793 -0.0998338 -0.00708188 -0.030748 6.32236e-05 -0.0170451 0.000614686 -0.000119143 -1.17166e-05 -0.00481341 -0.000305062 -0.00116139 -0.000258088 3.58066e-06 0.112257 -0.0929488 0.0934052 -0.0132909 -0.0503739 0.000159763 -5.12029e-08 2.37442e-05 -2.29634e-06 -0.0270191 0.0484648 -0.115078 0.00530275 -0.0473427 0.0011831 -0.00188266 -0.0187268 0.117759 -0.0568373 0.00413266 -0.000849084 0.000972254 0.114675 0.00155153 0.0610522 -0.00512858 0.00197791 -0.0289981 -0.00680382 -0.124103 0.000148451 -0.000184732 0.000856855 -0.00267886 0.00358254 0.00364842 0.000821912 -0.00435369 2.95548e-05 0.00448544 -9.77231e-06 -0.0303121 -0.0342342 0.00496755 -0.0347867 0.000282246 0.0953892 -4.55388e-06 -0.010197 0.0490375 5.10456e-05 -0.0943636 0.000116414 -0.00675316 7.4074e-05 -0.0619638 0.0947085 -3.02767e-05 -0.018385 -0.00325964 0.000156926 -0.00142919 -0.00163454 0.00247048 3.81756e-05 -1.84986e-06 -0.00246902 -0.0323894 0.00153545 
0.00246397 -0.000786624 -2.80553e-08 0.000159956 -0.000908312 -0.00291581 -1.82485e-06 -0.00198526 -0.000668997 0.000367271 0.00338227 -5.5446e-06 0.000458751 -0.00233467 4.49078e-07 -1.05844e-06 0.00105116 -0.000857426 0.000806556 -7.76656e-05 -0.000906113 -3.39408e-05 -0.00152998 5.79224e-05 -9.37601e-07 -1.63173e-07 0.00181311 -4.56231e-06 -1.18089e-05 2.39707e-05 -6.76495e-08 0.00202073 -0.0019361 -0.00062809 -0.000189929 -0.000216084 -7.47756e-08 -4.2083e-09 7.24192e-07 3.9486e-08 0.00193319 -0.000799026 -0.00137853 2.1204e-06 -0.000975318 -4.48194e-06 3.48119e-06 0.00208062 -0.000509322 -0.000777455 0.00026003 0.000111689 -2.15077e-06 -0.000729895 -2.36195e-05 -0.00144673 0.000367996 -6.03171e-05 -0.000482956 0.00137372 -0.00196207 0.000215455 -2.6691e-07 -8.55905e-07 0.000611621 0.000247017 1.63109e-05 1.44043e-05 -5.09629e-05 -2.71831e-07 -1.90875e-05 -7.79397e-07 0.00149522 -0.000472562 5.25733e-05 -0.000431405 -1.50122e-06 0.00182585 3.09785e-07 0.00197846 -0.000448837 -1.54119e-06 -0.00178752 1.61803e-05 -9.36293e-06 3.39467e-07 -0.000855692 0.00190943 7.27425e-05 0.00233024 5.62351e-05 0.00017204 -1.87807e-05 -2.16518e-05 0.000144468 2.77997e-07 1.34667e-07 0.000296197 -0.00106404 0.00014284 
-0.000835471 -0.00213395 6.74786e-07 -1.75752e-05 0.00538678 -0.000176096 -4.02504e-06 -0.00471588 0.00585128 -0.00101317 -5.5446e-06 0.00742959 -0.00262522 -0.00548438 5.44494e-06 -1.87497e-06 -0.000787313 0.00515391 -0.00460863 -0.000196636 -0.00216376 0.00589201 -0.00292224 -1.00894e-05 9.4282e-05 -3.59909e-07 -0.00162406 -3.60167e-05 0.00451423 -8.76e-06 2.60787e-07 -0.000336298 -0.00460018 0.00597619 -0.000463101 -0.0015274 -4.52483e-06 2.50718e-07 2.08451e-05 -7.46566e-08 -0.0010335 -0.00306143 -0.00344177 0.0063015 -0.0023666 8.84592e-05 0.000216129 -0.00115498 0.00526499 -0.00211975 -5.24888e-05 -2.79338e-05 -1.40719e-05 -0.00176654 -0.000114084 -0.00148482 -0.000199611 -0.00014389 -0.00196314 -0.00292773 -0.00501537 -2.21569e-06 -1.5165e-06 -7.48949e-06 8.15034e-05 -4.37161e-05 -2.51391e-05 -1.40408e-05 -0.00012803 1.64638e-05 -0.00102637 -5.22225e-07 -0.00108315 -0.00103905 0.00649713 -0.00101419 3.87367e-05 -0.00150774 4.94425e-06 -0.00159728 0.00492745 3.31551e-05 -0.00535945 -1.46001e-05 -0.000200446 -3.08178e-06 0.00336326 -0.00112346 -1.75673e-08 -0.0011243 -9.64922e-05 -3.45644e-06 0.00483237 0.00655707 -2.84695e-05 -1.84405e-06 -6.32285e-08 -0.000118309 0.000388728 -0.00018283 
0.0093135 -0.100832 -2.54208e-06 -0.00112197 -0.0768141 0.01128 -0.000187553 0.0916897 -0.0712302 -0.0401845 0.000458751 -0.00262522 0.228767 0.0618377 -3.97112e-06 -0.000117279 0.108196 -0.0885177 0.017026 -0.0079072 0.172337 -0.00387505 0.0937476 3.11547e-05 -0.000269296 7.42934e-06 -0.0463429 -0.000506133 -0.00166905 -0.000430375 2.89127e-06 -0.065142 0.0743972 -0.0679571 0.0313655 -0.0715014 -0.000183181 -4.29313e-07 -1.49179e-05 -3.34006e-06 -0.0199691 -0.142906 0.0439939 -0.0067716 0.194621 -0.000606342 2.64544e-05 -0.0205788 -0.0821688 -0.100352 -0.00216432 -0.000762937 -0.000749149 -0.0652154 -0.00526177 0.122473 0.00151182 -0.00606 -0.0923612 -0.0620954 0.102877 0.000181311 -0.000235971 -0.000572164 -0.00323725 -0.00188776 -0.00173901 -0.000661671 -0.00478226 -2.8247e-05 0.0220225 -8.95509e-05 -0.0242401 0.0833225 -0.00553998 -0.0498842 -0.000149273 -0.0829138 -1.03143e-05 -0.0361313 -0.074834 -0.000196726 0.0767558 -0.000108655 -0.00730577 -0.000145856 -0.0799775 -0.0648292 6.37284e-06 -0.0178653 -0.00245141 3.8245e-05 -0.0017184 0.000409088 -0.000616565 -7.68082e-05 3.19081e-06 -0.00134695 0.166456 0.00388322 
-0.0172846 0.0656668 -1.99648e-06 -0.00242769 -0.133932 0.0489804 -0.000369511 0.146943 -0.154722 -0.126762 -0.00233467 -0.00548438 0.0618377 0.193221 -5.7815e-06 -0.000243446 -0.104043 -0.135162 0.114343 0.00719502 0.0555305 -0.00738159 0.0479858 -0.000814101 -0.000166595 9.99001e-06 -0.0408606 -4.90504e-05 -0.00336775 -0.000126334 -5.30311e-06 -0.167819 0.15064 -0.141565 0.0156362 0.0516475 -0.000446213 6.45287e-08 -3.17191e-05 -2.32648e-06 0.0140543 -0.0133941 0.119169 -0.014159 0.069232 -0.001267 0.00135651 0.00661155 -0.143321 0.0659116 -0.00444211 0.000768587 -0.00155833 -0.124453 -0.000987914 -0.0709218 0.00581323 -0.00204746 0.060326 0.035445 0.152525 -0.000162267 0.000144142 -0.00117995 -0.00793588 -0.00405717 -0.00390633 -0.00115381 0.00450618 -3.11074e-05 0.015671 -0.0001863 0.0176326 0.0347222 -0.0115818 0.0364093 -0.000284567 -0.150334 -2.1501e-05 -0.0382114 -0.0915941 3.93702e-05 0.156121 -0.000987877 0.00731149 -0.000303946 0.0605926 -0.148926 -0.000111279 0.00570997 0.00335408 -0.000168102 -0.00370628 -0.00531672 -0.00280498 -5.96505e-05 1.94063e-06 -0.007026 0.0639631 0.00498193 
2.04888e-06 -1.8811e-06 -1.56516e-10 5.00678e-07 3.6601e-06 -9.64845e-06 8.64862e-08 -8.40849e-06 4.83574e-06 2.41497e-06 4.49078e-07 5.44494e-06 -3.97112e-06 -5.7815e-06 1.8933e-05 -6.27678e-09 1.05422e-06 -3.89385e-06 -1.34468e-06 3.1861e-06 -5.48612e-06 4.77556e-06 -2.08836e-07 -2.55191e-08 2.03742e-07 -9.10315e-10 1.65146e-06 1.21419e-07 -8.97574e-08 -2.29997e-08 -3.77404e-10 3.42973e-06 -8.08933e-06 4.58866e-06 -1.25218e-06 2.12062e-06 -1.14446e-08 -2.34773e-11 9.89187e-07 -1.88828e-10 2.07506e-06 -3.29731e-06 -5.17454e-06 -3.60009e-07 -6.06341e-06 6.00609e-06 3.51066e-07 4.0944e-06 8.80392e-07 -2.22492e-06 -1.3276e-07 -7.06527e-08 -1.53245e-10 -1.88993e-06 -2.88553e-07 -1.28863e-06 -5.05017e-07 -3.65601e-07 -2.74869e-06 3.31773e-06 -9.14645e-06 -5.60414e-09 -1.43575e-08 2.09414e-07 4.05899e-06 -1.10571e-07 -6.71365e-08 2.04487e-07 2.94485e-06 -1.5165e-09 -2.59949e-06 -4.79442e-09 -4.40524e-07 -2.68436e-06 7.39965e-06 5.79276e-07 -8.43082e-09 3.34019e-06 3.68274e-06 3.39711e-06 -3.44303e-06 -1.33586e-08 -1.26682e-05 -3.74507e-08 1.15505e-07 -7.79473e-09 -1.04081e-06 6.4104e-06 -2.96155e-09 2.44477e-06 -2.47337e-07 -8.86882e-09 2.68508e-07 9.00143e-07 2.08864e-07 -4.88335e-09 -1.59924e-10 1.16386e-07 -5.94654e-06 -4.62431e-07 
-1.90139e-05 -9.40742e-05 -2.74057e-09 -1.09709e-06 0.000222681 -4.32342e-05 -1.78259e-07 -0.000211021 0.000254543 1.20508e-06 -1.05844e-06 -1.87497e-06 -0.000117279 -0.000243446 -6.27678e-09 0.00033141 0.000158295 0.00022155 -0.000169859 -9.66199e-06 -9.60612e-05 -1.4915e-06 -0.000145339 -4.46836e-07 2.54865e-06 -1.59395e-08 0.000189918 -1.15275e-06 -1.51497e-06 -4.02722e-07 -6.6083e-09 0.000247078 -0.000205549 0.000242107 -2.19255e-05 -6.76407e-05 -2.00394e-07 -4.11085e-10 1.45757e-07 -3.30636e-09 -4.56572e-05 -0.000125301 -0.000154348 4.88957e-06 -0.000106169 1.54621e-06 -2.69291e-06 -3.29585e-05 0.000218377 -9.3189e-05 -2.3246e-06 -1.23712e-06 -7.03078e-07 0.000180736 -5.03585e-06 0.000126946 -8.84278e-06 -6.16829e-06 -8.69227e-05 -0.000123502 -0.000205997 -9.81277e-08 -2.51398e-07 -5.35562e-07 -3.81153e-06 -1.93608e-06 6.14121e-07 -6.21832e-07 -5.74162e-06 -2.65536e-08 -4.55168e-05 1.04605e-06 -4.77095e-05 -4.39027e-05 2.28262e-06 -4.67056e-05 5.62377e-07 0.000227683 5.95593e-08 0.000205534 4.4934e-05 -2.33907e-07 -0.000235392 -6.55757e-07 -9.62914e-06 -1.36485e-07 -8.34998e-05 0.000254489 -5.18564e-08 -3.45564e-05 -4.31083e-06 -1.55292e-07 -1.89384e-06 -3.18464e-06 -1.93953e-07 -8.55067e-08 -2.80024e-09 -4.40624e-06 -0.000103483 -7.84376e-06 
-0.00123143 -0.145685 8.65785e-07 -7.90655e-05 0.0523435 -0.0291171 -0.000274873 -0.0465758 0.0895941 0.0697905 0.00105116 -0.000787313 0.108196 -0.104043 1.05422e-06 0.000158295 0.24987 0.0582358 -0.0730597 -0.0133283 0.111235 -0.00282001 0.0454151 -0.000171068 -0.00015804 -2.24213e-05 -0.00936197 -0.00167186 -0.00201561 -0.000619898 3.35282e-06 0.10575 -0.0604128 0.0814838 -0.0232632 -0.0967586 -0.000259247 4.72534e-07 2.0502e-05 -1.18367e-06 -0.0414278 -0.106121 -0.0707941 0.00449459 0.0964967 0.000656757 0.00401093 -0.0396457 0.0738023 -0.142919 -0.00348967 -0.00178001 0.000408621 0.0480512 -0.00771133 0.189396 -0.00993319 -0.00898327 -0.134052 -0.111627 -0.0523368 -0.000150813 -0.000360249 -0.000632275 0.00537376 -0.00298535 -0.00231464 -0.000920391 -0.00873883 -3.84945e-05 0.00420806 1.19573e-05 -0.0472914 0.0212366 0.00345777 -0.0715888 0.00018039 0.070934 1.32911e-05 0.00467431 0.0207169 -0.000354701 -0.076409 -0.000678252 -0.0146231 -0.000210162 -0.1138 0.0934443 6.01606e-05 -0.0379193 -0.00663742 -0.000237287 -0.00173545 -0.000155222 -5.30387e-05 -0.000120298 -3.23627e-06 0.00352681 0.111559 0.000632708 
-0.0267206 -0.0312348 -1.29334e-07 0.00014711 0.177239 -0.0158597 -0.000135091 -0.112346 0.147332 0.112793 -0.000857426 0.00515391 -0.0885177 -0.135162 -3.89385e-06 0.00022155 0.0582358 0.189262 -0.143324 -0.00721066 -0.0731238 0.00389218 0.000783466 -0.000302169 1.55062e-05 -1.19273e-05 0.0110749 -0.000972989 0.00319995 -5.77731e-06 3.16927e-06 0.131441 -0.104119 0.140753 -0.0083279 -0.0452641 -0.000153262 -2.71067e-07 1.734e-05 3.17128e-06 -0.0349886 0.0439647 -0.108471 0.0140255 -0.0739749 0.00113774 -0.00142496 -0.0391114 0.166403 -0.0617783 -0.00174453 -0.000946156 0.000951925 0.166551 -0.00328988 0.0640688 -0.00669621 -0.00355346 -0.0291813 -0.0364342 -0.160778 -7.49587e-05 -0.000191801 -0.000160608 -0.00273053 -0.00143067 0.00368992 -0.000375821 -0.004396 3.84283e-05 -0.0339393 7.66748e-05 -0.0366581 -0.0288086 0.0112635 -0.0350689 0.000292504 0.116019 -7.86509e-06 0.00644773 0.0951217 0.000327736 -0.120369 0.000316487 -0.00700868 -0.000102461 -0.0560594 0.117973 -3.81301e-05 -0.036713 -0.00330744 -4.4988e-05 0.00363463 0.00375352 -0.000995408 0.000132881 -2.14164e-06 -0.00405739 -0.0659267 -0.00326366 
0.0383826 0.0710607 -9.22749e-07 -0.00102468 -0.155877 0.00911043 -0.000304025 0.072583 -0.123896 -0.0998338 0.000806556 -0.00460863 0.017026 0.114343 -1.34468e-06 -0.000169859 -0.0730597 -0.143324 0.235481 0.0103314 0.0186761 -0.00644467 -0.0565953 9.73903e-05 7.31411e-05 -2.41833e-05 0.0149398 0.000369443 -0.00277952 0.000310867 7.8149e-07 -0.106072 0.0623247 -0.118171 -0.0381195 0.0663871 -0.000272877 -6.69412e-07 -2.59252e-05 -5.98392e-07 0.0521322 0.00424162 0.0764919 -0.0117399 -0.00262989 -0.00111007 -0.00280406 0.0574266 -0.147264 0.0957948 -0.00433419 0.00102192 -0.00129115 -0.165296 -0.000422945 -0.113089 -0.000327925 -0.0018097 0.0570976 0.0878157 0.119998 -0.000176722 0.000235617 -0.000850291 0.00403035 -0.00357529 -0.00329026 -0.000728654 0.00657934 -3.23295e-05 0.0200884 -0.000148422 0.0548701 -0.0504353 -0.0097123 0.0513883 -0.00024549 -0.0806356 6.53525e-06 0.0155985 -0.0737715 -0.000429936 0.0920464 -0.000683865 0.00988304 -0.000255207 0.0876485 -0.0943998 5.7299e-05 0.0525451 0.00401227 -9.68271e-05 -0.0030788 -0.00699048 0.000106955 -0.000142933 1.0989e-06 0.00605346 0.0320037 -0.00907362 
-0.00325855 0.0134389 -2.41842e-07 -6.38796e-05 -0.0078849 0.00201534 -1.57306e-05 0.0102092 -0.0061454 -0.00708188 -7.76656e-05 -0.000196636 -0.0079072 0.00719502 3.1861e-06 -9.66199e-06 -0.0133283 -0.00721066 0.0103314 0.0283992 -0.00605441 -0.000320598 0.00562026 8.77355e-05 -2.37849e-05 -7.96586e-07 -0.00532835 -6.63997e-06 -0.00013807 0.000558532 5.76848e-07 -0.00683283 0.0110041 -0.00561616 -0.000895805 0.0123579 -1.76838e-05 -3.62763e-08 -1.2569e-06 -2.91771e-07 -0.00397369 0.0106375 0.0149508 -0.00056025 -0.00617384 -5.09888e-05 -0.000207626 -0.00192553 -0.0070803 0.0157194 -0.000205059 -0.000104127 -5.94167e-05 -0.00846881 0.000717955 -0.0115673 -0.000619608 -0.000557027 0.00137571 0.0137718 -0.000337808 -8.65932e-06 0.000366152 -4.40508e-05 -0.000332123 -0.00016818 -0.000155242 1.76329e-05 -0.000505937 1.86343e-06 -0.00355667 -7.40817e-06 -0.00412871 -0.0038438 -0.000458939 0.0110716 -1.1077e-05 -0.00882558 -9.21341e-07 -0.00633556 -0.00609613 -1.25457e-06 -0.0083837 0.000195263 0.00175543 -1.00241e-05 0.00527604 -0.0062669 -4.57608e-06 -0.00404705 -0.000337759 -1.33638e-05 -0.00016609 -9.11819e-05 -8.62078e-05 1.38878e-05 3.79559e-07 -0.000467434 -0.00174511 -0.000684291 
-0.0192624 -0.0790032 1.48465e-06 -0.000958809 -0.077289 0.021169 -0.000155805 0.102894 -0.0608675 -0.030748 -0.000906113 -0.00216376 0.172337 0.0555305 -5.48612e-06 -9.60612e-05 0.111235 -0.0731238 0.0186761 -0.00605441 0.205799 0.000348833 0.0883308 -0.000363693 -0.000248819 -1.35583e-05 -0.0636367 -0.000444949 -0.00136347 -0.000261526 4.41745e-06 -0.0672874 0.0864508 -0.0556138 0.00562532 -0.0584432 -0.000175151 -3.49302e-07 -1.2369e-05 -2.4332e-06 -0.0399779 -0.107452 0.0441092 -0.00560303 0.181322 -0.000518369 -0.002097 -0.0447298 -0.0698936 -0.0715713 0.00429077 -0.00102178 -0.000614514 -0.0730196 0.000995923 0.113876 0.000520227 0.000947058 -0.0654936 -0.0807527 0.0820324 -7.1817e-05 -0.000200777 -0.000468099 -0.00333113 0.0035143 -0.00137557 -0.000541489 -0.00502709 -2.29888e-05 0.0370977 3.60817e-05 -0.0418884 0.0670996 -0.00446998 -0.0407872 -0.00012084 -0.0875939 -9.1255e-06 -0.0638603 -0.0552175 -0.000198866 0.0763791 4.28897e-05 -0.00832641 -0.000119292 -0.0636476 -0.0622817 -4.50309e-05 -0.0434478 -0.00374915 -8.55203e-05 -0.00158555 -0.00128862 -0.0011362 -6.25892e-05 -1.53084e-06 -0.00464508 0.178047 -0.001858 
-0.00119496 -0.00268216 2.45928e-06 -3.59966e-05 0.00415033 0.000225577 -5.90087e-06 -0.0040253 0.00458525 6.32236e-05 -3.39408e-05 0.00589201 -0.00387505 -0.00738159 4.77556e-06 -1.4915e-06 -0.00282001 0.00389218 -0.00644467 -0.000320598 0.000348833 0.0108538 -0.00482648 -1.16814e-06 5.92305e-06 -5.2764e-07 -0.00235569 -3.95192e-05 0.00411665 4.97388e-05 2.17914e-07 -0.00118087 -0.00318012 0.0047728 -0.000725792 -0.00215682 -6.63358e-06 2.46392e-07 7.47851e-06 -7.94494e-08 -0.0013864 -0.000390792 -0.00478397 0.00593327 -0.00351337 0.000103734 3.71748e-05 -0.00161291 0.00387808 0.000951813 0.00332596 -4.04353e-05 -1.23304e-05 -0.0027165 0.00234573 -0.00417914 -0.000245233 0.00372344 0.00109354 -0.00431062 -0.00683961 -3.24829e-06 -5.81196e-06 -1.77219e-05 -5.56866e-06 0.00246347 2.75353e-07 -2.00743e-05 -0.000187707 8.93434e-06 0.00211704 0.000111104 -0.00152733 -0.00155321 0.0058259 -0.00146135 -4.8867e-06 -0.00267369 4.83439e-06 -0.00211665 0.00802358 3.20304e-05 -0.0040184 9.34094e-05 -0.000265669 -4.51801e-06 0.00222846 -0.00173657 -8.29918e-07 -0.0016055 -0.000143362 4.73194e-05 0.00479147 0.0060313 -4.2661e-05 -2.38717e-06 -9.26954e-08 -0.000157685 -0.00131507 5.33444e-05 
-0.0496531 -0.0368811 -1.11189e-06 -0.000616503 0.0074904 0.0154135 -0.000239576 0.0906818 -0.0267259 -0.0170451 -0.00152998 -0.00292224 0.0937476 0.0479858 -2.08836e-07 -0.000145339 0.0454151 0.000783466 -0.0565953 0.00562026 0.0883308 -0.00482648 0.249025 -0.000497346 -0.000355338 2.08712e-05 -0.0782279 -0.000598343 -0.00222159 0.000288589 -1.65428e-06 -0.0418824 0.0956763 -0.0220004 0.0348923 -0.0416105 -0.000282905 -5.3795e-07 -1.52869e-05 -8.98598e-07 -0.058384 -0.039635 0.0519244 -0.00902687 0.114648 -0.000347469 0.0018852 -0.0643107 -0.00734544 -0.0613109 -0.00324004 -0.00162357 -0.000424571 0.0245979 -0.00442037 0.100899 -0.00403001 -0.00199685 -0.0457189 -0.0450249 0.0305543 -0.000136201 7.56174e-05 -0.000684803 -0.00525704 -0.00263563 0.00265277 -0.000464608 -0.00385946 -1.92411e-06 -0.0251356 -8.73801e-05 -0.0609087 0.0716343 -0.00400552 -0.0492849 -0.000126412 -0.0662456 -1.411e-05 -0.0800812 -0.0526064 0.00026752 0.0227422 0.000885603 -0.00844259 -0.000186249 -0.076033 -0.0494432 -7.19294e-05 -0.0631067 -0.00545309 -0.000219343 -0.00254723 -0.00150475 -0.00179361 0.000105722 5.70674e-08 -0.00740394 0.0952613 0.00595232 
0.000352362 0.000329335 2.02191e-07 0.000409703 -0.000335262 -0.000841606 0.000196239 -0.000660496 -0.000272916 0.000614686 5.79224e-05 -1.00894e-05 3.11547e-05 -0.000814101 -2.55191e-08 -4.46836e-07 -0.000171068 -0.000302169 9.73903e-05 8.77355e-05 -0.000363693 -1.16814e-06 -0.000497346 0.00134602 7.1626e-06 -6.48041e-08 -0.000250912 0.000353183 -6.19971e-06 0.000184106 -2.00277e-10 0.000639066 -0.000661637 -0.000257655 -6.9591e-05 -8.39324e-05 5.47519e-05 -1.67132e-09 -5.79077e-08 -1.34425e-08 -0.000168878 0.000407442 -0.000449876 -1.70831e-05 -0.00042224 7.83588e-06 5.92354e-07 0.000848677 0.000369443 -2.71352e-05 3.43568e-06 2.01366e-06 4.57382e-05 8.93919e-05 -1.43184e-05 -0.000449757 -2.89549e-05 -1.107e-05 -0.000318347 0.000719882 -0.000893475 3.20438e-06 2.87812e-05 0.000433316 -1.49363e-05 2.7086e-06 2.16777e-05 0.000445812 -2.3234e-05 -7.46242e-08 -0.000112358 6.18869e-06 7.46554e-06 -0.000191096 -2.11442e-05 -5.36481e-05 -6.0018e-07 0.000149744 4.97552e-07 0.00026344 -0.00015425 1.09235e-06 -0.000423083 0.000176217 0.00010852 3.80518e-05 -0.000225741 0.000354217 1.09171e-07 0.000212648 -1.73476e-05 1.33653e-05 -7.65968e-06 -1.40307e-05 0.000547342 -1.27639e-07 -1.13848e-08 4.26941e-06 -0.00038077 -3.24432e-05 
0.000425259 -0.000241681 -7.09864e-09 -2.37502e-06 1.17928e-05 -0.000133675 -1.91729e-07 -0.000544235 8.36762e-05 -0.000119143 -9.37601e-07 9.4282e-05 -0.000269296 -0.000166595 2.03742e-07 2.54865e-06 -0.00015804 1.55062e-05 7.31411e-05 -2.37849e-05 -0.000248819 5.92305e-06 -0.000355338 7.1626e-06 0.000857969 -4.12866e-08 0.000547635 -3.49205e-06 0.000106909 -1.04313e-06 -1.71169e-08 4.63283e-05 -0.000532776 4.30287e-05 -5.63916e-05 -0.000166428 -3.89062e-07 -1.0648e-09 -3.68929e-08 1.47692e-08 0.000480991 -0.000351672 -0.000399122 7.59164e-05 -0.000274565 -1.29803e-06 -6.415e-06 0.000469237 4.47276e-05 -0.000109042 -5.88788e-06 5.94893e-06 -1.67779e-06 -9.79289e-05 -1.30871e-05 -0.000292452 -2.26613e-05 -1.65816e-05 -0.000225137 0.000199547 -0.000314551 -2.54171e-07 -6.51174e-07 -5.67218e-07 0.000102661 -5.01486e-06 -3.44673e-06 -1.34068e-06 0.000305812 9.12205e-08 -0.000116581 -2.17447e-07 0.000414382 -0.000121237 4.94238e-06 -0.000120977 6.54293e-07 0.000175521 2.92956e-07 0.000540619 -7.93791e-05 -5.52536e-07 -0.000537488 -1.62855e-06 -1.9622e-05 -3.53524e-07 0.000272919 0.000113837 9.49014e-07 0.000478533 1.84189e-05 -1.22382e-08 0.000136478 9.26564e-05 1.60558e-05 -2.2148e-07 -7.25321e-09 0.00010139 -0.000187184 -2.04132e-05 
-1.32338e-06 -9.57088e-06 -3.97461e-10 -1.5911e-07 -1.13889e-05 3.20067e-06 -2.58528e-08 1.29756e-05 -8.84084e-06 -1.17166e-05 -1.63173e-07 -3.59909e-07 7.42934e-06 9.99001e-06 -9.10315e-10 -1.59395e-08 -2.24213e-05 -1.19273e-05 -2.41833e-05 -7.96586e-07 -1.35583e-05 -5.2764e-07 2.08712e-05 -6.48041e-08 -4.12866e-08 4.80777e-05 1.78022e-05 -2.33412e-07 -2.27933e-07 -5.84063e-08 -9.58395e-10 -1.02091e-05 1.31225e-05 -9.23003e-06 3.84535e-05 -7.39169e-06 4.09371e-08 -5.96192e-11 -2.06568e-09 -4.79518e-10 -5.64047e-06 -1.57026e-05 1.85314e-05 -9.31148e-07 2.63357e-05 -8.61161e-08 -4.03603e-07 -3.0145e-06 -1.16381e-05 -9.59054e-06 -3.37135e-07 -1.79418e-07 -1.01967e-07 2.78447e-05 -7.32761e-07 1.64227e-05 -1.28246e-06 -9.28421e-07 -1.26092e-05 -4.15613e-06 1.26045e-05 -1.42314e-08 -3.646e-08 -7.7672e-08 -5.52783e-07 -2.80788e-07 -1.05137e-07 -9.01837e-08 -8.34151e-07 -3.85105e-09 -6.60125e-06 -1.21751e-08 -4.03939e-06 3.52099e-05 -7.54255e-07 -6.48034e-06 -2.14095e-08 -1.30556e-05 -1.5142e-09 -9.51267e-06 -1.01993e-05 -3.39233e-08 -2.01829e-05 5.48963e-08 1.34189e-06 -1.97942e-08 -9.27315e-06 -1.02345e-05 -7.52067e-09 -3.62606e-06 1.18386e-05 -2.25218e-08 -2.74662e-07 4.56818e-07 -1.89111e-07 1.37599e-07 -4.06116e-10 -6.71009e-07 -1.35309e-05 -2.27646e-07 
0.0692274 -0.057273 -1.18443e-06 0.000169899 0.0095225 -0.0285789 -9.22333e-05 -0.129785 0.0261507 -0.00481341 0.00181311 -0.00162406 -0.0463429 -0.0408606 1.65146e-06 0.000189918 -0.00936197 0.0110749 0.0149398 -0.00532835 -0.0636367 -0.00235569 -0.0782279 -0.000250912 0.000547635 1.78022e-05 0.17199 -0.000554687 -0.00103305 -0.000267504 -4.26591e-06 0.0492616 -0.126293 0.0239759 -0.0135971 -0.0433069 -3.14585e-05 -2.73665e-07 -5.70191e-06 -1.09443e-06 0.105443 -0.0769922 -0.0926612 0.00184938 -0.0693553 -0.000383848 -0.00176896 0.106964 0.0153655 -0.0396757 -0.0015451 0.00239502 0.000136031 0.00835217 0.00191904 -0.0468342 -0.00586224 -0.00411701 -0.0562466 0.0706029 -0.0236664 -6.06917e-05 0.000309477 -0.000348601 0.00866832 -0.00128789 -0.000499427 -0.000361303 0.013403 -1.11705e-05 -0.0299493 7.15934e-05 0.102999 -0.0296615 -0.00324942 -0.0284985 -9.45212e-05 0.103008 1.90762e-05 0.133846 0.0269026 -8.46455e-05 -0.0547457 -0.000418 0.00267035 -9.01298e-05 0.0315225 0.0551611 0.000118368 0.106218 0.00912068 -7.174e-05 -0.000844057 -0.00249341 0.00118537 -4.97064e-05 8.55839e-07 0.011834 -0.0689291 -0.00448447 
0.000133749 0.00166274 1.73202e-07 0.000875268 -0.00106888 -0.000590291 0.000222626 -0.000519467 -0.00101896 -0.000305062 -4.56231e-06 -3.60167e-05 -0.000506133 -4.90504e-05 1.21419e-07 -1.15275e-06 -0.00167186 -0.000972989 0.000369443 -6.63997e-06 -0.000444949 -3.95192e-05 -0.000598343 0.000353183 -3.49205e-06 -2.33412e-07 -0.000554687 0.00483108 -2.11878e-05 8.1626e-05 -9.67694e-08 6.88075e-05 -0.000525385 -0.000931522 -9.21348e-05 -0.000786654 0.000429822 -6.01977e-09 -2.08572e-07 2.24916e-07 -0.000354977 0.00130436 -0.00172902 -8.44383e-05 -0.000620494 8.96048e-05 -3.59919e-05 0.00140777 -0.000898914 0.000898867 -2.89206e-05 8.29874e-05 0.000521384 -0.000188684 -5.91404e-05 -0.00142512 -8.37103e-05 -1.65329e-05 -0.000476178 0.00109688 -0.000544743 3.76972e-06 2.48862e-06 0.000904821 -5.54146e-05 7.63878e-06 -2.52645e-05 0.000918801 -8.21211e-05 6.94783e-06 -5.02366e-05 4.21067e-06 0.000576345 9.56409e-05 -7.61573e-05 -0.000460449 -1.30506e-06 -0.00125233 -1.52889e-07 0.000426993 -0.00070002 6.44648e-05 4.63355e-05 0.000137511 0.000154616 0.000408848 -0.000825585 -2.13489e-05 -7.59364e-07 0.000764117 -5.4699e-05 5.2393e-06 -2.75794e-05 -4.80617e-05 0.000922329 3.52454e-06 1.36899e-06 -6.05024e-05 0.00118597 -3.43707e-05 
-0.000515772 -0.00121869 6.97477e-07 -1.56883e-05 0.0033149 0.000343414 -2.54909e-06 -0.00293046 0.00357657 -0.00116139 -1.18089e-05 0.00451423 -0.00166905 -0.00336775 -8.97574e-08 -1.51497e-06 -0.00201561 0.00319995 -0.00277952 -0.00013807 -0.00136347 0.00411665 -0.00222159 -6.19971e-06 0.000106909 -2.27933e-07 -0.00103305 -2.11878e-05 0.00471823 -5.30888e-06 1.25502e-07 -0.00104821 -0.00284741 0.00366093 -0.000313522 -0.000908957 -2.86561e-06 -5.87848e-09 7.10632e-06 -4.72806e-08 -0.000625773 -0.00181961 -0.00212259 0.00438147 -0.00151017 -1.50775e-06 -3.76321e-05 -0.000698373 0.00332803 -0.00118952 -3.28449e-05 -1.32674e-05 -1.00139e-05 -0.00140516 -6.90572e-05 -0.00204067 -9.95777e-05 -7.17427e-05 -0.0010852 -0.00184713 -0.00319464 -1.02988e-06 -3.59497e-06 -5.31849e-06 -5.40446e-05 -2.73658e-05 -4.51324e-06 -8.89214e-06 -7.20843e-05 1.65303e-05 -0.000534626 1.82953e-06 -0.000665328 -0.000671021 0.00402322 -0.00061733 -9.24323e-07 -0.00143403 -1.49301e-07 -0.00109326 0.00364913 2.93485e-05 -0.00330777 -1.68059e-06 -5.44031e-05 -1.95172e-06 0.00343763 -0.00101893 -7.41541e-07 -0.000679983 -5.76505e-05 1.28693e-05 0.00386933 0.00451287 -1.82131e-05 -1.22274e-06 -4.00432e-08 -7.60218e-05 -0.000820056 -0.000115328 
-0.00013503 0.000857625 2.93291e-07 1.008e-05 -0.000235788 -0.00023835 2.54015e-06 0.000383464 -0.000240068 -0.000258088 2.39707e-05 -8.76e-06 -0.000430375 -0.000126334 -2.29997e-08 -4.02722e-07 -0.000619898 -5.77731e-06 0.000310867 0.000558532 -0.000261526 4.97388e-05 0.000288589 0.000184106 -1.04313e-06 -5.84063e-08 -0.000267504 8.1626e-05 -5.30888e-06 0.0012133 9.24522e-08 -0.000277414 0.00031395 -0.000211356 -4.73572e-05 0.000644809 5.66571e-06 8.84937e-08 -5.21907e-08 4.55133e-09 -0.000163803 0.000694926 0.000402202 -2.15061e-05 -0.000363705 -2.11911e-06 -9.26063e-06 -0.000158495 -0.000257861 0.000789 -5.9046e-06 -4.53312e-06 4.04118e-08 -0.000304113 -1.66537e-05 -0.000678629 -1.72989e-05 3.69728e-05 -0.000124833 0.000563125 -0.000777579 -3.59565e-07 3.22021e-05 6.9209e-06 -1.39664e-05 -5.12096e-06 5.22071e-05 3.24681e-05 -2.10754e-05 -9.72993e-08 6.45717e-05 2.05224e-05 -7.56203e-05 -0.00016971 -1.89867e-05 0.000434772 -5.40926e-07 -0.000351559 -3.82573e-08 -0.000260713 -0.000137559 -8.57095e-07 -0.000510131 0.00047435 3.01433e-05 -5.00114e-07 -0.00027931 -0.000254438 -1.90015e-07 -8.61446e-05 -1.65926e-06 -5.69028e-07 -6.86286e-06 -1.0449e-05 6.28532e-06 2.21967e-05 -1.02608e-08 -1.94801e-05 -7.90264e-05 -1.04665e-05 
-1.13684e-06 -4.25655e-06 -1.64782e-10 2.0702e-08 3.02231e-06 -6.84605e-07 -1.07182e-08 3.07339e-06 1.9566e-07 3.58066e-06 -6.76495e-08 2.60787e-07 2.89127e-06 -5.30311e-06 -3.77404e-10 -6.6083e-09 3.35282e-06 3.16927e-06 7.8149e-07 5.76848e-07 4.41745e-06 2.17914e-07 -1.65428e-06 -2.00277e-10 -1.71169e-08 -9.58395e-10 -4.26591e-06 -9.67694e-08 1.25502e-07 9.24522e-08 1.99329e-05 -1.09813e-06 -7.58095e-06 -2.05998e-06 1.35835e-06 -2.83462e-06 -1.20491e-08 -2.47173e-11 4.22477e-07 -1.98802e-10 -2.75305e-06 -2.77598e-06 -5.00853e-06 3.87292e-07 4.97634e-06 3.97631e-07 1.49338e-07 -3.08363e-06 -1.25166e-06 -4.86161e-06 -1.13105e-07 -7.43844e-08 -4.2274e-08 2.27254e-06 1.5954e-07 6.06786e-06 -4.51691e-07 -3.58244e-07 -5.20094e-06 3.17535e-06 -9.51963e-07 -5.90013e-09 4.98217e-07 1.27798e-07 -3.91764e-08 -1.13078e-07 1.04422e-06 -3.7389e-08 -3.45828e-07 -1.59659e-09 6.61654e-06 1.82857e-08 -2.88527e-06 -2.82613e-06 2.17296e-07 -2.69161e-06 -8.87611e-09 -2.55596e-06 -6.27767e-10 -3.81228e-06 -2.3385e-06 -1.40642e-08 -1.96797e-07 1.20057e-06 -5.83782e-07 -8.20642e-09 -4.25121e-06 -8.54541e-07 -3.11797e-09 -3.01656e-06 -2.604e-07 1.73294e-08 1.06129e-07 3.4204e-07 -7.84029e-08 1.11819e-06 -1.6837e-10 -3.1965e-07 9.35272e-06 -4.73521e-07 
0.0146962 -0.0631001 1.17957e-07 0.0024844 0.130333 -0.052153 0.00037691 -0.148361 0.15026 0.112257 0.00202073 -0.000336298 -0.065142 -0.167819 3.42973e-06 0.000247078 0.10575 0.131441 -0.106072 -0.00683283 -0.0672874 -0.00118087 -0.0418824 0.000639066 4.63283e-05 -1.02091e-05 0.0492616 6.88075e-05 -0.00104821 -0.000277414 -1.09813e-06 0.179521 -0.14437 0.136956 -0.0154976 -0.0468747 0.000453816 -3.08065e-08 2.33075e-05 1.40437e-06 -0.00657328 0.0125156 -0.109587 0.00868625 -0.0738489 0.00127102 -0.00115895 0.00183068 0.139719 -0.0654107 -0.00164429 -0.000856077 0.00161128 0.128166 -0.00356938 0.0697735 -0.00624806 -0.0037498 -0.0613025 -0.0346944 -0.144629 -6.74568e-05 -0.000173652 0.00121067 0.00826516 -0.00133767 -0.000258522 0.00110317 -0.00403259 -1.28377e-05 -0.0313868 8.14929e-05 -0.0106763 -0.0324181 0.00648709 -0.0330362 0.00029608 0.159322 1.93275e-05 0.0487837 0.0815323 -8.60056e-05 -0.152179 -0.00044454 -0.00672114 0.000311472 -0.0587701 0.156447 6.57962e-05 0.000955941 -0.00306328 -0.000105619 -0.000983166 -0.00101631 0.00280234 -1.79519e-05 -1.98092e-06 0.00743961 -0.0716607 -0.00556817 
-0.0671461 0.0937655 -2.03872e-06 -0.00196451 -0.101841 0.0454954 -0.000332414 0.217354 -0.129065 -0.0929488 -0.0019361 -0.00460018 0.0743972 0.15064 -8.08933e-06 -0.000205549 -0.0604128 -0.104119 0.0623247 0.0110041 0.0864508 -0.00318012 0.0956763 -0.000661637 -0.000532776 1.31225e-05 -0.126293 -0.000525385 -0.00284741 0.00031395 -7.58095e-06 -0.14437 0.235209 -0.118208 0.0238826 0.0761455 -0.00037575 2.09192e-07 -2.67068e-05 -2.31629e-06 -0.0810107 0.0375198 0.170135 -0.0119286 0.0971269 -0.00101988 0.00233563 -0.0902313 -0.114056 0.0882872 0.00194436 -0.00199865 -0.00130627 -0.0885864 0.00475131 -0.0126353 0.00661871 0.00545954 0.0958473 -0.0367973 0.11259 -0.000181472 0.0002656 -0.000991883 -0.00713421 0.00149878 -0.0031015 -0.000864662 -0.0107744 -2.30997e-05 0.0325967 -0.000144767 -0.0776013 0.0505755 -0.0097452 0.0531851 -0.000240531 -0.187454 -1.95769e-05 -0.127483 -0.101178 0.000145917 0.138324 6.10117e-06 0.000194877 -0.000255917 0.00745911 -0.13312 -9.69204e-05 -0.0912025 -0.00723308 -0.000275958 -0.00354183 -0.00384569 -0.00237262 -2.03369e-05 -1.38728e-06 -0.0099629 0.0919154 0.008593 
