0.00119125 8.0413e-07 -1.33461e-08 0.000563997 -1.0839e-07 6.20192e-10 -7.52213e-05 -1.61102e-06 1.14099e-09 1.64603e-06 6.00314e-10 4.31765e-07 3.23692e-08 -1.79884e-05 -5.51934e-07 0.000189657 -8.3226e-08 -1.84563e-06 8.49411e-06 -0.000112469 -6.20595e-07 -3.60376e-05 -1.73437e-05 5.3591e-06 4.04902e-06 1.38191e-08 -2.29882e-07 1.49482e-09 2.17465e-09 3.88415e-09 -1.61519e-07 0 -0.000375717 -0.00031432 0.000152488 2.99409e-07 -1.73509e-05 5.42151e-08 0.000374066 0.000527571 6.36094e-11 -4.03359e-07 1.98779e-11 -4.10209e-05 8.14996e-10 3.58795e-06 1.05962e-08 3.97559e-12 -1.32645e-07 2.8664e-09 0 7.51386e-10 1.39146e-10 6.4802e-08 -0.000328782 3.57008e-09 2.60004e-09 -0.000124098 -5.97694e-08 9.46747e-08 -0.000553939 8.86556e-10 7.2805e-08 2.50462e-09 -1.46701e-06 -1.35981e-05 -2.60099e-06 0 -2.16177e-06 -1.10941e-05 3.78597e-06 -0.000636157 -9.23392e-09 -1.43903e-08 0.000402493 -3.77252e-07 1.82877e-09 -0.000585722 1.18042e-06 -6.94837e-06 -0.000401498 1.07341e-10 0 9.98078e-07 2.18657e-10 -2.53865e-06 -9.38048e-08 2.06731e-10 -1.07673e-06 7.86053e-08 9.85643e-06 -6.1394e-05 -1.33407e-07 0.000337252 0 -3.04023e-05 -2.9607e-07 -2.02667e-06 3.93583e-10 5.7646e-10 
8.0413e-07 0.000724005 8.10749e-09 0.000232744 -9.78115e-10 -3.76756e-10 -5.98006e-06 5.57127e-07 -6.93134e-10 -1.5244e-06 -3.6468e-10 1.02438e-06 -1.96637e-08 -1.91711e-08 -8.50115e-10 2.10633e-05 -6.52077e-11 -2.49262e-08 1.07398e-05 0.000285088 -3.81127e-08 -1.17998e-06 -4.4931e-07 -5.31087e-06 -2.62153e-05 -8.39489e-09 -2.84209e-08 -9.08078e-10 -1.32106e-09 -2.35955e-09 -1.73018e-08 0 -1.08411e-05 -5.51756e-05 4.53087e-06 -1.43735e-06 -3.59005e-08 1.87065e-07 0.000258303 0.000362895 -3.86416e-11 1.17478e-06 -1.20755e-11 -8.78283e-07 -4.95095e-10 -6.88399e-06 -1.84913e-06 -2.4151e-12 -4.46793e-09 -1.74129e-09 0 -4.56454e-10 -8.45285e-11 -2.4186e-07 -0.000305765 -2.16876e-09 3.05087e-07 -1.32731e-06 -1.40076e-10 -3.75132e-08 -0.000282309 -5.38567e-10 -4.42277e-08 -1.52151e-09 -1.63811e-07 -9.93377e-07 -6.25108e-07 0 -5.28009e-09 9.11269e-06 1.60394e-07 -0.000303557 -2.88146e-08 -2.56822e-08 0.000314559 -4.15083e-06 -1.11095e-09 -0.000314383 -7.69733e-07 -1.85989e-06 -0.000277117 -6.52077e-11 0 -1.54664e-07 -1.3283e-10 6.44659e-06 -1.59131e-08 -1.25585e-10 -3.23599e-08 -4.77514e-08 -8.50258e-06 -1.71711e-07 -1.98038e-09 -0.0006134 0 -2.69477e-08 -8.46251e-09 -4.04771e-09 -2.39095e-10 -3.50189e-10 
-1.33461e-08 8.10749e-09 1.11899e-05 -3.62052e-06 1.51065e-11 5.8188e-12 9.30283e-08 -6.32298e-07 1.07051e-11 2.35435e-08 5.6323e-12 -3.86595e-06 3.03697e-10 2.96087e-10 1.31296e-11 -3.25313e-07 1.0071e-12 3.84973e-10 -1.65871e-07 -3.53938e-06 5.88631e-10 1.82243e-08 -7.53061e-07 -4.64292e-09 -1.90136e-06 1.29655e-10 4.38946e-10 1.40248e-11 2.04031e-11 3.64421e-11 2.67217e-10 0 1.68156e-07 -3.54451e-06 -9.80345e-08 2.21991e-08 5.54465e-10 5.0866e-10 -4.00151e-06 -4.78037e-06 5.968e-13 -6.01678e-06 1.865e-13 1.35646e-08 7.6465e-12 1.08534e-07 2.85589e-08 3.73e-14 6.9005e-11 2.68933e-11 0 7.0497e-12 1.3055e-12 3.73541e-09 4.50812e-06 3.34954e-11 2.43942e-11 2.04996e-08 2.1634e-12 8.88262e-10 4.37849e-06 8.3179e-12 6.83075e-10 2.3499e-11 2.52998e-09 1.53422e-08 9.65447e-09 0 1.26563e-09 -1.40741e-07 -2.4772e-09 4.39645e-06 4.45026e-10 3.96648e-10 -4.88359e-06 -3.53947e-09 1.7158e-11 4.87644e-06 1.18881e-08 2.8725e-08 4.27992e-06 1.0071e-12 0 9.80207e-09 2.0515e-12 1.33377e-06 2.4577e-10 1.9396e-12 -4.72834e-07 7.37496e-10 -1.29868e-06 2.65199e-09 3.0586e-11 4.50385e-06 0 4.16193e-10 1.30699e-10 6.25148e-11 3.6927e-12 5.4085e-12 
0.000563997 0.000232744 -3.62052e-06 0.218865 -8.99875e-07 -3.51754e-07 -0.00392088 0.000103068 -6.47138e-07 0.000677094 -1.83814e-07 0.000115282 -1.07422e-05 -1.77522e-05 -5.97036e-07 -0.000361221 2.91194e-08 8.7145e-06 0.00261528 0.120102 1.53831e-05 0.000151189 -5.62742e-05 0.0018137 -0.00311615 3.74886e-06 -4.09158e-06 -7.31152e-07 5.89938e-07 2.40358e-07 -8.95365e-06 0 -0.00929122 0.00338131 -0.00125261 -0.000293905 -2.74748e-05 1.26641e-05 0.201448 0.155721 1.7256e-08 8.60426e-05 5.39249e-09 -0.00079474 -1.85575e-07 0.00059142 0.000142723 1.0785e-09 -1.65811e-06 -1.1324e-06 0 2.03836e-07 -7.89193e-08 9.81194e-05 -0.155385 -1.26151e-06 7.05337e-07 -0.0012299 6.25528e-08 4.21333e-06 -0.194385 4.05049e-08 1.85772e-05 6.79453e-07 -6.42435e-06 0.00043909 0.000219967 0 3.09612e-05 0.00163356 0.000111014 -0.183087 1.08876e-05 9.30541e-06 0.178824 -9.75008e-05 4.96109e-07 -0.178559 0.000340885 0.000818026 -0.194152 2.91194e-08 0 0.000264368 -1.24016e-07 0.000111882 -1.39838e-05 5.60819e-08 8.03412e-06 2.13074e-05 0.00379612 -0.000142147 8.01034e-07 0.0328352 0 -2.31728e-05 2.25572e-06 -3.77911e-06 1.06771e-07 1.56382e-07 
-1.0839e-07 -9.78115e-10 1.51065e-11 -8.99875e-07 1.35e-06 -7.02e-13 -1.12232e-08 -5.27072e-10 -1.2915e-12 -2.84037e-09 -6.795e-13 -4.88718e-10 -3.6639e-11 -3.5721e-11 -1.584e-12 -4.74198e-08 -1.215e-13 -4.64445e-11 2.00112e-08 1.55698e-07 -7.10145e-11 8.4468e-08 -8.37189e-10 -9.89563e-09 4.57583e-08 -1.5642e-11 -5.2956e-11 -1.692e-12 -2.4615e-12 -4.3965e-12 -3.2238e-11 0 3.8638e-07 -1.02807e-07 -1.15061e-08 -2.67818e-09 -6.68925e-11 -6.13665e-11 -8.67245e-07 -6.49821e-07 -7.2e-14 -3.88593e-10 -2.25e-14 -1.63648e-09 -9.225e-13 -1.30939e-08 -3.44545e-09 -4.5e-15 -8.325e-12 -3.2445e-12 0 -8.505e-13 -1.575e-13 -4.50653e-10 6.69182e-07 -4.041e-12 -2.943e-12 -2.47314e-09 -2.61e-13 -1.07163e-10 7.35097e-07 -1.0035e-12 -8.24085e-11 -2.835e-12 8.63614e-08 -1.85094e-09 -1.16475e-09 0 -1.5269e-10 -1.09969e-06 2.98859e-10 6.28864e-07 -5.36895e-11 -4.7853e-11 -6.7416e-07 4.27014e-10 -2.07e-12 6.75023e-07 -1.43423e-09 -3.46549e-09 8.33655e-07 -1.215e-13 0 -1.18255e-09 -2.475e-13 1.20118e-08 -2.96505e-11 -2.34e-13 -6.02955e-11 -8.8974e-11 -1.58427e-08 -3.19946e-10 -3.69e-12 -1.14496e-06 0 -5.0211e-11 -1.5768e-11 -7.542e-12 -4.455e-13 -6.525e-13 
6.20192e-10 -3.76756e-10 5.8188e-12 -3.51754e-07 -7.02e-13 5.2e-07 -4.32303e-09 -2.0302e-10 -4.97467e-13 -1.09407e-09 -2.61733e-13 -1.88247e-10 -1.41128e-11 -1.37592e-11 -6.10133e-13 -5.15494e-08 -4.68e-14 -1.78897e-11 -5.89586e-08 -3.14941e-07 -2.73537e-11 -8.46882e-10 -3.22473e-10 -3.81165e-09 -1.96091e-08 -6.02507e-12 -2.03979e-11 -6.51733e-13 -9.48133e-13 -1.69347e-12 -1.24176e-11 0 5.12186e-07 -3.95999e-08 4.55567e-09 -1.0316e-09 -2.5766e-11 -2.36375e-11 -3.3405e-07 -2.50302e-07 -2.77333e-14 -1.4968e-10 -8.66667e-15 -6.30349e-10 -3.55333e-13 -5.04356e-09 -1.32714e-09 -1.73333e-15 -3.20667e-12 -1.24973e-12 0 -3.276e-13 -6.06667e-14 -1.73585e-10 3.00129e-07 -1.55653e-12 -1.1336e-12 6.57141e-08 -1.00533e-13 -4.12776e-11 3.16531e-07 -3.86533e-13 -3.17425e-11 -1.092e-12 -1.17569e-10 -7.12953e-10 -4.48644e-10 0 -5.88137e-11 6.54024e-09 1.15116e-10 -1.52042e-07 -2.06804e-11 -1.84323e-11 -2.93059e-07 1.64479e-10 -7.97333e-13 2.93392e-07 -5.52443e-10 -1.33485e-09 3.21112e-07 -4.68e-14 0 -4.55503e-10 -9.53333e-14 4.62676e-09 -1.14209e-11 -9.01333e-14 -2.32249e-11 -3.42715e-11 -6.10236e-09 -1.23238e-10 -1.42133e-12 -4.50009e-07 0 -1.93405e-11 -6.0736e-12 -2.90507e-12 -1.716e-13 -2.51333e-13 
-7.52213e-05 -5.98006e-06 9.30283e-08 -0.00392088 -1.12232e-08 -4.32303e-09 0.0082444 1.32088e-06 -7.95326e-09 -1.74915e-05 -4.18447e-09 -1.85294e-06 -2.25629e-07 -1.56642e-07 -9.75453e-09 0.000134008 -7.48217e-10 -2.79346e-07 -0.000248231 -0.00476982 -4.20652e-07 7.40738e-05 4.52112e-06 8.86611e-05 0.000342605 -9.63259e-08 -2.22778e-07 -1.04196e-08 7.48417e-08 -2.70744e-08 -1.18601e-08 0 -6.812e-05 -0.000230241 5.46539e-05 4.94273e-05 3.88065e-07 -3.74571e-07 -0.00431015 -0.00399678 -4.43388e-10 -2.39302e-06 -1.38559e-10 5.81589e-05 -5.6809e-09 -7.66341e-05 -1.72043e-05 -2.77117e-11 -5.12667e-08 -1.99802e-08 0 -5.23752e-09 -9.6991e-10 8.65715e-05 0.00462342 -2.48851e-08 -1.81235e-08 1.17367e-05 -1.60728e-09 1.29674e-06 0.00405438 -6.17971e-09 -5.07485e-07 -1.74584e-08 1.34104e-05 -1.10917e-05 3.7644e-05 0 -9.40286e-07 -0.000675608 -3.81958e-06 0.0038981 8.82705e-07 -2.94686e-07 -0.00423899 -5.3107e-05 -1.27474e-08 0.00426778 -8.4322e-06 -2.1341e-05 0.00389194 -7.48217e-10 0 -6.01903e-06 -1.52414e-09 -0.000192006 -1.82593e-07 -1.44101e-09 -3.71309e-07 1.60288e-05 -9.70117e-05 -1.88694e-06 -2.27236e-08 -0.00690107 0 -2.05874e-07 -9.71019e-08 2.33555e-07 1.5059e-07 6.59818e-08 
-1.61102e-06 5.57127e-07 -6.32298e-07 0.000103068 -5.27072e-10 -2.0302e-10 1.32088e-06 0.000390271 -3.73505e-10 -6.94776e-07 -1.96513e-10 -1.41338e-07 1.34027e-05 -1.03306e-08 -4.58097e-10 -4.70639e-06 -3.51381e-11 1.43235e-07 5.7873e-06 0.000148378 -2.05376e-08 1.34141e-05 3.12162e-08 -2.86184e-06 1.90372e-05 -4.52371e-09 -1.5315e-08 -4.89331e-10 -7.11872e-10 -1.27148e-09 -9.32331e-09 0 1.25596e-05 -2.96188e-05 3.42046e-06 -7.74536e-07 1.34207e-05 3.85586e-07 0.000124741 -0.000145443 -2.08226e-11 -1.12382e-07 -6.50706e-12 -4.73275e-07 -2.66789e-10 -3.78678e-06 -9.96432e-07 -1.30141e-12 -2.40761e-09 -9.38317e-10 0 -2.45967e-10 -4.55494e-11 -1.3033e-07 -0.000164775 -1.16867e-09 -8.51123e-10 -7.15237e-07 -7.54818e-11 -3.09918e-08 -0.000152767 -2.90215e-10 -2.38327e-08 -8.19889e-10 4.88395e-07 -5.35295e-07 -3.36848e-07 0 -4.41582e-08 -8.23949e-06 -1.86903e-07 -0.000161547 -1.55271e-08 -1.38392e-08 0.000136004 -2.00317e-06 -5.98649e-10 -0.000169874 -4.14782e-07 -7.92227e-07 -0.000143205 -3.51381e-11 0 -3.41998e-07 -7.15776e-11 3.30051e-06 -8.575e-09 -6.76734e-11 -1.74376e-08 -2.57315e-08 -8.65071e-07 1.42908e-05 -1.06716e-09 -5.16328e-06 0 -1.45211e-08 -4.56014e-09 -2.18117e-09 -1.2884e-10 -1.88705e-10 
1.14099e-09 -6.93134e-10 1.07051e-11 -6.47138e-07 -1.2915e-12 -4.97467e-13 -7.95326e-09 -3.73505e-10 9.56666e-07 -2.01281e-09 -4.81522e-13 -3.46326e-10 -2.59639e-11 -2.53134e-11 -1.12249e-12 2.78119e-08 -8.61e-14 -3.29125e-11 -9.35819e-07 -5.79411e-07 -5.03239e-11 -1.55805e-09 1.5274e-07 -7.01246e-09 9.13924e-07 -1.10846e-11 -3.75268e-11 -1.19902e-12 -1.74432e-12 -3.11554e-12 -2.28452e-11 0 7.82291e-07 8.04797e-08 8.38127e-09 1.51435e-07 -4.74028e-11 -4.34869e-11 -6.14566e-07 -4.60491e-07 -5.10222e-14 -2.75373e-10 -1.59444e-14 -1.15968e-09 -6.53722e-13 -9.27886e-09 -2.44159e-09 -3.18889e-15 -5.89944e-12 -2.29919e-12 0 -6.027e-13 -1.11611e-13 -3.19351e-10 5.52161e-07 -2.86362e-12 -2.08553e-12 -1.75257e-09 -1.84956e-13 -7.59402e-11 5.82336e-07 -7.11122e-13 -5.83981e-11 -2.009e-12 -2.16296e-10 -1.31165e-09 -8.2539e-10 0 -1.08202e-10 -1.41301e-07 -9.49788e-07 5.54298e-07 -3.80466e-11 -3.39106e-11 -5.39154e-07 3.026e-10 -1.46689e-12 5.39765e-07 -1.01635e-09 -2.45579e-09 5.90763e-07 -8.61e-14 0 -8.38008e-10 -1.75389e-13 -1.44821e-07 -2.10116e-11 -1.65822e-13 -4.27279e-11 -6.30507e-11 -1.12268e-08 -2.26727e-10 -2.61489e-12 -8.27902e-07 0 -3.55816e-11 -1.11739e-11 -5.34458e-12 -3.157e-13 -4.62389e-13 
1.64603e-06 -1.5244e-06 2.35435e-08 0.000677094 -2.84037e-09 -1.09407e-09 -1.74915e-05 -6.94776e-07 -2.01281e-09 0.00209955 -1.059e-09 -7.61669e-07 4.16231e-07 -5.56713e-08 -2.46867e-09 -8.0177e-05 -1.89358e-10 8.67616e-07 2.67043e-05 -0.00115801 -1.10676e-07 -8.29917e-07 -1.30476e-06 -1.54224e-05 -6.29375e-05 4.52289e-07 -8.25321e-08 -2.63699e-09 6.4283e-07 -6.85196e-09 -5.0243e-08 0 -3.16172e-05 0.00155589 1.79494e-05 5.88938e-06 -1.04252e-07 -9.56399e-08 0.00074762 -0.000996736 -1.12212e-10 -2.15624e-07 1.66316e-08 1.27287e-06 -1.43772e-09 7.94265e-05 -5.36974e-06 -7.01327e-12 -1.29745e-08 -5.05657e-09 0 -1.32551e-09 -2.45464e-10 2.07656e-07 0.000643671 -6.29791e-09 -4.58668e-09 -3.85439e-06 -4.06769e-10 -1.67014e-07 -0.000822042 -1.56396e-09 -1.28434e-07 -4.41836e-09 -4.69029e-07 -2.88469e-06 -1.81526e-06 0 5.55366e-07 -2.21574e-05 3.25772e-07 -0.000878205 -8.36753e-08 -7.45791e-08 -0.000636641 -1.07478e-05 -3.2261e-09 -0.000251014 7.61475e-06 1.80157e-05 -0.000802035 -1.89358e-10 0 1.63003e-05 -3.8573e-10 1.01871e-05 -4.62104e-08 -3.6469e-10 -9.39708e-08 -1.38666e-07 2.42358e-05 -4.98636e-07 -5.75088e-09 -0.000129703 0 -7.8254e-08 -2.45745e-08 -1.17542e-08 -6.94313e-10 -1.01692e-09 
6.00314e-10 -3.6468e-10 5.6323e-12 -1.83814e-07 -6.795e-13 -2.61733e-13 -4.18447e-09 -1.96513e-10 -4.81522e-13 -1.059e-09 5.03333e-07 -1.82213e-10 -1.36605e-11 -1.33182e-11 -5.90578e-13 1.46328e-08 -4.53e-14 -1.73163e-11 7.46098e-09 -1.4818e-07 -2.6477e-11 -8.19739e-10 -3.12137e-10 -3.68948e-09 -1.89806e-08 -5.83196e-12 -1.97441e-11 -6.30844e-13 -9.17744e-13 -1.63919e-12 -1.20196e-11 0 -7.56376e-09 -3.83307e-08 4.40966e-09 -9.98531e-10 -2.49402e-11 -2.28799e-11 -1.66676e-07 -8.56124e-08 -2.68444e-14 -1.44883e-10 -8.38889e-15 -6.10146e-10 -3.43944e-13 -4.88191e-09 -1.2846e-09 -1.67778e-15 -3.10389e-12 -1.20968e-12 0 -3.171e-13 -5.87222e-14 -1.68021e-10 1.33843e-07 -1.50664e-12 -1.09727e-12 -9.22083e-10 -9.73111e-14 -3.99546e-11 1.49719e-07 -3.74144e-13 -3.07251e-11 -1.057e-12 -1.138e-10 -6.90102e-10 -4.34264e-10 0 -5.69287e-11 6.33062e-09 1.11426e-10 1.34967e-07 -2.00176e-11 -1.78415e-11 -1.27e-07 1.59208e-10 -7.71778e-13 1.27321e-07 -5.34736e-10 -1.29207e-09 1.54153e-07 -4.53e-14 0 -4.40903e-10 -9.22778e-14 4.47847e-09 -1.10549e-11 -8.72444e-14 -2.24805e-11 -3.3173e-11 -5.90677e-09 -1.19288e-10 -1.37578e-12 -4.35586e-07 0 -1.87206e-11 -5.87893e-12 -2.81196e-12 -1.661e-13 -2.43278e-13 
4.31765e-07 1.02438e-06 -3.86595e-06 0.000115282 -4.88718e-10 -1.88247e-10 -1.85294e-06 -1.41338e-07 -3.46326e-10 -7.61669e-07 -1.82213e-10 0.000361882 -9.82504e-09 -9.57887e-09 -4.24762e-10 3.81102e-06 -3.25812e-11 -1.24545e-08 4.13284e-06 0.000131848 -1.90431e-08 4.68708e-06 -1.11656e-08 3.97974e-06 -1.30215e-05 -4.19453e-09 -1.42006e-08 -4.53723e-10 -6.60071e-10 -1.17896e-09 -8.64488e-09 0 -5.36676e-06 -1.9922e-05 3.0649e-06 -7.18175e-07 -1.79378e-08 -1.64559e-08 0.000126128 0.000136109 -1.93074e-11 6.56246e-06 -6.03356e-12 -4.38836e-07 -2.47376e-10 -3.51122e-06 -7.13924e-07 -1.20671e-12 6.77676e-08 -8.70039e-10 0 -2.28068e-10 -4.22349e-11 1.04582e-06 -0.000141366 7.22497e-08 -7.89189e-10 -6.63192e-07 -6.99892e-11 -2.87366e-08 -0.000139271 -2.69097e-10 -2.20985e-08 -7.60228e-10 -5.85155e-08 1.91699e-06 -3.12337e-07 0 -4.09449e-08 -1.30152e-07 8.01413e-08 -0.000147591 -1.43973e-08 -1.28322e-08 0.000155012 -1.93883e-06 -5.55087e-10 -0.00015248 -3.84599e-07 -6.99298e-07 -0.000130805 -3.25812e-11 0 -3.17112e-07 -6.63691e-11 -1.03689e-05 -7.95102e-09 -6.2749e-11 -1.61687e-08 -2.38591e-08 -3.94167e-06 -8.5796e-08 -9.89503e-10 -0.000276091 0 -1.34645e-08 -4.22832e-09 -2.02245e-09 -1.19464e-10 -1.74973e-10 
3.23692e-08 -1.96637e-08 3.03697e-10 -1.07422e-05 -3.6639e-11 -1.41128e-11 -2.25629e-07 1.34027e-05 -2.59639e-11 4.16231e-07 -1.36605e-11 -9.82504e-09 2.71393e-05 -7.18124e-10 -3.18443e-11 -1.8171e-05 -2.4426e-12 1.1724e-06 -2.2177e-06 7.07917e-06 -1.42765e-09 1.88458e-05 -1.68306e-08 2.68439e-06 1.97266e-05 -3.14462e-10 -1.06461e-09 -3.40155e-11 -4.94853e-11 -8.83859e-11 -6.48103e-10 0 1.54355e-05 -1.87681e-06 -1.23223e-06 -5.38413e-08 1.34553e-05 -1.23369e-09 -8.47483e-06 -1.15871e-05 -1.44747e-12 -7.81216e-09 -4.52333e-13 3.80434e-07 -1.85457e-11 -1.69902e-07 1.20734e-07 -9.04667e-14 -1.67363e-10 -6.52265e-11 0 -1.70982e-11 -3.16633e-12 -9.05978e-09 -5.62223e-06 -8.12391e-11 -5.91652e-11 -4.97192e-08 -5.24707e-12 -2.15437e-09 -8.11951e-06 -2.01741e-11 -1.65672e-09 -5.6994e-11 -6.13617e-09 -3.72107e-08 2.76584e-07 0 -3.06962e-09 -2.24686e-05 6.00816e-09 -5.5316e-06 -1.07936e-09 -9.62023e-10 -1.09654e-05 -4.67142e-06 -4.16147e-11 -3.22055e-06 -2.88333e-08 -6.96691e-08 -2.84711e-06 -2.4426e-12 0 8.28929e-08 -4.97567e-12 -1.25185e-07 -5.96085e-10 -4.70427e-12 -1.21216e-09 -1.78871e-09 -1.84962e-08 1.41536e-05 -7.41827e-11 -1.59704e-05 0 -1.00943e-09 1.7635e-07 -1.51622e-10 -8.9562e-12 -1.31177e-11 
-1.79884e-05 -1.91711e-08 2.96087e-10 -1.77522e-05 -3.5721e-11 -1.37592e-11 -1.56642e-07 -1.03306e-08 -2.53134e-11 -5.56713e-08 -1.33182e-11 -9.57887e-09 -7.18124e-10 2.64593e-05 1.83302e-07 -2.34074e-05 -2.3814e-12 -9.10312e-10 -6.53111e-06 6.43102e-06 -1.39188e-09 -4.30933e-08 3.51692e-06 -1.43954e-07 1.62522e-05 -3.06583e-10 -1.03794e-09 -3.31632e-11 -4.82454e-11 9.65805e-08 -6.31865e-10 0 2.07624e-05 -1.61502e-06 -2.06649e-05 -5.24923e-08 -1.31109e-09 -1.20278e-09 -1.54747e-05 -1.27365e-05 -1.4112e-12 -7.61642e-09 -4.41e-13 -3.20751e-08 -1.8081e-11 -2.5664e-07 4.22469e-07 -8.82e-14 -1.6317e-10 5.66031e-08 0 -1.66698e-11 1.16664e-07 -8.83279e-09 -6.73804e-06 3.65875e-08 -5.76828e-11 2.58193e-07 -5.1156e-12 5.12329e-08 1.52132e-05 1.99803e-08 -1.61521e-09 -5.5566e-11 -5.98243e-09 -3.62783e-08 2.02384e-06 0 1.28367e-06 -3.88054e-06 -3.34748e-06 1.33244e-05 -1.05231e-09 -9.37919e-10 -1.45522e-05 8.36947e-09 -4.0572e-11 1.30891e-05 -2.81108e-08 -6.79235e-08 1.6193e-05 -2.3814e-12 0 -2.31781e-08 -4.851e-12 -1.40457e-06 -5.8115e-10 -4.5864e-12 -1.18179e-09 -1.74389e-09 -8.05162e-08 8.6104e-06 -7.2324e-11 1.21479e-06 0 -9.84136e-10 1.52302e-06 -1.47823e-10 -8.7318e-12 -1.2789e-11 
-5.51934e-07 -8.50115e-10 1.31296e-11 -5.97036e-07 -1.584e-12 -6.10133e-13 -9.75453e-09 -4.58097e-10 -1.12249e-12 -2.46867e-09 -5.90578e-13 -4.24762e-10 -3.18443e-11 1.83302e-07 1.17333e-06 -1.05922e-06 -1.056e-13 -4.03666e-11 -1.07594e-06 -7.39694e-08 -6.17212e-11 -1.91091e-09 1.82606e-07 1.34733e-07 9.95754e-07 -1.3595e-11 -4.6026e-11 -1.47058e-12 -2.13938e-12 6.33295e-08 -2.80192e-11 0 7.52368e-07 -8.93536e-08 -1.73054e-07 -2.3277e-09 -5.81387e-11 -5.33358e-11 -5.57087e-07 -5.64783e-07 -6.25778e-14 -3.3774e-10 -1.95556e-14 -1.42233e-09 -8.01778e-13 -1.13803e-08 -2.99456e-09 -3.91111e-15 -7.23556e-12 -2.81991e-12 0 -7.392e-13 -1.36889e-13 -3.91678e-10 5.97215e-07 -3.51218e-12 -2.55787e-12 1.45172e-08 -2.26844e-13 2.99069e-08 5.17558e-07 -8.72178e-13 -7.16242e-11 -2.464e-12 -2.65283e-10 -1.60871e-09 8.89877e-08 0 6.6534e-08 -2.35243e-07 -1.83074e-07 4.43169e-07 -4.66635e-11 -4.15908e-11 -5.81262e-07 3.71133e-10 -1.79911e-12 5.82012e-07 -1.24654e-09 -3.01198e-09 6.4456e-07 -1.056e-13 0 -1.0278e-09 -2.15111e-13 -9.95601e-08 -2.57703e-11 -2.03378e-13 -5.2405e-11 -7.73305e-11 -1.37694e-08 -2.78076e-10 -3.20711e-12 -5.72072e-07 0 -4.36402e-11 -1.37045e-11 -6.55502e-12 -3.872e-13 -5.67111e-13 
0.000189657 2.10633e-05 -3.25313e-07 -0.000361221 -4.74198e-08 -5.15494e-08 0.000134008 -4.70639e-06 2.78119e-08 -8.0177e-05 1.46328e-08 3.81102e-06 -1.8171e-05 -2.34074e-05 -1.05922e-06 0.0282266 2.61645e-09 -2.09836e-07 0.00985917 0.00748821 -8.35073e-06 -0.00114119 -3.80415e-05 -0.004484 -0.00738594 -5.79822e-07 -1.39295e-06 -1.56897e-07 -2.33659e-07 -1.86564e-08 -7.40243e-06 0 -0.00415157 -0.00151056 7.92054e-05 -0.000321146 -4.62862e-05 -7.38497e-07 0.0126214 0.0134901 1.55049e-09 -3.0118e-06 4.84529e-10 1.95103e-06 -4.80134e-07 -0.000308179 -0.00178729 9.69057e-11 -3.62072e-06 1.32024e-08 0 1.83152e-08 -9.94163e-09 -4.45887e-05 -0.0128256 -2.18298e-06 6.33763e-08 -0.00154119 5.62053e-09 -4.46156e-05 -0.0132517 -5.17234e-08 1.21797e-06 -2.98949e-07 -4.43237e-05 -0.000130147 -0.000735241 0 -9.61719e-05 0.00133326 5.91087e-06 -0.00938924 1.06182e-07 -2.59328e-05 0.0123895 3.31775e-06 -6.2209e-07 -0.0127766 -2.22512e-05 -8.31545e-06 -0.0175149 2.61645e-09 0 2.98919e-06 -1.78004e-07 0.00344073 1.38512e-07 1.70576e-09 -8.48227e-07 -4.98306e-05 0.000207609 -0.000182437 7.94627e-08 0.000916782 0 -2.77721e-05 -1.07271e-05 -1.29425e-06 -2.40406e-07 1.40513e-08 
-8.3226e-08 -6.52077e-11 1.0071e-12 2.91194e-08 -1.215e-13 -4.68e-14 -7.48217e-10 -3.51381e-11 -8.61e-14 -1.89358e-10 -4.53e-14 -3.25812e-11 -2.4426e-12 -2.3814e-12 -1.056e-13 2.61645e-09 9e-08 -3.0963e-12 1.33408e-09 3.5491e-08 -4.7343e-12 -1.46576e-10 -5.58126e-11 -6.59708e-10 -3.39389e-09 -1.0428e-12 -3.5304e-12 -1.128e-13 -1.641e-13 -2.931e-13 -2.1492e-12 0 -1.35246e-09 -6.85383e-09 7.88482e-10 -1.78545e-10 -4.4595e-12 -4.0911e-12 3.21837e-08 4.66786e-08 -4.8e-15 -2.59062e-11 -1.5e-15 -1.09099e-10 -6.15e-14 -8.72924e-10 -2.29697e-10 -3e-16 -5.55e-13 -2.163e-13 0 -5.67e-14 -1.05e-14 -3.00435e-11 -3.80546e-08 -2.694e-13 -1.962e-13 -1.64876e-10 -1.74e-14 -7.1442e-12 -3.52158e-08 -6.69e-14 -5.4939e-12 -1.89e-13 -2.03484e-11 -1.23396e-10 -7.76499e-11 0 -1.01793e-11 1.13196e-09 1.99239e-11 -3.78535e-08 -3.5793e-12 -3.1902e-12 3.92782e-08 2.84676e-11 -1.38e-13 -3.92207e-08 -9.56151e-11 -2.31032e-10 -3.4423e-08 -8.1e-15 0 -7.8837e-11 -1.65e-14 8.00786e-10 -1.9767e-12 -1.56e-14 -4.0197e-12 -5.9316e-12 -1.05618e-09 -2.13297e-11 -2.46e-13 5.44712e-09 0 -3.3474e-12 -1.0512e-12 -5.028e-13 -2.97e-14 -4.35e-14 
-1.84563e-06 -2.49262e-08 3.84973e-10 8.7145e-06 -4.64445e-11 -1.78897e-11 -2.79346e-07 1.43235e-07 -3.29125e-11 8.67616e-07 -1.73163e-11 -1.24545e-08 1.1724e-06 -9.10312e-10 -4.03666e-11 -2.09836e-07 -3.0963e-12 3.44021e-05 5.3299e-08 1.01234e-05 -1.80973e-09 1.9173e-06 1.71998e-07 -1.28846e-07 -1.10401e-06 -3.9862e-10 -1.34953e-09 -4.31188e-11 -6.27287e-11 -1.1204e-10 -8.21552e-10 0 4.46343e-07 8.13395e-07 -4.85956e-08 6.50827e-08 8.16286e-08 -1.56386e-09 1.01292e-05 -1.50533e-05 -1.83484e-12 -9.90288e-09 -5.73389e-13 -4.17041e-08 -2.35089e-11 -3.33683e-07 3.38863e-07 -1.14678e-13 -2.12154e-10 -8.26827e-11 0 -2.16741e-11 -4.01372e-12 -1.14844e-08 -1.22234e-05 -1.02981e-10 -7.49993e-11 -6.30253e-08 -6.65131e-12 -2.73094e-09 -1.12882e-05 -2.55731e-11 -2.10009e-09 -7.2247e-11 3.22216e-08 -4.71691e-08 -2.96824e-08 0 -3.89113e-09 2.69371e-07 7.6161e-09 -1.06498e-05 -1.36822e-09 -1.21948e-09 1.32078e-05 -2.16578e-06 -5.27518e-11 -1.15325e-05 -3.65498e-08 -8.83143e-08 -1.08952e-05 -3.0963e-12 0 -3.01362e-08 -6.30728e-12 -2.83892e-07 -7.55612e-10 -5.96324e-12 -1.53657e-09 -2.26741e-09 -2.804e-07 -8.15348e-09 -9.40358e-11 -4.20606e-06 0 -1.27957e-09 -4.01831e-10 -1.922e-10 -1.13531e-11 -1.66283e-11 
8.49411e-06 1.07398e-05 -1.65871e-07 0.00261528 2.00112e-08 -5.89586e-08 -0.000248231 5.7873e-06 -9.35819e-07 2.67043e-05 7.46098e-09 4.13284e-06 -2.2177e-06 -6.53111e-06 -1.07594e-06 0.00985917 1.33408e-09 5.3299e-08 0.0146034 0.00638733 6.46414e-07 -6.45539e-06 -0.000135571 -0.00442108 -0.00856998 -3.41582e-07 -7.85374e-08 -6.71422e-07 -4.42972e-07 -4.83926e-08 -1.59269e-06 0 -0.00347178 -0.00114772 4.94991e-05 -0.000385023 -2.77885e-06 6.73811e-07 0.00889357 0.00713511 7.90568e-10 4.18013e-06 2.47052e-10 -8.29212e-05 -7.98708e-08 -0.00111601 -0.00177016 4.94105e-11 -1.28859e-06 -8.21042e-07 0 9.33858e-09 -1.14937e-07 4.5488e-07 -0.00847695 7.70395e-09 3.23145e-08 -0.000736268 2.86581e-09 -7.396e-05 -0.00850805 -8.98146e-09 9.04854e-07 -4.55381e-08 -6.52859e-06 -0.000135003 -0.000739598 0 -5.88345e-06 0.00179713 9.04085e-05 -0.00646016 5.89517e-07 -3.66124e-06 0.00834764 -3.78199e-06 -1.12394e-06 -0.00835933 -5.48487e-05 3.76814e-05 -0.00909308 1.33408e-09 0 3.72792e-06 -1.80616e-07 0.00219642 -2.7911e-06 2.56935e-09 5.92051e-07 -4.93431e-05 0.000173351 3.24637e-06 4.05166e-08 0.00185193 0 -1.3352e-05 -1.06869e-05 8.2812e-08 -2.78442e-07 7.16452e-09 
-0.000112469 0.000285088 -3.53938e-06 0.120102 1.55698e-07 -3.14941e-07 -0.00476982 0.000148378 -5.79411e-07 -0.00115801 -1.4818e-07 0.000131848 7.07917e-06 6.43102e-06 -7.39694e-08 0.00748821 3.5491e-08 1.01234e-05 0.00638733 0.238837 -1.67628e-05 -0.00053414 -0.000222365 -0.00425132 -0.00988726 5.15803e-07 1.00888e-05 -5.65755e-07 -1.07765e-06 5.00915e-07 -1.11164e-05 0 0.00014663 -0.0418769 0.00416122 -0.0011943 1.39198e-05 1.78022e-05 0.140566 0.187959 2.10317e-08 0.000101994 -1.00943e-08 -0.000472239 1.76135e-07 -0.00551813 -0.00153424 1.31448e-09 5.25123e-07 -1.15226e-06 0 -3.2823e-07 -7.06598e-08 -0.000194301 -0.204537 -5.29596e-07 8.59671e-07 0.000311207 7.62399e-08 -4.43736e-05 -0.157727 -3.16871e-07 1.93288e-05 -1.26854e-06 4.47486e-05 -0.000521266 -0.000482869 0 -4.6185e-05 0.00437244 7.3558e-05 -0.150214 -3.86693e-06 -9.24514e-06 0.184357 6.76229e-05 -9.28672e-07 -0.186597 -0.000609803 -0.00119477 -0.14973 -5.4509e-08 0 -0.000359971 -1.11037e-07 0.00501543 2.94112e-06 -1.0498e-07 -3.95727e-06 -2.98234e-05 -0.00443665 7.85883e-05 2.54541e-07 0.0275817 0 1.3537e-05 -6.56406e-06 -1.73026e-06 -1.99866e-07 -2.16067e-07 
-6.20595e-07 -3.81127e-08 5.88631e-10 1.53831e-05 -7.10145e-11 -2.73537e-11 -4.20652e-07 -2.05376e-08 -5.03239e-11 -1.10676e-07 -2.6477e-11 -1.90431e-08 -1.42765e-09 -1.39188e-09 -6.17212e-11 -8.35073e-06 -4.7343e-12 -1.80973e-09 6.46414e-07 -1.67628e-05 5.26006e-05 1.57766e-06 -3.26214e-08 1.19108e-06 3.92633e-06 -6.09497e-10 -2.06345e-09 -6.59295e-11 -9.59134e-11 -1.71312e-10 -1.25617e-09 0 8.46179e-07 -4.00593e-06 -6.89581e-06 -1.04356e-07 -2.6065e-09 -2.39117e-09 1.69541e-05 -2.13539e-05 -2.80551e-12 -1.51417e-08 -8.76722e-13 -6.37663e-08 -3.59456e-11 -2.35411e-08 -5.75867e-08 -1.75344e-13 -3.24387e-10 -1.26423e-10 0 -3.31401e-11 -6.13706e-12 -1.75599e-08 -2.02055e-05 -1.57459e-10 -1.14675e-10 3.203e-07 -1.017e-11 -4.17565e-09 -2.00296e-05 -3.91018e-11 -3.21108e-09 -1.10467e-10 4.7734e-09 -7.21225e-08 -4.53849e-08 0 3.80717e-07 5.01612e-07 -7.21688e-07 -2.2048e-05 -2.09203e-09 -1.86461e-09 2.14374e-05 1.66388e-08 -8.06584e-11 -2.26471e-05 -5.58853e-08 1.8145e-05 2.01971e-05 -4.7343e-12 0 -4.60788e-08 -9.64394e-12 -2.02653e-05 -1.15534e-09 -9.11791e-12 -2.34944e-09 -3.46691e-09 5.39935e-06 9.07533e-07 -1.43782e-10 4.65028e-06 0 -1.95649e-09 -6.14407e-10 -2.93877e-10 -1.73591e-11 -2.54249e-11 
-3.60376e-05 -1.17998e-06 1.82243e-08 0.000151189 8.4468e-08 -8.46882e-10 7.40738e-05 1.34141e-05 -1.55805e-09 -8.29917e-07 -8.19739e-10 4.68708e-06 1.88458e-05 -4.30933e-08 -1.91091e-09 -0.00114119 -1.46576e-10 1.9173e-06 -6.45539e-06 -0.00053414 1.57766e-06 0.00162597 -6.23306e-07 0.000194335 0.000651708 -1.88703e-08 5.99448e-07 -2.0412e-09 1.6703e-07 -5.30387e-09 3.86778e-06 0 0.000537166 -7.66587e-05 1.29382e-05 9.54908e-06 4.14393e-05 1.89264e-06 1.11224e-05 -0.000770162 -8.68597e-11 -4.68793e-07 -2.71437e-11 4.48577e-06 4.08887e-07 -1.20862e-05 -3.3832e-06 -5.42873e-12 -1.00432e-08 -3.91412e-09 0 -1.02603e-09 -1.90006e-10 5.4133e-05 -0.000102417 2.40846e-06 -3.55039e-09 1.27964e-05 -3.14867e-10 1.3072e-07 -0.00052806 -1.21061e-09 1.89392e-06 -3.4201e-09 4.70218e-05 -5.06274e-07 2.27015e-05 0 4.19991e-05 -0.00011756 -6.96128e-07 -0.000652668 -6.47702e-08 1.4556e-06 0.000478466 -2.09715e-05 -2.49722e-09 -0.000547775 -1.0269e-06 -4.18071e-06 0.000778356 -1.46576e-10 0 -1.31995e-06 -2.9858e-10 -0.000197742 -3.57699e-08 -2.82294e-10 -7.27396e-08 1.2946e-05 1.7761e-05 0.000156324 -4.45156e-09 -0.000231548 0 -6.05738e-08 -1.90223e-08 4.09014e-08 1.52796e-07 -7.87166e-10 
-1.73437e-05 -4.4931e-07 -7.53061e-07 -5.62742e-05 -8.37189e-10 -3.22473e-10 4.52112e-06 3.12162e-08 1.5274e-07 -1.30476e-06 -3.12137e-10 -1.11656e-08 -1.68306e-08 3.51692e-06 1.82606e-07 -3.80415e-05 -5.58126e-11 1.71998e-07 -0.000135571 -0.000222365 -3.26214e-08 -6.23306e-07 0.000619755 1.23432e-06 0.000231521 -7.18536e-09 -2.4326e-08 4.95889e-07 -1.13072e-09 9.46471e-08 -1.48089e-08 0 1.58843e-05 0.000222401 2.45966e-06 6.2641e-07 -3.07279e-08 -2.81895e-08 2.72933e-05 -0.000286904 -3.30741e-11 3.58161e-07 -1.03357e-11 2.82601e-08 -4.23762e-10 -6.01483e-06 4.06062e-06 -2.06713e-12 -3.8242e-09 5.51763e-08 0 -3.90688e-10 1.16594e-07 3.74299e-06 0.000279184 3.48104e-08 -1.35191e-09 1.25206e-05 -1.19894e-10 1.47411e-06 -4.74789e-05 1.9539e-08 -3.78554e-08 -1.30229e-09 2.53979e-06 2.67642e-06 2.43829e-06 0 2.34653e-06 -6.20103e-05 -9.02427e-05 0.000133453 -2.4663e-08 -2.19819e-08 -6.84757e-05 -1.34385e-06 -9.50881e-10 3.58721e-05 -3.38831e-07 -1.59192e-06 -4.32797e-05 -5.58126e-11 0 1.30678e-06 -1.13692e-10 -3.28456e-05 2.61305e-06 -1.07491e-10 -2.76975e-08 -4.08714e-08 -7.1942e-06 -1.46971e-07 -1.69505e-09 -0.000495747 0 -2.30651e-08 1.51609e-06 -3.46452e-09 -2.04646e-10 -2.99734e-10 
5.3591e-06 -5.31087e-06 -4.64292e-09 0.0018137 -9.89563e-09 -3.81165e-09 8.86611e-05 -2.86184e-06 -7.01246e-09 -1.54224e-05 -3.68948e-09 3.97974e-06 2.68439e-06 -1.43954e-07 1.34733e-07 -0.004484 -6.59708e-10 -1.28846e-07 -0.00442108 -0.00425132 1.19108e-06 0.000194335 1.23432e-06 0.00727636 0.00113531 4.98402e-07 3.15798e-07 7.08129e-08 1.03301e-07 -2.38717e-08 1.10829e-06 0 -6.94684e-05 0.00119019 -0.000188645 0.000356572 4.14013e-06 -3.33202e-07 -0.00251699 -0.00337927 -3.90938e-10 -2.02328e-06 -1.22168e-10 -6.59228e-06 -5.0089e-09 0.000164558 0.00164551 -2.44336e-11 1.0348e-06 7.42383e-07 0 -4.61796e-09 -8.55178e-10 5.36364e-05 0.00362845 -2.19414e-08 -1.59796e-08 2.84828e-06 -1.41715e-09 6.40315e-05 0.00224737 -5.4487e-09 -4.47453e-07 1.74607e-07 -6.73952e-07 8.59833e-05 0.000731579 0 5.40428e-06 -0.0023746 -1.30906e-05 1.9614e-05 -2.81518e-07 4.16017e-06 -0.00305721 2.31856e-06 1.13543e-06 0.00300251 4.55092e-05 -1.68265e-05 0.00366646 -6.59708e-10 0 -6.30092e-06 1.81989e-07 -0.00280272 -1.60993e-07 -1.27055e-09 -3.27386e-07 5.24202e-05 -8.17776e-05 -1.73721e-06 -2.00356e-08 0.000188536 0 3.04036e-07 8.96438e-06 3.29049e-07 1.50914e-07 -3.54288e-09 
4.04902e-06 -2.62153e-05 -1.90136e-06 -0.00311615 4.57583e-08 -1.96091e-08 0.000342605 1.90372e-05 9.13924e-07 -6.29375e-05 -1.89806e-08 -1.30215e-05 1.97266e-05 1.62522e-05 9.95754e-07 -0.00738594 -3.39389e-09 -1.10401e-06 -0.00856998 -0.00988726 3.92633e-06 0.000651708 0.000231521 0.00113531 0.0362878 1.13068e-07 5.22743e-06 5.79404e-07 -6.87577e-08 -2.28085e-08 5.39488e-07 0 0.00420644 -0.00128725 -0.000246554 -5.70736e-05 1.77615e-05 1.58758e-05 -0.00453708 -0.0163293 -2.01119e-09 -1.08147e-05 -6.28498e-10 0.000432218 4.74232e-07 -0.000185324 -8.60392e-05 -1.257e-10 -2.32544e-07 9.93706e-08 0 -2.37572e-08 1.12267e-07 1.27518e-05 0.00703227 2.37046e-06 -8.22075e-08 2.06739e-05 -7.29058e-09 8.95326e-06 0.00253942 1.48636e-07 5.13806e-06 4.77476e-07 0.000112791 7.87738e-06 -2.51985e-05 0 2.44249e-05 -0.00281988 -0.000199895 0.00957864 -1.49972e-06 2.34998e-06 -0.0111045 -8.46888e-05 2.98845e-07 0.00726395 -2.11593e-05 0.000159498 0.00681251 -3.39389e-09 0 -6.55259e-06 -6.91348e-09 0.000243631 2.77177e-06 -6.53638e-09 -1.60758e-06 -1.75867e-06 -0.000115357 6.15029e-05 -1.03074e-07 -0.0110991 0 -1.04922e-06 1.15622e-06 -1.60672e-07 -1.24443e-08 -1.82264e-08 
1.38191e-08 -8.39489e-09 1.29655e-10 3.74886e-06 -1.5642e-11 -6.02507e-12 -9.63259e-08 -4.52371e-09 -1.10846e-11 4.52289e-07 -5.83196e-12 -4.19453e-09 -3.14462e-10 -3.06583e-10 -1.3595e-11 -5.79822e-07 -1.0428e-12 -3.9862e-10 -3.41582e-07 5.15803e-07 -6.09497e-10 -1.88703e-08 -7.18536e-09 4.98402e-07 1.13068e-07 1.15865e-05 -4.54506e-10 -1.4522e-11 -2.11264e-11 -3.77339e-11 -2.7669e-10 0 -1.74117e-07 2.69097e-06 -8.5157e-08 -2.29861e-08 -5.74119e-10 -5.26691e-10 3.15669e-06 -2.8939e-06 -6.17956e-13 -3.33518e-09 -1.93111e-13 -1.40455e-08 -7.91756e-12 -1.12381e-07 2.83762e-07 -3.86222e-14 -7.14511e-11 -2.78466e-11 0 -7.2996e-12 -1.35178e-12 -3.86782e-09 -3.5025e-06 -3.46828e-11 -2.52589e-11 -2.12262e-08 -2.24009e-12 -9.1975e-10 -3.54704e-06 -8.61276e-12 -7.07289e-10 -2.4332e-11 -2.61967e-09 -1.58861e-08 -9.99671e-09 0 -1.31049e-09 -6.0427e-07 2.56502e-09 -4.09662e-06 -4.60802e-10 -4.10709e-10 2.56337e-06 3.66494e-09 -1.77662e-11 -4.01263e-06 -1.23096e-08 6.69234e-08 -3.32164e-06 -1.0428e-12 0 -1.01495e-08 -2.12422e-12 -8.46906e-07 -2.54482e-10 -2.00836e-12 -5.17499e-10 -7.63639e-10 -1.35973e-07 -2.746e-09 -3.16702e-11 -1.1738e-06 0 -4.30947e-10 -1.35332e-10 -6.47308e-11 -3.8236e-12 -5.60022e-12 
-2.29882e-07 -2.84209e-08 4.38946e-10 -4.09158e-06 -5.2956e-11 -2.03979e-11 -2.22778e-07 -1.5315e-08 -3.75268e-11 -8.25321e-08 -1.97441e-11 -1.42006e-08 -1.06461e-09 -1.03794e-09 -4.6026e-11 -1.39295e-06 -3.5304e-12 -1.34953e-09 -7.85374e-08 1.00888e-05 -2.06345e-09 5.99448e-07 -2.4326e-08 3.15798e-07 5.22743e-06 -4.54506e-10 3.92251e-05 -4.91641e-11 -7.15233e-11 -1.27748e-10 -9.36733e-10 0 7.44386e-06 -2.98725e-06 9.69945e-08 -7.78193e-08 2.34723e-07 -1.78311e-09 -4.82268e-06 -4.26506e-06 -2.09209e-12 -1.12913e-08 -6.53778e-13 -4.7551e-08 -2.68049e-11 -3.80465e-07 4.06553e-07 -1.30756e-13 -2.41898e-10 -9.42748e-11 0 -2.47128e-11 -4.57644e-12 -1.30945e-08 -1.46161e-05 -1.17418e-10 -8.55141e-11 -7.18614e-08 -7.58382e-12 -3.11381e-09 -8.22185e-07 -2.91585e-11 -2.39453e-09 -8.2376e-11 -8.86889e-09 -5.37822e-08 -3.38439e-08 0 -4.43667e-09 -7.19964e-07 8.68387e-09 -5.94852e-06 -1.56004e-09 -1.39045e-09 -3.09385e-06 1.24077e-08 -6.01476e-11 -1.00877e-05 -4.1674e-08 -1.00696e-07 2.97668e-06 -3.5304e-12 0 -3.43613e-08 -7.19156e-12 -1.20764e-06 -8.61548e-10 -6.79929e-12 -1.75199e-09 -2.5853e-09 -2.70337e-07 -9.29659e-09 -1.0722e-10 -1.07002e-05 0 -1.45897e-09 -4.58167e-10 -2.19146e-10 -1.29448e-11 -1.89596e-11 
1.49482e-09 -9.08078e-10 1.40248e-11 -7.31152e-07 -1.692e-12 -6.51733e-13 -1.04196e-08 -4.89331e-10 -1.19902e-12 -2.63699e-09 -6.30844e-13 -4.53723e-10 -3.40155e-11 -3.31632e-11 -1.47058e-12 -1.56897e-07 -1.128e-13 -4.31188e-11 -6.71422e-07 -5.65755e-07 -6.59295e-11 -2.0412e-09 4.95889e-07 7.08129e-08 5.79404e-07 -1.4522e-11 -4.91641e-11 1.25333e-06 -2.28524e-12 -4.08169e-12 -2.99296e-11 0 -2.16759e-09 3.21221e-07 1.09803e-08 -2.48641e-09 -6.21027e-11 -5.69724e-11 -8.05146e-07 -6.03291e-07 -6.68444e-14 -3.60768e-10 -2.08889e-14 -1.5193e-09 -8.56444e-13 -1.21563e-08 -3.19874e-09 -4.17778e-15 -7.72889e-12 -3.01218e-12 0 -7.896e-13 -1.46222e-13 -4.18384e-10 7.23388e-07 -3.75164e-12 -2.73227e-12 -2.29605e-09 -2.42311e-13 -9.94896e-11 7.62921e-07 -9.31644e-13 -7.65076e-11 -2.632e-12 5.97166e-08 -1.7184e-09 -1.08135e-09 0 -1.41756e-10 -6.74236e-07 -4.96389e-07 7.26188e-07 -4.98451e-11 -4.44265e-11 -7.06348e-07 3.96438e-10 -1.92178e-12 7.07149e-07 -1.33153e-09 -3.21734e-09 7.73961e-07 -1.128e-13 0 -1.09788e-09 -2.29778e-13 1.11517e-08 -2.75274e-11 -2.17244e-13 -5.5978e-11 -8.2603e-11 -1.47083e-08 -2.97036e-10 -3.42578e-12 -1.0213e-06 0 -4.66156e-11 -1.46389e-11 -7.00196e-12 -4.136e-13 -6.05778e-13 
2.17465e-09 -1.32106e-09 2.04031e-11 5.89938e-07 -2.4615e-12 -9.48133e-13 7.48417e-08 -7.11872e-10 -1.74432e-12 6.4283e-07 -9.17744e-13 -6.60071e-10 -4.94853e-11 -4.82454e-11 -2.13938e-12 -2.33659e-07 -1.641e-13 -6.27287e-11 -4.42972e-07 -1.07765e-06 -9.59134e-11 1.6703e-07 -1.13072e-09 1.03301e-07 -6.87577e-08 -2.11264e-11 -7.15233e-11 -2.28524e-12 1.82333e-06 -5.93799e-12 -4.35412e-11 0 1.426e-07 2.1448e-07 1.59741e-08 3.49716e-07 -9.03462e-11 -8.28827e-11 1.82018e-07 -8.7766e-07 -9.72444e-14 -5.2484e-10 -3.03889e-14 -2.21026e-09 -1.24594e-12 3.35649e-07 1.12013e-07 -6.07778e-15 -1.12439e-11 -4.38208e-12 0 -1.1487e-12 -2.12722e-13 -6.08659e-10 2.6571e-07 -5.45784e-12 -3.97487e-12 -3.34026e-09 -3.52511e-13 -1.44736e-10 -5.96778e-07 -1.35534e-12 -1.11302e-10 -3.829e-12 -4.12244e-10 -2.49991e-09 -1.57313e-09 0 -2.06225e-10 -3.30401e-07 4.03643e-10 -6.86884e-07 -7.2514e-11 -6.46311e-11 1.55747e-07 5.76732e-10 -2.79578e-12 -1.27915e-07 3.51396e-07 5.19861e-08 -4.10718e-07 -1.641e-13 0 -1.59718e-09 -3.34278e-13 -6.23777e-07 -4.00465e-11 -3.16044e-13 -8.14361e-11 -1.2017e-10 3.08603e-07 -4.32124e-10 -4.98378e-12 -3.94584e-07 0 -6.78158e-11 -2.12965e-11 -1.01864e-11 -6.017e-13 -8.81278e-13 
3.88415e-09 -2.35955e-09 3.64421e-11 2.40358e-07 -4.3965e-12 -1.69347e-12 -2.70744e-08 -1.27148e-09 -3.11554e-12 -6.85196e-09 -1.63919e-12 -1.17896e-09 -8.83859e-11 9.65805e-08 6.33295e-08 -1.86564e-08 -2.931e-13 -1.1204e-10 -4.83926e-08 5.00915e-07 -1.71312e-10 -5.30387e-09 9.46471e-08 -2.38717e-08 -2.28085e-08 -3.77339e-11 -1.27748e-10 -4.08169e-12 -5.93799e-12 3.25666e-06 -7.77692e-11 0 -4.8939e-08 -4.67364e-09 -6.81353e-08 -6.46069e-09 -1.61368e-10 -1.48037e-10 3.5124e-07 -7.30927e-07 -1.73689e-13 -9.37421e-10 -5.42778e-14 -3.94776e-09 -2.22539e-12 -2.49202e-08 -8.31161e-09 -1.08556e-14 -2.00828e-11 -7.82686e-12 0 -2.0517e-12 -3.79944e-13 -1.08713e-09 -9.40344e-07 -9.74829e-12 -7.09953e-12 -5.96606e-09 -6.29622e-13 -2.58514e-10 -2.17622e-07 -2.42079e-12 -1.98798e-10 -6.839e-12 -7.36311e-10 -4.4651e-09 -2.80978e-09 0 1.12965e-07 -1.01571e-06 -9.59457e-08 -5.56402e-07 -1.29518e-10 -1.15438e-10 3.64623e-07 1.03011e-09 -4.99356e-12 -3.62541e-07 -3.45985e-09 -8.35995e-09 -4.15602e-07 -2.931e-13 0 -2.85273e-09 -5.97056e-13 -6.76901e-08 -7.15273e-11 -5.64489e-13 -1.45454e-10 -2.14636e-10 3.15115e-07 -7.71819e-10 -8.90156e-12 -6.74994e-07 0 -1.21126e-10 3.32953e-08 -1.81939e-11 -1.0747e-12 -1.57406e-12 
-1.61519e-07 -1.73018e-08 2.67217e-10 -8.95365e-06 -3.2238e-11 -1.24176e-11 -1.18601e-08 -9.32331e-09 -2.28452e-11 -5.0243e-08 -1.20196e-11 -8.64488e-09 -6.48103e-10 -6.31865e-10 -2.80192e-11 -7.40243e-06 -2.1492e-12 -8.21552e-10 -1.59269e-06 -1.11164e-05 -1.25617e-09 3.86778e-06 -1.48089e-08 1.10829e-06 5.39488e-07 -2.7669e-10 -9.36733e-10 -2.99296e-11 -4.35412e-11 -7.77692e-11 2.38794e-05 0 4.37115e-06 6.57812e-06 -1.7079e-07 -4.7374e-08 -1.18325e-09 -1.08551e-09 -8.59726e-06 -1.14146e-05 -1.2736e-12 -6.87378e-09 -3.98e-13 2.51052e-07 -1.6318e-11 -2.31616e-07 8.59054e-07 -7.96e-14 -1.4726e-10 -5.73916e-11 0 -1.50444e-11 -2.786e-12 -7.97154e-09 1.26595e-05 -7.14808e-11 -5.20584e-11 6.11292e-06 -4.6168e-12 -1.89559e-09 8.74609e-06 -1.77508e-11 -1.45771e-09 -5.0148e-11 1.81268e-07 6.7259e-08 -2.06031e-08 0 -2.70091e-09 -5.93965e-06 5.28647e-09 2.89621e-06 -9.49708e-10 -8.46466e-10 -1.22948e-05 7.5534e-09 -3.6616e-11 1.14801e-05 -2.53699e-08 -6.13006e-08 9.2431e-06 -2.1492e-12 0 -2.09181e-08 -4.378e-12 -6.24086e-06 -5.24484e-10 -4.1392e-12 -1.06656e-09 -1.57385e-09 -2.80239e-07 -5.65948e-09 -6.5272e-11 -1.81291e-05 0 -8.88177e-10 -2.78918e-10 -1.3341e-10 -7.8804e-12 -1.1542e-11 
0 0 0 0 0 0 0 0 0 0 0 0 0 0 0 0 0 0 0 0 0 0 0 0 0 0 0 0 0 0 0 0 0 0 0 0 0 0 0 0 0 0 0 0 0 0 0 0 0 0 0 0 0 0 0 0 0 0 0 0 0 0 0 0 0 0 0 0 0 0 0 0 0 0 0 0 0 0 0 0 0 0 0 0 0 0 0 0 0 0 0 0 0 0 0 0 0 0 0 0 
-0.000375717 -1.08411e-05 1.68156e-07 -0.00929122 3.8638e-07 5.12186e-07 -6.812e-05 1.25596e-05 7.82291e-07 -3.16172e-05 -7.56376e-09 -5.36676e-06 1.54355e-05 2.07624e-05 7.52368e-07 -0.00415157 -1.35246e-09 4.46343e-07 -0.00347178 0.00014663 8.46179e-07 0.000537166 1.58843e-05 -6.94684e-05 0.00420644 -1.74117e-07 7.44386e-06 -2.16759e-09 1.426e-07 -4.8939e-08 4.37115e-06 0 0.0148015 -0.00111752 -0.00046613 -2.34418e-05 4.17887e-05 9.35742e-08 -0.00888498 -0.00711938 -8.01458e-10 -2.51557e-06 -2.50456e-10 2.6617e-05 3.96398e-07 -0.000141119 -3.11958e-05 -5.00911e-11 -9.26686e-08 -3.61157e-08 0 -9.46722e-09 -1.75319e-09 -3.32304e-06 0.00156025 2.14835e-06 -3.27596e-08 0.000924104 -2.90528e-09 1.10464e-07 0.00728488 -1.11703e-08 3.72681e-07 -3.15574e-08 5.99924e-05 -1.96834e-05 -1.27152e-05 0 -5.12975e-07 -0.000334532 -6.13333e-05 0.00444056 -5.97637e-07 -5.32669e-07 -0.00678739 7.6579e-08 -2.30419e-08 0.00506594 -1.57116e-05 2.3211e-06 0.0086826 -1.35246e-09 0 -1.30068e-05 -2.75501e-09 7.47842e-05 9.99497e-08 -2.60474e-09 -6.71171e-07 -9.90401e-07 -0.00017613 0.000219405 -4.10747e-08 -0.0054952 0 2.62744e-05 -1.75519e-07 -3.39527e-08 -4.95902e-09 -7.26321e-09 
-0.00031432 -5.51756e-05 -3.54451e-06 0.00338131 -1.02807e-07 -3.95999e-08 -0.000230241 -2.96188e-05 8.04797e-08 0.00155589 -3.83307e-08 -1.9922e-05 -1.87681e-06 -1.61502e-06 -8.93536e-08 -0.00151056 -6.85383e-09 8.13395e-07 -0.00114772 -0.0418769 -4.00593e-06 -7.66587e-05 0.000222401 0.00119019 -0.00128725 2.69097e-06 -2.98725e-06 3.21221e-07 2.1448e-07 -4.67364e-09 6.57812e-06 0 -0.00111752 0.0703543 0.000499705 0.0016348 -2.64008e-06 -3.46169e-06 0.00145849 -0.0352738 -4.06153e-09 -1.00472e-05 -1.26923e-09 -6.15042e-05 -5.20383e-08 0.000437978 0.00180904 -2.53845e-10 1.93039e-06 1.03031e-06 0 -4.79768e-08 -8.88459e-09 0.000162542 0.0401473 -2.27953e-07 -1.66015e-07 -1.96766e-05 -1.4723e-08 1.08383e-05 0.00175085 -5.66075e-08 -4.64867e-06 -1.59923e-07 -1.54245e-05 0.000533759 0.000179313 0 6.11344e-06 -0.00142573 -3.9848e-05 0.00721732 -1.66196e-06 -1.95939e-06 -0.0297009 -4.76454e-05 5.19898e-07 0.0295096 0.000788098 -0.000115128 -0.00582691 -6.85383e-09 0 -4.65747e-05 -1.39615e-08 -0.00586051 4.57413e-07 -1.32e-08 1.00521e-05 -2.0857e-06 -0.000533709 -1.80482e-05 -2.08153e-07 -0.0361849 0 1.79093e-06 -6.94744e-08 1.84789e-06 -2.51307e-08 -3.68076e-08 
