0.00126308 -9.8401e-06 -0.000543884 -1.95375e-07 -0.000465858 -1.68649e-07 -1.18721e-05 -0.000561896 -1.04884e-08 0.000693486 -3.20857e-05 -7.81697e-08 -0.00056785 -3.2557e-07 -0.000592846 -0.000447982 -3.9153e-05 -2.52794e-05 -0.000172779 0.000547072 5.74177e-06 0.000499779 -7.66365e-05 -3.10772e-06 -0.000577416 -0.000219346 6.19144e-06 0.000681538 0.000258295 0.000669652 -0.000119865 0.000682712 -0.000565249 0.000672769 -0.000554783 -0.000625508 -0.000138119 -7.31351e-05 0.00119156 -0.000553455 -7.65139e-07 -0.000193074 -0.000119535 0.000137338 -2.10935e-05 1.4475e-06 -2.14901e-05 -0.000560585 -1.38899e-07 -4.79981e-07 -4.899e-05 -4.89219e-08 -0.000618714 -4.25989e-05 0.000740945 -0.000455563 0.000981045 4.93563e-06 -3.27973e-09 -0.000481681 -3.50193e-05 1.20471e-06 -4.09296e-07 -9.52716e-07 -1.26706e-05 -6.54829e-07 -2.64444e-08 -5.48328e-05 0.00115442 -8.3742e-05 -0.000123397 -6.02264e-07 -4.17424e-05 -0.000564493 -1.32576e-06 0.0004915 -0.000500915 -2.95591e-05 -1.60575e-06 0.000377453 -4.59499e-10 -4.52113e-05 -2.50793e-06 -1.9183e-05 -0.00020258 -0.00014061 -0.000111712 -1.06427e-07 -1.23028e-07 -2.24951e-06 -1.82743e-05 0.000687797 -3.38302e-05 0.000627524 -0.000118098 -0.000513857 -1.2065e-08 1.74831e-07 -5.36155e-05 -0.000120252 
-9.8401e-06 0.00772018 -0.00306392 -1.97798e-06 0.00340185 -4.60919e-07 -3.7764e-05 -0.00317278 -6.45281e-08 0.00398782 -0.000103148 -3.6426e-07 -0.00299536 -9.63018e-07 -0.00354479 -0.00252486 0.000317607 0.000308335 -0.0009932 8.44141e-05 -8.84286e-06 0.00261068 -0.000392041 4.47569e-05 -0.00327625 -0.00102659 -1.12282e-07 0.00393515 -0.000787234 0.00371615 -0.000679615 0.00369927 -0.00319454 0.00361563 -0.00312342 -0.00265153 -0.000649627 -0.000463796 -0.00013516 -0.00318378 -5.76301e-06 -0.00116071 -0.000668955 -0.000341401 -0.000172848 2.6949e-08 7.65913e-06 -0.0031716 -5.94557e-07 -3.29802e-05 -0.000218103 1.66457e-05 -0.00363881 -8.08964e-05 -5.53066e-05 -0.00241314 0.00174205 -0.00181193 -2.0178e-08 0.00295205 0.000418921 7.38649e-06 -2.45146e-06 0.000118006 -7.66604e-05 -2.4754e-06 1.62064e-06 -0.000739923 -0.000404275 -0.000149948 -0.000553433 -3.70534e-06 -0.000248349 -0.00307662 4.06935e-05 0.00380945 0.00414177 -0.000181794 -7.29577e-06 0.000250247 -2.827e-09 -0.000228792 6.03237e-05 -4.45406e-05 0.000418976 -0.000789924 -0.000590132 -6.54774e-07 -7.56909e-07 -7.89607e-05 -0.000104006 0.00356204 -0.000186095 0.00361317 -0.000583715 0.00359916 -7.42281e-08 2.33598e-05 0.000262382 -0.000638113 
-0.000543884 -0.00306392 0.245108 -0.000108968 -0.164186 -3.7103e-05 -0.00694936 0.237891 -3.15328e-06 -0.190322 -0.0113042 2.58281e-05 0.235645 1.93621e-05 0.217994 0.191187 -0.0126685 -0.008758 -0.0305043 -0.00737157 0.000339319 -0.111604 -0.0254206 -0.000895796 0.232226 0.0827263 -2.44459e-05 -0.182909 -0.0509268 -0.195475 -0.0398651 -0.194077 0.235494 -0.196031 0.234423 0.210926 -0.0469647 -0.0238361 -0.0142938 0.236928 -0.000298565 -0.0223513 -0.0398537 0.0146858 -0.0136619 -1.69649e-06 -0.00722671 0.237017 2.87701e-05 -0.00185216 0.0179039 -1.59861e-05 0.158927 0.00599618 -0.00355249 0.194639 -0.0845945 -0.101838 -1.2195e-07 -0.177508 -0.0126694 -1.65055e-05 -0.000119949 -0.000635436 -0.00427197 -0.000222677 -8.62584e-06 -0.0444285 -0.0267065 0.0159911 -0.0408279 -0.000197582 0.0148629 0.23604 -0.000423753 -0.188357 -0.172008 0.0128209 -0.00054604 -0.00298051 -1.56254e-07 -0.0153349 -0.000666072 -0.00628389 -0.0705237 -0.0471003 -0.0374762 -1.02975e-05 4.88106e-05 -0.00453949 -0.00620645 -0.196101 -0.0108017 -0.209412 0.0434928 -0.184913 -4.10275e-06 -0.000489168 -0.018146 -0.0400588 
-1.95375e-07 -1.97798e-06 -0.000108968 0.000254578 -8.85004e-05 -3.39575e-08 -3.20472e-06 -0.000113174 -2.11184e-09 -7.60801e-05 -5.37337e-06 -1.57395e-08 -0.000114381 -6.55537e-08 -0.000101543 -6.54743e-05 -7.9412e-06 5.58973e-07 0.000202198 -6.78776e-06 -2.90932e-07 -0.000139315 0.000174713 -3.90735e-08 -0.000102569 -2.09968e-05 -1.44748e-08 -9.12736e-05 0.000211659 -8.01084e-05 0.000192299 -7.35058e-05 -0.000113109 -8.25175e-05 -0.000111741 -0.000112958 -2.77271e-05 1.77401e-05 1.37957e-05 -0.000113657 -1.92318e-07 0.000185501 0.000193458 -1.1234e-05 -4.77737e-06 1.24821e-07 1.62796e-05 -0.00011291 -2.79675e-08 4.99756e-06 -8.28417e-06 -9.85045e-09 0.000103806 -8.51732e-06 -1.91715e-06 -9.17635e-05 -4.55693e-05 -5.09938e-05 -6.60375e-10 -9.89326e-05 -1.96218e-06 -1.1133e-08 -8.24119e-08 6.90374e-07 -2.43123e-06 -1.3185e-07 -5.32459e-09 0.000210899 -1.5668e-05 -1.75564e-05 0.000193674 4.654e-07 -7.59893e-06 -0.000113019 -2.66943e-07 -0.000102627 -8.90255e-05 -5.95174e-06 3.34857e-09 2.98406e-06 -9.25204e-11 -9.04331e-06 -5.04974e-07 5.38608e-05 6.26382e-05 0.000209256 0.000196542 -2.14291e-08 -2.47717e-08 -2.6646e-06 0.00012038 -7.99961e-05 3.91916e-05 -8.32721e-05 -2.38945e-05 -9.36648e-05 -2.4293e-09 2.56702e-06 -1.02089e-05 0.000193444 
-0.000465858 0.00340185 -0.164186 -8.85004e-05 0.236023 -5.0698e-05 -0.0022224 -0.169625 3.39046e-06 0.203162 0.0156783 -2.15477e-05 -0.167633 -7.59389e-05 -0.182456 -0.136051 -0.00660478 0.0120327 -0.0522906 0.00874661 -0.000315577 0.154848 -0.0231347 -0.000772106 -0.172017 -0.0673599 2.06218e-05 0.208425 -0.0435446 0.206434 -0.0361445 0.208209 -0.170682 0.202649 -0.167485 -0.146922 0.043007 -0.0232507 -0.00321275 -0.17031 0.000406035 -0.0615023 -0.036075 -0.0121614 0.0116295 -1.30328e-06 0.00550941 -0.169279 -4.18673e-05 -0.00157387 -0.0145273 -1.42584e-05 -0.185614 -0.0124173 -0.00067003 -0.137469 0.0851942 0.0595242 6.09924e-07 0.181926 0.0180154 -5.77464e-06 -0.00011666 0.000481259 -0.00378155 0.000288575 5.73704e-06 -0.0420861 -0.00309205 -0.0164205 -0.0363835 0.00013044 -0.0126166 -0.169752 -0.000392671 0.209304 0.184393 -0.00892322 0.000776354 0.00132067 -9.20458e-08 0.020798 -0.000451042 -0.00577576 0.0741384 -0.0418108 -0.0338687 5.25216e-06 -3.59093e-05 0.00373399 -0.00551659 0.205519 -0.0102098 0.195581 -0.0297612 0.213172 -9.1549e-07 -5.35347e-05 0.0210217 -0.0361925 
-1.68649e-07 -4.60919e-07 -3.7103e-05 -3.39575e-08 -5.0698e-05 0.000133336 -1.32498e-06 -3.90208e-05 -1.10594e-09 -5.81361e-05 -3.50523e-06 -8.24257e-09 -3.93529e-05 -3.43296e-08 -3.66116e-05 -2.88175e-05 4.9238e-05 -2.74466e-06 9.1981e-05 -3.39799e-06 -1.52357e-07 -6.76921e-05 1.58424e-05 -1.14358e-07 -1.65101e-05 5.47205e-07 -7.58025e-09 -5.67189e-05 9.68455e-05 -1.94208e-05 7.78043e-05 -5.99999e-05 3.18943e-07 -3.95018e-05 -2.88508e-05 -4.1586e-05 -1.45639e-05 2.3688e-06 1.98607e-05 -3.73438e-05 -1.00714e-07 6.9794e-05 5.48224e-05 -6.01402e-06 2.67158e-06 -9.66367e-10 2.1034e-05 -4.16493e-05 -1.46462e-08 -3.77007e-07 1.85943e-05 -5.15855e-09 4.64766e-05 -4.23183e-06 -1.10523e-06 -2.85487e-05 -2.59549e-05 -2.48917e-05 -3.4583e-10 -5.2718e-05 -3.92879e-06 -5.83021e-09 -4.3158e-08 -2.407e-07 6.2014e-05 -6.90481e-08 -2.78842e-09 9.80085e-05 -8.23191e-06 -9.48908e-06 7.76484e-05 1.49828e-07 -4.3738e-06 -3.88978e-05 -1.33128e-07 -5.61573e-05 -5.19035e-05 -1.29018e-06 -1.69317e-07 -9.2829e-07 -4.84517e-11 -4.76728e-06 -2.64448e-07 -2.02275e-06 -3.21929e-06 8.30005e-05 4.6071e-05 -1.12221e-08 -1.29726e-08 4.56237e-06 5.69974e-06 -3.89802e-05 -1.93055e-06 3.56417e-05 -1.20041e-05 -5.7519e-05 -1.27219e-09 -1.51682e-07 -4.48347e-06 5.63967e-05 
-1.18721e-05 -3.7764e-05 -0.00694936 -3.20472e-06 -0.0022224 -1.32498e-06 0.015923 -0.00718101 -1.34227e-07 0.00863946 -0.000304499 -8.90392e-07 -0.00724085 -4.16655e-06 -0.00754674 -0.00573767 0.00101294 0.000109094 -0.00203986 0.000141298 -1.59281e-05 0.00499894 -0.000967854 -3.9685e-05 -0.00731351 -0.0028069 3.43333e-06 -0.00131486 0.00789826 0.00795776 -0.00116365 0.00837044 -0.00722255 0.00829022 -0.00709052 -0.00788382 0.00502067 -0.000522697 -0.000299679 -0.00719664 -1.09869e-05 -0.00234732 -0.000898173 -0.000729902 8.26e-05 -1.17287e-07 -0.00019195 -0.00716466 -1.77759e-06 -7.34052e-05 -0.000625933 -1.89421e-07 -0.000685242 -0.000483078 0.00184322 -0.0057034 0.00192739 -0.00353147 -4.1973e-08 0.00886398 -0.000316374 -7.07606e-07 2.4972e-05 -2.80402e-05 -0.000140958 -8.3803e-06 2.46824e-06 -0.0014735 0.00249551 -0.000782053 -0.00137842 -7.67093e-06 -0.000534313 -0.00698631 -1.66734e-05 0.00847793 0.00942078 -0.000377972 -1.75799e-05 0.000109774 2.07861e-08 0.000109496 0.000223981 -0.000225019 -0.0026402 0.004557 -0.00140793 -1.31868e-06 -1.57447e-06 0.00178932 -0.000233869 0.00856734 -0.000321025 0.00818602 -0.00149769 0.00062057 3.75596e-07 0.00029337 -0.000684323 -0.00131204 
-0.000561896 -0.00317278 0.237891 -0.000113174 -0.169625 -3.90208e-05 -0.00718101 0.246913 -3.27255e-06 -0.196642 -0.011682 3.13625e-05 0.244468 1.53265e-05 0.225968 0.188601 -0.013099 -0.0088834 -0.0278584 -0.00769223 0.000420155 -0.117292 -0.0269317 -0.00107112 0.240821 0.0868028 -2.43601e-05 -0.188959 -0.0533115 -0.201564 -0.0421082 -0.200521 0.244297 -0.198333 0.242892 0.214164 -0.0485325 -0.0226072 -0.0147074 0.245829 -0.000308627 -0.0145578 -0.0419702 0.0158984 -0.0142242 -1.8007e-06 -0.00755164 0.2459 3.95306e-05 -0.00202088 0.0196126 -1.63557e-05 0.160173 0.00670023 -0.00367082 0.199465 -0.0874199 -0.105705 -1.59246e-07 -0.183364 -0.0130925 -1.02756e-06 -0.000143317 -0.000662714 -0.00445275 -0.000229817 -8.81323e-06 -0.0443178 -0.0275995 0.0224958 -0.0432276 -0.000209884 0.017825 0.244953 0.000498457 -0.194761 -0.177714 0.0128976 -0.0005643 -0.00307358 -1.6148e-07 -0.0158453 0.000103642 -0.00645156 -0.0729512 -0.0494445 -0.0395561 5.22561e-06 4.49783e-05 -0.00469135 -0.00642156 -0.202605 -0.0103364 -0.215046 0.0437545 -0.191157 -4.23995e-06 -0.000505526 -0.0188377 -0.0422404 
-1.04884e-08 -6.45281e-08 -3.15328e-06 -2.11184e-09 3.39046e-06 -1.10594e-09 -1.34227e-07 -3.27255e-06 8.29326e-06 -3.67025e-06 7.41201e-06 -5.12611e-10 -3.31186e-06 -2.13498e-09 -3.55121e-06 -2.56449e-06 -2.58632e-07 7.70931e-06 -1.13596e-06 2.22667e-08 -9.47519e-09 3.36181e-06 -5.02557e-07 -2.03794e-08 -3.38487e-06 -1.45141e-06 -4.71421e-10 -3.12405e-06 3.25308e-07 4.10879e-06 -7.86033e-07 4.13737e-06 -3.29454e-06 4.0052e-06 -3.22591e-06 -3.57121e-06 -6.55741e-07 -5.05892e-07 -2.75669e-07 -3.28829e-06 -6.26348e-09 -1.33602e-06 -7.83869e-07 -3.74016e-07 6.96788e-06 -6.0099e-11 -1.40925e-07 -3.26396e-06 -9.10857e-10 -3.77502e-08 -3.2126e-07 -3.20814e-10 -4.07868e-06 -2.7935e-07 -6.87351e-08 -2.57526e-06 -1.63654e-06 -1.97279e-06 -2.15074e-11 -3.42368e-06 7.63567e-06 -3.62585e-10 -2.68403e-09 -1.49693e-08 -8.30895e-08 -4.29415e-09 -1.73414e-10 -9.38967e-07 -5.15058e-07 -6.24544e-07 -8.09199e-07 -3.94945e-09 -2.74083e-07 -3.29206e-06 -8.6939e-09 4.1394e-06 -3.31706e-06 -1.93839e-07 -1.053e-08 -5.7731e-08 -3.01324e-12 -1.19814e-07 -1.64462e-08 -1.25796e-07 -7.27976e-07 -9.24743e-07 -7.38144e-07 -6.97912e-10 -8.06775e-10 6.79246e-06 -1.19837e-07 4.09817e-06 -2.21847e-07 3.83917e-06 -7.84068e-07 4.30285e-06 -7.91184e-11 -9.43322e-09 -2.81593e-07 -7.88575e-07 
0.000693486 0.00398782 -0.190322 -7.60801e-05 0.203162 -5.81361e-05 0.00863946 -0.196642 -3.67025e-06 0.2467 0.0059207 -2.69709e-05 -0.193956 -0.000112991 -0.211098 -0.15675 -0.00114423 0.00204058 -0.0559937 0.0099356 -0.000329934 0.173576 -0.0244461 -0.00096011 -0.2024 -0.0772648 -5.38291e-06 0.235891 -0.0351591 0.23511 -0.0374213 0.236905 -0.197835 0.231067 -0.194181 -0.175433 0.0594902 -0.0266392 0.00293185 -0.197516 0.000217954 -0.0669288 -0.037128 -0.0123528 0.0029682 -7.70375e-07 0.0036595 -0.19623 -4.84457e-05 -0.0019477 -0.0170161 1.97839e-05 -0.20466 -0.0134811 0.00456292 -0.159106 0.109726 0.0864255 -1.14769e-06 0.216985 0.00749048 2.89154e-06 -0.000107083 0.000833485 -0.00390248 0.000269713 1.09829e-05 -0.0434459 0.0344304 -0.0208976 -0.0384574 -0.000204973 -0.0146222 -0.195861 -0.000385599 0.236175 0.221397 -0.0103275 0.000587007 0.00327341 1.92539e-07 0.0194086 -5.5646e-05 -0.00376671 0.071446 -0.0385032 -0.0350934 -2.54724e-05 -4.27117e-05 0.000470754 -0.00622 0.234832 -0.0118307 0.224556 -0.0352823 0.227966 1.12137e-06 0.000545928 0.016819 -0.0374257 
-3.20857e-05 -0.000103148 -0.0113042 -5.37337e-06 0.0156783 -3.50523e-06 -0.000304499 -0.011682 7.41201e-06 0.0059207 0.0255944 1.98641e-07 -0.0117791 8.35663e-06 -0.0124045 -0.00938453 -0.000812928 0.0115674 -0.00356716 -0.000250339 -2.0311e-06 0.0104525 -0.00159283 3.91487e-05 -0.00938763 -0.00453213 1.80325e-05 0.00549713 -0.00230923 0.0136715 -0.00247657 0.014308 -0.0117499 0.0134648 -0.0115127 -0.0100356 -0.00172987 -0.00160198 0.00197076 -0.0116784 0.000158465 -0.00422607 -0.00248443 -0.00115871 0.0126552 4.36186e-07 0.0015642 -0.011655 -2.85024e-06 -1.19872e-05 -0.000997324 -9.00135e-07 -0.0118016 -0.000740737 -0.000133492 -0.00946462 -0.00499021 -0.00459398 1.53183e-06 -0.00457639 0.0182417 -1.14919e-06 -3.87021e-06 -2.40411e-05 -0.000257328 -1.47008e-06 -5.49625e-07 -0.00296189 -0.00105503 -0.0016644 -0.00191595 0.000148346 -0.000868471 -0.0117425 -2.63815e-05 0.0142549 -0.00395524 -0.000614361 0.000413426 0.000143915 -9.55032e-09 5.51273e-05 -3.19454e-05 -0.00039811 0.0113113 -0.00273548 -0.00224186 2.0258e-05 -2.52703e-06 0.00348174 -0.000379816 0.0129741 -0.00070291 0.0133878 -0.00221225 0.0145857 1.62591e-06 -1.71848e-05 0.00175112 -0.00245429 
-7.81697e-08 -3.6426e-07 2.58281e-05 -1.57395e-08 -2.15477e-05 -8.24257e-09 -8.90392e-07 3.13625e-05 -5.12611e-10 -2.69709e-05 1.98641e-07 6.18062e-05 3.17729e-05 -1.5912e-08 2.92057e-05 -1.25194e-05 -1.24758e-06 1.7117e-07 4.31371e-05 1.89063e-07 1.46048e-07 -3.34169e-05 -3.74554e-06 -1.51887e-07 3.12288e-05 4.02084e-05 -3.51349e-09 -2.60629e-05 -7.36826e-06 -2.57443e-05 -5.79161e-06 -2.5687e-05 3.1702e-05 -2.68588e-05 3.21068e-05 2.90623e-05 -6.65713e-06 -3.09707e-06 -1.92122e-06 3.00253e-05 -4.66816e-08 1.54493e-05 -5.83216e-06 -2.1642e-06 -1.768e-09 -4.47916e-10 -1.70308e-07 3.08999e-05 -6.78859e-09 -2.81351e-07 -1.27768e-06 -2.39102e-09 -2.32616e-05 -1.86532e-06 -4.52281e-07 -1.75906e-05 -1.21971e-05 -1.47032e-05 -1.60294e-10 -2.51232e-05 2.31596e-09 -2.70233e-09 -2.0004e-08 -1.11566e-07 -6.19264e-07 -3.20042e-08 -1.29245e-09 -6.1681e-06 -3.77871e-06 -4.64471e-06 -6.03094e-06 -2.94352e-08 2.21573e-05 3.11438e-05 2.31871e-07 -2.48419e-05 -2.43386e-05 7.33199e-06 7.98187e-07 -4.30268e-07 -2.24576e-11 -2.20966e-06 3.97427e-07 -8.37554e-07 -8.09581e-06 -6.82542e-06 -5.50137e-06 -5.20152e-09 -6.01288e-09 -6.52446e-07 -8.93139e-07 -2.77259e-05 -1.65342e-06 -2.73162e-05 -5.63364e-06 -2.45137e-05 -5.89667e-10 -7.03056e-08 -2.62041e-06 -5.81056e-06 
-0.00056785 -0.00299536 0.235645 -0.000114381 -0.167633 -3.93529e-05 -0.00724085 0.244468 -3.31186e-06 -0.193956 -0.0117791 3.17729e-05 0.247417 2.25762e-05 0.223549 0.186836 -0.0127106 -0.00895557 -0.0284763 -0.00780464 0.000416749 -0.11545 -0.0272179 -0.00107616 0.238433 0.0859294 -2.46295e-05 -0.186346 -0.0538312 -0.199064 -0.0425039 -0.198821 0.241957 -0.195899 0.240713 0.212844 -0.0489072 -0.0228418 -0.0148461 0.243516 -0.000312163 -0.0154241 -0.0423729 0.0155604 -0.0143491 -1.83505e-06 -0.00762085 0.243559 3.90866e-05 -0.00204397 0.019476 -1.57258e-05 0.15791 0.0067048 -0.00370968 0.19782 -0.0842882 -0.106756 -2.31539e-07 -0.180466 -0.0131951 -1.23479e-06 -0.000144821 -0.000468357 -0.00450024 -0.000232081 -8.91901e-06 -0.0447681 -0.0277538 0.022309 -0.0434159 -0.000212142 0.017675 0.243252 0.000501355 -0.191991 -0.175024 0.0127783 -0.000564369 -0.00310413 -1.63202e-07 -0.0159254 0.000283315 -0.00637436 -0.0736309 -0.0499409 -0.0399754 6.45339e-06 4.95072e-05 -0.00473988 -0.00649005 -0.20011 -0.0104616 -0.212443 0.0432491 -0.188876 -4.28517e-06 -0.000487261 -0.0190175 -0.0426244 
-3.2557e-07 -9.63018e-07 1.93621e-05 -6.55537e-08 -7.59389e-05 -3.43296e-08 -4.16655e-06 1.53265e-05 -2.13498e-09 -0.000112991 8.35663e-06 -1.5912e-08 2.25762e-05 0.000257367 0.000103227 -6.14372e-05 2.64251e-05 -4.39178e-06 -1.51846e-05 -6.40213e-06 1.55881e-07 -0.000143522 -1.53132e-05 9.38274e-05 2.33701e-05 -4.52074e-05 -1.46334e-08 -0.000109494 -2.12464e-05 -0.000117559 2.72076e-06 -0.000114192 2.88172e-05 -0.000120124 -7.06904e-06 7.80409e-05 -2.81151e-05 -1.47767e-05 2.06963e-05 1.85681e-05 -1.94425e-07 -2.32515e-05 -1.23988e-05 5.86018e-06 8.08767e-05 -1.86553e-09 6.00222e-06 1.55099e-05 -2.82739e-08 7.93649e-05 6.89711e-05 -9.95838e-09 9.33071e-05 0.000142519 -2.13361e-06 5.98777e-05 -5.07998e-05 -6.09142e-05 -6.6761e-10 -0.000105131 -5.88105e-06 5.68745e-07 1.18669e-06 2.842e-06 -3.7918e-07 -1.33295e-07 -5.38293e-09 -2.76982e-06 -1.59879e-05 0.000169807 9.45516e-05 -1.22595e-07 -5.09781e-06 2.32677e-05 1.32637e-10 -9.8362e-05 -9.30914e-05 -3.90695e-06 9.31395e-08 -1.79203e-06 -9.35341e-11 -9.07972e-06 6.9616e-07 -6.215e-07 -3.57064e-05 4.15517e-05 7.0964e-05 1.75003e-07 1.94957e-07 -2.58738e-06 -3.51651e-06 -0.000117262 -5.82969e-06 -7.99282e-05 5.92351e-05 -0.000105658 -2.45591e-09 -2.92817e-07 7.25262e-05 5.26452e-05 
-0.000592846 -0.00354479 0.217994 -0.000101543 -0.182456 -3.66116e-05 -0.00754674 0.225968 -3.55121e-06 -0.211098 -0.0124045 2.92057e-05 0.223549 0.000103227 0.249518 0.170896 -0.0047016 -0.00954203 0.00361002 -0.00934472 0.000386493 -0.139623 -0.0147005 0.00100478 0.230113 0.090575 -1.64767e-05 -0.202925 -0.0200973 -0.20782 -0.0192602 -0.210463 0.227333 -0.203089 0.223055 0.194039 -0.0521986 -0.00168052 -0.000165655 0.226898 -0.00034505 0.0158392 -0.019259 0.0156498 -0.0117811 5.09136e-07 -0.0073373 0.225549 3.50668e-05 0.00137825 0.0182074 -1.68322e-05 0.173315 0.00835547 -0.00390377 0.18166 -0.0942822 -0.0992028 -2.46384e-07 -0.191402 -0.0140572 -2.56583e-07 4.68487e-05 -0.000703506 -0.00329654 -0.000246701 -9.52249e-06 -0.0115709 -0.0295325 0.0254549 -0.0187899 -7.9869e-05 0.0167677 0.224867 0.00046268 -0.21378 -0.190133 0.0103399 -0.000604516 -0.00254197 -1.73688e-07 -0.0169102 6.71794e-05 -0.0058222 -0.0736057 -0.0168693 -0.0211456 2.76799e-06 4.20896e-05 -0.00408034 -0.0045675 -0.206985 -0.0108509 -0.218498 0.0417701 -0.202884 -2.2905e-06 -0.000482112 -0.0170147 -0.0188744 
-0.000447982 -0.00252486 0.191187 -6.54743e-05 -0.136051 -2.88175e-05 -0.00573767 0.188601 -2.56449e-06 -0.15675 -0.00938453 -1.25194e-05 0.186836 -6.14372e-05 0.170896 0.229566 -0.0109007 -0.00733699 -0.0347576 -0.00674282 -0.000395058 -0.0811711 -0.0136229 -0.000779029 0.183778 0.0791138 -2.02494e-05 -0.151347 -0.0338469 -0.162465 -0.0248044 -0.160507 0.186832 -0.166211 0.190455 0.171033 -0.0389905 -0.0145407 -0.0116862 0.187968 -0.000254168 -0.024195 -0.0246537 -0.0152948 -0.0112651 -2.48744e-06 -0.00532904 0.188239 -2.07451e-05 -0.00095891 0.00534049 -1.3812e-05 0.167147 -0.00416891 -0.0029252 0.151473 -0.0698015 -0.0771741 -8.59289e-07 -0.147 -0.010518 -1.17537e-05 -3.67986e-05 -0.000516632 -0.00336785 -0.000184876 -7.35263e-06 -0.0312106 -0.0221051 -0.0207386 -0.0257278 -0.000164809 -0.0108751 0.187026 -0.000366185 -0.155412 -0.142248 0.00163898 -0.000447252 -0.00248024 -1.19729e-07 -0.0127435 -0.000616141 -0.00494 -0.0583694 -0.0307408 -0.0227987 -2.53171e-05 -3.17641e-05 -0.00376875 -0.0051504 -0.162211 -0.00904479 -0.173141 0.050322 -0.152893 -3.40628e-06 -0.000406128 -0.0149815 -0.0249168 
-3.9153e-05 0.000317607 -0.0126685 -7.9412e-06 -0.00660478 4.9238e-05 0.00101294 -0.013099 -2.58632e-07 -0.00114423 -0.000812928 -1.24758e-06 -0.0127106 2.64251e-05 -0.0047016 -0.0109007 0.030213 -0.0006012 0.0143506 -0.000774904 -3.34464e-05 -0.00764723 -0.00129473 -3.25958e-06 -0.0133249 -0.00530421 -1.41269e-06 -0.00244179 0.0153306 -0.00276934 0.0157163 -0.00328629 -0.0129301 -0.00324845 -0.0134663 -0.0138389 -0.00339578 0.00727826 0.00183873 -0.0131447 -2.2526e-05 0.0133959 0.0155062 -0.000821198 -0.000830254 -1.42658e-07 3.20949e-05 -0.0131295 -2.72511e-06 -9.76561e-05 0.000838475 2.5697e-05 0.00472808 0.00269209 -0.000159109 -0.00998804 0.00207744 0.0069518 7.57921e-08 0.00213888 -0.000910725 1.6899e-06 9.00721e-06 -2.38627e-05 0.00362966 -1.3604e-05 -6.5209e-07 0.0154231 0.00259934 0.00100162 0.0151837 4.75881e-06 -0.000891799 -0.0128488 2.75484e-06 -0.00272294 -0.000402636 -0.000487005 -1.3056e-05 -0.00019395 1.53359e-08 -0.000700488 0.000234627 0.00468654 -0.00385483 0.0155431 0.00768923 1.57563e-06 2.74293e-06 -0.000295321 -0.000410997 -0.00270084 0.00102136 0.00588263 -0.00293999 -0.00684824 1.16249e-06 -3.22886e-05 -0.00115768 0.0152597 
-2.52794e-05 0.000308335 -0.008758 5.58973e-07 0.0120327 -2.74466e-06 0.000109094 -0.0088834 7.70931e-06 0.00204058 0.0115674 1.7117e-07 -0.00895557 -4.39178e-06 -0.00954203 -0.00733699 -0.0006012 0.0201582 -0.00254912 0.00172425 1.19551e-05 0.00800463 -0.00124721 -5.01228e-05 -0.00639813 -0.00333252 2.54101e-05 0.00140309 -0.000645052 0.0106091 -0.00192906 0.0109928 -0.00893385 0.0106696 -0.00875924 -0.00922368 -0.000454691 -0.00119677 -0.000573471 -0.00885543 0.000163072 -0.00313701 -0.00194383 -0.000920851 0.0109231 7.14184e-07 0.00178707 -0.00886347 -2.2605e-06 -8.97559e-05 -0.000791826 -2.72841e-07 -0.00946059 -0.000678131 -0.000146672 -0.00739023 -0.00360873 -0.00445202 1.54662e-06 -0.0062471 0.0157998 -4.23171e-07 -4.21037e-07 9.79535e-05 -0.000204859 -1.02536e-05 -4.30366e-07 -0.00231836 -0.0011029 -0.000670078 -0.00165246 2.65785e-05 -0.00043958 -0.00893381 -2.12126e-05 0.0109857 -0.00314569 -0.000481036 0.000415531 8.09638e-05 3.19189e-07 -6.3579e-05 -3.39251e-05 -0.000310952 0.00514981 -0.00222071 -0.00183172 3.39464e-06 -1.9722e-06 0.00463018 -0.000297402 0.0101636 -0.000549916 0.0102855 -0.0017252 0.0113971 1.37365e-06 6.52126e-05 0.00232039 -0.00195679 
-0.000172779 -0.0009932 -0.0305043 0.000202198 -0.0522906 9.1981e-05 -0.00203986 -0.0278584 -1.13596e-06 -0.0559937 -0.00356716 4.31371e-05 -0.0284763 -1.51846e-05 0.00361002 -0.0347576 0.0143506 -0.00254912 0.118211 -0.00325968 0.000618768 -0.0791444 0.0520271 -0.000335928 -0.0198389 0.00598574 -6.90929e-06 -0.0581242 0.0875217 -0.0518458 0.0806887 -0.0562643 -0.0242376 -0.0443051 -0.0263291 -0.0293184 -0.0149373 0.0486346 0.00892062 -0.0270684 -8.51274e-05 0.101042 0.0802184 -0.000374249 -0.000504673 -9.92592e-07 0.000716624 -0.0274107 1.0473e-05 0.00104558 -0.00344903 -5.02188e-06 0.0375538 0.00516128 -0.0011196 -0.0367136 -0.027023 0.0142895 -1.28548e-07 -0.0439627 -0.00403302 9.70824e-06 0.000207994 -0.000232249 0.00852227 -6.33686e-05 -2.30409e-06 0.0934029 -0.00847311 -0.00745136 0.079867 -4.16289e-05 0.0138882 -0.0270311 0.000763535 -0.0616913 -0.0534756 -0.00153401 -0.000173912 -0.000391229 -3.97666e-08 -0.00488597 -0.000244555 0.0127732 -0.0052968 0.0876694 0.0737127 3.91666e-06 -8.12799e-06 -0.00117423 0.0124208 -0.0524334 0.0208452 -0.028268 -0.0120861 -0.0588446 1.05662e-06 -9.22386e-05 -0.00301261 0.0807928 
0.000547072 8.44141e-05 -0.00737157 -6.78776e-06 0.00874661 -3.39799e-06 0.000141298 -0.00769223 2.22667e-08 0.0099356 -0.000250339 1.89063e-07 -0.00780464 -6.40213e-06 -0.00934472 -0.00674282 -0.000774904 0.00172425 -0.00325968 0.0259454 0.000151525 0.0056562 -0.00138302 -1.47552e-06 -0.00780623 -0.00152362 2.74787e-07 0.010155 -0.00223399 0.00998525 -0.00229963 0.0100387 -0.00791406 0.00979051 -0.00765409 -0.00870715 -0.00149466 -0.00154381 0.00220352 -0.00769165 -6.03506e-06 -0.00369406 -0.00228767 -0.000470793 -0.000649629 -3.65001e-08 4.61146e-05 -0.00767085 -2.34096e-06 -0.000109251 -0.000577143 3.40155e-05 -0.0116777 -0.000610199 0.0034067 -0.00595881 0.00757444 -0.00128598 -6.91278e-08 0.00443409 0.000157858 2.1546e-06 -7.56351e-06 0.000182733 -0.000258248 -7.63534e-06 1.09291e-07 -0.00255481 0.000980508 7.54934e-05 -0.00229619 -1.26908e-05 -0.000311435 -0.00766063 6.16366e-05 0.0103265 0.00558815 -0.000560082 2.66452e-05 -8.03689e-05 3.43648e-07 0.000146966 -5.21271e-05 -0.000195826 -0.0021914 -0.00229834 -0.00210681 -1.65985e-06 5.86358e-06 9.2642e-05 -0.000367038 0.00996571 -0.000647355 0.00926878 -0.00149634 0.00667873 3.22369e-07 -2.27664e-05 -0.00025075 -0.00227083 
5.74177e-06 -8.84286e-06 0.000339319 -2.90932e-07 -0.000315577 -1.52357e-07 -1.59281e-05 0.000420155 -9.47519e-09 -0.000329934 -2.0311e-06 1.46048e-07 0.000416749 1.55881e-07 0.000386493 -0.000395058 -3.34464e-05 1.19551e-05 0.000618768 0.000151525 0.0011412 -0.000519694 -6.74633e-05 -2.8075e-06 0.000424632 0.000353744 -6.49439e-08 -0.000319313 -8.49633e-05 -0.000307549 -0.000103159 -0.000313759 0.000402276 -0.0001212 0.000427597 9.18929e-05 -0.00012427 -6.56061e-05 2.60599e-05 0.000416201 -8.46204e-07 0.000398253 -0.000102861 -4.06452e-05 -1.40997e-05 -8.27936e-09 -1.94141e-05 0.000421282 1.71185e-07 -5.20055e-06 -3.63775e-05 -4.4196e-08 -0.000555187 5.01621e-06 9.95876e-05 -0.000359455 -0.000166846 -0.00013412 -2.9629e-09 -0.0003994 -8.53e-06 1.14672e-06 -3.59757e-07 4.70446e-06 -1.13399e-05 -4.74904e-07 -2.38898e-08 -0.000109297 -6.51654e-05 -8.54352e-05 -0.000104644 -5.44085e-07 0.000851205 0.000418588 -1.19769e-06 -0.000343476 -0.000369894 -2.54236e-05 -1.42396e-06 -6.22981e-06 2.79585e-07 -1.27804e-05 -2.26566e-06 -1.59799e-05 -0.000160463 -0.000104841 -9.79349e-05 2.33854e-07 -1.11143e-07 -9.53659e-06 -1.48289e-05 -0.000317839 -2.24821e-05 -0.00034429 -0.000104291 -0.000378642 -1.08995e-08 -1.25287e-06 -4.49362e-05 -0.000103509 
0.000499779 0.00261068 -0.111604 -0.000139315 0.154848 -6.76921e-05 0.00499894 -0.117292 3.36181e-06 0.173576 0.0104525 -3.34169e-05 -0.11545 -0.000143522 -0.139623 -0.0811711 -0.00764723 0.00800463 -0.0791444 0.0056562 -0.000519694 0.24142 -0.0353478 -0.00142053 -0.122523 -0.103554 1.20431e-05 0.172372 -0.0567845 0.173324 -0.0546387 0.176712 -0.119128 0.167679 -0.115118 -0.104036 0.0442111 -0.0359224 -0.00262671 -0.118373 0.000274836 -0.0930699 -0.0544864 -0.0190114 0.00660537 -2.10124e-06 0.00334603 -0.11676 -5.68182e-05 -0.00267287 -0.0207898 -2.15348e-05 -0.137362 -0.0191791 0.00258713 -0.102809 0.0800168 0.0503553 6.31209e-08 0.153595 0.0119522 -4.93965e-06 -0.000166522 0.000391697 -0.00592608 0.000192294 7.84484e-06 -0.0634336 0.0249379 -0.0169045 -0.0557262 -0.000124231 -0.0194085 -0.116996 -0.000614734 0.177953 0.159297 -0.0138447 0.000513241 0.00184906 1.11346e-07 0.0140155 0.000286267 -0.00882797 0.0491271 -0.0592533 -0.0512761 -1.54382e-05 -5.72974e-05 0.00331061 -0.00854149 0.172866 -0.014033 0.15725 -0.0131323 0.171894 1.44967e-06 0.000403088 0.0121258 -0.0547187 
-7.66365e-05 -0.000392041 -0.0254206 0.000174713 -0.0231347 1.58424e-05 -0.000967854 -0.0269317 -5.02557e-07 -0.0244461 -0.00159283 -3.74554e-06 -0.0272179 -1.53132e-05 -0.0147005 -0.0136229 -0.00129473 -0.00124721 0.0520271 -0.00138302 -6.74633e-05 -0.0353478 0.0569256 -0.000120005 -0.0277508 -0.0107269 -3.41791e-06 -0.0257709 0.0532551 -0.0273548 0.0548096 -0.0273323 -0.027091 -0.0277879 -0.0265906 -0.02499 -0.00661759 0.0388654 -0.00195507 -0.0270398 -3.93227e-05 0.0508008 0.0547827 -0.00273269 -0.00134822 -4.39131e-07 -0.000891912 -0.0268452 1.37379e-05 0.00078583 -0.00223095 4.62921e-06 0.0305244 -0.00187625 -0.000500443 -0.0217604 -0.0119571 0.0157833 -1.5715e-07 -0.0164789 -0.00178513 -1.01933e-06 0.000113188 -7.86176e-05 0.00460849 -2.44298e-05 -1.09043e-06 0.0535208 -0.00376289 -0.00393779 0.0545697 -2.24012e-05 -0.00167691 -0.0262818 -3.65112e-05 -0.0273309 -0.024229 -0.00140766 -7.69403e-05 -0.000412209 -1.20172e-08 -0.00216621 -0.000118922 0.00443887 0.00556133 0.0537747 0.0549616 -5.03616e-06 -4.39161e-06 -0.000639649 0.0133029 -0.0275998 0.0147453 -0.0227607 -0.00571418 -0.0261373 -5.04769e-07 -6.89266e-05 -0.00125464 0.0548264 
-3.10772e-06 4.47569e-05 -0.000895796 -3.90735e-08 -0.000772106 -1.14358e-07 -3.9685e-05 -0.00107112 -2.03794e-08 -0.00096011 3.91487e-05 -1.51887e-07 -0.00107616 9.38274e-05 0.00100478 -0.000779029 -3.25958e-06 -5.01228e-05 -0.000335928 -1.47552e-06 -2.8075e-06 -0.00142053 -0.000120005 0.00245128 -0.00105086 -0.00042066 -1.39682e-07 -0.00102338 -0.000295569 -0.00112206 -0.000187115 -0.00110013 -0.00107245 -0.00114414 -0.0010518 0.000767941 -0.000266198 -0.000148843 0.00135659 -0.00107316 -1.85587e-06 -0.000395761 -0.000220011 0.00135888 0.00222133 1.78553e-06 0.000571384 -0.00108244 -2.69887e-07 0.00225478 0.00035262 3.57916e-05 0.00115868 0.00212299 -2.03663e-05 -0.000735169 -0.000479378 -0.000584397 -6.37265e-09 -0.00100918 -6.33797e-05 1.09326e-05 9.50139e-06 7.84446e-05 2.51205e-05 8.71097e-06 -5.13826e-08 -8.934e-05 -0.000152612 0.00224436 0.0021931 0.000274936 -7.96876e-05 -0.00102864 6.7944e-05 -0.00109511 -0.000963659 -4.87879e-05 -3.12003e-06 -1.71057e-05 -8.92826e-10 -8.03941e-05 2.11365e-06 3.99666e-05 0.0001722 0.000138902 0.0020368 1.89875e-07 3.09519e-08 -2.59387e-05 -3.55077e-05 -0.00112028 -6.50135e-05 -0.00107837 0.00181849 0.000813893 -2.34428e-08 -2.79507e-06 0.00218499 9.52482e-06 
-0.000577416 -0.00327625 0.232226 -0.000102569 -0.172017 -1.65101e-05 -0.00731351 0.240821 -3.38487e-06 -0.2024 -0.00938763 3.12288e-05 0.238433 2.33701e-05 0.230113 0.183778 -0.0133249 -0.00639813 -0.0198389 -0.00780623 0.000424632 -0.122523 -0.0277508 -0.00105086 0.248235 0.0949018 -1.74566e-05 -0.194633 -0.044158 -0.196319 -0.0431879 -0.198905 0.242112 -0.191361 0.237772 0.207778 -0.049958 -0.0233637 -0.00472057 0.241732 -0.000263495 -0.00721147 -0.0431084 0.0154167 -0.0120164 -1.12551e-06 -0.00777615 0.240158 3.80498e-05 -0.00159325 0.0191941 -1.61363e-05 0.16004 0.00634531 -0.00373505 0.194642 -0.0900913 -0.106124 -1.94367e-07 -0.188888 -0.0108043 -1.74298e-06 -4.15498e-05 -0.000670602 -0.00458414 -0.000236829 -9.10307e-06 -0.0355874 -0.0284252 0.0223304 -0.0443097 -0.000211447 0.0173831 0.239222 0.000485234 -0.198007 -0.182401 0.0125786 -0.000581292 -0.00256607 -1.664e-07 -0.0162527 7.21489e-05 -0.00664503 -0.0750517 -0.041272 -0.0405785 4.7126e-06 4.90175e-05 -0.00228388 -0.0066168 -0.195609 -0.0107081 -0.208743 0.0425253 -0.193546 -2.30248e-06 -0.000452914 -0.0181585 -0.0432724 
-0.000219346 -0.00102659 0.0827263 -2.09968e-05 -0.0673599 5.47205e-07 -0.0028069 0.0868028 -1.45141e-06 -0.0772648 -0.00453213 4.02084e-05 0.0859294 -4.52074e-05 0.090575 0.0791138 -0.00530421 -0.00333252 0.00598574 -0.00152362 0.000353744 -0.103554 -0.0107269 -0.00042066 0.0949018 0.145684 -5.26237e-06 -0.0742775 -0.00983398 -0.0702363 -0.0167627 -0.0739458 0.0893835 -0.0641356 0.0886022 0.0713117 -0.0192814 -0.0101452 0.00531319 0.0883397 -0.000119496 -6.65055e-05 -0.0166516 -0.00542357 -0.0055115 1.17199e-07 -0.00300618 0.0869875 -1.32187e-05 -0.00036256 -0.00600248 -5.36437e-06 0.0535647 0.00195149 -0.00114581 0.0593562 -0.0349266 -0.0388803 -1.9907e-07 -0.0728831 -0.00515505 2.10738e-06 3.93467e-05 -0.000105323 -0.00177124 -9.16577e-05 -3.44814e-06 -0.00565693 -0.0107474 -0.0115989 -0.0172665 -8.36935e-05 0.00560073 0.0862715 0.000635857 -0.0793327 -0.0692629 -0.0035117 -0.00022473 -0.000149629 -6.43171e-08 -0.00624587 -0.000347671 -0.00261837 -0.0288044 -0.0101002 -0.0157029 -5.76773e-07 -1.24371e-05 -0.000903478 -0.00255789 -0.0692543 -0.00469509 -0.0737735 0.0113719 -0.0750256 3.01235e-07 -0.000131493 -0.00725325 -0.0166948 
6.19144e-06 -1.12282e-07 -2.44459e-05 -1.44748e-08 2.06218e-05 -7.58025e-09 3.43333e-06 -2.43601e-05 -4.71421e-10 -5.38291e-06 1.80325e-05 -3.51349e-09 -2.46295e-05 -1.46334e-08 -1.64767e-05 -2.02494e-05 -1.41269e-06 2.54101e-05 -6.90929e-06 2.74787e-07 -6.49439e-08 1.20431e-05 -3.41791e-06 -1.39682e-07 -1.74566e-05 -5.26237e-06 5.68401e-05 -7.64373e-06 3.5261e-06 8.2542e-06 -4.99088e-06 1.95877e-05 -2.44575e-05 2.95551e-05 -2.40404e-05 -2.75663e-05 -1.63137e-06 -7.14103e-07 7.7072e-06 -1.36913e-05 3.04028e-08 1.63944e-06 -4.97605e-06 -2.41354e-06 1.80672e-05 -4.11925e-10 4.36075e-06 -2.43012e-05 -6.2431e-09 1.85126e-06 -2.20195e-06 -2.19889e-09 -2.7169e-05 -1.33802e-06 1.35222e-06 -2.03275e-05 -1.08837e-05 -1.02784e-05 2.36519e-07 -4.64623e-06 1.8632e-05 -2.48519e-09 -1.83966e-08 7.39892e-09 -5.42837e-07 -2.94325e-08 -1.18859e-09 -1.83578e-06 9.08974e-06 2.51393e-05 -4.52967e-06 9.59673e-09 -1.10192e-06 -2.42038e-05 -5.95889e-08 2.00715e-05 -8.97876e-06 -1.26859e-06 -5.21734e-08 6.37097e-06 -2.06531e-11 -2.03211e-06 -1.12724e-07 -8.62218e-07 -4.09722e-06 -5.13494e-06 -4.89931e-06 -4.78356e-09 -5.52972e-09 4.40866e-05 -8.21372e-07 2.8459e-05 -1.2839e-06 2.11871e-05 -5.28408e-06 2.62052e-05 -5.42285e-10 -2.13229e-08 -2.20319e-06 -5.24497e-06 
0.000681538 0.00393515 -0.182909 -9.12736e-05 0.208425 -5.67189e-05 -0.00131486 -0.188959 -3.12405e-06 0.235891 0.00549713 -2.60629e-05 -0.186346 -0.000109494 -0.202925 -0.151347 -0.00244179 0.00140309 -0.0581242 0.010155 -0.000319313 0.172372 -0.0257709 -0.00102338 -0.194633 -0.0742775 -7.64373e-06 0.244424 -0.0475541 0.230792 -0.04031 0.232172 -0.190128 0.226471 -0.186586 -0.168158 0.0533654 -0.0258956 0.00315569 -0.189805 0.000222457 -0.0684972 -0.0401883 -0.0116183 0.00171579 -5.0221e-07 0.00406273 -0.188572 -4.66771e-05 -0.00191491 -0.0164425 -1.59131e-05 -0.208032 -0.0139821 0.00378838 -0.15326 0.112575 0.0889102 -1.10302e-06 0.212382 0.00711728 2.97466e-06 -0.000134068 0.000808678 -0.00425915 0.000278396 1.06697e-05 -0.0462246 0.0328798 -0.0199574 -0.041449 -0.000196766 -0.0140514 -0.188339 -0.000430901 0.231316 0.216156 -0.00994112 0.000636642 0.00309486 1.98798e-07 0.0190014 -0.000465972 -0.00643984 0.0733193 -0.046947 -0.0378233 -1.78494e-05 -4.10526e-05 -0.00123433 -0.00614588 0.230061 -0.0113757 0.21804 -0.0336315 0.229126 1.01904e-06 0.000257289 0.0165717 -0.0402748 
0.000258295 -0.000787234 -0.0509268 0.000211659 -0.0435446 9.68455e-05 0.00789826 -0.0533115 3.25308e-07 -0.0351591 -0.00230923 -7.36826e-06 -0.0538312 -2.12464e-05 -0.0200973 -0.0338469 0.0153306 -0.000645052 0.0875217 -0.00223399 -8.49633e-05 -0.0567845 0.0532551 -0.000295569 -0.044158 -0.00983398 3.5261e-06 -0.0475541 0.105859 -0.0311587 0.0831637 -0.034239 -0.0496532 -0.030085 -0.0518308 -0.0450126 -0.00609018 0.0491564 0.0124485 -0.0515657 -2.06131e-05 0.0847242 0.0830342 -0.00520566 0.00175717 -4.58735e-07 0.00109737 -0.0527946 8.13299e-06 0.00165919 -0.00355677 -3.33518e-06 0.0481771 0.00493239 0.000209797 -0.0432481 -0.0228466 0.0196219 -3.12083e-07 -0.0269839 -0.00193135 -5.26129e-06 0.000266847 -0.000126476 0.00870207 -5.41604e-05 3.66034e-06 0.0916585 -0.0035901 -0.00510544 0.0821818 -4.84553e-05 -0.00342001 -0.052162 -0.000125696 -0.0413255 -0.0343488 -0.00276993 -0.000147912 0.00241382 -3.37238e-08 -0.00369471 9.61769e-05 0.0127939 -0.000967138 0.0967231 0.0759322 -7.88707e-06 -8.14341e-06 0.0022747 0.0126962 -0.0294165 0.0219586 -0.00573612 -0.011203 -0.0433517 1.47528e-06 0.000186762 -0.00219607 0.0831557 
0.000669652 0.00371615 -0.195475 -8.01084e-05 0.206434 -1.94208e-05 0.00795776 -0.201564 4.10879e-06 0.23511 0.0136715 -2.57443e-05 -0.199064 -0.000117559 -0.20782 -0.162465 -0.00276934 0.0106091 -0.0518458 0.00998525 -0.000307549 0.173324 -0.0273548 -0.00112206 -0.196319 -0.0702363 8.2542e-06 0.230792 -0.0311587 0.248128 -0.0425195 0.243537 -0.200068 0.241562 -0.19878 -0.181414 0.0590462 -0.0269997 0.0110934 -0.202414 0.000349766 -0.0650275 -0.0424414 -0.0127269 0.0106418 -1.26316e-06 0.00541376 -0.200981 -5.01268e-05 -0.00207537 -0.0173337 -1.65315e-05 -0.210161 -0.0150917 0.00422095 -0.164441 0.106878 0.0850102 -1.87805e-07 0.210254 0.0156702 -7.41855e-06 -4.14569e-05 0.000737658 -0.00433205 0.000263079 8.58629e-06 -0.0404031 0.0335566 -0.0223062 -0.0437049 -0.000185127 -0.0140367 -0.200569 -0.000473881 0.237914 0.215725 -0.0105466 0.000668525 0.00357038 1.60719e-07 0.0191568 -0.000189322 -0.00689589 0.0712026 -0.0355688 -0.0401911 -2.42493e-05 -4.36247e-05 0.00457275 -0.0065968 0.24488 -0.0122124 0.232534 -0.03668 0.230505 4.80939e-06 0.000599296 0.0180747 -0.0427675 
-0.000119865 -0.000679615 -0.0398651 0.000192299 -0.0361445 7.78043e-05 -0.00116365 -0.0421082 -7.86033e-07 -0.0374213 -0.00247657 -5.79161e-06 -0.0425039 2.72076e-06 -0.0192602 -0.0248044 0.0157163 -0.00192906 0.0806887 -0.00229963 -0.000103159 -0.0546387 0.0548096 -0.000187115 -0.0431879 -0.0167627 -4.99088e-06 -0.04031 0.0831637 -0.0425195 0.0857958 -0.0420962 -0.0421016 -0.0434073 -0.0415703 -0.0324206 -0.0103493 0.0502468 0.000164781 -0.0422829 -5.33344e-05 0.078881 0.0849618 -0.00424207 0.000705784 -6.86831e-07 0.00137261 -0.0418547 1.09638e-05 0.000946489 -0.00247254 -3.66636e-06 0.0478813 0.00584229 -0.000767237 -0.0339856 -0.0187029 0.0216766 -2.45793e-07 -0.0260321 -0.00277533 -4.14373e-06 0.000129283 -0.000168671 0.00891965 -4.09816e-05 -1.78183e-06 0.0836315 -0.00588327 -0.00427906 0.0844803 -1.55823e-05 -0.00261593 -0.0414078 -9.88933e-05 -0.0425907 -0.037172 -0.00217078 -0.000120223 -0.000649205 -2.44363e-08 -0.00335593 -0.000158426 0.0132418 0.00160945 0.0837627 0.0778875 -3.56596e-06 -6.51342e-06 -0.000993147 0.0130734 -0.0428568 0.0226432 -0.0180022 -0.00890051 -0.0408512 -5.30857e-07 -0.000107693 -0.00158335 0.085138 
0.000682712 0.00369927 -0.194077 -7.35058e-05 0.208209 -5.99999e-05 0.00837044 -0.200521 4.13737e-06 0.236905 0.014308 -2.5687e-05 -0.198821 -0.000114192 -0.210463 -0.160507 -0.00328629 0.0109928 -0.0562643 0.0100387 -0.000313759 0.176712 -0.0273323 -0.00110013 -0.198905 -0.0739458 1.95877e-05 0.232172 -0.034239 0.243537 -0.0420962 0.247626 -0.201023 0.239353 -0.197947 -0.17991 0.0598168 -0.0271831 0.0074891 -0.201321 0.00036724 -0.0681066 -0.0418766 -0.0127923 0.0115566 -1.96951e-07 0.00561485 -0.200099 -4.95276e-05 -0.00205025 -0.0174654 -1.63204e-05 -0.209125 -0.0147925 0.00447193 -0.162564 0.107074 0.0844951 4.29677e-07 0.211845 0.0161587 -7.44002e-06 -9.58178e-05 0.00071588 -0.00449275 0.000265037 1.08004e-05 -0.0436588 0.0340151 -0.0217694 -0.0428879 -6.96825e-05 -0.0149119 -0.199833 -0.000470311 0.240218 0.216655 -0.0105477 0.000687379 0.00349612 1.62701e-07 0.0192791 -0.000169539 -0.00679781 0.0720952 -0.0385439 -0.0395906 -6.65682e-06 -4.35473e-05 0.0048219 -0.00651559 0.243039 -0.0119727 0.231293 -0.036193 0.232523 3.13144e-06 0.000610358 0.0179607 -0.042163 
-0.000565249 -0.00319454 0.235494 -0.000113109 -0.170682 3.18943e-07 -0.00722255 0.244297 -3.29454e-06 -0.197835 -0.0117499 3.1702e-05 0.241957 2.88172e-05 0.227333 0.186832 -0.0129301 -0.00893385 -0.0242376 -0.00791406 0.000402276 -0.119128 -0.027091 -0.00107245 0.242112 0.0893835 -2.44575e-05 -0.190128 -0.0496532 -0.200068 -0.0421016 -0.201023 0.247201 -0.19584 0.241184 0.211571 -0.0488212 -0.0226635 -0.011025 0.244522 -0.000308332 -0.0113055 -0.0420778 0.0153992 -0.0142997 -1.73325e-06 -0.0075474 0.24366 3.9226e-05 -0.00198416 0.0197047 -1.6345e-05 0.159874 0.00585619 -0.0036985 0.197194 -0.0879672 -0.106122 -1.66122e-07 -0.184495 -0.0131706 -1.14348e-06 -6.8885e-05 -0.000671583 -0.00441221 -0.000231083 -8.87534e-06 -0.0406229 -0.0277589 0.0219897 -0.0432287 -0.000197494 0.0174211 0.242563 0.000494658 -0.196067 -0.178787 0.0125978 -0.000567667 -0.00301012 -1.62443e-07 -0.0159441 9.49638e-05 -0.00648677 -0.0733225 -0.0462935 -0.0397672 3.75581e-06 -1.49197e-05 -0.00441407 -0.00645929 -0.200175 -0.0104225 -0.212604 0.0433855 -0.192283 -4.26525e-06 -0.000506562 -0.0189298 -0.0423478 
0.000672769 0.00361563 -0.196031 -8.25175e-05 0.202649 -3.95018e-05 0.00829022 -0.198333 4.0052e-06 0.231067 0.0134648 -2.68588e-05 -0.195899 -0.000120124 -0.203089 -0.166211 -0.00324845 0.0106696 -0.0443051 0.00979051 -0.0001212 0.167679 -0.0277879 -0.00114414 -0.191361 -0.0641356 2.95551e-05 0.226471 -0.030085 0.241562 -0.0434073 0.239353 -0.19584 0.248925 -0.194913 -0.186848 0.0581738 -0.0273222 0.0126597 -0.197247 0.000358533 -0.0563097 -0.0429866 -0.0130873 0.0104321 5.17555e-07 0.00505883 -0.197684 -4.89913e-05 -0.00160782 -0.0180557 -1.53002e-05 -0.213936 -0.0152178 0.00437787 -0.167856 0.104779 0.0824437 -1.31654e-07 0.206479 0.0153674 6.59987e-06 -9.8791e-06 0.000745126 -0.00404053 0.000251639 1.05738e-05 -0.0368179 0.0330334 -0.0218247 -0.044641 -0.000192619 -0.00800379 -0.197344 0.000449985 0.233757 0.211937 -0.0108231 0.00066084 0.00368932 1.83577e-07 0.0189333 -0.000226018 -0.0070017 0.0691797 -0.0351252 -0.0407704 -2.0338e-05 -4.38777e-05 0.00562386 -0.00675111 0.242618 -0.0124928 0.2309 -0.0374571 0.226898 4.7094e-06 0.00060601 0.0176594 -0.0433518 
