0.176338 0.00166574 -0.119985 0.0527052 -0.00434754 0.112545 -0.013162 -0.000131063 0.00474323 -0.00240388 -0.000510819 0.016199 0.0223852 -0.112152 0.00172126 0.00805577 0.00263821 0.000655583 0.0982957 0.00356661 -0.109734 0.094229 -0.0197718 -0.00278981 0.00449673 -0.0161871 0.000199024 -0.00378647 0.10101 0.000317241 -0.000400554 -0.00159761 -0.0178769 -0.00521006 0.139235 -0.00233264 0.065044 -0.000394109 -0.106423 -0.104167 0.114835 -8.01091e-05 -0.107644 -5.50443e-05 -0.00184589 -0.0200855 0.000766542 -0.000337271 0.0143435 -0.0251275 -0.00255183 0.000461987 -0.114304 -4.3588e-06 0.00678736 -0.0285149 -4.34583e-05 -0.109812 -0.00597771 -0.0871977 -0.0122136 -1.31125e-06 -0.00013324 0.000264757 -0.00677172 0.00186795 0.00786625 0.00781911 0.000440699 -0.0163345 -0.000137736 0.00782908 -0.00188423 0.0598532 0.00230964 -9.17975e-07 0.00364135 -0.00293193 -0.00227108 0.000458862 0.086752 0.103823 -0.000172563 0.000112101 3.29926e-05 -0.00795854 0.00975539 -0.000415825 0.0122925 0.00874524 -0.0139114 -0.00346651 -0.105731 0.00439806 0.0348993 0.0212707 0.00582977 0.00819534 -0.102588 -0.00782787 
0.00166574 0.0375016 -0.00799987 0.016864 -0.00022748 0.0145577 0.0221785 -8.58942e-06 0.000230082 -0.000124226 -2.59929e-05 -0.0031431 -0.00579924 -0.0057247 0.02792 -0.00147992 -0.00045473 0.0127668 0.00343785 -0.003289 -0.0063664 -0.0268029 -0.00114099 -0.000266868 0.0147862 -0.000798409 -9.32215e-05 0.000837746 -0.0187325 -6.96433e-05 -2.6586e-05 -7.56911e-05 -0.000927972 -0.000268806 0.00772588 -0.000120197 -0.0138096 -5.40324e-05 -0.00543776 -0.00781223 -0.0257839 -4.29139e-06 -0.00545275 -2.79022e-06 0.000493335 0.019228 -0.000137628 -4.61873e-05 -0.00276386 -0.0012484 -0.00013349 -8.03889e-05 -0.00658252 7.87219e-07 0.0351656 -0.00233854 7.36263e-05 -0.0070902 -0.00561149 -0.0112157 0.00345685 -3.30407e-07 1.2718e-05 -6.83716e-05 -0.0011764 -0.000716457 -0.00148836 -0.00141473 -0.000153945 -0.00072894 -2.5538e-05 -0.00145123 -5.7128e-05 -0.0103227 -0.0314067 -4.64392e-08 -0.000753737 -0.000822463 -0.000138289 7.3461e-06 0.00445835 0.00812334 -8.88767e-06 -1.86533e-05 1.78322e-05 0.0118127 -0.00276621 -2.05702e-05 -0.0303625 -0.0014885 -0.00066471 -0.000209004 -0.00719397 0.025554 -0.0101255 0.0215479 0.0145993 -0.0151803 -0.00621506 -0.000471704 
-0.119985 -0.00799987 0.16322 -0.0386429 0.000390694 -0.0721913 -0.0188402 0.000110814 -0.00756077 8.57684e-05 -0.000136021 -0.0153766 -0.0303882 0.114454 -0.00935865 -0.00792477 -0.00239976 -0.00311874 -0.107308 -0.0170286 0.11788 -0.0951782 -0.00624801 -0.000810564 -0.015162 -0.00374036 -0.000485399 -0.00273625 -0.102338 -0.000364053 -0.00014189 -6.71023e-05 -0.00555915 0.00479376 -0.110087 -0.000610097 -0.0719478 -0.00021018 0.110763 0.116262 -0.0891613 -1.85256e-05 0.105021 -1.41855e-05 -0.00106809 -0.0166052 -0.000718324 -0.000242066 -0.0113845 -0.00687805 -0.000647113 -0.000423005 0.117008 -9.8919e-07 -0.0193078 0.00321802 -2.59179e-05 0.121182 0.00893162 0.0970794 -0.0129494 -5.25854e-07 -0.000118656 -0.000239276 0.00491464 -0.00277932 -0.00788922 -0.00752163 -0.000827897 -0.0120427 -0.000128348 -0.00769954 -0.000454349 -0.0559253 0.0375235 -2.44445e-07 -0.00396617 0.00347021 -0.000727921 -0.00056168 -0.0628552 -0.107104 -2.77569e-05 -0.00010026 -3.20153e-05 -0.00522116 -0.0134726 -0.000110603 0.0255561 -0.00851753 -0.00374167 0.00125676 0.117465 -0.00631853 -0.0434121 -0.0194791 -0.00726719 0.025865 0.117529 -0.00204793 
0.0527052 0.016864 -0.0386429 0.188906 -0.00151783 0.0997903 0.0389898 -5.39851e-05 -0.00937356 -0.000774801 -0.000163768 -0.0205542 -0.00869371 -0.0371167 0.00634145 -0.00972136 0.00115373 0.0102473 0.055015 -0.021255 -0.0475285 0.0499078 -0.00694662 -0.00164789 0.00630029 -0.00524599 -0.000568134 -0.00319959 0.0486581 0.000188921 -0.000168907 -0.000577287 -0.00678885 -0.00174167 0.0536387 -0.00075998 -0.0876137 -0.000334531 -0.0352612 -0.052189 0.0575211 -2.71761e-05 -0.0357154 -1.94085e-05 -0.000587685 -0.0100598 -0.000891656 -0.000275071 -0.0157557 -0.00841941 -0.000830167 -0.000514938 -0.0426509 -9.47274e-07 0.00583523 -0.0117614 1.97576e-06 -0.0459587 0.00552481 -0.0683501 -0.0159451 8.93825e-08 -0.000145653 0.000644242 -0.00762139 0.000724196 -0.00966363 -0.00920785 0.00022311 -0.00165324 -0.000166541 -0.0095058 -0.00062558 0.0215986 0.0180588 -3.00866e-07 -0.00484834 -0.00532851 -0.000835906 -0.000780649 0.0576631 0.0559639 -5.85499e-05 -0.000118718 -2.27271e-05 -0.003623 -0.0182476 -0.000136378 0.00576684 -0.0104135 -0.00456777 -0.00135313 -0.0469006 0.0180506 -0.0642163 0.000887761 0.00670208 0.0130841 -0.0379944 -0.00271853 
-0.00434754 -0.00022748 0.000390694 -0.00151783 0.00600508 -0.00353352 0.00309567 -6.49772e-07 -0.000240959 -1.90943e-05 -3.9541e-06 -0.000300096 -0.000865867 0.000644441 -0.000152532 -0.000135759 -5.74607e-05 -8.96815e-05 -0.000580991 -0.00050811 0.00051412 -0.000137423 0.000875036 0.000473415 -0.000405064 2.90192e-05 -4.94615e-07 0.00305297 -0.000414169 -6.49849e-06 0.000274103 0.000120982 0.000468569 0.000345007 -0.0047347 -1.81716e-05 -0.00213934 0.000366654 0.000550949 0.000412816 -0.0039508 -6.21039e-07 0.00241672 -2.26822e-07 8.80865e-05 0.00349981 -2.02303e-05 0.000237308 -0.000286949 0.00395644 -1.69063e-05 -1.2465e-05 0.000813191 2.4111e-06 0.00305948 4.40804e-05 -5.99244e-07 0.000550804 -0.000487912 -0.000381537 0.00345185 8.8848e-08 3.50402e-05 9.99545e-05 -0.000175747 3.09556e-07 -0.000110737 -0.000128028 0.000304552 0.000461569 -1.15871e-06 -0.000201988 9.44442e-05 -0.0018199 -0.00336473 -7.18948e-09 0.000165587 -7.3313e-05 0.000158894 -1.46683e-05 -0.00304541 -0.000525413 4.91508e-05 7.81417e-05 9.15987e-05 0.00330205 0.000137404 7.97378e-05 -0.00377401 0.000104232 0.000149799 -3.15392e-05 0.000374763 -9.14378e-05 -0.00147172 -0.000543581 -0.00018177 -0.00371602 0.00338734 5.243e-05 
0.112545 0.0145577 -0.0721913 0.0997903 -0.00353352 0.241125 0.00706762 -6.22969e-05 0.0125126 -0.00189465 -0.000394625 0.0137218 -0.0515664 -0.0870881 0.0154469 0.0147296 0.00440758 0.00544275 0.0717884 -0.0209534 -0.0932332 0.0528536 -0.0155391 -0.00211526 0.0180017 -0.012438 0.000842685 -0.000609816 0.064752 0.000710603 -0.000409723 -0.0012245 -0.012909 -0.00409442 0.122058 -0.00181281 -0.0498318 -0.000773398 -0.0827356 -0.0867836 0.066802 -5.69696e-05 -0.0828292 -4.50145e-05 -0.00134235 0.000400083 -0.00209353 1.53285e-05 0.0285727 -0.0192835 -0.00200787 0.000833295 -0.0992762 -3.09351e-06 0.028899 -0.00478001 4.56415e-05 -0.0949806 -0.013628 -0.114818 0.000865231 7.79049e-07 -1.35757e-05 0.000189227 -0.0163156 0.00504199 0.0145025 0.0141866 -0.00102127 -0.00765221 -2.3189e-05 0.0144155 -0.00137833 -0.0124053 -0.0167846 9.62272e-08 0.00724974 -0.0124219 -0.00179146 0.00122764 0.151182 0.081285 -0.000134722 4.11783e-05 -5.69131e-05 0.00327515 0.00599625 -0.000318521 -0.000879122 0.0155412 -0.0104945 -0.0031643 -0.0893384 0.0115277 -0.0897634 0.0227831 0.011856 0.000375103 -0.0522428 -0.00592468 
-0.013162 0.0221785 -0.0188402 0.0389898 0.00309567 0.00706762 0.087032 -1.76542e-05 -0.00185775 -0.000244911 0.000555253 -0.00712923 -0.0141959 -0.0141272 0.013159 -0.00371122 -0.00103571 0.0124033 0.0166823 -0.00687061 -0.0168951 -0.000431946 0.0208731 0.000516401 0.0196861 0.01736 -0.000231237 0.0035484 0.00422515 -0.000171503 0.00027037 0.000447444 0.0194617 -0.000566712 -0.00990658 0.000408785 -0.0329109 0.000381324 -0.0134325 -0.019748 -0.0210946 4.06328e-05 -0.00938764 -6.08128e-06 0.000908023 0.0311416 -0.000339564 0.000224727 -0.0070965 0.0259524 0.000404458 -0.000185711 -0.0155409 2.34348e-06 0.0235194 0.0199205 3.62446e-05 -0.0175031 -0.00239413 -0.0274396 0.0152207 -5.55399e-07 -5.13571e-05 -0.000100636 -0.00221596 -0.000847986 -0.00360328 -0.00352649 0.000104777 0.0221518 -6.03266e-05 -0.00361975 -0.000201859 -0.0262683 -0.0389609 -1.14605e-07 -0.00163463 -0.00202123 0.000387825 -0.000294079 -0.0023511 0.0204952 0.000126653 -4.70003e-05 8.20023e-06 0.00569068 -0.00269864 8.0321e-05 -0.0444223 -0.00397369 0.0143359 -0.000478487 -0.0185514 0.022856 -0.0240176 0.0147153 0.00428085 -0.0364583 -0.0265862 0.00851994 
-0.000131063 -8.58942e-06 0.000110814 -5.39851e-05 -6.49772e-07 -6.22969e-05 -1.76542e-05 0.000220055 -8.82637e-06 7.79621e-07 -1.46603e-07 -1.78356e-05 -3.05019e-05 8.00752e-05 -9.70512e-06 -8.41026e-06 -2.57652e-06 -2.07304e-06 -7.97875e-05 -1.83904e-05 8.62815e-05 -5.39327e-05 1.2336e-05 2.54115e-07 -1.1695e-05 -2.69621e-06 -5.28545e-07 -2.89201e-06 -7.0973e-05 -3.92797e-07 3.85796e-06 1.15562e-05 -4.72718e-06 3.01481e-09 -0.00012334 -6.77925e-07 -7.76083e-05 9.75435e-06 5.60036e-05 8.47679e-05 -7.40724e-05 5.85796e-07 0.000107745 2.9962e-06 -1.19775e-06 3.43954e-06 -7.76242e-07 2.50573e-06 -1.40382e-05 1.19533e-05 4.8043e-07 -4.54119e-07 -2.76396e-05 -1.53852e-09 -1.8693e-05 2.30414e-05 -2.81461e-08 8.95393e-05 2.15602e-06 6.02996e-05 -1.2185e-05 -1.86354e-09 -1.00473e-07 -4.06531e-07 5.35261e-06 -2.01394e-06 -8.36708e-06 -7.96978e-06 5.81896e-06 1.85269e-05 -1.45072e-07 -8.19906e-06 -5.28273e-07 -6.48914e-05 2.13619e-05 -2.61923e-10 -2.83784e-06 -3.82547e-06 -7.79968e-07 -6.82422e-07 -4.5218e-05 -7.96664e-05 -5.1218e-08 -1.0814e-07 1.40041e-07 -5.44319e-06 -1.38837e-05 1.51274e-07 1.26304e-05 -8.91639e-06 8.64994e-06 1.74273e-05 7.79068e-05 -7.26859e-06 -4.94408e-05 -2.10368e-05 -3.35689e-06 7.57993e-06 0.00012672 2.63438e-06 
0.00474323 0.000230082 -0.00756077 -0.00937356 -0.000240959 0.0125126 -0.00185775 -8.82637e-06 0.0392584 -5.86104e-05 0.000403855 0.0331898 -0.00603886 -0.00592926 -0.0010534 0.0339587 -0.000347755 -0.000115018 -0.0264073 -0.00335432 -0.00707383 -0.026165 -0.000435321 0.000858915 -0.00232728 2.02501e-05 0.00126224 4.52832e-05 -0.0272609 0.000694079 -7.02167e-06 0.000633385 -0.000387439 -0.000128373 0.00697136 0.000440815 -0.0141673 -5.4734e-05 -0.00562709 -0.00704383 -0.0258107 3.01453e-05 -0.00565562 2.58779e-05 0.000495327 0.000522596 -0.000134053 0.000157096 0.0328347 -0.000394945 0.000411435 -8.39052e-05 -0.00618924 2.67205e-07 0.0124293 3.55052e-05 1.27883e-06 -0.0073333 -0.0347875 -0.0120467 -0.00253545 1.67343e-06 0.000283575 -1.52484e-05 -0.000317423 -0.000752499 0.0337809 0.0322109 -0.000164061 0.000997188 0.000283053 0.033286 7.57744e-05 -0.0121537 -0.0320595 1.14129e-06 0.0170093 -0.000815189 0.000472708 -2.22541e-05 0.0182196 -0.0278742 -8.43533e-06 0.000351049 -4.01786e-06 0.000178204 0.0255223 -9.66686e-06 -0.0324771 0.0333576 -0.000383649 -0.000159826 -0.00759793 0.000203512 -0.0106149 0.031779 0.00703546 -0.0334916 -0.00993108 -0.000367187 
-0.00240388 -0.000124226 8.57684e-05 -0.000774801 -1.90943e-05 -0.00189465 -0.000244911 7.79621e-07 -5.86104e-05 0.00320202 6.18704e-05 -0.000218329 0.00179263 0.00236185 -0.000157621 -0.000124059 -3.75288e-05 -4.76058e-05 -0.00227824 -0.000250294 0.00244883 -0.00210008 -7.15044e-05 0.00234804 -0.000234113 -5.31025e-05 -3.52394e-06 -3.9985e-05 -0.00221289 -5.73275e-06 -2.21891e-06 -7.13934e-06 -8.62364e-05 -1.37632e-05 -0.00240914 0.00234841 -0.00107799 -2.15756e-06 -0.000317775 8.06311e-05 -0.00200759 -3.19917e-07 -0.000133345 9.29668e-06 0.00230862 -0.000263062 -7.59001e-07 -3.80492e-06 -0.000236688 -9.76228e-05 0.00232489 -6.58438e-06 0.00229119 -2.24542e-08 -0.000300766 0.0021558 -4.10783e-07 0.00016564 -0.00250192 -0.000190545 -0.000200842 -2.71978e-08 0.000145301 -5.26985e-06 0.0021075 -5.87319e-05 -0.000118532 -0.00011763 -1.2361e-05 0.00215943 3.55273e-06 -0.000120976 0.00223594 -0.000923197 -0.00178305 -3.82268e-09 -6.20445e-05 -2.82184e-05 0.00233032 -9.95972e-06 -0.00158247 -0.00237528 1.62489e-07 -1.57826e-06 -6.45803e-07 -7.62893e-05 -0.000167969 -1.73277e-06 -0.00194478 -0.000133004 -5.16555e-05 0.00280789 0.000118863 -0.000104213 -0.00075048 -0.000307711 -9.75827e-05 -0.00197047 -0.00031756 0.000443674 
-0.000510819 -2.59929e-05 -0.000136021 -0.000163768 -3.9541e-06 -0.000394625 0.000555253 -1.46603e-07 0.000403855 6.18704e-05 0.000665623 0.000561779 -5.97481e-05 -6.45895e-05 -3.32611e-05 -2.55564e-05 -7.07371e-06 -8.61041e-06 -0.000496843 -5.61364e-05 0.000532583 -0.000460871 6.96566e-05 0.00066071 -4.50234e-05 -4.2204e-06 -1.59946e-06 -8.87271e-06 -0.000483003 -1.18866e-06 -4.60083e-07 -1.55496e-06 -1.80273e-05 -4.4073e-06 -0.000522285 0.000663058 -0.000236963 2.29505e-06 -9.2102e-05 -0.000137957 -0.000440615 1.49009e-06 -9.32997e-05 1.19483e-06 0.000637535 -5.59852e-05 -2.34903e-06 -6.49629e-07 -4.9013e-05 -2.23836e-05 0.000652718 -3.409e-07 0.000553372 -4.65581e-09 -6.32052e-05 0.000623757 -8.51744e-08 -0.00012038 -0.000625868 -0.000194689 -4.26336e-05 -5.63936e-09 -2.21411e-07 -3.46892e-07 0.000621157 -1.22981e-05 2.38042e-05 -2.42335e-05 -2.69641e-06 0.000621303 -4.32342e-07 -2.0304e-05 3.9604e-05 -0.000200638 -0.000537517 -7.92619e-10 -1.24814e-05 -1.40177e-05 0.00066275 -1.65511e-06 -0.000336855 -0.000517176 -1.54994e-07 -3.27247e-07 -1.51184e-07 -1.70368e-05 0.000568186 -3.59283e-07 -0.000575927 -2.7638e-05 -3.43506e-06 5.29677e-05 -0.000130436 -2.19959e-05 -0.000172826 -6.40393e-05 -2.38135e-05 -0.000576363 -0.000226333 2.37607e-06 
0.016199 -0.0031431 -0.0153766 -0.0205542 -0.000300096 0.0137218 -0.00712923 -1.78356e-05 0.0331898 -0.000218329 0.000561779 0.075126 -0.0120861 -0.0118883 -0.0040119 0.0354388 -0.000820631 -0.000898666 -0.0603118 -0.00689349 0.00755616 -0.055979 -0.00203764 0.00255407 -0.00486152 -0.00167118 0.0018533 -0.00102517 -0.0583102 0.000843939 -5.47173e-05 -0.000119334 -0.0022113 -0.000392823 -0.00233473 0.000494623 -0.0289764 -1.8409e-05 -0.0111815 0.024037 -0.0535344 1.38091e-05 -0.0114623 -5.25061e-06 0.00168486 -0.0056726 0.00310814 0.000637758 0.0443068 -0.00274712 0.000426924 -0.000113516 0.00205937 1.98074e-07 0.00683489 -0.00417284 -1.04629e-05 0.00740284 -0.0370368 0.0138825 -0.0051123 1.43725e-06 -1.21257e-06 -1.80759e-05 0.0152296 -0.00121109 0.0351931 0.0336208 -0.000287654 -0.000815303 0.000411435 0.0345619 -7.76418e-05 -0.0242785 -0.0629589 -9.73665e-08 0.0173953 0.0118691 0.000919023 -0.000112391 0.0362866 -0.042836 -1.3203e-05 0.00041852 7.98117e-05 -0.00208897 0.0618918 -4.29948e-05 -0.0379761 0.0341037 -0.00147841 0.000141865 0.0183694 -0.00221097 -0.0208921 0.0608623 0.0046019 -0.0424169 0.0154816 -0.000965414 
0.0223852 -0.00579924 -0.0303882 -0.00869371 -0.000865867 -0.0515664 -0.0141959 -3.05019e-05 -0.00603886 0.00179263 -5.97481e-05 -0.0120861 0.126564 -0.0197835 -0.00711238 -0.00574134 -0.00136835 -0.00226695 0.0334705 0.00437867 -0.027046 0.0433349 -0.00431987 0.00141793 -0.0108801 -0.00309132 -0.000208022 -0.00195003 0.0384459 -0.0002619 4.63529e-05 -0.00034393 -0.00392888 -0.00101826 0.0281662 0.0017503 0.0605123 0.000276291 -0.020733 -0.0299931 0.0479291 -9.05496e-06 -0.0209736 -1.08125e-05 0.00139164 -0.0123071 -0.000514169 -0.000149368 -0.0109378 -0.00476138 0.0019228 -0.000305435 -0.0228908 -1.03917e-06 -0.0139883 -0.00684533 -1.90109e-05 -0.0270318 0.00586972 -0.0420599 -0.00752153 -8.85371e-07 0.000118608 -0.000149593 -0.00253164 -0.00273988 -0.00570919 -0.0054435 0.000161178 -0.00229655 -6.722e-05 -0.00557699 0.00181954 0.0879473 0.0245714 -1.76912e-07 -0.00283296 -0.0031332 0.00169172 -0.000460859 -0.0691731 0.0267115 -3.45946e-05 -7.25415e-05 -3.36242e-05 -0.00379368 -0.0108141 -8.01919e-05 0.0173243 -0.00614492 -0.00270477 0.00142105 -0.0287739 -0.00489556 0.0723295 -0.0143485 -0.00531889 0.0155452 -0.0505912 -0.00147605 
-0.112152 -0.0057247 0.114454 -0.0371167 0.000644441 -0.0870881 -0.0141272 8.00752e-05 -0.00592926 0.00236185 -6.45895e-05 -0.0118883 -0.0197835 0.125261 -0.00675481 -0.00566996 -0.00172085 -0.00223193 -0.109512 -0.0123588 0.117624 -0.101561 -0.00453102 0.00152532 -0.010842 -0.00299823 -0.000350131 -0.00195575 -0.106464 -0.000261712 -0.000101413 1.5611e-05 -0.00397313 0.00483262 -0.11504 0.00167501 -0.0522034 -0.000187334 0.11403 0.114104 -0.0970075 -1.47149e-05 0.107047 -7.18579e-07 0.00128715 -0.0121214 -0.000510436 -0.000174049 -0.0106452 -0.00493387 0.0016254 -0.000302416 0.120173 -1.02625e-06 -0.0139041 -0.00696682 -1.8431e-05 0.118004 0.00369977 0.100565 -0.00939741 -9.43045e-07 -7.91432e-05 -0.0002086 0.00258847 -0.00260879 -0.00564082 -0.00537615 -0.000593737 -0.00651708 -9.54809e-05 -0.00552857 0.00170964 -0.0442148 0.0257221 -1.74711e-07 -0.00283555 0.00118735 0.00157634 -0.000455198 -0.0740076 -0.113122 -1.57775e-05 -7.20395e-05 -3.02077e-05 -0.00375531 -0.0105211 -7.74742e-05 0.0158318 -0.0060914 -0.00267469 0.00294389 0.115369 -0.00441018 -0.0289681 -0.0141631 -0.00523411 0.0164255 0.0946275 -0.00110189 
0.00172126 0.02792 -0.00935865 0.00634145 -0.000152532 0.0154469 0.013159 -9.70512e-06 -0.0010534 -0.000157621 -3.32611e-05 -0.0040119 -0.00711238 -0.00675481 0.0476906 -0.00193498 0.000117412 0.0103413 0.00779196 -0.00386203 -0.00846279 -0.0313624 -0.000969363 -0.000237552 0.018424 -0.00103835 -0.000120433 0.00604842 -0.0114684 -8.85782e-05 2.6213e-05 7.0185e-05 -0.000111857 -0.000316467 0.00853771 -0.000151784 -0.00219564 -6.92246e-05 -0.00629632 -0.00918429 -0.0297992 -5.07496e-06 -0.00438024 1.55585e-06 -8.62084e-06 0.0199621 -0.00017659 -5.71666e-05 -0.00369332 -0.000520837 -0.000171582 0.00168869 -0.00751697 3.08569e-06 0.0390664 -0.00287522 6.29924e-05 -0.00818815 -0.00180074 -0.0116794 0.0167993 2.4154e-07 -2.30609e-05 -4.53179e-05 -0.00149976 -0.000911797 -0.00188335 -0.0018129 -0.000198597 -0.00227765 -3.27949e-05 -0.00189097 -0.000126168 -0.00292606 -0.0357696 -5.97521e-08 -0.000968637 -0.0010049 -0.000149753 0.00240041 -0.000137686 0.00753416 0.000117759 -2.41497e-05 -5.21708e-06 0.0135967 -0.00355931 2.53119e-05 -0.0296982 -0.00201749 -0.000114472 -0.000268682 -0.0094351 0.0200171 -0.0106914 0.0123268 0.0119323 -0.0170452 -0.00665856 -0.000606799 
0.00805577 -0.00147992 -0.00792477 -0.00972136 -0.000135759 0.0147296 -0.00371122 -8.41026e-06 0.0339587 -0.000124059 -2.55564e-05 0.0354388 -0.00574134 -0.00566996 -0.00193498 0.0371279 -0.000364762 -0.00058932 -0.0287898 -0.00325398 -0.00747142 -0.0266983 -0.000982653 0.00147539 -0.00181778 -0.000780286 0.00167879 -0.000482834 -0.0279143 0.00088348 -2.55562e-05 -3.78953e-05 -0.00104525 -0.000209591 0.00747385 -0.000117159 -0.0137043 -3.49665e-05 -0.0053391 -0.00710194 -0.0254958 5.59649e-06 -0.00545546 -3.00536e-06 0.000381426 -0.00272036 -0.000134636 0.000675316 0.0355581 -0.00129783 -0.000131225 -3.65165e-05 -0.006108 -2.32829e-08 0.00996814 -0.00234211 -4.93852e-06 -0.00702548 -0.0362569 -0.0114045 -0.00246488 1.37302e-06 -4.23798e-06 -2.679e-05 -0.000905604 -0.000704477 0.0365511 0.0351021 -0.000136675 0.000766784 0.000326366 0.0360404 -2.53866e-05 -0.0116238 -0.0312017 -4.59571e-08 0.0180779 -0.000813485 0.000200553 -8.21146e-05 0.0179402 -0.0298802 -4.95673e-06 0.000419496 3.76542e-05 -0.000987817 0.0268209 -1.96917e-05 -0.0294836 0.0358235 -0.000703436 -0.000206934 -0.00754921 -0.000818803 -0.0100207 0.0330812 0.00602467 -0.0333501 -0.0114832 -0.000472389 
0.00263821 -0.00045473 -0.00239976 0.00115373 -5.74607e-05 0.00440758 -0.00103571 -2.57652e-06 -0.000347755 -3.75288e-05 -7.07371e-06 -0.000820631 -0.00136835 -0.00172085 0.000117412 -0.000364762 0.0115837 -0.000176734 0.0028365 -0.000934213 -0.00155449 0.00200675 -0.00033817 -6.51225e-05 -0.000656366 -0.000247389 0.00029148 -1.54342e-05 0.0030049 6.38958e-05 -7.61632e-06 -2.51668e-05 -0.000316953 -8.07836e-05 0.00240873 -3.50014e-05 0.00152538 1.40983e-06 -0.00163484 -0.00238261 0.00292625 -1.28893e-06 -0.00165559 -9.12137e-07 -5.28868e-05 -0.000896437 -4.12704e-05 -8.29216e-06 -0.000515274 -0.000391789 -3.50175e-05 -2.12064e-05 -0.00197545 -1.52639e-08 -0.00030316 -0.000673858 -1.49886e-06 -0.00213246 -0.000130504 -0.0029271 0.00160186 1.30743e-06 0.000163059 6.47011e-05 -0.00034727 -0.000190569 -0.000397823 -0.000428769 7.14366e-05 -0.0005134 -2.78546e-06 -0.000341175 -2.72687e-05 0.0016066 -0.00413815 -1.39481e-08 -0.000176773 -0.000247029 -2.74488e-05 1.27592e-05 0.00479324 0.00227614 -2.7275e-06 4.0346e-06 1.26495e-05 -0.000257516 -0.000843407 -6.32248e-06 0.00135727 -0.000198887 -0.000211997 -6.2515e-05 -0.00230625 -0.000375856 -0.00287475 -0.00107137 -0.000221344 0.00130251 -0.00396895 -0.000141065 
0.000655583 0.0127668 -0.00311874 0.0102473 -8.96815e-05 0.00544275 0.0124033 -2.07304e-06 -0.000115018 -4.76058e-05 -8.61041e-06 -0.000898666 -0.00226695 -0.00223193 0.0103413 -0.00058932 -0.000176734 0.0150459 -0.00186431 -0.00128737 -0.00235708 -0.0100672 -0.000431113 -9.97271e-05 0.0104733 -0.000313246 -2.39844e-05 -0.00019038 -0.00863662 -2.65976e-05 -1.05542e-05 -3.23037e-05 -0.000313775 -0.000104641 0.00229922 -4.44576e-05 -0.00538771 -2.12014e-05 -0.00211572 -0.00253898 -0.00973325 -1.68022e-06 -0.00212735 -1.18904e-06 0.000438983 0.00199545 7.4594e-05 -1.71772e-05 -0.00111322 -0.000421267 -4.15125e-05 -3.00245e-05 -0.00250263 2.16531e-07 0.0128322 -0.000923478 2.57828e-05 -0.00233312 -0.000164031 -0.00365877 -0.000867281 -1.29365e-07 -8.82592e-06 -2.64843e-05 -0.000184413 -0.000281908 -0.000585205 -0.000558742 -6.18548e-05 0.000851546 -8.75406e-06 -0.000575125 -3.65567e-05 -0.00359924 -0.0119228 -1.81824e-08 -0.000294456 -0.000139298 -5.10747e-05 -4.40497e-05 -0.00293931 0.00262264 1.09783e-06 -7.50695e-06 2.88189e-06 0.00237052 -0.00102905 -3.11517e-06 -0.012511 -0.000633531 -0.000218078 4.98355e-05 -0.00255117 0.0124103 -0.00395461 0.0101629 -5.32378e-05 -0.00725819 -0.00445263 -0.000175929 
0.0982957 0.00343785 -0.107308 0.055015 -0.000580991 0.0717884 0.0166823 -7.97875e-05 -0.0264073 -0.00227824 -0.000496843 -0.0603118 0.0334705 -0.109512 0.00779196 -0.0287898 0.0028365 -0.00186431 0.189491 0.0211878 -0.134929 0.171086 0.00673938 -0.0047158 0.0126162 0.00442089 -0.00153389 0.00321947 0.178724 -0.00054577 -0.000172614 9.21821e-05 0.00674849 -0.00460762 0.121779 -0.00229171 0.0896651 -0.000324397 -0.103906 -0.148039 0.16382 -4.88032e-06 -0.0979588 7.71733e-06 -0.00375856 0.0173181 -0.00261949 -0.000727615 -0.0325569 0.00792606 -0.00216254 0.000461686 -0.125914 1.75554e-07 0.00277012 0.0117127 2.86924e-05 -0.135621 0.032902 -0.122617 0.0161916 -5.26019e-07 -0.000161739 0.00011918 -0.0225026 0.00418249 -0.0286329 -0.0273158 0.000519959 0.0046613 -0.000325841 -0.0280922 -0.0018023 0.0725196 0.0400654 3.02276e-07 -0.0143792 -0.0157214 -0.00263384 0.000543855 0.0448535 0.158863 3.30356e-05 -0.000360376 -0.000143054 0.00562618 -0.0506562 0.000133884 0.0264918 -0.0269973 0.00449687 -0.00395625 -0.144111 0.00154608 0.0554459 -0.050969 0.000868638 0.0268891 -0.116754 0.00206199 
0.00356661 -0.003289 -0.0170286 -0.021255 -0.00050811 -0.0209534 -0.00687061 -1.83904e-05 -0.00335432 -0.000250294 -5.61364e-05 -0.00689349 0.00437867 -0.0123588 -0.00386203 -0.00325398 -0.000934213 -0.00128737 0.0211878 0.0771772 -0.0160929 0.0258844 -0.000877151 -0.000576622 -0.00133448 -0.00177608 -0.000201137 -0.00112011 0.0231316 -0.000134274 -5.82164e-05 -0.000165716 -0.00218126 -0.000577743 0.0148994 -0.000259586 0.0538324 -8.49486e-06 -0.0117411 -0.0173575 0.0283274 -4.85803e-06 -0.0118899 -6.54537e-06 -0.000458634 -0.00703708 -0.000290373 -9.11152e-05 -0.00620406 -0.00279446 -3.49598e-05 -0.000173661 -0.0142247 -5.8912e-07 -0.00795894 -0.00484832 -1.07775e-05 -0.0153141 0.00468338 -0.0054702 -0.00498846 -6.73574e-07 -4.78201e-05 3.97475e-05 -0.00254258 -0.00125174 -0.00323737 -0.00308532 -9.33289e-05 -0.00377803 4.54036e-05 -0.00317302 -0.000212494 -0.0131601 0.015824 -1.00294e-07 -0.00162686 -0.00177585 -0.00029866 -0.000261261 -0.000577612 0.0185082 -1.91554e-05 -4.04414e-05 -1.76566e-05 -0.0021544 -0.00609661 -4.53917e-05 0.011187 -0.00339671 -0.00151009 -0.000418728 -0.0165711 -0.00278324 0.0273424 -0.00813314 -0.00187756 0.0101651 -0.0226154 -0.000940293 
-0.109734 -0.0063664 0.11788 -0.0475285 0.00051412 -0.0932332 -0.0168951 8.62815e-05 -0.00707383 0.00244883 0.000532583 0.00755616 -0.027046 0.117624 -0.00846279 -0.00747142 -0.00155449 -0.00235708 -0.134929 -0.0160929 0.159293 -0.125574 -0.00596983 0.00285639 -0.0145538 -0.00366339 -0.000420529 -0.00232858 -0.132411 -0.000341632 -4.18969e-05 0.00044162 -0.00536243 0.00535491 -0.132887 0.00244765 -0.069177 -5.10954e-05 0.111629 0.141057 -0.120168 6.236e-06 0.106496 8.10753e-06 0.00241858 -0.0139177 0.00281196 -0.000230134 -0.0134872 -0.0061308 0.00246147 -0.000405871 0.134826 -4.19779e-07 -0.0157224 -0.00540923 -2.20549e-05 0.144491 0.00290345 0.1226 -0.0126003 -7.96709e-07 0.000131062 -0.000246234 0.0237398 -0.00351398 -0.0073058 -0.00719663 -0.000125384 -0.00832739 4.54472e-05 -0.00736279 0.00193752 -0.0594086 0.0111522 6.20066e-07 -0.00380095 0.0168804 0.00242161 -0.000591835 -0.0669814 -0.132133 -3.34632e-06 -8.20748e-05 -6.64238e-06 -0.00446563 0.00668934 -9.91343e-05 0.00643902 -0.00793525 -0.00354463 0.00426274 0.142605 -0.00471669 -0.0405529 -0.00364108 -0.006509 0.00701207 0.117815 -0.00170231 
0.094229 -0.0268029 -0.0951782 0.0499078 -0.000137423 0.0528536 -0.000431946 -5.39327e-05 -0.026165 -0.00210008 -0.000460871 -0.055979 0.0433349 -0.101561 -0.0313624 -0.0266983 0.00200675 -0.0100672 0.171086 0.0258844 -0.125574 0.213163 0.00674271 -0.00404265 -0.00759177 0.00381881 -0.00140629 -0.00322341 0.188742 -0.00045466 0.000201992 0.000154886 0.00401838 -0.0042372 0.111874 -0.00213096 0.0890042 0.0002461 -0.0963637 -0.137125 0.196611 9.63411e-06 -0.0911958 7.01402e-06 -0.00366171 -0.0100931 -0.00242928 -0.00037233 -0.0283061 0.00802352 -0.00198552 -0.00141315 -0.116747 -2.96992e-06 -0.0399071 0.0138482 -8.58217e-05 -0.125624 0.0372005 -0.112092 -0.00390504 -1.18167e-06 -0.000343714 0.000141862 -0.0208724 0.00428885 -0.0265673 -0.0253302 0.00113116 0.00734781 -0.000301679 -0.0260115 -0.00173993 0.0798444 0.080533 -8.23397e-07 -0.0131253 -0.014563 -0.0024499 -0.00200338 0.0397423 0.149685 -5.22287e-05 -0.000334918 -0.000131548 -0.00799628 -0.0462175 0.000144243 0.0603608 -0.0253734 0.00352341 -0.00365648 -0.133086 -0.0221002 0.0642956 -0.0660452 -0.0141387 0.0499895 -0.106169 0.00158467 
-0.0197718 -0.00114099 -0.00624801 -0.00694662 0.000875036 -0.0155391 0.0208731 1.2336e-05 -0.000435321 -7.15044e-05 6.96566e-05 -0.00203764 -0.00431987 -0.00453102 -0.000969363 -0.000982653 -0.00033817 -0.000431113 0.00673938 -0.000877151 -0.00596983 0.00674271 0.0299714 0.000776696 0.00711325 0.019452 -5.07622e-05 -0.000337513 0.00656636 -5.35142e-05 0.000503507 0.000952944 0.0202756 -0.00011365 -0.0205422 2.73609e-05 -0.00842654 0.000736368 -0.0043134 -0.00632847 -0.0126691 5.65823e-05 -0.00348985 2.83765e-05 8.55573e-05 0.0230809 -0.000109038 0.000389178 -0.0020171 0.0252947 1.18319e-05 -6.38108e-05 -0.00494681 3.88048e-06 -0.00239202 0.0224403 -3.72163e-06 -0.0056235 0.00102126 -0.00884755 0.015239 9.28143e-07 1.68449e-05 5.86794e-05 -0.0008093 0.000923469 -0.000919185 -0.000906483 0.000533572 0.0247311 -1.58282e-05 -0.000991526 -7.09044e-05 -0.00914581 -0.0214817 -3.68043e-08 -0.000255334 -0.000650467 0.000163502 -9.52343e-05 -0.0122218 0.00646147 0.000153856 5.74947e-05 7.439e-05 -0.000346404 0.00150081 5.71048e-06 -0.0226355 -0.000779068 0.0169908 -0.000145688 -0.00601637 -0.000985485 -0.006986 -0.00292143 -0.000896952 -0.0230212 -0.00716047 0.00938504 
-0.00278981 -0.000266868 -0.000810564 -0.00164789 0.000473415 -0.00211526 0.000516401 2.54115e-07 0.000858915 0.00234804 0.00066071 0.00255407 0.00141793 0.00152532 -0.000237552 0.00147539 -6.51225e-05 -9.97271e-05 -0.0047158 -0.000576622 0.00285639 -0.00404265 0.000776696 0.00679491 -2.33449e-05 4.15926e-05 0.000203587 -8.53322e-05 -0.00454925 0.000173104 0.000435454 6.75144e-05 -0.000184984 0.000167923 -0.00432529 0.00303102 -0.00217987 0.000786572 -0.000911302 -0.000177763 -0.00405084 2.05776e-05 -0.000868089 9.43424e-06 0.00358565 -0.00057294 -4.62213e-06 0.000852259 0.00108423 0.000346669 0.00297511 4.52508e-05 0.00346882 8.21764e-08 -0.000562072 0.00310728 -8.74896e-07 -0.000315261 -0.00490735 -0.000859664 -0.000366568 1.4874e-07 0.000184821 0.00017022 0.00337262 -0.000120881 0.0017146 0.0013989 0.000555026 0.00414199 0.000251554 0.00118092 0.00234086 -0.00195496 -0.00497561 -8.14164e-09 0.00100891 0.000203487 0.00351881 -2.9058e-06 -0.00281463 -0.00458911 -8.05401e-07 8.03419e-05 0.000101594 -0.000174753 0.00251067 -2.55049e-06 -0.00375086 0.000993557 -0.000101822 0.0023758 -0.000273918 -0.000224648 -0.00141649 7.70199e-05 -2.97654e-06 -0.00501964 -0.00137348 0.000270903 
0.00449673 0.0147862 -0.015162 0.00630029 -0.000405064 0.0180017 0.0196861 -1.1695e-05 -0.00232728 -0.000234113 -4.50234e-05 -0.00486152 -0.0108801 -0.010842 0.018424 -0.00181778 -0.000656366 0.0104733 0.0126162 -0.00133448 -0.0145538 -0.00759177 0.00711325 -2.33449e-05 0.0683975 0.00307657 -0.000150293 0.00300578 0.00596865 -0.000110526 -4.94894e-05 -0.000170176 0.00982006 -0.000508996 0.00504163 -0.000212168 -0.00104025 -3.49393e-05 -0.0103002 -0.0153503 -0.0135091 -7.34788e-06 -0.00962064 -5.7138e-06 0.000559501 0.0148945 -0.00026033 2.49716e-05 -0.00357544 0.00729892 -0.00023101 0.00185859 -0.0123181 3.40444e-07 0.022497 0.00601188 7.63128e-05 -0.013436 0.000201318 -0.0219271 0.0132563 -6.25277e-07 -2.62894e-05 5.07662e-05 -0.00221051 0.00239481 -0.00172139 -0.00160619 -0.00026302 0.0194979 -7.93606e-06 -0.00177966 -0.000183286 -0.00863179 -0.025306 -8.78834e-08 -0.00129662 -0.00155646 -0.000134424 0.000284653 -0.0176449 0.0142764 2.88381e-05 -3.35243e-05 2.93138e-05 0.0014153 -0.00526365 -3.76063e-05 -0.0262724 -0.00197045 0.00504382 -0.000391278 -0.0144289 0.0182564 -0.0126907 0.00898642 0.00229178 -0.02403 -0.0247501 -0.000641592 
-0.0161871 -0.000798409 -0.00374036 -0.00524599 2.90192e-05 -0.012438 0.01736 -2.69621e-06 2.02501e-05 -5.31025e-05 -4.2204e-06 -0.00167118 -0.00309132 -0.00299823 -0.00103835 -0.000780286 -0.000247389 -0.000313246 0.00442089 -0.00177608 -0.00366339 0.00381881 0.019452 4.15926e-05 0.00307657 0.0207071 -4.7193e-05 -0.000277025 0.00408486 -3.77526e-05 7.57975e-05 0.00078034 0.0159073 -8.65309e-05 -0.0164222 -4.43502e-05 -0.00751367 0.000201366 -0.00262191 -0.00383304 -0.010555 5.1327e-05 -0.00251252 5.57375e-06 -6.41919e-05 0.0182513 -7.46064e-05 5.2231e-05 -0.00141417 0.0197488 -5.56133e-05 -4.26564e-05 -0.00305023 1.5288e-06 -0.001885 0.0182496 -2.57852e-06 -0.00328487 0.00110267 -0.0057791 0.0105609 2.30891e-07 -1.07997e-05 -3.85893e-05 -0.000503552 0.000959222 -0.000784879 -0.000750967 3.90072e-05 0.0189718 -1.25932e-05 -0.00076765 -5.29366e-05 -0.00637238 -0.0165713 -2.5174e-08 -0.00040018 -0.000307676 -5.07246e-05 -6.55891e-05 -0.0106521 0.00411046 5.51732e-06 -1.01536e-05 -8.41679e-07 -0.000450105 0.00165536 -8.28102e-06 -0.0177542 -0.000852719 0.0120351 -9.80292e-05 -0.00361922 -0.000670695 -0.00548619 -0.00198002 -0.000733637 -0.0176796 -0.00488009 0.00944277 
0.000199024 -9.32215e-05 -0.000485399 -0.000568134 -4.94615e-07 0.000842685 -0.000231237 -5.28545e-07 0.00126224 -3.52394e-06 -1.59946e-06 0.0018533 -0.000208022 -0.000350131 -0.000120433 0.00167879 0.00029148 -2.39844e-05 -0.00153389 -0.000201137 -0.000420529 -0.00140629 -5.07622e-05 0.000203587 -0.000150293 -4.7193e-05 0.00239558 8.21715e-05 -0.00149369 0.000512778 9.27128e-06 -5.57606e-06 -6.49934e-05 -1.59038e-05 0.000284623 -9.62897e-07 -0.000623122 1.15753e-05 -0.000334553 -0.000168332 -0.00121699 -2.64068e-07 -0.000339208 -1.86873e-07 7.83024e-05 -0.000201809 -8.21555e-06 0.000133717 0.00171745 -6.93691e-05 -4.02426e-06 -2.58448e-06 -0.000311106 -1.67854e-08 -0.000176428 -0.00014008 -3.07077e-07 -0.000433495 -0.00192261 -0.000505829 -0.000150152 1.46335e-07 0.0001232 4.66414e-05 0.000150959 -4.4338e-05 0.00174989 0.00147448 4.60204e-06 3.20597e-05 6.32406e-05 0.00170916 7.33555e-06 -0.000226332 -0.00189712 -2.85761e-09 0.00171169 -4.73064e-05 6.80905e-05 9.02471e-06 0.000918652 -0.00165723 -5.38794e-07 -3.03149e-07 5.04942e-07 -6.14224e-05 0.000705566 -7.95312e-07 -0.00132484 0.00156684 -4.36535e-05 -6.85378e-06 -0.000298204 -7.90811e-05 -0.000591035 0.000882915 -7.78741e-05 -0.00151663 -0.000792275 -2.91297e-05 
-0.00378647 0.000837746 -0.00273625 -0.00319959 0.00305297 -0.000609816 0.0035484 -2.89201e-06 4.52832e-05 -3.9985e-05 -8.87271e-06 -0.00102517 -0.00195003 -0.00195575 0.00604842 -0.000482834 -1.54342e-05 -0.00019038 0.00321947 -0.00112011 -0.00232858 -0.00322341 -0.000337513 -8.53322e-05 0.00300578 -0.000277025 8.21715e-05 0.0131436 0.0021478 -1.10661e-05 1.48019e-05 2.67081e-05 0.00334074 -5.4044e-05 -0.00292563 -4.10292e-05 0.00127264 -1.8242e-05 -0.00185541 -0.0026432 -0.00872489 -1.46487e-06 0.00369765 4.93002e-06 -6.907e-05 0.00937104 -4.56962e-05 -1.44522e-05 -0.000612593 0.00533383 -4.55671e-05 0.00160905 -0.0022491 5.23553e-07 0.0118232 -0.000715568 3.61899e-05 -0.00242352 0.000301705 -0.00395866 0.0114915 4.30548e-07 0.000317495 8.11127e-05 -0.000401435 -0.000245954 -0.000392051 -0.000458846 -5.39271e-05 -0.00025436 -8.77333e-06 -0.000453979 3.94574e-05 -0.000598153 -0.0107543 1.17415e-06 -0.000102602 -0.000280748 -4.72051e-05 0.00197023 -0.00376644 0.000368054 2.50302e-05 -6.51814e-06 -2.78695e-06 0.00828684 -0.000818251 0.000374644 -0.0107407 -0.000264509 0.000205754 -7.1378e-05 -0.00261299 0.000423892 -0.00345615 -0.00113003 5.53344e-05 -0.0103054 0.00156788 -0.000161355 
0.10101 -0.0187325 -0.102338 0.0486581 -0.000414169 0.064752 0.00422515 -7.0973e-05 -0.0272609 -0.00221289 -0.000483003 -0.0583102 0.0384459 -0.106464 -0.0114684 -0.0279143 0.0030049 -0.00863662 0.178724 0.0231316 -0.132411 0.188742 0.00656636 -0.00454925 0.00596865 0.00408486 -0.00149369 0.0021478 0.199304 -0.000507832 -6.60437e-05 3.22443e-05 0.00665953 -0.00448427 0.118167 -0.00223348 0.0969523 -0.00011566 -0.101093 -0.144114 0.181132 -2.56532e-05 -0.095252 9.30822e-06 -0.00356637 0.00333379 -0.00254603 -0.000681515 -0.0305245 0.00785797 -0.00212908 0.000503776 -0.122507 -1.93219e-06 -0.018314 0.0123148 -3.61441e-05 -0.131857 0.0373362 -0.11598 0.0123217 -1.243e-06 -0.000305994 0.000127357 -0.0218748 0.00390179 -0.0277644 -0.0264835 0.000720793 0.00725733 -0.000340033 -0.0272277 -0.00182607 0.0809399 0.0599231 -8.62938e-07 -0.0139944 -0.0152827 -0.00256969 0.000585107 0.0388038 0.154968 5.26911e-06 -0.000352216 -0.00012231 -0.00441455 -0.0490762 0.000145119 0.0442781 -0.0262366 0.00383573 -0.00384324 -0.139355 -0.0117819 0.0609103 -0.0604813 -0.0103474 0.0344574 -0.115412 0.00164324 
0.000317241 -6.96433e-05 -0.000364053 0.000188921 -6.49849e-06 0.000710603 -0.000171503 -3.92797e-07 0.000694079 -5.73275e-06 -1.18866e-06 0.000843939 -0.0002619 -0.000261712 -8.85782e-05 0.00088348 6.38958e-05 -2.65976e-05 -0.00054577 -0.000134274 -0.000341632 -0.00045466 -5.35142e-05 0.000173104 -0.000110526 -3.77526e-05 0.000512778 -1.10661e-05 -0.000507832 0.00178142 -1.23271e-06 -4.16623e-06 -4.80609e-05 -1.22998e-05 0.00016727 -3.66997e-06 -0.000585162 -2.1649e-06 -0.000246767 -0.000359461 -0.000416431 -1.96247e-07 -0.00025199 -1.38878e-07 4.76986e-05 -0.000134732 -6.29379e-06 0.000131648 0.000807319 -5.99729e-05 -6.07456e-06 -1.31867e-06 -0.000245597 -1.24744e-08 -2.00001e-05 -0.000109505 -2.28209e-07 -0.000320442 -0.000961153 -0.000489685 -7.22155e-05 3.58224e-07 6.39248e-06 1.32105e-05 -4.39432e-05 -2.94039e-05 0.000915703 0.000920718 -6.41787e-06 7.81933e-05 5.81709e-06 0.000806769 6.20533e-07 -0.000511433 -0.000706648 -2.12368e-09 0.000824125 -3.76115e-05 4.92727e-05 -5.53309e-06 0.000673275 -0.00060242 -4.15277e-07 -4.01327e-08 -4.05069e-07 -4.37637e-05 -0.000119326 -9.62633e-07 -0.000351097 0.000879269 -3.25137e-05 -9.56241e-06 -0.000346875 -5.83139e-05 -0.000451053 0.000106024 -5.56664e-05 -0.000783997 -0.000570111 -2.18291e-05 
-0.000400554 -2.6586e-05 -0.00014189 -0.000168907 0.000274103 -0.000409723 0.00027037 3.85796e-06 -7.02167e-06 -2.21891e-06 -4.60083e-07 -5.47173e-05 4.63529e-05 -0.000101413 2.6213e-05 -2.55562e-05 -7.61632e-06 -1.05542e-05 -0.000172614 -5.82164e-05 -4.18969e-05 0.000201992 0.000503507 0.000435454 -4.94894e-05 7.57975e-05 9.27128e-06 1.48019e-05 -6.60437e-05 -1.23271e-06 0.00069027 0.000160314 7.04803e-06 0.000106799 -0.000541053 -2.12752e-06 -0.00024532 0.000481074 -9.63443e-05 -0.000144005 -0.000258752 5.14041e-07 8.09569e-05 1.91958e-06 -3.31555e-06 0.00015953 -2.19273e-06 0.000274644 -5.01749e-05 0.00065561 -2.29616e-06 -1.42515e-06 -0.000116374 -4.82832e-09 2.26616e-06 0.000309478 -8.83304e-08 -0.000125563 -0.000198876 -0.00020535 1.66534e-05 1.84152e-07 -3.99001e-07 -7.55809e-07 -2.00238e-05 -1.24505e-05 -2.53974e-05 -2.52939e-05 0.000451974 0.000480662 3.61391e-07 -1.24901e-05 -1.74156e-06 -0.000207776 -0.000551993 -8.21989e-10 0.000207369 -1.41712e-05 -2.1211e-06 -1.80163e-06 -0.00034822 0.000149773 1.29263e-07 -3.39373e-07 -1.56786e-07 2.20919e-05 0.000411076 8.57404e-07 -0.000586637 -2.84921e-05 3.1692e-05 -3.70122e-06 -0.000135939 5.52258e-05 -0.000176143 -6.66679e-05 -8.78372e-06 -0.000597747 -5.29356e-05 1.96086e-06 
-0.00159761 -7.56911e-05 -6.71023e-05 -0.000577287 0.000120982 -0.0012245 0.000447444 1.15562e-05 0.000633385 -7.13934e-06 -1.55496e-06 -0.000119334 -0.00034393 1.5611e-05 7.0185e-05 -3.78953e-05 -2.51668e-05 -3.23037e-05 9.21821e-05 -0.000165716 0.00044162 0.000154886 0.000952944 6.75144e-05 -0.000170176 0.00078034 -5.57606e-06 2.67081e-05 3.22443e-05 -4.16623e-06 0.000160314 0.00232909 0.000550388 0.00097935 -0.00161459 -5.14713e-06 -0.000781814 1.98081e-05 5.6508e-05 -6.21366e-05 -0.00139934 2.94733e-05 0.000906067 6.04417e-05 6.15626e-05 0.00169378 5.38006e-06 3.96904e-06 -0.000169422 0.00152567 -6.28573e-06 -4.49331e-06 9.79012e-05 1.12701e-06 0.000298264 0.000750561 6.58133e-07 -1.08721e-06 -0.000379709 -0.000545838 0.000102751 4.73568e-07 2.31715e-05 4.7681e-06 -1.68987e-05 -3.42512e-05 -3.5804e-05 -8.43867e-05 -4.22084e-06 0.000778482 -6.7538e-07 -8.68285e-05 0.000134281 -0.000700581 -0.00140614 1.08056e-06 -3.65471e-05 8.84822e-06 6.09672e-05 8.96851e-06 -0.000956351 3.53172e-07 5.33368e-05 -9.20326e-07 3.73439e-07 5.64264e-05 0.000462071 8.26907e-05 -0.00184943 -6.33872e-05 0.000633024 -1.09558e-05 -7.60632e-05 0.000588625 -0.000598904 -0.000222947 -1.39423e-05 -0.0016982 0.00088222 6.16141e-05 
-0.0178769 -0.000927972 -0.00555915 -0.00678885 0.000468569 -0.012909 0.0194617 -4.72718e-06 -0.000387439 -8.62364e-05 -1.80273e-05 -0.0022113 -0.00392888 -0.00397313 -0.000111857 -0.00104525 -0.000316953 -0.000313775 0.00674849 -0.00218126 -0.00536243 0.00401838 0.0202756 -0.000184984 0.00982006 0.0159073 -6.49934e-05 0.00334074 0.00665953 -4.80609e-05 7.04803e-06 0.000550388 0.0263328 -0.000186048 -0.0185564 -8.33621e-05 -0.00756129 -1.4115e-05 -0.00377458 -0.00563967 -0.0149458 1.75837e-05 -0.00210457 4.00044e-06 -0.000116597 0.0246284 -9.52818e-05 4.98537e-05 -0.00199217 0.0234568 -8.87587e-05 0.000185332 -0.00457146 1.31415e-06 0.00301369 0.019265 4.51623e-05 -0.00492333 0.00147461 -0.00802138 0.0202426 2.30847e-07 -1.25773e-05 -4.7053e-05 -0.000816527 0.000720521 -0.00103994 -0.000990867 -0.000107821 0.0211692 -1.77923e-05 -0.00101928 -6.75791e-05 -0.00811694 -0.021757 -3.22078e-08 -0.000522753 -0.000570357 -9.59101e-05 8.64616e-05 -0.013506 0.00589768 2.10986e-05 -1.32976e-05 -1.27663e-06 0.00270145 -0.000953011 0.000399271 -0.0231319 -0.00107231 0.0130925 -0.000143497 -0.00531596 0.000132149 -0.00693304 -0.00252281 -0.000812648 -0.0234238 -0.00606585 0.00585819 
