4.64212e-05 -3.05295e-07 -3.73846e-08 -6.28262e-11 -2.08735e-07 -5.09032e-09 -3.68902e-07 -2.7854e-12 3.33927e-05 -5.31547e-09 -2.28655e-08 -8.15348e-10 5.49051e-09 0 -8.14462e-07 -3.36901e-07 0 -4.57237e-08 3.12481e-05 -8.82662e-10 -1.8057e-06 -9.37751e-11 -5.64311e-07 -5.39544e-08 7.57509e-07 2.65631e-06 2.36348e-06 -1.94609e-07 -2.34995e-09 -1.53862e-09 -1.407e-06 -3.4614e-07 -1.50434e-06 -1.16411e-08 -7.67731e-08 1.92784e-08 9.82681e-07 -4.59483e-07 3.73655e-08 -1.27819e-10 -1.35343e-07 2.42967e-07 -6.0647e-08 -3.63721e-05 -4.82433e-08 -1.49669e-09 -7.42989e-08 -1.25343e-11 -7.71552e-07 1.33726e-08 -7.05325e-08 -3.2661e-07 -2.49139e-11 -1.37216e-05 -2.6257e-07 -2.46166e-07 2.12762e-06 -9.08149e-09 -8.16834e-09 6.0942e-07 -1.00811e-06 -1.68811e-08 -5.73234e-07 -1.00247e-07 2.16864e-07 -2.82253e-07 -3.78852e-08 -4.34832e-11 -3.20121e-05 -7.44971e-07 -4.62034e-07 -4.5798e-08 -1.58613e-09 -9.7788e-07 0 -2.62873e-07 -3.70101e-05 -2.23094e-07 8.83177e-07 2.06052e-08 -1.78885e-10 1.2458e-08 -4.44813e-09 -2.89823e-09 -4.68133e-09 -9.11832e-07 3.32866e-06 8.25831e-07 1.25838e-06 -2.61654e-07 -5.73947e-10 -1.12035e-10 3.77019e-09 -2.53529e-06 -3.16443e-06 -1.28438e-11 -4.60382e-08 1.38652e-05 8.78892e-08 -2.16642e-12 
-3.05295e-07 0.00653308 0.000239651 -8.89996e-09 0.000485221 1.81557e-06 0.00621894 -3.94579e-10 -0.00105757 4.07011e-07 8.96375e-05 4.49784e-09 2.94904e-05 0 0.00590143 -4.70215e-05 0 -6.47722e-06 -0.000652349 -1.25038e-07 -0.00614179 -1.32842e-08 -9.85724e-05 0.00013764 -0.00629576 -2.14784e-05 -6.05403e-06 -5.22161e-06 1.1044e-07 -2.01295e-07 -0.00019705 0.000932213 0.00559317 -1.51575e-06 -8.27566e-06 -2.46975e-06 -0.0063188 -4.13104e-05 -1.50419e-06 -1.81068e-08 -1.89727e-05 4.09367e-06 0.000112109 -0.00418362 -4.4708e-06 -2.12021e-07 -0.00110041 -1.77561e-09 0.00451118 -3.17304e-06 -8.06496e-06 -4.61375e-05 -3.52929e-09 -0.000296684 -5.20133e-05 8.59177e-05 -3.54322e-06 -1.28648e-06 -1.15713e-06 -2.44317e-06 0.00638362 3.01753e-05 0.00622194 4.65754e-07 -6.46634e-05 -5.24725e-06 -5.36681e-06 -6.15982e-09 -0.00463339 0.00336681 -0.00010118 -6.48774e-06 2.75198e-06 0.00626473 0 -2.49352e-05 -0.00552589 -6.65522e-06 -0.00570919 -2.1618e-06 -2.53408e-08 -3.35926e-06 -6.30121e-07 9.51854e-05 -7.31564e-08 0.0056141 -1.84723e-05 -3.92643e-05 -0.00629035 0.000209587 -8.13053e-08 -1.58709e-08 -2.67925e-06 -0.0030335 -0.00616149 -1.81945e-09 -6.52176e-06 -0.000949737 0.000151983 -3.06895e-10 
-3.73846e-08 0.000239651 0.000804648 -1.08983e-09 0.000130539 -8.83008e-08 0.00045109 -4.83178e-11 -8.29692e-05 -9.22065e-08 2.44867e-05 5.58563e-08 0.000223752 0 0.000682895 -5.90176e-06 0 -7.56494e-07 -4.22324e-05 1.50914e-05 -0.000667265 2.01837e-06 -9.17114e-06 2.50441e-05 -0.000688719 0.000146154 4.7909e-06 4.71308e-05 1.11392e-05 -2.66902e-08 0.000383653 3.31356e-05 0.000523406 1.4473e-07 -1.33177e-06 6.0281e-06 -0.000518764 -4.56724e-06 8.94952e-05 -2.21725e-09 -1.91106e-07 -1.22005e-07 1.98797e-06 -8.92472e-05 4.71931e-05 -2.59628e-08 -0.000755737 -2.1743e-10 0.000111383 0.000112386 6.21265e-05 -4.9523e-06 -4.32176e-10 -0.000272884 5.99284e-05 7.50615e-06 4.73874e-07 8.99132e-07 7.51497e-06 -2.99176e-07 0.000682783 -2.79499e-07 0.00032064 4.28577e-05 -1.41828e-06 -4.75285e-06 7.28135e-08 -7.54295e-10 -0.000567011 0.000102684 -1.1685e-05 -3.17783e-07 1.99152e-07 0.000588424 0 -2.01668e-06 -0.000644329 -4.00313e-06 -0.00041139 1.23778e-06 -3.10308e-09 0.00011873 -7.71608e-08 -4.20062e-07 -8.12061e-08 0.000449956 0.000139215 3.87796e-05 -0.000689781 1.0481e-05 -9.95615e-09 -1.94345e-09 -6.73246e-05 -0.00035854 -0.000740582 -2.22799e-10 -7.98615e-07 -0.000116286 1.46867e-05 -3.75805e-11 
-6.28262e-11 -8.89996e-09 -1.08983e-09 1.35333e-06 -6.08504e-09 -1.48393e-10 -7.15848e-08 -8.12e-14 4.11779e-07 -1.54957e-10 -6.66575e-10 -2.3769e-11 -1.49189e-09 0 -4.50242e-08 -1.1862e-08 0 -1.33294e-09 5.11928e-07 -2.57314e-11 5.6486e-08 -2.73373e-12 -2.11151e-08 -1.57288e-09 5.18179e-08 -4.48038e-09 -1.25888e-09 -5.67324e-09 -6.85057e-11 -4.4854e-11 3.60664e-07 -1.00907e-08 3.38587e-07 -3.39362e-10 -2.23809e-09 -1.08994e-09 -3.53405e-07 -1.33949e-08 -5.62666e-10 -3.72618e-12 -3.94553e-09 -2.05035e-10 -1.76798e-09 -4.44997e-07 -1.40639e-09 -4.36315e-11 7.25985e-09 -3.654e-13 -4.21213e-08 -1.26211e-09 -2.05616e-09 -9.52133e-09 -7.26289e-13 3.1633e-08 -2.72835e-08 -1.04759e-07 -7.49733e-10 -2.64744e-10 -2.38124e-10 -5.02777e-10 -3.10403e-08 -4.92117e-10 -1.67109e-08 4.00411e-07 -1.3307e-08 -8.22824e-09 -1.10443e-09 -1.26762e-12 -6.96958e-07 -4.13464e-08 -2.10487e-08 -1.3351e-09 -4.62389e-11 -4.97881e-08 0 -7.66328e-09 -9.67611e-07 1.07589e-09 4.70274e-08 -1.05126e-09 -5.21484e-12 -1.28877e-09 -1.29672e-10 4.01305e-07 -1.3647e-10 -4.78627e-08 -3.82884e-09 -8.08975e-09 -3.45368e-07 -2.72567e-08 -1.67317e-11 -3.26604e-12 1.09909e-10 5.01815e-08 -3.24849e-07 -3.74422e-13 -1.34211e-09 -1.95945e-07 -4.82303e-09 -6.31556e-14 
-2.08735e-07 0.000485221 0.000130539 -6.08504e-09 0.00447612 1.57836e-05 0.00418783 -2.6978e-10 -0.000725661 2.41152e-05 0.000128272 1.35436e-06 -4.95667e-06 0 0.00342472 0.00158996 0 -2.61524e-06 -0.000444634 -8.54903e-08 -0.00413156 -9.08259e-09 2.89969e-05 0.000630568 -0.00425919 -1.1399e-05 6.8208e-06 -7.68219e-06 4.7524e-06 5.7431e-07 -0.000122767 0.000239615 0.000158171 -1.1275e-06 -4.21252e-06 -3.62124e-06 -0.00428525 0.00257637 -1.86941e-06 2.34287e-07 -1.29987e-05 1.79088e-05 3.84127e-05 -0.00363049 2.45541e-05 8.37155e-09 -0.000992083 -1.21401e-09 0.00377418 -4.19325e-06 -6.12476e-06 -3.16138e-05 6.7587e-08 -0.00353722 0.0033145 5.40528e-05 -9.94257e-07 -8.79588e-07 -7.91145e-07 1.3029e-06 0.00114431 2.08832e-06 0.000726419 3.45206e-05 0.000590605 0.00215567 -3.14937e-06 -4.21157e-09 -0.00316798 0.00401815 -5.66826e-05 -4.13577e-06 7.43042e-07 0.00428009 0 0.000140986 -0.0037719 3.57454e-06 -0.00386905 -3.49274e-06 -1.73259e-08 -4.12183e-06 5.06918e-06 2.53923e-05 -4.5341e-07 0.00374476 -1.10543e-05 -2.67508e-05 -0.00428362 0.00383865 -5.55897e-08 -1.08512e-08 -1.7715e-06 -0.00384861 -0.00418419 -1.24399e-09 -4.45903e-06 -0.000564659 -1.56174e-05 -2.09829e-10 
-5.09032e-09 1.81557e-06 -8.83008e-08 -1.48393e-10 1.57836e-05 0.000109638 9.25267e-05 -6.579e-12 -1.12544e-05 -1.25549e-08 4.15993e-07 -1.92582e-09 -8.0876e-08 0 3.89087e-05 3.53892e-06 0 1.982e-06 -4.28015e-06 -2.08481e-09 -9.42134e-05 -2.21493e-10 -1.71079e-06 1.19229e-07 -9.65349e-05 -2.4301e-07 -1.01998e-07 5.4587e-05 6.77829e-08 -3.63417e-09 -3.41713e-06 4.73577e-06 4.38742e-06 -2.74958e-08 -1.81335e-07 -4.83096e-08 -9.68881e-05 7.97414e-05 -5.58845e-09 -3.01903e-10 -3.19675e-07 -1.66123e-08 -1.43246e-07 -9.05636e-05 2.05272e-06 -3.53512e-09 5.48209e-07 -2.96055e-11 9.70406e-05 -6.22589e-08 -1.66595e-07 1.77752e-05 1.76608e-07 -6.34537e-05 9.39228e-05 1.17496e-06 -6.0745e-08 -2.14501e-08 -1.92933e-08 -4.07361e-08 1.89505e-06 5.03461e-07 7.56045e-07 -2.36778e-07 4.98505e-07 7.77667e-05 -8.94832e-08 -1.02706e-10 -7.72647e-05 5.69567e-05 -1.70541e-06 -1.08173e-07 -3.74637e-09 6.12661e-05 0 3.32324e-05 -9.00584e-05 4.71707e-08 -9.68631e-05 -4.51758e-08 5.95775e-08 -6.4419e-08 -1.05063e-08 1.56906e-08 2.3561e-07 9.66754e-05 -3.10221e-07 -6.55449e-07 -9.72502e-05 5.87183e-05 -1.35564e-09 -2.64622e-10 8.90504e-09 -9.64609e-05 -9.45577e-05 -3.03365e-11 -1.0874e-07 -1.48292e-05 2.50226e-05 -5.117e-12 
-3.68902e-07 0.00621894 0.00045109 -7.15848e-08 0.00418783 9.25267e-05 0.0500973 -3.17371e-09 0.00702859 9.14735e-05 0.00026265 8.27765e-06 3.66528e-05 0 0.0302008 0.00747475 0 0.000919759 -0.00476054 -1.00571e-06 -0.0330845 -1.06848e-07 -0.000594132 0.000765224 -0.0334254 -0.000172643 3.93131e-05 0.00225667 4.75458e-05 5.06021e-06 -0.000340185 0.00333328 0.0211072 -1.3024e-05 8.10079e-06 -3.97639e-05 -0.0331124 0.00914611 -2.19919e-05 1.01029e-07 -0.000125205 4.05462e-05 0.000591008 -0.0351561 0.000677918 -7.9534e-07 -0.00200003 -1.42817e-08 0.0292106 -4.6243e-05 0.000118021 -0.000343099 5.0828e-07 -0.0173511 0.0177966 0.00070199 -2.80034e-05 -1.03475e-05 -9.30708e-06 -4.03774e-06 0.018045 0.000334649 0.0116895 0.000557295 0.00928821 0.00554705 -4.223e-05 -4.95451e-08 -0.0372542 0.0285417 -0.000217342 -4.9896e-05 1.48275e-06 0.033079 0 0.0053525 -0.0438029 2.82044e-05 -0.0317795 -3.73288e-05 -1.10489e-07 -4.6955e-05 1.12843e-06 7.93438e-05 1.02694e-05 0.0321268 -0.000133587 -0.000302852 -0.0340838 0.0189393 3.8604e-07 2.29013e-07 -1.35754e-06 -0.0265061 -0.0313378 -1.46343e-08 -4.85696e-05 0.00849379 0.00125248 4.41982e-08 
-2.7854e-12 -3.94579e-10 -4.83178e-11 -8.12e-14 -2.6978e-10 -6.579e-12 -3.17371e-09 6e-08 -1.04137e-08 -6.87e-12 -2.95526e-11 -1.0538e-12 5.99339e-08 0 5.80039e-08 -5.259e-10 0 -5.90958e-11 -5.97363e-09 -1.1408e-12 -5.74957e-08 -1.212e-13 -9.36138e-10 -6.97336e-11 -5.77027e-08 -1.98637e-10 -5.58126e-11 -2.51523e-10 -3.0372e-12 -1.9886e-12 5.81083e-08 -4.47369e-10 5.71295e-08 -1.50456e-11 -9.92256e-11 5.99517e-08 -5.77864e-08 -5.93861e-10 -2.49458e-11 -1.652e-13 -1.74925e-10 -9.0902e-12 -7.83834e-11 -5.1059e-08 -6.23522e-11 -1.9344e-12 -5.96781e-08 -1.62e-14 -1.86745e-09 5.9944e-08 -9.116e-11 -4.22128e-10 -3.22e-14 -5.85976e-08 -1.20961e-09 8.23509e-10 -3.32394e-11 -1.17374e-11 -1.05572e-11 -2.22906e-11 5.86238e-08 -2.1818e-11 -7.40878e-10 5.98704e-08 -5.89965e-10 -3.64799e-10 -4.89648e-11 -5.62e-14 -4.22789e-08 -1.83309e-09 -9.33195e-10 -5.91918e-11 -2.05e-12 5.77926e-08 0 -3.39751e-10 -5.0436e-08 -5.99523e-08 -5.7915e-08 5.99534e-08 -2.312e-13 5.99429e-08 -5.749e-12 -8.99094e-11 -6.0504e-12 5.7878e-08 -1.69751e-10 -3.58659e-10 -5.74301e-08 -1.20843e-09 -7.418e-13 -1.448e-13 4.8728e-12 -5.77752e-08 -5.65204e-08 -1.66e-14 -5.95022e-11 -8.6872e-09 -2.13829e-10 -2.8e-15 
3.33927e-05 -0.00105757 -8.29692e-05 4.11779e-07 -0.000725661 -1.12544e-05 0.00702859 -1.04137e-08 0.143438 7.78378e-06 -5.0697e-05 -3.00167e-06 -0.000190298 0 -0.00567088 -0.00150958 0 -0.00016846 0.0637462 -3.3e-06 0.00276657 -3.50596e-07 0.0125199 -0.000201532 0.00603569 0.000490227 -6.93128e-05 -0.000495312 -8.78573e-06 1.01542e-05 -0.00479424 -0.00121424 -0.00749563 -4.35225e-05 -0.00026068 -0.000138983 0.00617497 -0.00168776 -7.00409e-05 -4.77875e-07 -0.000475656 8.37381e-05 -0.000191247 -0.0945134 -0.000163037 1.18644e-05 -0.00109039 2.64715e-08 -0.00523958 -0.000161516 -0.000256592 -0.000475242 -9.31451e-08 0.000293727 -0.00311527 0.00151417 0.000451132 -3.29995e-05 0.000141041 0.00025775 -0.0024503 -3.68631e-05 -0.00211305 -0.000327954 -0.00170599 -0.000959386 8.02258e-06 7.6743e-07 -0.119845 -0.00518838 0.0127912 0.000653139 -5.89338e-06 -0.00621563 0 -0.000982147 -0.0861981 0.000132187 0.00598958 -0.000134476 7.8731e-09 -0.000135956 -6.83683e-06 -8.37548e-05 3.88813e-05 -0.00598229 0.00191915 0.00480734 0.00630002 -0.00345323 -2.04581e-06 2.37803e-07 1.40956e-05 -0.00104278 0.00692425 2.28648e-07 1.03876e-05 0.0828925 0.00105195 -8.09958e-09 
-5.31547e-09 4.07011e-07 -9.22065e-08 -1.54957e-10 2.41152e-05 -1.25549e-08 9.14735e-05 -6.87e-12 7.78378e-06 0.000114487 4.50027e-06 -2.011e-09 1.27044e-06 0 1.36174e-05 -3.53593e-07 0 2.10559e-07 -1.0433e-05 -2.17703e-09 -0.000108804 -2.3129e-10 9.93537e-07 -1.33075e-07 -0.000104526 -3.79066e-07 -1.06509e-07 -4.7999e-07 -5.79599e-09 -3.79491e-09 1.868e-05 1.16363e-05 0.000103735 -2.8712e-08 -1.89356e-07 4.91118e-07 -0.000107522 -1.19951e-07 -4.76049e-08 -3.15257e-10 -3.33815e-07 -1.73471e-08 6.35938e-05 -9.28576e-05 4.31011e-07 -3.69148e-09 -3.49911e-06 -3.0915e-11 9.51496e-05 4.76551e-07 -1.73964e-07 -8.05561e-07 -6.14483e-11 -0.000109487 1.17499e-06 1.57153e-06 -6.34319e-08 -2.23989e-08 -2.01467e-08 1.51413e-06 0.00010307 9.95836e-06 -1.31384e-06 8.29927e-05 -1.03918e-06 3.19138e-05 -6.01078e-08 -1.07248e-10 -8.06823e-05 0.000100239 -1.78085e-06 -1.12958e-07 -3.91208e-09 8.30576e-05 0 -3.05025e-07 -9.58853e-05 -5.58974e-07 -6.19979e-05 4.9439e-07 -4.41207e-10 4.74296e-07 2.97903e-06 6.50896e-08 -1.15462e-08 4.10605e-05 -3.23942e-07 -6.84441e-07 -0.000107032 2.68058e-06 -1.4156e-09 -2.76327e-10 -3.67368e-07 -7.62768e-06 -0.000104883 -3.16783e-11 -1.1355e-07 -1.13047e-05 3.25277e-07 -5.34333e-12 
-2.28655e-08 8.96375e-05 2.44867e-05 -6.66575e-10 0.000128272 4.15993e-07 0.00026265 -2.95526e-11 -5.0697e-05 4.50027e-06 0.000492301 2.44683e-07 0.000135127 0 0.00031901 -3.64381e-06 0 4.24879e-07 -2.97712e-05 -9.36489e-09 -0.000397049 -9.94938e-10 -6.71814e-06 4.73709e-05 -0.000336148 3.77937e-06 3.99516e-06 1.68567e-07 2.31734e-07 -1.63245e-08 0.000168461 2.03209e-05 0.000255926 -1.00177e-07 4.32878e-06 0.000131233 -0.000226635 -1.80837e-06 2.79119e-05 -1.35614e-09 -1.43597e-06 -4.4622e-08 1.16832e-05 -0.000330513 2.41481e-07 -1.58796e-08 -0.000236761 -1.32987e-10 0.000122483 0.000134781 -6.88338e-07 -3.46527e-06 -2.64332e-10 -0.000170031 -7.16437e-07 4.73023e-06 -2.72864e-07 -9.6353e-08 3.13e-06 2.66702e-06 0.000350756 4.14228e-07 0.000151791 4.16974e-06 -4.79972e-06 1.41253e-05 2.51379e-07 -4.61349e-10 -0.000346577 0.000144949 -2.82065e-06 4.05076e-06 9.99838e-07 0.0003174 0 -2.32237e-06 -0.000369032 -0.000131415 -0.000313324 0.000130117 -1.89793e-09 0.000135464 1.29895e-05 2.09386e-05 -4.96681e-08 0.000264054 1.15983e-06 -8.09167e-08 -0.00036713 8.86866e-05 -6.08948e-09 -1.18867e-09 -4.45e-06 -0.00030081 -0.000457066 -1.3627e-10 4.48765e-08 2.4183e-05 2.94913e-05 -2.29854e-11 
-8.15348e-10 4.49784e-09 5.58563e-08 -2.3769e-11 1.35436e-06 -1.92582e-09 8.27765e-06 -1.0538e-12 -3.00167e-06 -2.011e-09 2.44683e-07 1.7563e-05 8.48731e-06 0 1.3099e-05 3.70606e-06 0 2.73603e-06 -1.70195e-06 -3.33938e-10 -1.67169e-05 -3.54779e-11 -1.97362e-07 -2.04126e-08 -1.67775e-05 -5.81456e-08 -1.63376e-08 2.59707e-07 -8.89056e-10 -5.82107e-10 7.95292e-06 -1.30955e-07 1.18664e-05 2.1356e-06 -2.90455e-08 8.49252e-06 -1.6802e-05 5.28304e-08 2.51936e-06 -4.83577e-11 -5.12044e-08 -2.6609e-09 -2.29446e-08 -1.45561e-05 -1.82519e-08 -5.66242e-10 -8.46912e-06 -4.7421e-12 8.18669e-06 8.49029e-06 -2.66846e-08 -1.23566e-07 -9.42566e-12 -1.68361e-05 5.06592e-06 1.74393e-07 -9.72991e-09 -3.4358e-09 -3.09033e-09 -6.52495e-09 1.12672e-05 8.9028e-07 -1.93538e-07 1.95541e-06 4.4373e-06 5.34988e-06 -1.43331e-08 -1.6451e-11 -1.23093e-05 1.08667e-05 -2.73167e-07 -1.73268e-08 -6.00081e-10 1.68039e-05 0 2.03881e-07 -1.46971e-05 -8.4927e-06 -1.68397e-05 8.49302e-06 -6.76774e-11 8.48994e-06 -1.68286e-09 -2.63185e-08 -1.77109e-09 1.68288e-05 -4.969e-08 -1.04987e-07 -1.66977e-05 6.51293e-06 -2.17141e-10 -4.23862e-11 -1.66191e-06 -1.67988e-05 -1.64314e-05 -4.85919e-12 -1.74176e-08 -2.54294e-06 -6.25924e-08 -8.19622e-13 
5.49051e-09 2.94904e-05 0.000223752 -1.49189e-09 -4.95667e-06 -8.0876e-08 3.66528e-05 5.99339e-08 -0.000190298 1.27044e-06 0.000135127 8.48731e-06 0.00110116 0 0.00106421 -8.75236e-06 0 1.00442e-05 -0.000109717 1.50857e-05 -0.00105481 2.01777e-06 -1.1633e-05 -5.97882e-07 -0.00105888 9.16938e-05 -5.32112e-07 -4.2079e-06 1.67531e-07 1.67968e-08 0.00100588 -5.88618e-06 0.00101802 0.00024918 -1.56307e-06 0.000803192 -0.00074818 -8.94767e-06 0.000412845 -3.03522e-09 -2.86723e-06 -1.67014e-07 -1.3568e-06 -0.00065687 2.0844e-06 -3.55407e-08 -0.00104954 -2.97643e-10 2.37561e-05 0.000918099 2.90051e-05 -7.75576e-06 -5.91611e-10 -0.00100579 -1.58875e-05 1.47803e-05 -6.10707e-07 -2.15651e-07 2.82603e-06 -2.06212e-07 0.0010693 -8.75288e-08 1.29878e-05 0.000256333 9.03903e-07 -2.40245e-06 -8.9963e-07 -1.03256e-09 -0.000775924 0.000277967 -1.35156e-05 -1.08753e-06 2.2169e-05 0.000923581 0 -1.02892e-06 -0.000926197 -0.000775754 -0.000983806 0.000774984 -4.24784e-09 0.000918157 8.09344e-05 -1.63857e-06 -1.11164e-07 0.000968349 0.000210488 -6.55297e-06 -0.00105324 -1.48558e-05 -1.36291e-08 -2.66041e-09 -7.50538e-05 -0.00094998 -0.00102251 -3.04992e-10 -8.19901e-07 -0.00015701 -2.22201e-06 -5.14444e-11 
0 0 0 0 0 0 0 0 0 0 0 0 0 0 0 0 0 0 0 0 0 0 0 0 0 0 0 0 0 0 0 0 0 0 0 0 0 0 0 0 0 0 0 0 0 0 0 0 0 0 0 0 0 0 0 0 0 0 0 0 0 0 0 0 0 0 0 0 0 0 0 0 0 0 0 0 0 0 0 0 0 0 0 0 0 0 0 0 0 0 0 0 0 0 0 0 0 0 0 0 
-8.14462e-07 0.00590143 0.000682895 -4.50242e-08 0.00342472 3.89087e-05 0.0302008 5.80039e-08 -0.00567088 1.36174e-05 0.00031901 1.3099e-05 0.00106421 0 0.0321623 0.00608863 0 0.000811306 -0.00331196 1.44741e-05 -0.0315886 1.9528e-06 -0.000335854 0.00084398 -0.0319449 2.98619e-05 4.11728e-05 0.00225817 4.68459e-05 -1.03265e-06 0.000792243 0.00300239 0.0210203 0.000241167 -5.30591e-05 0.000778129 -0.0312285 0.00746029 0.000400371 1.55066e-07 -7.27931e-05 1.46096e-05 3.62376e-05 -0.0206151 0.00067023 -8.05929e-07 -0.00311817 -8.98265e-09 0.0269272 0.000898773 0.000150623 -0.000233767 5.21456e-08 -0.0169411 0.0163084 0.000438173 2.58259e-06 -6.50821e-06 9.60286e-06 -1.18598e-05 0.0177436 0.000316219 0.0114608 0.000226205 0.00863598 0.00413821 -2.71502e-05 -3.1162e-08 -0.023443 0.0268103 -0.000507769 -3.11043e-05 2.30166e-05 0.0318134 0 0.00509324 -0.0279655 -0.000757365 -0.0307184 0.00075095 -1.28197e-07 0.000889105 7.96156e-05 8.68327e-06 -2.72486e-06 0.0313813 0.000177285 -0.000192031 -0.0318004 0.0176437 -2.71317e-07 -7.69561e-08 -7.79248e-05 -0.026194 -0.0293707 -9.20445e-09 -3.23797e-05 -0.00475924 0.000715499 -1.55256e-09 
-3.36901e-07 -4.70215e-05 -5.90176e-06 -1.1862e-08 0.00158996 3.53892e-06 0.00747475 -5.259e-10 -0.00150958 -3.53593e-07 -3.64381e-06 3.70606e-06 -8.75236e-06 0 0.00608863 0.00868817 0 0.000710954 -0.000803725 -1.66652e-07 -0.00764951 -1.77053e-08 -0.000121487 2.25531e-05 -0.00767428 -2.90176e-05 3.632e-05 -2.56533e-05 -4.43684e-07 -2.90501e-07 -0.000268003 1.29835e-05 -0.000155318 -2.19791e-06 -1.07085e-05 -7.05913e-06 -0.00763115 0.00337918 -3.64417e-06 2.22534e-07 -2.38836e-05 7.93541e-06 -1.12872e-05 -0.00596683 -6.72862e-06 1.40831e-08 3.23292e-05 -2.36655e-09 0.00759834 -8.17418e-06 -1.32936e-05 -5.59559e-05 3.55296e-07 -0.00767339 0.00770584 -7.28891e-05 -4.85572e-06 -1.71464e-06 -1.54223e-06 -3.25629e-06 -0.000118016 3.19561e-05 2.61067e-05 -1.89271e-05 0.00622014 0.00141634 -7.15294e-06 -8.20988e-09 -0.00603063 0.00768468 -0.000136324 -8.2336e-06 -2.99471e-07 0.007635 0 0.00237999 -0.00658283 6.96809e-06 -0.00765554 -6.80862e-06 5.95589e-08 -8.34685e-06 -8.39833e-07 -1.23376e-05 -8.83863e-07 0.00760724 -2.43179e-05 -5.17374e-05 -0.00758437 0.00771491 -1.08365e-07 3.3218e-07 -5.28165e-07 -0.00762348 -0.00726999 -2.42498e-09 -8.68895e-06 -0.00111812 -8.98016e-06 4.62576e-08 
0 0 0 0 0 0 0 0 0 0 0 0 0 0 0 0 0 0 0 0 0 0 0 0 0 0 0 0 0 0 0 0 0 0 0 0 0 0 0 0 0 0 0 0 0 0 0 0 0 0 0 0 0 0 0 0 0 0 0 0 0 0 0 0 0 0 0 0 0 0 0 0 0 0 0 0 0 0 0 0 0 0 0 0 0 0 0 0 0 0 0 0 0 0 0 0 0 0 0 0 
-4.57237e-08 -6.47722e-06 -7.56494e-07 -1.33294e-09 -2.61524e-06 1.982e-06 0.000919759 -5.90958e-11 -0.00016846 2.10559e-07 4.24879e-07 2.73603e-06 1.00442e-05 0 0.000811306 0.000710954 0 0.00098396 -9.80602e-05 -1.87268e-08 -0.000943721 -1.98956e-09 -1.09672e-05 5.85529e-06 -0.000947118 -3.26073e-06 -2.96192e-07 2.84978e-05 -4.98572e-08 -3.26439e-08 -2.18036e-05 -6.97713e-06 0.000187365 -2.46981e-07 -1.62884e-06 9.03343e-06 -0.000948123 0.000134525 7.33717e-06 -2.71184e-09 -2.87148e-06 -1.4922e-07 1.39964e-07 -0.000830265 2.85646e-06 -3.17541e-08 -3.51698e-05 -2.65931e-10 0.000933545 8.90813e-06 -1.4331e-06 -6.63278e-06 2.89471e-07 -0.000934075 0.000888607 1.12816e-05 -5.45641e-07 -1.92675e-07 -1.73302e-07 -3.65911e-07 0.000150536 -8.14867e-08 2.20581e-05 -1.63525e-07 0.000714752 3.14616e-05 -8.03782e-07 -9.22551e-10 -0.00069403 0.000938152 -1.52555e-05 -9.71663e-07 -3.36518e-08 0.000946675 0 3.23895e-05 -0.000827895 -8.62699e-06 -0.000945758 9.06158e-06 -3.79526e-09 8.93539e-06 2.2294e-08 -1.47591e-06 -9.93203e-08 0.000949996 -2.29989e-06 -5.82423e-06 -0.000942644 0.00092949 -1.2177e-08 2.6429e-07 -1.66677e-07 -0.000937316 -0.000905574 -2.72497e-10 -9.76758e-07 -0.000142338 1.15099e-05 -4.59634e-11 
3.12481e-05 -0.000652349 -4.22324e-05 5.11928e-07 -0.000444634 -4.28015e-06 -0.00476054 -5.97363e-09 0.0637462 -1.0433e-05 -2.97712e-05 -1.70195e-06 -0.000109717 0 -0.00331196 -0.000803725 0 -9.80602e-05 0.0896482 -1.89298e-06 6.60935e-05 -2.01112e-07 6.03534e-05 -0.000115512 0.00327211 6.75625e-05 -4.83656e-05 -0.000225163 -4.87642e-06 9.53565e-07 -0.00305679 -0.000706766 -0.0046898 -2.49658e-05 -0.000125373 -8.01837e-05 0.00365263 -0.000983939 -4.00336e-05 -1.47457e-07 -0.000217587 -4.17089e-07 -0.000128128 -0.0647925 -0.000102984 -9.16499e-07 0.000340895 -2.02147e-08 -0.00309803 -9.28495e-05 -0.000148706 -0.000661352 -5.34308e-08 0.000718792 -0.00189228 -0.0035428 2.83311e-05 -1.93197e-05 -1.15513e-05 9.69123e-05 -0.00227739 -3.49769e-05 -0.00122937 -0.000213364 -0.000978874 -0.00060334 0.000210164 8.13412e-07 -0.064604 -0.00304173 6.76262e-05 0.000285117 -3.37499e-06 -0.003662 0 -0.000563604 -0.0604254 7.26963e-05 0.00343301 -7.73383e-05 -3.56973e-07 -9.47709e-05 -2.81289e-06 -9.18383e-06 -4.92635e-06 -0.00350839 0.000698514 0.00387677 0.00376636 -0.00199921 -6.84234e-07 -2.40273e-07 8.08564e-06 0.00261955 0.00506576 2.49122e-07 -1.28512e-05 0.0559579 0.000637688 -4.64616e-09 
-8.82662e-10 -1.25038e-07 1.50914e-05 -2.57314e-11 -8.54903e-08 -2.08481e-09 -1.00571e-06 -1.1408e-12 -3.3e-06 -2.17703e-09 -9.36489e-09 -3.33938e-10 1.50857e-05 0 1.44741e-05 -1.66652e-07 0 -1.87268e-08 -1.89298e-06 1.9013e-05 -1.51864e-05 4.49962e-07 -2.96652e-07 -2.20978e-08 -1.43787e-05 1.50437e-05 -1.76864e-08 -7.97048e-08 -9.62455e-10 -6.30165e-10 1.66505e-05 -5.84331e-08 -5.62976e-07 -4.76778e-09 -3.14435e-08 -1.53129e-08 2.51453e-07 -1.88188e-07 1.50554e-05 -5.235e-11 -5.54317e-08 -2.88058e-09 -2.48388e-08 2.83331e-06 -1.97587e-08 -6.1299e-10 -1.50047e-05 -5.1336e-12 -5.91773e-07 1.41389e-05 -2.88876e-08 -1.33768e-07 -1.02038e-11 -1.46622e-05 -3.83313e-07 -2.75706e-07 -1.05332e-08 -3.71945e-09 -3.34546e-09 -7.06364e-09 1.46706e-05 -6.91388e-09 -2.34776e-07 -4.10574e-08 -1.86953e-07 -1.15601e-07 -1.55164e-08 -1.78092e-11 -1.24777e-05 -5.80887e-07 -2.52386e-07 -1.87572e-08 -6.49622e-10 -6.99486e-07 0 -1.07663e-07 -1.20759e-05 1.51154e-08 -1.4446e-05 -1.47695e-08 -7.32647e-11 1.50886e-05 -1.82179e-09 -2.84913e-08 -1.9173e-09 -6.72436e-07 1.49795e-05 -1.13655e-07 -1.4489e-05 -3.82937e-07 -2.35068e-10 -4.58855e-11 -1.41551e-05 -1.44017e-05 -1.62774e-05 -5.26036e-12 -1.88556e-08 -2.29288e-06 -6.776e-08 -8.87289e-13 
-1.8057e-06 -0.00614179 -0.000667265 5.6486e-08 -0.00413156 -9.42134e-05 -0.0330845 -5.74957e-08 0.00276657 -0.000108804 -0.000397049 -1.67169e-05 -0.00105481 0 -0.0315886 -0.00764951 0 -0.000943721 6.60935e-05 -1.51864e-05 0.0399963 -1.93569e-06 7.02219e-05 -0.000835934 0.0349442 8.08352e-06 -4.76478e-05 -0.00234164 -4.80239e-05 4.90017e-07 -0.00168338 -0.0036113 -0.0227938 -0.00023923 4.32587e-05 -0.000771042 0.0342035 -0.00943578 -0.000398083 -1.31747e-07 8.39781e-05 -3.91532e-05 -0.000763557 0.0260731 -0.000703995 5.5898e-07 0.00297407 1.12694e-08 -0.0297899 -0.000890392 -0.000151569 0.000262539 -5.14267e-07 0.0191381 -0.0180842 -0.000402953 1.75327e-05 7.92168e-06 5.77347e-07 -8.58971e-05 -0.0189858 -0.000329839 -0.0116498 -0.0010019 -0.00942011 -0.00580742 3.39919e-05 -7.57168e-09 0.0290526 -0.0292638 -0.000853325 -0.000159507 -2.46406e-05 -0.0343133 0 -0.00542494 0.0339132 0.000752355 0.0331817 -0.000744204 7.49871e-09 -0.000883883 -8.47341e-05 -0.000157005 -3.7511e-06 -0.0336684 -0.000602577 -0.00145402 0.0348328 -0.019241 -1.47307e-07 -3.85938e-07 7.78236e-05 0.0285103 0.0328865 -2.65119e-07 4.08621e-05 0.00142868 -0.00227778 -4.47189e-08 
-9.37751e-11 -1.32842e-08 2.01837e-06 -2.73373e-12 -9.08259e-09 -2.21493e-10 -1.06848e-07 -1.212e-13 -3.50596e-07 -2.3129e-10 -9.94938e-10 -3.54779e-11 2.01777e-06 0 1.9528e-06 -1.77053e-08 0 -1.98956e-09 -2.01112e-07 4.49962e-07 -1.93569e-06 2.02e-06 -3.15166e-08 -2.3477e-09 -1.94266e-06 2.01331e-06 -1.87902e-09 -8.46794e-09 -1.02252e-10 -6.69495e-11 1.95631e-06 -1.50614e-08 5.36692e-07 -5.06535e-10 -3.3406e-09 -1.62686e-09 -1.00881e-06 -1.99933e-08 2.01916e-06 -5.56173e-12 -5.88913e-09 -3.06037e-10 -2.63891e-09 3.01014e-07 -2.09919e-09 -6.51248e-11 -2.00916e-06 -5.454e-13 -6.28707e-08 1.65812e-06 -3.06905e-09 -1.42116e-08 -1.08407e-12 -1.97278e-06 -4.07236e-08 2.77248e-08 -1.11906e-09 -3.95159e-10 -3.55426e-10 -7.5045e-10 1.97367e-06 -7.34539e-10 -2.49429e-08 -4.36199e-09 -1.98622e-08 -1.22816e-08 -1.64848e-09 -1.89207e-12 -1.42339e-06 -6.17141e-08 -3.14176e-08 -1.99279e-09 -6.90167e-11 -7.43143e-08 0 -1.14383e-08 -1.69801e-06 1.60588e-09 -1.94981e-06 -1.56913e-09 -7.78373e-12 2.01808e-06 -1.9355e-10 -3.02695e-09 -2.03697e-10 -7.14404e-08 2.01429e-06 -1.20748e-08 -1.93348e-06 -4.06837e-08 -2.49739e-11 -4.87493e-12 -1.65984e-06 -1.9451e-06 -1.90285e-06 -5.58867e-13 -2.00324e-09 -2.92469e-07 -7.1989e-09 -9.42667e-14 
-5.64311e-07 -9.85724e-05 -9.17114e-06 -2.11151e-08 2.89969e-05 -1.71079e-06 -0.000594132 -9.36138e-10 0.0125199 9.93537e-07 -6.71814e-06 -1.97362e-07 -1.1633e-05 0 -0.000335854 -0.000121487 0 -1.09672e-05 6.03534e-05 -2.96652e-07 7.02219e-05 -3.15166e-08 0.0153589 -1.25601e-05 0.000322198 0.000556083 3.94533e-05 -6.10289e-05 1.66355e-06 -3.70445e-07 -0.000477974 -0.000114593 -0.000714711 -3.2491e-06 -2.58025e-05 -6.80239e-06 0.000430081 -9.77566e-05 -6.20686e-06 -4.29583e-08 -4.54805e-05 4.11862e-05 -2.03827e-05 -0.0131468 -5.21396e-06 -1.86351e-07 -0.00175608 -4.21262e-09 -0.000351758 -9.1706e-06 -2.35384e-05 -0.000108923 -8.37323e-09 -0.00298411 3.1268e-05 3.59714e-06 0.000424196 -3.05217e-06 0.000163135 -2.37641e-06 0.000734273 2.59932e-05 -0.000162107 -3.13849e-05 -0.000153224 -4.52383e-05 -7.23939e-06 8.71918e-09 -0.0109083 -0.000342408 0.00815674 1.91045e-05 -4.96412e-07 -0.000430797 0 -8.8235e-05 -0.0128243 2.58034e-06 0.000403239 -8.63981e-06 -6.01208e-08 1.69254e-05 -7.61627e-07 -1.89899e-05 -6.73336e-07 -0.000412962 0.00136856 0.0014424 0.000480213 -0.000200767 -1.92896e-07 6.1568e-07 1.26711e-06 -0.00634641 -0.000683972 2.7235e-07 7.88715e-06 0.0111678 -4.33437e-05 -7.28107e-10 
-5.39544e-08 0.00013764 2.50441e-05 -1.57288e-09 0.000630568 1.19229e-07 0.000765224 -6.97336e-11 -0.000201532 -1.33075e-07 4.73709e-05 -2.04126e-08 -5.97882e-07 0 0.00084398 2.25531e-05 0 5.85529e-06 -0.000115512 -2.20978e-08 -0.000835934 -2.3477e-09 -1.25601e-05 0.00116088 -0.000846096 -2.19436e-06 -9.71115e-07 4.96279e-05 2.45014e-08 -3.85201e-08 -3.40702e-05 0.000153504 5.3943e-05 -1.74773e-07 -1.71204e-06 -2.52697e-07 -0.000847022 0.000331537 -2.03211e-07 -3.2e-09 -3.38837e-06 -1.76081e-07 -9.74988e-07 -0.000705419 9.64221e-06 -3.74702e-08 -0.000385482 -3.13801e-10 0.000744623 -1.00552e-07 -1.44248e-06 -7.18347e-06 -6.23728e-10 -0.000680631 0.000610723 -3.29449e-05 -6.43862e-07 -2.27359e-07 -6.7831e-08 -4.31779e-07 0.00032228 -4.22624e-07 0.000269582 -2.50971e-06 1.56488e-05 0.00033388 -4.95137e-07 -1.08862e-09 -0.000769198 0.000847756 -1.80764e-05 -1.14657e-06 3.20291e-07 0.000841649 0 4.78789e-05 -0.000709057 2.40625e-07 -0.0008521 -2.1948e-07 -4.47845e-09 -6.78071e-09 -1.11361e-07 4.81841e-06 -1.17199e-07 0.000673286 -2.99816e-06 -6.94738e-06 -0.000841243 0.000812802 -1.4369e-08 -2.80484e-09 -2.64561e-06 -0.000847135 -0.000821622 -3.21549e-10 -1.07258e-06 -0.000167742 1.51374e-07 -5.42372e-11 
7.57509e-07 -0.00629576 -0.000688719 5.18179e-08 -0.00425919 -9.65349e-05 -0.0334254 -5.77027e-08 0.00603569 -0.000104526 -0.000336148 -1.67775e-05 -0.00105888 0 -0.0319449 -0.00767428 0 -0.000947118 0.00327211 -1.43787e-05 0.0349442 -1.94266e-06 0.000322198 -0.000846096 0.0368231 -2.39225e-05 -5.04764e-05 -0.00231802 -4.85085e-05 8.02363e-07 -0.0014556 -0.0035198 -0.0232136 -0.000240095 6.00444e-05 -0.000774086 0.0345252 -0.00946175 -0.000398284 -1.41244e-07 8.6602e-05 -3.88391e-05 -0.000786776 0.022898 -0.000708776 8.94441e-07 0.00314483 1.03381e-08 -0.0298775 -0.000894398 -0.000155803 0.000242075 -5.16118e-07 0.0189283 -0.018112 -0.000481077 1.31951e-05 7.49025e-06 -1.29568e-07 1.31248e-05 -0.0196379 -0.00033479 -0.0118523 -0.00102923 -0.0094551 -0.00582436 2.4277e-05 3.58641e-08 0.0264951 -0.0293807 0.000432114 2.06967e-05 -2.48851e-05 -0.0348451 0 -0.00544488 0.0312177 0.000755504 0.0333801 -0.000747054 -5.79258e-09 -0.000884358 -8.32913e-05 -9.51941e-05 -4.64559e-06 -0.0339036 -0.000186573 0.000178192 0.0354438 -0.019324 -1.84995e-06 -2.64262e-07 7.81037e-05 0.028033 0.0326478 1.05933e-08 3.63648e-05 0.00492337 -0.00165395 -4.48798e-08 
2.65631e-06 -2.14784e-05 0.000146154 -4.48038e-09 -1.1399e-05 -2.4301e-07 -0.000172643 -1.98637e-10 0.000490227 -3.79066e-07 3.77937e-06 -5.81456e-08 9.16938e-05 0 2.98619e-05 -2.90176e-05 0 -3.26073e-06 6.75625e-05 1.50437e-05 8.08352e-06 2.01331e-06 0.000556083 -2.19436e-06 -2.39225e-05 0.00329966 5.01709e-06 0.000187792 5.74958e-09 5.02749e-08 1.43735e-05 -2.36279e-05 -8.14314e-05 -8.30172e-07 -5.39831e-06 -2.6663e-06 0.000117584 -3.26142e-05 7.93836e-05 -9.11525e-09 -9.6085e-06 2.47084e-05 -4.04163e-06 -0.000506428 -3.36374e-06 -1.06734e-07 -0.000774084 -8.93868e-10 -0.000103 8.57825e-05 -1.36327e-06 2.97182e-05 -1.7767e-09 -0.00075592 0.000170004 -0.000251605 0.000387039 -2.67635e-07 0.000171691 -1.18326e-06 0.000378407 -1.20385e-06 -4.06261e-05 -5.24896e-06 -3.25525e-05 -1.93319e-05 8.44933e-07 -3.10095e-09 -0.00200175 -0.000101095 0.000170202 7.78064e-06 -1.13113e-07 -0.000115045 0 -1.87465e-05 -0.000838592 2.43191e-06 7.72178e-06 -2.23501e-06 -1.27569e-08 9.20573e-05 2.05612e-06 3.28691e-05 6.28234e-08 -0.000114975 0.00083329 0.000215827 4.00889e-05 -6.63041e-05 -3.7597e-08 -7.98964e-09 -6.71211e-05 -0.000493689 -0.000627793 -9.15939e-10 -2.17982e-06 -0.000387431 -1.13618e-05 -1.54496e-10 
2.36348e-06 -6.05403e-06 4.7909e-06 -1.25888e-09 6.8208e-06 -1.01998e-07 3.93131e-05 -5.58126e-11 -6.93128e-05 -1.06509e-07 3.99516e-06 -1.63376e-08 -5.32112e-07 0 4.11728e-05 3.632e-05 0 -2.96192e-07 -4.83656e-05 -1.76864e-08 -4.76478e-05 -1.87902e-09 3.94533e-05 -9.71115e-07 -5.04764e-05 5.01709e-06 0.000929345 -3.89949e-06 2.21958e-06 -3.08303e-08 5.45616e-05 -4.41246e-06 4.07665e-05 -2.33259e-07 1.15499e-06 -7.49169e-07 -4.93354e-05 7.78641e-06 -3.86747e-07 2.00772e-07 -1.37528e-06 1.35737e-07 -5.85504e-08 -9.10863e-05 3.51533e-05 1.03343e-07 -4.92966e-05 -2.51157e-10 5.3108e-05 -8.67508e-07 -6.46632e-07 2.74887e-06 -4.99213e-10 -4.53372e-05 5.65735e-05 -7.3994e-06 -4.31994e-07 -1.81971e-07 -1.63674e-07 -3.45582e-07 6.85786e-06 -3.38255e-07 -8.8962e-06 -1.80536e-06 4.34301e-05 -5.13566e-06 -1.15792e-07 -8.71297e-10 -0.000643921 5.2084e-05 -1.10779e-06 -7.76801e-08 -3.17822e-08 4.85083e-05 0 -3.434e-06 -6.40541e-05 7.39508e-07 -5.09059e-05 -4.59251e-07 -3.58441e-09 -8.85833e-07 -8.91296e-08 2.07609e-06 1.07286e-06 4.91217e-05 6.87826e-06 5.10287e-06 -5.28577e-05 4.58218e-05 -1.15005e-08 -2.24491e-09 7.55455e-08 -6.09045e-05 -0.000174927 -2.57358e-10 -3.22492e-07 -7.5022e-05 5.78239e-07 -4.34098e-11 
-1.94609e-07 -5.22161e-06 4.71308e-05 -5.67324e-09 -7.68219e-06 5.4587e-05 0.00225667 -2.51523e-10 -0.000495312 -4.7999e-07 1.68567e-07 2.59707e-07 -4.2079e-06 0 0.00225817 -2.56533e-05 0 2.84978e-05 -0.000225163 -7.97048e-08 -0.00234164 -8.46794e-09 -6.10289e-05 4.96279e-05 -0.00231802 0.000187792 -3.89949e-06 0.00417448 1.69311e-05 -1.38939e-07 -2.43235e-05 0.000283647 0.00221537 -1.0512e-06 -6.87264e-06 -3.37618e-06 -0.00233329 0.000140652 -1.7429e-06 -1.15421e-08 1.08218e-05 -1.91776e-07 -5.38312e-06 -0.00179082 0.000252687 1.09485e-06 -4.06821e-05 -1.13185e-09 0.00233065 -3.53281e-06 2.72175e-05 4.88036e-05 -2.24973e-09 -0.00227676 0.00246445 2.04732e-05 -5.55687e-07 -8.20063e-07 2.31906e-06 -1.55739e-06 -5.99363e-05 -3.87702e-07 -4.50233e-05 -8.61231e-06 0.000161954 0.000162286 1.6739e-05 -3.92655e-09 -0.00289826 0.00215387 -6.338e-05 -4.13558e-06 -1.43228e-07 0.00221807 0 0.00149859 -0.00234866 3.29597e-06 -0.00234779 -3.20304e-06 4.38466e-08 -3.28873e-06 -4.01668e-07 0.000129098 2.7394e-07 0.00232054 5.05599e-05 3.10014e-05 -0.0023787 0.0020844 -2.84944e-08 -1.01168e-08 -2.0955e-07 -0.00243037 -0.00262563 -1.1598e-09 -4.15727e-06 -0.000602003 0.00010081 -1.95629e-10 
-2.34995e-09 1.1044e-07 1.11392e-05 -6.85057e-11 4.7524e-06 6.77829e-08 4.75458e-05 -3.0372e-12 -8.78573e-06 -5.79599e-09 2.31734e-07 -8.89056e-10 1.67531e-07 0 4.68459e-05 -4.43684e-07 0 -4.98572e-08 -4.87642e-06 -9.62455e-10 -4.80239e-05 -1.02252e-10 1.66355e-06 2.45014e-08 -4.85085e-05 5.74958e-09 2.21958e-06 1.69311e-05 5.06174e-05 -1.67772e-09 -4.5986e-08 4.82257e-06 4.69182e-05 -1.26935e-08 -8.37133e-08 1.82565e-07 -4.85192e-05 2.45646e-07 -1.04594e-09 -1.39374e-10 -1.47578e-07 -7.6691e-09 5.30537e-07 -4.21334e-05 3.90941e-05 -1.63199e-09 -3.74085e-05 -1.36674e-11 4.68045e-05 1.76125e-07 -7.69087e-08 -3.56135e-07 -2.71661e-11 -4.23101e-05 2.34128e-05 6.94767e-07 -1.8043e-08 -9.90245e-09 -8.90676e-09 -1.88058e-08 3.6109e-05 2.07493e-06 2.14495e-06 1.08736e-06 1.1556e-06 1.27656e-05 -4.131e-08 -4.74141e-11 -3.56693e-05 3.23468e-05 -7.87306e-07 -4.99381e-08 -1.72952e-09 3.99144e-05 0 -2.53303e-07 -4.25511e-05 2.02424e-08 -4.7251e-05 4.90679e-07 -1.95056e-10 1.75128e-07 -4.85024e-09 -7.58536e-08 -1.77119e-09 4.77497e-05 3.48679e-06 -1.29255e-07 -4.82785e-05 6.68382e-06 -6.25832e-10 -1.22163e-10 4.11102e-09 -4.45897e-05 -4.5841e-05 -1.40049e-11 -5.02e-08 -6.73243e-06 2.27563e-05 -2.36227e-12 
-1.53862e-09 -2.01295e-07 -2.66902e-08 -4.4854e-11 5.7431e-07 -3.63417e-09 5.06021e-06 -1.9886e-12 1.01542e-05 -3.79491e-09 -1.63245e-08 -5.82107e-10 1.67968e-08 0 -1.03265e-06 -2.90501e-07 0 -3.26439e-08 9.53565e-07 -6.30165e-10 4.90017e-07 -6.69495e-11 -3.70445e-07 -3.85201e-08 8.02363e-07 5.02749e-08 -3.08303e-08 -1.38939e-07 -1.67772e-09 3.31422e-05 -5.51635e-07 -2.47122e-07 -1.18566e-06 -8.31102e-09 -5.48111e-08 2.66405e-08 -1.10725e-06 -3.28042e-07 -1.37798e-08 -9.12546e-11 -9.66265e-08 -5.02133e-09 -4.32981e-08 -1.30944e-05 -3.44427e-08 -1.06854e-09 -1.64887e-06 -8.9487e-12 -1.03156e-06 2.24241e-08 -5.03558e-08 -2.33179e-07 -1.77869e-11 7.21362e-07 -6.68176e-07 -3.72177e-06 -1.83611e-08 -6.48361e-09 -5.83168e-09 -1.23131e-08 -2.66848e-07 -1.2052e-08 -3.92586e-07 -7.15697e-08 -3.2589e-07 -2.01511e-07 -2.70476e-08 -3.10443e-11 -1.63211e-05 -9.59247e-07 -4.05487e-07 -3.26969e-08 -1.1324e-09 -1.14932e-06 0 -1.87675e-07 -9.91694e-06 -2.69847e-08 1.00837e-06 2.75877e-08 -1.27712e-10 2.17712e-08 -3.17568e-09 -4.9665e-08 -3.34217e-09 -1.10216e-06 -9.37688e-08 -1.24786e-07 -8.71376e-06 -6.67522e-07 -4.09762e-10 -7.99859e-11 2.69168e-09 1.17562e-06 9.55423e-07 -9.16966e-12 -3.28684e-08 1.22646e-05 -2.145e-08 -1.54669e-12 
-1.407e-06 -0.00019705 0.000383653 3.60664e-07 -0.000122767 -3.41713e-06 -0.000340185 5.81083e-08 -0.00479424 1.868e-05 0.000168461 7.95292e-06 0.00100588 0 0.000792243 -0.000268003 0 -2.18036e-05 -0.00305679 1.66505e-05 -0.00168338 1.95631e-06 -0.000477974 -3.40702e-05 -0.0014556 1.43735e-05 5.45616e-05 -2.43235e-05 -4.5986e-08 -5.51635e-07 0.0305347 0.00320384 0.014318 0.000241551 -9.39767e-06 0.000779024 -0.00163172 -0.000258628 0.000401095 -8.68092e-08 0.00239428 -4.24671e-06 0.000851124 0.00382391 5.30619e-05 -9.86487e-07 -0.00123028 -8.51277e-09 -0.000498748 0.00090229 0.000129964 -0.000211133 -1.69204e-08 -0.000413003 -0.000626259 -1.59977e-06 -1.605e-05 -9.61095e-07 -2.23759e-06 -1.04699e-05 0.00272054 -1.07282e-05 -0.000339526 0.00170897 -0.000299928 -0.000141854 -2.363e-05 -2.95319e-08 -0.0154815 -0.000547042 -0.000406738 -2.41974e-05 2.67628e-05 0.00078637 0 -0.000166446 -0.00325249 -0.000749415 -0.000565132 0.000751249 -1.21491e-07 0.000891845 7.8779e-05 -9.9522e-06 -1.05936e-06 0.000762397 0.000307366 -0.000185574 -0.00539598 -0.000624097 3.16866e-07 -7.60894e-08 -7.40528e-05 -0.000227862 -0.0185009 -8.72296e-09 5.88228e-05 -0.00409477 0.000329507 -1.47134e-09 
-3.4614e-07 0.000932213 3.31356e-05 -1.00907e-08 0.000239615 4.73577e-06 0.00333328 -4.47369e-10 -0.00121424 1.16363e-05 2.03209e-05 -1.30955e-07 -5.88618e-06 0 0.00300239 1.29835e-05 0 -6.97713e-06 -0.000706766 -5.84331e-08 -0.0036113 -1.50614e-08 -0.000114593 0.000153504 -0.0035198 -2.36279e-05 -4.41246e-06 0.000283647 4.82257e-06 -2.47122e-07 0.00320384 0.00740056 0.00653216 -1.86971e-06 -7.42069e-06 -5.97168e-06 -0.00401569 -4.86853e-05 -3.06666e-06 -2.05293e-08 0.00226607 -6.12966e-07 0.000457856 -0.0021817 0.000110222 -2.40386e-07 -0.000378955 -2.01316e-09 0.00310345 -6.1769e-06 -1.07784e-05 -5.18075e-05 -4.00147e-09 -0.000765216 0.000592672 9.61535e-05 -3.53064e-06 -1.45526e-06 -1.31194e-06 -2.3967e-06 0.00320122 3.1242e-05 0.0028851 0.000575353 8.63021e-05 6.97672e-06 -6.00482e-06 -6.98393e-09 -0.00508084 0.00247921 -0.000115877 -7.35572e-06 6.43525e-06 0.00321852 0 -3.0354e-05 -0.00573401 1.60757e-06 -0.00325582 -5.75858e-06 -2.87311e-08 -6.81711e-06 9.22426e-08 9.28702e-06 1.29812e-06 0.00287182 -1.39449e-05 -4.43503e-05 -0.00619966 0.00060006 1.03782e-06 -1.79942e-08 -2.27779e-06 -0.00276288 -0.0068961 -2.06287e-09 -4.09763e-06 -0.00107805 0.000168698 -3.47954e-10 
-1.50434e-06 0.00559317 0.000523406 3.38587e-07 0.000158171 4.38742e-06 0.0211072 5.71295e-08 -0.00749563 0.000103735 0.000255926 1.18664e-05 0.00101802 0 0.0210203 -0.000155318 0 0.000187365 -0.0046898 -5.62976e-07 -0.0227938 5.36692e-07 -0.000714711 5.3943e-05 -0.0232136 -8.14314e-05 4.07665e-05 0.00221537 4.69182e-05 -1.18566e-06 0.014318 0.00653216 0.0455535 0.000236886 -9.83646e-06 0.000765579 -0.0227349 0.002418 0.000366832 -1.31726e-07 0.00246797 1.60151e-05 0.00123621 -0.00996023 0.000696862 -1.54244e-06 -0.00232317 -1.29174e-08 0.0177602 0.000863339 0.000153298 -0.000335057 -2.56754e-08 -0.007807 0.00679785 0.00057849 -2.63409e-05 -9.13908e-06 -5.10802e-06 -1.72006e-05 0.0188816 0.00026137 0.0104047 0.00204327 0.00237274 0.00196259 -3.16532e-05 -4.48124e-08 -0.0322319 0.0170783 -0.000654888 -4.31146e-05 2.78254e-05 0.0222455 0 0.00215961 -0.0226647 -0.000746909 -0.0209456 0.00073882 -1.84353e-07 0.0008505 8.29159e-05 0.000104842 1.91558e-06 0.0217044 0.000201888 -0.000284641 -0.0274516 0.00742888 1.92851e-06 -1.12126e-07 -5.89346e-05 -0.015724 -0.0340467 -1.32364e-08 -2.77388e-05 -0.00571889 0.00135271 -2.23264e-09 
-1.16411e-08 -1.51575e-06 1.4473e-07 -3.39362e-10 -1.1275e-06 -2.74958e-08 -1.3024e-05 -1.50456e-11 -4.35225e-05 -2.8712e-08 -1.00177e-07 2.1356e-06 0.00024918 0 0.000241167 -2.19791e-06 0 -2.46981e-07 -2.49658e-05 -4.76778e-09 -0.00023923 -5.06535e-10 -3.2491e-06 -1.74773e-07 -0.000240095 -8.30172e-07 -2.33259e-07 -1.0512e-06 -1.26935e-08 -8.31102e-09 0.000241551 -1.86971e-06 0.000236886 0.000250697 -4.14697e-07 0.000249045 -0.000236345 -1.80861e-06 0.000135029 -6.90426e-10 -7.31069e-07 -3.7991e-08 -3.2759e-07 -0.000212119 -2.20591e-07 -8.0845e-09 -0.000248151 -6.77052e-11 -7.14135e-06 0.000249186 -3.80988e-07 -1.76421e-06 -1.34575e-10 -0.000243739 -5.05537e-06 2.60172e-06 -1.38919e-07 -4.90545e-08 -4.41221e-08 -9.31598e-08 0.000243945 -9.11847e-08 -3.05638e-06 1.93518e-06 -2.04233e-06 -1.34462e-06 -2.0464e-07 -2.34879e-10 -0.000175858 2.42056e-05 -2.27013e-06 -2.47382e-07 1.98581e-05 0.000215671 0 -1.41993e-06 -0.000209725 -0.000248451 -0.000240946 0.000248075 -9.66262e-10 0.000249181 5.46993e-05 -3.75761e-07 -2.52866e-08 0.000240828 2.10239e-05 -1.49895e-06 -0.000238956 -5.05042e-06 -3.10023e-09 -6.05167e-10 -7.92968e-07 -0.000240212 -0.000235154 -6.93769e-11 -2.4868e-07 -3.63067e-05 -6.63662e-07 -1.17021e-11 
