0.0528376 -2.07463e-07 -6.27628e-07 0.0027192 -0.0115312 -1.04478e-08 -0.0138614 -0.00736048 -0.0108996 0.029585 0.0401448 -0.00180996 -0.000305099 -0.0144763 -0.0137056 -0.00971486 -0.021552 -0.0226796 -0.00933451 -0.0269331 -0.0201093 -0.0141777 -6.86787e-05 -0.032533 -0.0052009 -0.00562216 -0.00886626 -0.0222261 -4.98136e-08 0.032306 -0.000141114 0.00333652 0.0308638 -1.09738e-06 -0.0121557 -1.02864e-05 0.000141547 -4.85636e-07 -0.0201171 -5.03733e-08 -1.25709e-06 -0.00010642 -0.0144083 0.0413795 -0.00187035 2.11882e-05 -0.00257833 0.000958289 0.00846806 -0.00802305 -3.98509e-07 0.036021 -0.0155273 -0.0228191 -3.79028e-06 -0.000515207 -0.000438203 8.04648e-07 -0.0143147 -0.000159578 -5.29334e-06 -0.0151007 0.0156033 5.7252e-06 -2.81833e-05 -0.00191953 0.0122539 -7.1308e-06 -3.99936e-06 0.0395031 -6.52054e-07 -4.90673e-07 -0.000656033 -0.0329643 -0.00114086 -0.000246242 -0.00271707 -0.00303846 -0.000363958 0.00421586 0.000673863 -5.41046e-08 -0.014246 -0.014276 -6.25612e-05 0.0141028 0.0166951 -0.00639873 6.67083e-05 8.88554e-08 0.0143192 0.0444945 6.87182e-06 0.00369431 -0.00192242 -2.66829e-06 -0.000218326 -2.29329e-05 -9.50086e-05 0.0371794 
-2.07463e-07 3.70665e-06 -8.9689e-11 -9.49709e-07 -6.45099e-07 -6.91911e-13 -8.8773e-07 -4.87648e-07 1.92628e-06 -5.98908e-08 -7.39845e-07 1.35889e-06 -3.2513e-08 5.54371e-07 -9.10182e-07 -5.10568e-07 8.50689e-08 9.9899e-07 -6.18831e-07 -4.71544e-07 9.76226e-07 1.37022e-06 -4.90701e-09 2.23011e-07 6.58733e-07 6.72767e-07 -4.59434e-07 2.01403e-06 -3.29893e-12 -1.00427e-06 -9.45311e-09 -1.29201e-07 -2.57105e-07 -9.40876e-11 -8.08646e-07 -2.43708e-09 -6.17287e-09 -3.21615e-11 2.30426e-06 -3.336e-12 -8.32517e-11 -7.31726e-09 1.3543e-06 -7.68835e-07 -1.25369e-07 -3.56631e-10 -1.74534e-07 -5.75265e-09 1.34495e-07 -5.24823e-07 -2.63915e-11 -9.59039e-07 -7.87379e-07 -1.4454e-06 -3.08629e-10 -3.41199e-08 -2.91306e-08 -3.67244e-10 -2.59742e-07 -1.54541e-08 -3.65786e-10 4.61256e-08 -1.27057e-06 -1.0756e-09 4.9479e-07 -8.24779e-09 -2.529e-07 -4.72242e-10 -3.83183e-10 -7.91291e-07 -4.31827e-11 -3.24951e-11 -4.34506e-08 1.86094e-07 1.09545e-06 -1.96455e-08 -1.71565e-07 -1.41516e-07 -2.64415e-08 -3.96943e-08 -2.30529e-08 -3.58311e-12 1.2947e-06 -1.57603e-06 -4.14315e-09 -1.31583e-06 -1.02193e-07 8.28633e-07 -7.77743e-09 -6.91911e-12 -1.36191e-06 -5.75565e-07 -1.44251e-10 -6.48204e-08 -1.84481e-07 -1.76709e-10 -8.32235e-09 -1.74192e-09 -7.79576e-09 5.85094e-08 
-6.27628e-07 -8.9689e-11 2.41961e-05 1.35052e-05 -4.81447e-06 -4.51671e-12 -6.0112e-06 -2.6533e-06 1.41246e-05 1.17202e-05 -8.93422e-07 -7.90573e-07 -2.12241e-07 -5.18175e-06 -5.94156e-06 -3.89035e-06 -1.72334e-07 -8.23193e-06 -4.03966e-06 -4.68702e-06 -7.55847e-06 -5.05654e-06 -3.20324e-08 -1.30411e-05 -2.18794e-06 -2.3341e-06 -3.93322e-06 7.48319e-06 -2.1535e-11 1.25571e-05 -6.17088e-08 -2.80077e-07 1.08461e-05 -6.14192e-10 -4.96541e-06 -1.5909e-08 -4.02958e-08 -2.09946e-10 -7.41143e-06 -2.1777e-11 -5.43457e-10 -4.77662e-08 -5.09047e-06 -6.7886e-07 -8.18391e-07 -2.32804e-09 6.96066e-06 -3.75526e-08 1.35816e-05 -2.77283e-06 -1.7228e-10 -4.33595e-06 8.67458e-06 7.40488e-07 -2.0147e-09 -2.2273e-07 -1.90161e-07 -2.39733e-09 -5.05156e-06 -1.00882e-07 -2.38781e-09 -5.53808e-06 2.29372e-06 -7.02139e-09 -1.22503e-08 -8.37186e-07 -1.6509e-06 -3.08274e-09 -2.50137e-09 -5.34573e-06 -2.81891e-10 -2.12124e-10 -2.8364e-07 4.76307e-06 4.57161e-06 2.60509e-06 -1.18523e-06 -1.31547e-06 -1.72607e-07 -2.5912e-07 -1.50487e-07 -2.33901e-11 -5.47951e-06 -6.08147e-06 -2.7046e-08 5.3416e-06 -6.67103e-07 -2.34258e-06 -5.07701e-08 -4.51671e-11 5.11078e-06 -2.52389e-06 -9.41654e-10 -4.2314e-07 7.62394e-07 -1.15354e-09 -9.78465e-08 -1.13711e-08 -5.08898e-08 -8.92812e-07 
0.0027192 -9.49709e-07 1.35052e-05 0.199015 -0.0565864 9.88156e-08 -0.0670043 -0.0360381 0.0951069 0.159298 0.0659237 -0.0046921 0.00322478 -0.0706737 -0.0672934 0.00589571 -0.0547199 -0.0469753 -0.0457722 0.0282339 -0.0936722 -0.0697251 -9.68277e-05 -0.145 -0.0229136 -0.0139822 -0.044767 -0.0418196 6.29294e-07 0.1103 -0.000671067 0.00365046 0.128649 -6.86683e-06 -0.0588558 -0.000131587 0.000651616 -2.37916e-06 -0.0181866 -2.46782e-07 1.59476e-06 0.000123587 -0.0702523 0.0434353 0.012649 1.12881e-05 0.0193481 0.000961359 0.14234 -0.0393151 -1.95232e-06 0.0208543 0.0261005 -0.0580641 -1.9421e-05 -0.00252282 -0.0020635 -6.03368e-06 -0.0697449 -0.00096051 -1.90892e-05 -0.0602579 0.0640017 6.24287e-05 -0.00010068 -0.00691554 -0.00622611 2.75491e-05 -2.68894e-05 0.0710098 -2.81779e-06 -2.39384e-06 0.006952 -0.0210997 -0.00110765 0.00357761 0.00286699 -0.0148822 -0.000164584 -0.00244887 -0.000870111 -2.11729e-07 -0.0744406 -0.0665498 -0.000306431 0.0726062 -0.00587509 -0.0315301 6.36354e-05 -5.01844e-07 0.0701946 0.0413573 -5.83103e-06 -0.00296747 -0.0125915 -1.23488e-05 -0.000971201 -0.000121796 0.000115639 0.110692 
-0.0115312 -6.45099e-07 -4.81447e-06 -0.0565864 0.163806 -3.85302e-08 -0.0518263 0.0669213 -0.0170964 -0.0806894 -0.0454688 -0.00504758 -0.00149288 0.151801 -0.0506096 -0.0365757 -0.0804018 -0.08383 -0.0332925 -0.103839 0.131944 0.153784 3.24753e-05 0.0851752 0.0519819 0.033097 -0.033744 0.112523 -1.83706e-07 -0.0869177 0.00178917 -0.00719293 -0.0918991 -5.23942e-06 0.148338 -0.000111673 -0.00034295 -8.14299e-07 0.126265 -1.85771e-07 -4.63601e-06 -0.00029561 0.148302 -0.0427865 -0.00695901 -1.65862e-05 -0.00968667 -0.000284792 -0.0508098 0.0938191 -1.34298e-06 -0.0537603 -0.121344 -0.0735069 -1.66932e-05 -0.000607769 -0.00149545 -2.01739e-05 0.153237 -0.000612108 1.51739e-05 0.141603 -0.148256 -5.98965e-05 -0.000102949 -0.00214451 -0.0140309 -1.74209e-05 6.65218e-05 -0.0479621 7.7353e-06 -1.33954e-06 -0.00241911 -0.055209 0.00958065 -0.00109398 -0.00990409 0.0115451 -0.00145836 -0.000345167 -0.00128314 2.27135e-07 0.149543 -0.0834859 0.000792372 -0.150815 -0.00569071 0.0883801 -0.000357072 -3.85302e-07 -0.14912 -0.0315441 1.54381e-06 -0.00360963 -0.0102303 -5.90367e-06 0.00125354 -9.14151e-05 -0.00040617 -0.0652443 
-1.04478e-08 -6.91911e-13 -4.51671e-12 9.88156e-08 -3.85302e-08 1.86667e-07 -4.68881e-08 -2.45578e-08 4.72228e-08 3.34827e-08 3.88807e-08 -6.09893e-09 -1.63734e-09 -4.84609e-08 -4.58365e-08 7.35685e-08 3.39004e-08 7.40738e-08 -3.11642e-08 1.2752e-08 -6.73364e-08 -4.7495e-08 -2.47116e-10 -1.09633e-07 -1.75218e-08 -1.88295e-08 -3.05231e-08 -7.76868e-08 -1.66133e-13 -4.19416e-08 -4.76056e-10 3.68268e-08 1.03551e-07 -4.73822e-12 -4.07232e-08 -1.22731e-10 -3.10864e-10 -1.61964e-12 -7.0625e-08 -1.68e-13 -4.19253e-12 -3.68495e-10 -4.82968e-08 4.12817e-08 3.70198e-08 -1.79598e-11 -8.78948e-09 -2.89702e-10 1.03056e-07 -2.67656e-08 -1.32907e-12 3.08638e-08 3.35133e-08 -8.01762e-08 -1.55425e-11 -1.71827e-09 -1.46701e-09 -1.84943e-11 -4.79966e-08 -7.78262e-10 -1.84209e-11 -5.0387e-08 5.25134e-08 -5.41669e-11 -9.45056e-11 -6.45852e-09 2.39307e-08 -2.3782e-11 -1.9297e-11 3.66257e-08 -2.17467e-12 -1.63644e-12 -2.18816e-09 -1.14178e-07 -3.92203e-09 -9.89343e-10 -9.14354e-09 -1.01483e-08 -1.33159e-09 -1.99899e-09 -1.16094e-09 -1.80444e-13 -5.12981e-08 -4.27018e-08 -2.08648e-10 5.02341e-08 -5.14641e-09 -2.17235e-08 -3.91669e-10 -3.48444e-13 4.79134e-08 7.68137e-09 -7.26444e-12 -3.26434e-09 -9.29043e-09 -8.89902e-12 -7.54843e-10 -8.77228e-11 -3.92592e-10 1.26831e-07 
-0.0138614 -8.8773e-07 -6.0112e-06 -0.0670043 -0.0518263 -4.68881e-08 0.188092 -0.032792 -0.0788676 -0.0942295 -0.0484006 -0.00815134 -0.00220282 -0.0649964 0.172069 0.0227889 0.131468 0.132732 0.121067 0.101542 -0.0281325 -0.063741 -0.000332529 0.0832136 -0.0232438 -0.0253239 0.120036 -0.103744 -2.23556e-07 -0.0826847 -0.00063025 -0.00842647 -0.0784624 -3.95594e-06 -0.0516232 -0.000156612 -0.000402381 -8.59458e-07 -0.0947839 4.03932e-07 -4.98497e-06 0.000145555 -0.0645983 -0.0303826 -0.0042658 -1.43041e-05 -0.0115292 -0.000387764 -0.0627835 -0.0333676 -1.78845e-06 -0.0427114 0.0977388 0.122964 -1.00913e-05 -0.00217797 0.00316786 -2.278e-05 -0.0630556 -0.000952911 -9.37788e-06 -0.0639349 0.0702995 -6.06492e-05 5.89795e-05 -0.00718974 -0.0160567 -3.13986e-05 -1.54835e-05 -0.0456489 -2.92632e-06 5.31127e-06 -0.00176362 0.0910971 -0.00488999 -0.00131979 -0.00639952 -0.0135888 -0.000677697 -0.00242883 0.00219586 -2.42813e-07 -0.067935 0.136609 -0.000280765 0.0671548 -0.00667984 -0.0291285 0.000193891 1.19445e-06 0.0641865 -0.0389434 -1.25533e-06 -0.00358541 -0.0118534 1.00585e-05 -0.00101406 -7.39632e-05 -0.000516531 -0.0645073 
-0.00736048 -4.87648e-07 -2.6533e-06 -0.0360381 0.0669213 -2.45578e-08 -0.032792 0.114252 -0.0129945 -0.0484119 -0.0289513 0.00611583 -0.00108126 0.0958777 -0.0322422 -0.0232304 -0.0507452 -0.0513997 -0.0217838 -0.0660731 0.083881 0.0937167 0.000428464 0.0542751 0.0147284 0.0204295 -0.0215121 0.057863 -1.17088e-07 -0.0553655 2.27236e-05 -0.00458554 -0.0584097 -3.33942e-06 0.0601534 -7.37287e-05 -0.000110589 5.72183e-06 0.064955 -1.18404e-07 -2.95483e-06 -0.000249776 0.0918592 -0.0229373 -0.00218005 -1.15878e-05 -0.00618439 -0.00019816 -0.0330615 0.0525633 6.02663e-06 -0.0340347 -0.0773784 -0.0534212 -1.09541e-05 0.00770028 0.0015115 -1.24278e-05 0.0939379 0.0026799 5.69673e-05 0.0942376 -0.0944914 -3.75793e-05 -5.54427e-05 0.0225917 -0.00115666 -1.37211e-05 -3.78353e-06 -0.0305426 6.06641e-08 -1.14334e-06 -0.00121266 -0.0497335 -0.000937991 -0.000697272 0.00886949 0.0388365 -0.000938331 -0.00124312 -0.00081507 3.22826e-07 0.0953232 -0.0526486 -7.23516e-05 -0.096136 -0.00362614 0.0270276 0.000378355 -2.45578e-07 -0.0922848 -0.0192884 -3.58653e-06 -0.00229997 -0.000994599 -6.27188e-06 0.000239309 -5.58189e-05 0.000879001 -0.0401755 
-0.0108996 1.92628e-06 1.41246e-05 0.0951069 -0.0170964 4.72228e-08 -0.0788676 -0.0129945 0.217039 0.121324 -0.0187531 0.0215245 -0.00111536 -0.00751846 -0.0778471 0.0197615 -0.0252177 -0.0553216 -0.0530871 0.0609592 -0.0163587 -0.010506 0.00024941 -0.0619131 -0.0106065 0.0492822 -0.0515999 0.0448336 6.0658e-07 0.0406807 -0.000615338 -0.0044571 0.0435893 3.83364e-07 -0.0147577 -0.000145789 1.62061e-05 -2.25308e-06 0.071722 -9.3271e-08 1.2151e-05 0.000147212 -0.00275126 -0.0537669 -0.00639662 -2.50524e-05 0.0163036 4.11985e-07 0.0663869 -0.0403373 -2.26736e-06 -0.0617734 0.0421953 -0.0354419 -1.31885e-05 -0.000501434 -0.002338 -2.45676e-05 -0.0106597 -0.00113228 -1.88356e-05 -0.00871744 -0.00525427 -7.05343e-05 0.000101972 -0.00877343 -0.021675 5.93385e-05 -1.88269e-05 -0.00914095 -1.44327e-06 -2.78174e-06 -0.00228399 0.0330463 0.00173922 0.00315814 0.00242071 -0.000731303 0.00180152 -0.00327814 -0.00193586 -3.07834e-07 -0.00780562 -0.0998075 -0.000290302 0.00596099 -0.0067669 -0.0199296 -0.000663805 -5.84439e-07 0.00374309 -0.0254973 -8.19965e-06 -0.00520327 -0.0147058 -7.26487e-06 0.000986682 -0.000149556 0.000394226 0.0230197 
0.029585 -5.98908e-08 1.17202e-05 0.159298 -0.0806894 3.34827e-08 -0.0942295 -0.0484119 0.121324 0.238348 0.0877297 0.00180528 0.0017193 -0.0954761 -0.0956592 0.0192013 -0.0537931 -0.0674915 -0.065447 0.0369609 -0.112993 -0.0977348 0.000230702 -0.169277 -0.0225897 -0.0166806 -0.062148 -0.0417547 5.24403e-07 0.149161 -0.000890216 0.00980429 0.153735 -9.72504e-06 -0.0831863 0.000332674 0.000943541 -3.01841e-06 -0.0184717 -1.59518e-07 1.07977e-05 6.0955e-05 -0.0927063 0.063497 0.00824941 2.48389e-05 0.0143039 0.000880125 0.124383 -0.0561635 -2.63478e-06 0.0399971 0.0403231 -0.0578989 -1.53273e-05 -0.0018158 -0.00267321 -2.59837e-05 -0.0971036 -0.00121808 -2.24861e-05 -0.085136 0.0865424 0.000142186 5.12061e-05 -0.00972953 0.0093196 4.13106e-05 -2.98729e-05 0.0899099 -3.57413e-06 -3.42703e-06 0.00591928 -0.0271174 -0.00357225 0.00321769 0.00857403 -0.0184644 0.00131082 0.00374113 -0.000292065 -3.78988e-07 -0.0972512 -0.0881611 -0.000429284 0.0957625 0.0115378 -0.0452769 0.000319212 -4.45173e-07 0.0933927 0.0621513 4.12245e-06 0.00900998 -0.00443459 -1.04873e-05 -0.00142808 -0.000126478 0.000168173 0.135013 
0.0401448 -7.39845e-07 -8.93422e-07 0.0659237 -0.0454688 3.88807e-08 -0.0484006 -0.0289513 -0.0187531 0.0877297 0.171758 -0.00717566 0.00608176 -0.0571851 -0.0539669 -0.0330469 -0.0831525 -0.0607079 -0.0367761 -0.0741893 -0.0793782 -0.0560478 -4.52799e-05 -0.11202 -0.0180883 -0.0222089 -0.0359797 -0.0879623 -1.96051e-07 0.123404 -0.000559655 0.0199434 0.122072 -3.31482e-06 -0.0480215 0.000463598 0.000262958 -1.91131e-06 -0.061872 -1.98254e-07 -3.94753e-06 -0.000333928 -0.0569921 0.132203 0.00984206 4.84126e-05 -0.010039 0.000926742 0.0858275 -0.0315856 -1.56841e-06 0.116454 -0.0438965 -0.0922942 -1.82747e-05 -0.00202089 -0.00173087 6.94485e-05 -0.0566395 -1.51101e-05 -1.45248e-05 -0.056807 0.0619291 0.000102889 -0.000111394 -0.00330996 0.044908 -2.79513e-05 -2.2672e-05 0.135488 -2.56628e-06 -1.93114e-06 0.00188505 -0.103405 -0.00460287 0.00262563 -0.00377439 -0.0119361 -1.2172e-05 0.0062959 0.000888381 -1.59606e-07 -0.0516538 -0.0142581 -0.000246222 0.0561661 0.0201594 -0.024566 0.000385939 -4.11193e-07 0.0564864 0.10969 1.13107e-05 0.011769 -9.03033e-05 -1.05016e-05 -0.000812613 0.000292737 -0.000437048 0.1494 
-0.00180996 1.35889e-06 -7.90573e-07 -0.0046921 -0.00504758 -6.09893e-09 -0.00815134 0.00611583 0.0215245 0.00180528 -0.00717566 0.0316053 -0.000239252 0.012724 -0.0080175 0.00186713 0.00240505 -0.00612484 -0.00542992 -0.00698344 0.0162287 0.00794846 0.00060489 0.0094976 -0.000958054 0.0255367 -0.00527245 0.00729126 2.77588e-07 -0.0102446 0.000116924 -0.00045095 -0.0127777 5.49065e-06 -0.00084839 -2.10353e-05 6.61052e-05 -2.83491e-07 0.0121116 6.39278e-08 -8.38317e-08 0.000166965 0.0152133 -0.00657032 0.00305864 -1.93689e-06 -0.00152715 -4.32774e-05 -0.00690722 -0.00453775 -2.32631e-07 -0.00843899 -0.0108542 -0.00919931 -2.58045e-06 0.00216979 -6.37418e-05 -3.17045e-06 0.00740443 6.83817e-05 1.09024e-05 0.0161556 -0.0202151 -9.341e-06 2.35917e-05 0.00105925 -0.00216282 -2.71596e-06 -3.23761e-06 -0.00755337 2.92695e-07 -2.86432e-07 0.000688187 -0.00528776 -0.000638754 -0.000173168 0.00834661 0.00806886 -0.000159285 -0.000349243 -0.000203073 -3.15837e-08 0.0153466 -0.0135084 -8.0636e-06 -0.0157023 -0.000900054 -0.00324444 -6.84683e-05 -6.09893e-08 -0.0157122 -0.0050362 -7.14851e-07 -0.000559207 -0.00162282 -1.55762e-06 0.000471834 -1.52277e-05 0.00011691 -0.0102929 
-0.000305099 -3.2513e-08 -2.12241e-07 0.00322478 -0.00149288 -1.63734e-09 -0.00220282 -0.00108126 -0.00111536 0.0017193 0.00608176 -0.000239252 0.00869454 -0.0016237 -0.0021535 -0.00150607 -0.00335787 -0.00330818 -0.00146314 -0.00438746 -0.00245301 -0.00192745 -8.91532e-06 -0.0044368 -0.000632753 -0.000729488 -0.00143428 -0.00346515 -7.80662e-09 0.00434619 -2.23166e-05 0.000290144 0.00414528 -2.22649e-07 -0.0012383 -1.21047e-06 -1.09809e-05 -7.61072e-08 -0.00259258 -7.89434e-09 -1.97008e-07 -1.60623e-05 -0.00155834 0.00615375 5.71368e-05 -6.006e-07 -0.000411105 -1.25098e-05 0.00633834 -0.00125465 -6.2453e-08 0.00543959 -0.00461275 -0.00376455 -7.30343e-07 -7.54081e-05 -6.82882e-05 6.40951e-07 -0.00158407 4.59894e-05 -5.88933e-07 -0.00220483 0.00175006 -2.41198e-06 -4.44083e-06 -0.000189847 0.00235792 -1.11752e-06 -9.06767e-07 0.00570493 -1.02188e-07 -7.68967e-08 -0.000101605 -0.00534139 0.000317594 6.04407e-05 -0.000377799 -0.000457885 -5.46781e-05 -8.99762e-05 -5.15659e-05 -8.4791e-09 -0.00108155 0.000242807 -9.25105e-06 0.000475622 -0.000221153 -0.000635733 -1.44479e-05 -1.63734e-08 0.00184762 0.00344702 -2.68024e-07 -0.000149658 -0.000418935 -4.18166e-07 -2.41701e-05 2.57679e-05 -1.84479e-05 0.00523576 
-0.0144763 5.54371e-07 -5.18175e-06 -0.0706737 0.151801 -4.84609e-08 -0.0649964 0.0958777 -0.00751846 -0.0954761 -0.0571851 0.012724 -0.0016237 0.192214 -0.0636476 -0.0457266 -0.0957673 -0.101911 -0.0415543 -0.129978 0.165894 0.186028 0.000593644 0.10711 0.0537343 0.0552438 -0.0424486 0.131903 -1.64388e-07 -0.108737 0.00177218 -0.00904581 -0.115409 -6.58982e-06 0.154594 -0.000145168 -0.000283013 4.87743e-06 0.144897 -1.40318e-07 -4.35089e-06 -0.000422512 0.185356 -0.0499543 -0.00534336 -2.08415e-05 -0.01219 -0.000346111 -0.0630645 0.102374 -1.72177e-06 -0.0670251 -0.152596 -0.0888244 -2.14595e-05 0.00583489 -0.000382396 -2.50282e-05 0.185767 0.00193894 5.37973e-05 0.178485 -0.186499 -7.25976e-05 -0.000113976 0.017394 -0.0101994 -2.38521e-05 6.09322e-05 -0.0603111 8.62552e-06 -2.26593e-06 -0.00224508 -0.0711616 0.0101098 -0.00137594 0.00584836 0.0389507 -0.00183758 -0.000915241 -0.00161215 6.09042e-07 0.188139 -0.10456 0.000826917 -0.18971 -0.00715743 0.0847654 8.04483e-05 -4.84609e-07 -0.185515 -0.0391656 1.48343e-06 -0.00453821 -0.00743096 -2.39991e-06 0.00149483 -0.000112806 0.000119297 -0.080603 
-0.0137056 -9.10182e-07 -5.94156e-06 -0.0672934 -0.0506096 -4.58365e-08 0.172069 -0.0322422 -0.0778471 -0.0956592 -0.0539669 -0.0080175 -0.0021535 -0.0636476 0.185257 0.0333378 0.141357 0.137455 0.123539 0.111914 -0.0186501 -0.0623908 -0.000325071 0.089049 -0.0229826 -0.0247641 0.121281 -0.0985589 -2.18542e-07 -0.0961652 -0.000625986 -0.00851318 -0.0914332 -6.23294e-06 -0.0489864 -0.000161448 -0.000408923 -8.10579e-07 -0.0927185 4.85669e-07 -5.14511e-06 0.000466693 -0.0632542 -0.0453838 -0.00828391 -1.13921e-05 -0.0111673 -0.000380825 -0.0615529 -0.0323238 -1.74833e-06 -0.0483769 0.10097 0.135642 -9.77553e-06 -0.00224567 0.00314329 -2.30319e-05 -0.0609535 -0.0010227 -2.41986e-05 -0.0661302 0.0686545 -7.08745e-05 8.09349e-05 -0.00755786 -0.0167533 -1.16276e-05 -2.07511e-05 -0.0557799 -2.86069e-06 6.59399e-06 -0.00287833 0.0949933 -0.00510684 -0.00129666 -0.0118644 -0.013348 -0.00119751 -0.00262808 -0.0015168 -2.37368e-07 -0.067232 0.140435 -0.000274468 0.0657497 -0.00675117 -0.028576 -0.000319475 -8.16983e-08 0.062874 -0.0381279 -7.72276e-06 -0.00426635 -0.0119503 1.66737e-05 -0.000983509 -0.000114946 -0.000506346 -0.0761562 
-0.00971486 -5.10568e-07 -3.89035e-06 0.00589571 -0.0365757 7.35685e-08 0.0227889 -0.0232304 0.0197615 0.0192013 -0.0330469 0.00186713 -0.00150607 -0.0457266 0.0333378 0.145872 0.0755288 0.0607221 -0.0253546 0.0725966 0.0195409 -0.0451101 7.43124e-05 0.0105901 -0.00842827 -0.00228116 -0.022713 -0.0119849 4.85526e-07 -0.0370427 -0.000347931 -0.00012653 -0.0289128 -4.36742e-06 -0.0373482 -0.00010852 0.000282879 -1.05847e-06 -0.0439567 7.70863e-08 6.51092e-06 0.000874373 -0.0443044 -0.0324928 -0.00596584 1.44636e-05 0.0117645 -0.000265573 -0.0151377 -0.0251033 -1.26246e-06 -0.0204076 0.069117 0.0710707 3.97598e-05 -0.00162503 0.00315551 -1.75674e-05 -0.0448873 -0.000730689 -1.61877e-05 -0.044846 0.0345861 -2.54789e-05 0.000367484 -0.00499486 -0.0117833 9.55599e-05 -9.29988e-06 -0.0300321 -2.06568e-06 3.89021e-08 -0.00201386 0.0591509 -0.00361965 0.00035177 -0.00241645 -0.00962163 -0.000575213 -0.00179398 -0.000967916 -1.18068e-07 -0.0481905 0.0359774 -0.000198191 0.0471226 -0.0048177 -0.0206238 0.00018032 -2.37648e-07 0.0451448 -0.0252514 -6.38704e-06 -0.00224567 -0.00533465 -4.23033e-07 -0.000715539 -8.12497e-05 0.000349376 -0.042781 
-0.021552 8.50689e-08 -1.72334e-07 -0.0547199 -0.0804018 3.39004e-08 0.131468 -0.0507452 -0.0252177 -0.0537931 -0.0831525 0.00240505 -0.00335787 -0.0957673 0.141357 0.0755288 0.23786 0.174304 0.0958998 0.163248 -0.0399445 -0.0962166 0.000150271 0.0560411 -0.0288954 -0.0163429 0.0954376 -0.057647 4.53061e-07 -0.074787 -0.000829117 -0.0103314 -0.0762506 1.08617e-05 -0.0834432 -0.000239514 -0.000607243 -2.27567e-06 -0.106516 4.55829e-07 1.1558e-05 0.000783655 -0.090843 -0.0751138 -0.00906715 -2.36525e-05 -0.00261022 -0.00052743 -0.0542317 -0.0537952 -2.77552e-06 -0.0384338 0.151833 0.17425 4.0239e-05 -0.00331441 0.00174244 -3.79954e-05 -0.0979296 -0.0016178 -1.15487e-05 -0.0952553 0.0854026 -0.000112851 0.000288322 -0.0125643 -0.0265921 6.1389e-05 -3.30349e-05 -0.0895826 -4.5414e-06 1.55592e-06 -0.00293041 0.142531 -0.00666949 -0.00196623 -0.00303189 -0.0209405 0.00215591 -0.00417402 -0.00237473 -3.76826e-07 -0.0979051 0.152852 -0.000434183 0.0960341 -0.010272 -0.0449268 -0.000802003 6.9567e-07 0.0919153 -0.0605089 -9.57381e-06 -0.00619028 0.0132136 2.776e-06 -0.000579236 -0.000178916 -1.92881e-05 -0.110452 
-0.0226796 9.9899e-07 -8.23193e-06 -0.0469753 -0.08383 7.40738e-08 0.132732 -0.0513997 -0.0553216 -0.0674915 -0.0607079 -0.00612484 -0.00330818 -0.101911 0.137455 0.0607221 0.174304 0.241304 0.0932729 0.134719 -0.0626456 -0.102599 -0.000361986 0.0410317 -0.0339058 -0.026736 0.0945288 -0.0787437 -2.62005e-07 -0.0630454 -0.00103552 -0.00230455 -0.0451005 1.15254e-05 -0.0857027 -0.000227368 -0.000231457 -1.67921e-06 -0.111581 4.40594e-07 9.43112e-06 0.000381928 -0.0972807 -0.0481543 0.0117293 -2.26279e-05 -0.00457436 -0.000589481 -0.0466534 -0.0574771 3.94063e-06 -0.023857 0.133841 0.15171 3.46062e-05 -0.00193037 0.00325264 3.24942e-05 -0.103441 -0.00114285 -9.25856e-07 -0.0899137 0.097205 -9.94433e-05 8.23419e-05 -0.0093017 -0.023656 2.76357e-05 -3.43915e-05 -0.0690919 -4.73861e-06 2.23751e-06 0.00671391 0.110266 -0.00727228 0.000779878 0.00967889 -0.0199896 0.000413859 -0.00427656 0.00157634 -3.93189e-07 -0.103153 0.154413 -0.000452795 0.101547 -0.00833454 -0.0465169 -0.000346208 9.04072e-07 0.0975375 -0.052045 -1.06526e-05 -0.0070949 0.00914184 -1.05434e-06 -0.000970698 -0.000138618 0.000926133 -0.0595821 
-0.00933451 -6.18831e-07 -4.03966e-06 -0.0457722 -0.0332925 -3.11642e-08 0.121067 -0.0217838 -0.0530871 -0.065447 -0.0367761 -0.00542992 -0.00146314 -0.0415543 0.123539 -0.0253546 0.0958998 0.0932729 0.139078 0.0797669 -0.0529018 -0.0405056 -0.000220932 0.0594697 -0.0154293 -0.0168229 0.128095 -0.0667471 -1.48586e-07 -0.0691453 -0.000423888 -0.00580746 -0.0649667 -4.23777e-06 -0.0312795 -0.000109768 -0.000278024 -6.05244e-07 -0.0611696 3.19744e-07 -3.59972e-06 -0.000139664 -0.0412627 -0.034546 -0.00559761 -1.51562e-05 -0.00753753 -0.000259103 -0.0419745 -0.0197957 -1.18869e-06 -0.0431527 0.0667078 0.0941617 -1.15509e-05 -0.00151007 -0.000504814 -1.61009e-05 -0.039606 -0.000696062 -1.61453e-05 -0.0430554 0.0448402 -4.84091e-05 -7.68139e-05 -0.00570777 -0.0113907 -2.09434e-05 -1.71455e-05 -0.03876 -1.94498e-06 5.44306e-06 -0.0019444 0.0643498 -0.00349258 -0.000884308 -0.00808659 -0.00904477 -0.000821395 -0.00178786 -0.00103522 -1.61386e-07 -0.0438322 0.0939294 -0.000185637 0.0427552 -0.00459272 -0.019186 -0.000335711 -3.11642e-07 0.0407935 -0.0259238 -5.48051e-06 -0.0029172 -0.00828063 9.73089e-06 -0.000619396 -7.84375e-05 -0.00033824 -0.0535102 
-0.0269331 -4.71544e-07 -4.68702e-06 0.0282339 -0.103839 1.2752e-08 0.101542 -0.0660731 0.0609592 0.0369609 -0.0741893 -0.00698344 -0.00438746 -0.129978 0.111914 0.0725966 0.163248 0.134719 0.0797669 0.24999 -0.0953591 -0.127949 -0.000406256 -0.0155056 -0.0331319 -0.0335588 0.0809898 -0.0572458 3.75562e-07 -0.0177284 -0.00118525 -0.0119737 -0.00571179 -1.24607e-05 -0.105612 -0.000269681 -0.000295265 -3.04202e-06 -0.0669715 3.53864e-07 3.47339e-06 0.000196969 -0.127872 -0.0997351 -0.0160872 -3.1613e-05 0.0108318 -0.000629137 0.00240667 -0.070261 -3.58217e-06 -0.0800065 0.205164 0.160776 2.61457e-05 -0.00462571 0.00113565 -4.76436e-05 -0.127374 -0.00209396 -4.9489e-05 -0.131103 0.124197 -0.00010709 0.000194857 -0.0174048 -0.0342781 5.35182e-05 -4.31603e-05 -0.0635228 -5.86128e-06 3.87603e-06 -0.00562113 0.168545 -0.00623765 0.00162192 -0.0146287 -0.0273224 0.002495 -0.00538721 -0.00265156 -4.86344e-07 -0.136458 0.0906114 -0.000562359 0.133638 -0.0113593 -0.0585152 -0.000979031 -5.5248e-07 0.127969 -0.0662173 -1.71762e-05 -0.00759966 0.00572789 1.24449e-05 -0.00194809 -0.000229502 -0.000133186 -0.0500761 
-0.0201093 9.76226e-07 -7.55847e-06 -0.0936722 0.131944 -6.73364e-08 -0.0281325 0.083881 -0.0163587 -0.112993 -0.0793782 0.0162287 -0.00245301 0.165894 -0.0186501 0.0195409 -0.0399445 -0.0626456 -0.0529018 -0.0953591 0.230604 0.162648 0.000557293 0.146924 0.0468385 0.050401 -0.0571776 0.101608 -2.3105e-07 -0.14212 0.00160525 -0.0121379 -0.152598 -3.86541e-07 0.136899 -0.000208472 -0.00045223 4.22673e-06 0.120699 -1.54657e-07 -2.21201e-06 0.000677669 0.165309 -0.0663286 -0.00602414 -2.93571e-05 -0.0163007 -0.000503257 -0.085202 0.0906638 -2.44173e-06 -0.0784387 -0.116577 -0.0504948 -6.93229e-06 0.0057092 -0.000243193 -3.452e-05 0.163964 0.00158387 5.52586e-05 0.157288 -0.16673 -0.000104493 6.74194e-05 0.0158524 -0.016803 -6.30826e-06 5.16189e-05 -0.0835742 7.44749e-06 -2.6824e-06 -0.00276913 -0.0352706 0.00877025 -0.00191177 0.0106788 0.0345206 -0.00220507 -0.00199467 -0.00223778 5.11294e-07 0.166542 -0.0654158 0.000714548 -0.168228 -0.00994525 0.0732425 -0.000103221 -6.73364e-07 -0.163801 -0.0548821 1.02157e-06 -0.00599543 -0.012253 1.02777e-07 0.00238497 -0.000161916 0.000426745 -0.112907 
-0.0141777 1.37022e-06 -5.05654e-06 -0.0697251 0.153784 -4.7495e-08 -0.063741 0.0937167 -0.010506 -0.0977348 -0.0560478 0.00794846 -0.00192745 0.186028 -0.0623908 -0.0451101 -0.0962166 -0.102599 -0.0405056 -0.127949 0.162648 0.189699 9.95574e-05 0.104998 0.0541935 0.051032 -0.0416038 0.133659 -2.26449e-07 -0.106944 0.00178417 -0.00886533 -0.113193 -6.3818e-06 0.156433 -0.000141569 -0.000404416 4.78233e-06 0.145311 -2.28994e-07 -4.58466e-06 -0.000408263 0.181407 -0.0494327 -0.00802107 -2.09469e-05 -0.0119483 -0.000345867 -0.0621598 0.103992 -1.68493e-06 -0.0658051 -0.149676 -0.0860795 -2.10286e-05 0.00327583 -0.000645258 -2.49288e-05 0.186665 0.00160412 2.11646e-05 0.174964 -0.182835 -7.38326e-05 -9.94499e-05 0.0148919 -0.0100302 -2.32095e-05 6.14671e-05 -0.059121 7.69247e-06 -2.22057e-06 -0.00282229 -0.0660614 0.00998536 -0.00134851 -0.000473687 0.0360461 -0.00180011 -0.000858209 -0.00158163 6.14044e-07 0.184449 -0.101795 0.000808268 -0.185959 -0.00701478 0.0854917 5.79461e-05 -4.7495e-07 -0.181501 -0.0383994 2.38815e-06 -0.00444861 -0.00729131 -9.16543e-07 0.00241078 -0.000112084 -0.000447889 -0.0789903 
-6.86787e-05 -4.90701e-09 -3.20324e-08 -9.68277e-05 3.24753e-05 -2.47116e-10 -0.000332529 0.000428464 0.00024941 0.000230702 -4.52799e-05 0.00060489 -8.91532e-06 0.000593644 -0.000325071 7.43124e-05 0.000150271 -0.000361986 -0.000220932 -0.000406256 0.000557293 9.95574e-05 0.00132208 0.000279137 -7.82743e-05 0.000449265 -0.000216469 -0.000221315 4.88218e-08 -0.00027989 -2.90284e-06 -2.26175e-05 -0.00030383 -3.36033e-08 -0.000136877 -8.70403e-07 3.2212e-05 3.7518e-07 0.000178133 -1.19145e-09 -2.97333e-08 -1.81002e-06 0.000679034 -2.96121e-05 -1.10086e-05 -1.2737e-07 -6.23347e-05 -1.48122e-06 -0.000142434 0.000108899 -9.42569e-09 -6.73892e-05 -0.000766796 -0.000568607 -1.10227e-07 2.02908e-05 -8.50398e-06 -1.31161e-07 0.000118837 4.10639e-05 1.23827e-05 0.000702004 -0.00066304 7.32517e-07 -6.7023e-07 8.59397e-05 -5.39531e-05 -1.68661e-07 -1.36853e-07 -2.59893e-05 -1.54227e-08 -1.16056e-08 9.6635e-05 -0.000807863 -2.72182e-05 -5.15972e-06 0.000615638 -1.52312e-05 -1.89024e-06 -6.87012e-06 -7.93e-06 -1.27971e-09 0.000673069 -0.000546575 -8.9639e-07 -0.000687315 -3.22381e-05 -4.7429e-05 9.4623e-06 -2.47116e-09 -0.000675733 0.000104431 -5.15192e-08 7.4761e-06 -3.32074e-05 -6.31115e-08 -1.44998e-06 -5.82127e-07 5.34908e-06 -0.000131843 
-0.032533 2.23011e-07 -1.30411e-05 -0.145 0.0851752 -1.09633e-07 0.0832136 0.0542751 -0.0619131 -0.169277 -0.11202 0.0094976 -0.0044368 0.10711 0.089049 0.0105901 0.0560411 0.0410317 0.0594697 -0.0155056 0.146924 0.104998 0.000279137 0.242376 0.0300911 0.0275065 0.0552197 0.0453344 -4.32712e-07 -0.185501 0.00103861 -0.0137902 -0.203402 -6.20474e-06 0.0892904 -0.000286013 0.000240578 3.57738e-06 0.0579747 1.14145e-08 -2.72115e-06 0.000236835 0.106762 -0.0960894 -0.0134676 -2.70711e-05 -0.0186685 -0.000770334 -0.135659 0.059109 2.78163e-06 -0.102423 -0.0285414 0.0516969 3.98134e-06 0.0037932 0.0031143 -5.63394e-05 0.106039 0.00103023 3.29182e-05 0.097262 -0.103533 -0.000166978 0.000159003 0.00886701 -0.0247478 -4.07928e-05 3.29951e-05 -0.11819 4.80775e-06 -4.66881e-06 -0.00535725 0.0364595 0.00484139 -0.00306918 -0.000846413 0.022384 -0.00270446 -0.00339304 -0.00358781 2.9226e-07 0.107793 0.0449919 0.000458639 -0.108 -0.0161744 0.0469977 -0.000455091 -1.01299e-06 -0.105848 -0.0847576 -6.39976e-06 -0.00913403 -0.0219761 3.25063e-06 0.00152095 -0.000254749 0.000331637 -0.14902 
-0.0052009 6.58733e-07 -2.18794e-06 -0.0229136 0.0519819 -1.75218e-08 -0.0232438 0.0147284 -0.0106065 -0.0225897 -0.0180883 -0.000958054 -0.000632753 0.0537343 -0.0229826 -0.00842827 -0.0288954 -0.0339058 -0.0154293 -0.0331319 0.0468385 0.0541935 -7.82743e-05 0.0300911 0.085056 -0.00613376 -0.0153384 0.0468661 -8.35417e-08 -0.0301534 0.001565 -0.00287444 -0.0338736 -2.30932e-06 0.0469051 3.41637e-05 -0.000125057 8.75547e-07 0.0560125 -8.44803e-08 2.0508e-07 -0.000145361 0.0534526 -0.0179766 -0.00306553 -8.14459e-06 -0.00423955 -0.000108306 -0.0206129 0.0351012 -3.85e-07 -0.0227174 -0.0402349 -0.0265508 -7.28901e-06 -0.000595879 -0.000598836 -9.1167e-06 0.053738 -0.000344773 2.31936e-05 0.0461812 -0.052173 -1.79517e-05 -2.6153e-05 0.0019535 -0.00606383 1.18777e-05 7.32697e-05 -0.0198857 -5.70218e-07 -8.22901e-07 -0.00106367 -0.0402419 0.00600726 -0.000429973 -0.00409324 -0.000909587 -0.000647544 0.000715375 -0.000544372 7.92619e-08 0.0523321 -0.0383611 -0.0001032 -0.0528623 -0.00251934 0.0553588 -0.000182148 -8.55178e-09 -0.0537297 -0.0145386 -1.44966e-06 -0.00145913 -0.00459013 1.13217e-05 -0.000345019 -3.78422e-05 -0.000193409 -0.0251422 
-0.00562216 6.72767e-07 -2.3341e-06 -0.0139822 0.033097 -1.88295e-08 -0.0253239 0.0204295 0.0492822 -0.0166806 -0.0222089 0.0255367 -0.000729488 0.0552438 -0.0247641 -0.00228116 -0.0163429 -0.026736 -0.0168229 -0.0335588 0.050401 0.051032 0.000449265 0.0275065 -0.00613376 0.090697 -0.0164752 0.0438785 5.30224e-07 -0.0388641 0.000102009 -0.00326862 -0.0393743 5.9062e-06 0.038908 -6.55821e-05 -8.64834e-05 2.71433e-07 0.0453446 2.5484e-09 4.74108e-06 -0.000122453 0.0581192 -0.0209137 0.000737929 -8.38191e-06 -0.0041249 -0.000134511 -0.0155402 -0.0116282 -7.1821e-07 -0.0256411 -0.043284 -0.0272923 -7.96228e-06 0.00127894 -0.000480216 -9.92741e-06 0.0505154 -0.000391366 3.0456e-06 0.0577462 -0.0696278 -2.92711e-05 -6.62955e-06 -0.000471815 -0.00674442 7.07852e-05 -9.29116e-06 -0.0233102 4.15817e-06 -8.84313e-07 3.21542e-06 -0.0183618 0.00178567 -0.000506307 0.00641189 0.0201938 -0.000646792 -0.00107839 -0.000626699 1.4249e-07 0.0570157 -0.0415253 0.000896763 -0.0577891 -0.00277611 0.00654103 -0.000211653 -1.88295e-07 -0.0587598 -0.0153249 -2.72561e-06 -0.00176245 -0.00497861 -4.78891e-06 0.00032272 -4.73609e-05 0.000201665 -0.0302616 
-0.00886626 -4.59434e-07 -3.93322e-06 -0.044767 -0.033744 -3.05231e-08 0.120036 -0.0215121 -0.0515999 -0.062148 -0.0359797 -0.00527245 -0.00143428 -0.0424486 0.121281 -0.022713 0.0954376 0.0945288 0.128095 0.0809898 -0.0571776 -0.0416038 -0.000216469 0.0552197 -0.0153384 -0.0164752 0.136779 -0.065993 -1.4553e-07 -0.0661951 -0.000415869 -0.00565223 -0.060973 -4.15059e-06 -0.0334885 -0.00010751 -0.000272304 -1.18211e-06 -0.061361 2.46169e-07 -3.67258e-06 -0.000166965 -0.0423016 -0.0336812 -0.00552215 -8.81246e-06 -0.00758112 -0.000253046 -0.041038 -0.023009 -1.16424e-06 -0.0428738 0.0672812 0.0930396 -2.17159e-06 -0.00150517 -0.00124444 -1.6024e-05 -0.0416096 -0.000681743 -1.61363e-05 -0.0441358 0.0459571 -4.73025e-05 -8.03718e-05 -0.00565664 -0.0111489 -2.08325e-05 -1.62671e-05 -0.0379364 -1.90497e-06 6.07984e-06 -0.00191678 0.0634467 -0.00342467 -0.000845905 -0.00796456 -0.00888961 -0.000698255 -0.00174716 -0.00101169 -1.58066e-07 -0.0449337 0.0925223 -0.000182772 0.0439023 -0.00449444 -0.0190291 -0.000341828 1.94769e-07 0.0419288 -0.0253066 -5.50018e-06 -0.00273247 -0.00727082 6.49796e-06 -0.000660678 -7.68435e-05 -0.00034347 -0.0522551 
-0.0222261 2.01403e-06 7.48319e-06 -0.0418196 0.112523 -7.76868e-08 -0.103744 0.057863 0.0448336 -0.0417547 -0.0879623 0.00729126 -0.00346515 0.131903 -0.0985589 -0.0119849 -0.057647 -0.0787437 -0.0667471 -0.0572458 0.101608 0.133659 -0.000221315 0.0453344 0.0468661 0.0438785 -0.065993 0.242974 -7.06606e-09 -0.0360396 0.00138096 -0.0132359 -0.051596 -1.88068e-06 0.112559 -0.000237446 -0.000474398 1.69895e-06 0.142428 -3.74561e-07 -1.72405e-06 -0.000694984 0.131736 -0.0856643 -0.0127612 -3.35753e-05 0.0218411 -0.000470979 -0.0589176 0.0719477 -2.9632e-06 -0.0541468 -0.0707799 -0.00780984 2.79875e-05 -0.00252125 -0.00257778 -3.73403e-05 0.130883 -0.0016608 -1.04699e-05 0.120099 -0.135511 -0.000120517 -0.000129003 0.000906056 -0.0227988 5.54707e-05 4.72335e-05 -0.0940835 5.80818e-06 -2.86517e-06 -0.00476411 0.00803178 0.0100781 -0.00181395 -0.0114782 0.0198309 0.00104485 -0.00260297 -0.002583 5.11027e-07 0.127683 -0.0990998 0.000609133 -0.130068 -0.0110475 0.0611831 -0.000796441 -7.76868e-07 -0.130616 -0.0619763 -3.5663e-06 -0.00709484 0.0165814 3.63602e-06 0.00183642 -0.000187797 -0.00075938 -0.0942173 
-4.98136e-08 -3.29893e-12 -2.1535e-11 6.29294e-07 -1.83706e-07 -1.66133e-13 -2.23556e-07 -1.17088e-07 6.0658e-07 5.24403e-07 -1.96051e-07 2.77588e-07 -7.80662e-09 -1.64388e-07 -2.18542e-07 4.85526e-07 4.53061e-07 -2.62005e-07 -1.48586e-07 3.75562e-07 -2.3105e-07 -2.26449e-07 4.88218e-08 -4.32712e-07 -8.35417e-08 5.30224e-07 -1.4553e-07 -7.06606e-09 8.89999e-07 -2.58126e-07 -2.26977e-09 -3.10223e-08 -1.26283e-07 -2.25912e-11 -1.94162e-07 -5.85163e-10 -1.48216e-09 -7.72223e-12 -2.70063e-07 -8.01e-13 -1.99894e-11 -1.75693e-09 -1.63606e-07 -1.84603e-07 -3.0102e-08 -8.56299e-11 4.75966e-09 -1.38126e-09 5.76178e-07 -1.27615e-07 -6.3368e-12 -2.34275e-07 2.99727e-07 9.77311e-08 -7.41044e-11 -8.19245e-09 -6.99449e-09 -8.81782e-11 -2.28841e-07 -3.71064e-09 -8.78282e-11 -1.73571e-07 -3.69624e-07 -2.5826e-10 -4.50589e-10 -3.07933e-08 -6.07233e-08 -1.13389e-10 -9.20052e-11 -1.16803e-07 -1.03685e-11 -7.80233e-12 -1.04328e-08 2.95618e-07 -1.86997e-08 -4.71704e-09 6.97383e-08 -4.83855e-08 -6.34882e-09 -9.53092e-09 -5.53519e-09 -8.60333e-13 -1.77915e-07 -3.78418e-07 -9.94803e-10 1.72842e-07 -2.45373e-08 -1.03575e-07 -1.86742e-09 -1.66133e-12 1.61778e-07 -4.81977e-08 -3.46358e-11 -1.55639e-08 -4.42955e-08 -4.24293e-11 1.30677e-08 -4.1825e-10 -1.87182e-09 -2.85286e-07 
0.032306 -1.00427e-06 1.25571e-05 0.1103 -0.0869177 -4.19416e-08 -0.0826847 -0.0553655 0.0406807 0.149161 0.123404 -0.0102446 0.00434619 -0.108737 -0.0961652 -0.0370427 -0.074787 -0.0630454 -0.0691453 -0.0177284 -0.14212 -0.106944 -0.00027989 -0.185501 -0.0301534 -0.0388641 -0.0661951 -0.0360396 -2.58126e-07 0.243777 -0.00105877 0.0150892 0.213622 6.36068e-06 -0.0915889 0.000345819 0.000661594 -3.65388e-06 -0.0586385 -2.79004e-07 -4.4826e-07 -0.000601476 -0.108315 0.114682 0.0127992 3.74164e-05 0.0201238 0.00083235 0.103747 -0.060352 -2.84168e-06 0.136669 0.0267842 -0.0559788 -5.14684e-06 -0.00386884 -0.00322357 5.59873e-05 -0.108272 -0.000837642 -3.38771e-05 -0.0994071 0.114149 0.000167981 -0.000205376 -0.00817709 0.0316744 -4.49882e-05 -3.58369e-05 0.131266 -4.906e-06 -3.62845e-06 0.0047647 -0.0438486 -0.00439167 0.000874255 6.95965e-05 -0.0225984 0.00312171 0.00433123 0.0034845 -3.00412e-07 -0.105916 -0.022728 -0.000463655 0.109344 0.0157023 -0.0478511 0.000385417 5.27251e-07 0.107504 0.0864212 4.95491e-06 0.0100499 0.021524 -1.25293e-05 -0.0015512 0.000255963 -0.000729073 0.164174 
-0.000141114 -9.45311e-09 -6.17088e-08 -0.000671067 0.00178917 -4.76056e-10 -0.00063025 2.27236e-05 -0.000615338 -0.000890216 -0.000559655 0.000116924 -2.23166e-05 0.00177218 -0.000625986 -0.000347931 -0.000829117 -0.00103552 -0.000423888 -0.00118525 0.00160525 0.00178417 -2.90284e-06 0.00103861 0.001565 0.000102009 -0.000415869 0.00138096 -2.26977e-09 -0.00105877 0.0025438 -8.82278e-05 -0.00112651 -6.47351e-08 0.00168058 -1.67679e-06 3.25954e-06 -2.21281e-08 0.00152325 -2.29527e-09 -5.72797e-08 8.4855e-06 0.00179478 -0.000520285 -8.49208e-05 -2.45373e-07 -0.000117941 1.862e-06 -0.000640823 -2.72708e-05 -1.81581e-08 -0.000660382 -0.00140155 -0.00109306 -2.12346e-07 -2.32022e-05 -1.95661e-05 -2.52675e-07 0.00170685 -9.60621e-06 -1.75005e-07 0.00163842 -0.00180703 -7.40046e-07 -8.81166e-07 -8.16217e-05 -0.00017377 -3.24917e-07 5.95969e-06 -0.000585758 2.69557e-08 -2.23576e-08 -2.9292e-05 -0.00141209 8.15827e-05 -1.35167e-05 -0.000110965 -6.7169e-05 -1.69459e-05 -2.61742e-05 -1.38511e-05 -2.46529e-09 0.0017511 -0.00108109 -2.85061e-06 -0.00177503 -6.90452e-05 0.00177946 -5.35111e-06 -4.76056e-09 -0.00179266 -0.000388736 1.07508e-08 -4.45984e-05 -0.000126862 -1.21581e-07 8.03376e-06 -1.1285e-06 2.39294e-06 -0.000807872 
0.00333652 -1.29201e-07 -2.80077e-07 0.00365046 -0.00719293 3.68268e-08 -0.00842647 -0.00458554 -0.0044571 0.00980429 0.0199434 -0.00045095 0.000290144 -0.00904581 -0.00851318 -0.00012653 -0.0103314 -0.00230455 -0.00580746 -0.0119737 -0.0121379 -0.00886533 -2.26175e-05 -0.0137902 -0.00287444 -0.00326862 -0.00565223 -0.0132359 -3.10223e-08 0.0150892 -8.82278e-05 0.0336415 0.0157426 -7.68107e-07 -0.00755434 2.46723e-05 0.000256625 -3.02438e-07 -0.0111361 -3.13708e-08 -7.1621e-07 0.000193797 -0.00897808 0.02058 0.000325111 -2.88033e-06 -0.00132787 -3.03497e-05 0.0178653 -0.00499261 -2.48178e-07 0.0170523 -0.0131774 -0.0135149 5.6944e-06 -0.000319314 -4.05697e-05 1.4132e-06 -0.00893778 -9.86492e-05 -3.28975e-06 -0.00914331 0.00951639 7.8842e-05 -1.69138e-05 -0.00107854 0.00445675 -4.31083e-06 -3.00668e-06 0.0199384 -4.06078e-07 -3.05575e-07 -0.000339474 -0.0184107 -0.000598898 0.000292546 -0.00150545 -0.00189458 0.000321308 0.00294515 0.00054428 -3.36946e-08 -0.00833755 0.00219372 -3.89611e-05 0.00865746 -0.000773371 -0.00402184 0.000420953 3.78268e-07 0.00891311 0.0152289 -7.56498e-07 -0.000492494 -0.00123397 -1.66172e-06 -0.000107949 1.30594e-05 2.16574e-05 0.0199261 
0.0308638 -2.57105e-07 1.08461e-05 0.128649 -0.0918991 1.03551e-07 -0.0784624 -0.0584097 0.0435893 0.153735 0.122072 -0.0127777 0.00414528 -0.115409 -0.0914332 -0.0289128 -0.0762506 -0.0451005 -0.0649667 -0.00571179 -0.152598 -0.113193 -0.00030383 -0.203402 -0.0338736 -0.0393743 -0.060973 -0.051596 -1.26283e-07 0.213622 -0.00112651 0.0157426 0.247004 5.61443e-06 -0.0967116 0.000334963 0.000781539 -3.86339e-06 -0.057311 -4.00736e-07 -8.04059e-06 -0.00041214 -0.115119 0.110774 0.0123899 3.58298e-05 0.0253298 0.000798488 0.118783 -0.0637745 -3.0136e-06 0.130885 0.0366709 -0.0611028 -1.65373e-05 -0.00409109 -0.00312675 5.34416e-05 -0.114305 -0.000927478 -3.61133e-05 -0.105762 0.120503 0.000160557 -0.000186877 -0.00877063 0.0301089 -4.69079e-05 -3.85364e-05 0.12875 -5.1873e-06 -3.45013e-06 0.00480196 -0.0387628 -0.00464825 0.00292598 -0.00113802 -0.0240043 -0.000411119 0.00407403 0.00344177 -3.23753e-07 -0.112948 -0.0327534 -0.000497695 0.116222 0.0151716 -0.0506617 0.000445322 1.03551e-06 0.114202 0.084979 6.16188e-06 0.0094038 0.0193657 -9.94046e-06 -0.00163745 0.000251732 -0.000488017 0.174409 
-1.09738e-06 -9.40876e-11 -6.14192e-10 -6.86683e-06 -5.23942e-06 -4.73822e-12 -3.95594e-06 -3.33942e-06 3.83364e-07 -9.72504e-06 -3.31482e-06 5.49065e-06 -2.22649e-07 -6.58982e-06 -6.23294e-06 -4.36742e-06 1.08617e-05 1.15254e-05 -4.23777e-06 -1.24607e-05 -3.86541e-07 -6.3818e-06 -3.36033e-08 -6.20474e-06 -2.30932e-06 5.9062e-06 -4.15059e-06 -1.88068e-06 -2.25912e-11 6.36068e-06 -6.47351e-08 -7.68107e-07 5.61443e-06 2.53827e-05 -5.53763e-06 -1.66892e-08 6.24395e-07 -2.20243e-10 -1.19707e-06 -2.2845e-11 -5.7011e-10 -5.01087e-08 1.76583e-06 3.21167e-06 1.25648e-05 -2.44222e-09 3.53812e-06 -3.93943e-08 -4.26353e-06 -3.63965e-06 -1.80729e-10 1.01417e-05 -5.77356e-06 -2.11587e-06 -2.1135e-09 -2.33653e-07 -1.99487e-07 1.84152e-07 -6.52668e-06 4.75035e-08 -2.50491e-09 -4.38394e-07 -4.75578e-06 1.69597e-06 -1.28511e-08 1.17176e-06 1.65813e-06 -3.23392e-09 -2.62404e-09 -1.44147e-06 -2.95716e-10 -2.22527e-10 1.15324e-05 -2.80611e-06 1.48001e-06 -1.34533e-07 1.128e-05 -6.66514e-08 -1.81072e-07 -2.35161e-07 -1.57867e-07 -2.45372e-11 -2.3229e-07 2.51397e-06 -2.83724e-08 -3.47572e-06 3.63514e-07 -9.40675e-07 -5.326e-08 -4.73822e-11 -1.81796e-06 9.51842e-08 -9.87835e-10 3.02775e-07 2.52333e-06 -1.21011e-09 -1.02645e-07 1.9614e-06 -5.33855e-08 -3.80653e-06 
