0.0733035 0.00126093 -4.79928e-05 -8.1612e-06 -0.0464392 -4.17885e-06 0.00163428 -4.1682e-07 -0.00143045 0.0104845 0.000126152 0.0219529 -3.92892e-05 0.0132337 -0.0113994 0.0456168 -0.00349433 -0.00416697 -0.0116829 -2.13912e-06 -3.00668e-06 -0.00696556 -0.000249733 -0.000241171 -0.0421024 0.00221597 -0.0126843 -0.00276324 -0.000306544 -0.00669016 0.0401321 0.000647203 0.00323139 -0.00232786 -9.30381e-07 -0.0126451 -4.07334e-05 -5.79268e-05 0.000107273 0.0230199 -3.53103e-08 -0.00348411 -5.3884e-06 -0.000109046 -0.000880288 -0.0356821 -0.0142674 0.0457557 -3.89092e-05 -0.0105689 -0.0126796 -6.43613e-05 -4.59299e-08 6.61893e-05 -6.60327e-05 -5.29749e-05 0.0434892 5.0049e-06 -0.000137044 -0.0180683 -1.16247e-06 -0.000237953 -0.00050778 -0.000227125 -0.00977163 -1.93123e-05 -0.00261898 0.000213766 -0.0314997 -0.000385655 -1.47236e-05 -0.00461916 -2.48882e-05 -2.32619e-05 -0.0131104 3.91964e-06 -0.00931703 -0.0120203 -0.00356195 0.00076327 -4.87228e-05 -0.027376 0.00111137 -0.000548491 -0.00409985 -0.000490448 -0.00151611 -0.0115006 -6.25761e-07 1.21894e-05 -0.021393 0.0213479 0.0466284 -0.0206896 -0.000541863 -9.81581e-06 -2.64298e-05 -0.00258074 -0.00249029 0.0468088 
0.00126093 0.00238636 3.09003e-06 -2.72139e-07 -0.00013755 -1.26206e-07 -2.54223e-05 -1.25186e-08 -4.19813e-05 -0.000111681 -4.18383e-06 0.0004178 -1.04666e-06 0.000454351 -0.000327964 0.000572602 -5.86896e-05 -5.64647e-05 -0.000352338 1.87687e-07 -9.03011e-08 -0.000189271 3.57913e-05 -3.98051e-05 -0.000721586 0.000355553 -0.000305026 -6.90752e-05 -6.03866e-06 -0.000202271 0.000432893 -2.10553e-06 8.37222e-05 -5.63331e-05 -5.52731e-08 -0.000394052 -1.29675e-06 -1.8759e-06 0.000307065 0.000500815 -1.06049e-09 -0.000102328 -1.61832e-07 -3.73335e-06 -0.000100698 -0.000345772 -0.000259649 0.000577792 -1.41044e-06 -0.000320912 -0.00038324 -2.66091e-06 -1.37943e-09 -9.33849e-07 -8.64717e-07 -1.51091e-06 -5.08697e-05 -6.03204e-08 -4.54814e-06 -0.000401306 -4.3823e-08 -8.34714e-06 -3.4397e-05 -7.59141e-06 -0.000267648 -6.16057e-07 -6.61778e-05 3.9817e-07 -0.00018639 -1.08216e-05 -3.82201e-07 -0.00013865 -6.04798e-07 -7.00139e-07 -0.000388138 -8.07009e-08 -9.43286e-05 -0.000352866 -9.85817e-05 1.98649e-05 8.86683e-07 -0.000553914 0.000107379 -2.54686e-05 -0.000119188 -2.19971e-05 -4.44281e-05 0.000267189 -1.87938e-08 -2.59548e-08 -0.000624215 -0.000432674 0.000627005 -0.000292816 -1.5674e-05 -9.25639e-07 -2.22963e-06 -6.80663e-05 -6.15116e-05 0.000595121 
-4.79928e-05 3.09003e-06 0.000719901 -8.19598e-08 -0.000223599 3.28657e-07 -8.38276e-06 1.63956e-06 -9.93445e-06 -0.000111137 5.90053e-06 -0.000442061 6.78129e-06 -0.000382141 0.000304784 -0.000200579 8.33782e-05 0.000287736 7.49878e-05 1.93563e-07 -2.71959e-08 -1.25673e-05 6.38249e-07 0.000300627 -2.25589e-05 -0.000152261 5.41602e-05 0.000196362 9.95558e-06 -1.45399e-06 -1.00543e-05 -4.44565e-07 -0.000280223 9.52957e-05 -1.66465e-08 -0.000110823 6.5946e-07 -5.64961e-07 -2.00823e-06 -0.000311258 -3.19386e-10 1.90046e-05 -4.87388e-08 1.85633e-07 6.55336e-05 2.47827e-05 0.000271528 -0.0002541 -8.49144e-07 7.1954e-05 4.96115e-05 5.85286e-07 1.29179e-08 2.12189e-05 1.04129e-05 9.85015e-06 -9.9818e-05 -1.81666e-08 -1.20268e-06 0.000177575 -1.31981e-08 -2.53598e-06 0.000155851 -2.47367e-06 -0.00035518 -1.05537e-07 0.000217077 4.87423e-05 -0.0001122 4.90067e-06 4.1349e-07 -2.32395e-05 -8.17143e-07 -1.44193e-07 0.000159671 1.25695e-07 8.7476e-06 3.05717e-05 -1.12272e-05 4.91063e-05 9.34326e-05 -0.000247626 -0.000306838 5.44674e-05 -3.4202e-05 -1.52965e-06 -2.6629e-07 -6.11528e-05 -5.6601e-09 -2.78947e-08 2.39356e-05 0.000175832 -0.000233197 2.75796e-05 1.16321e-05 -8.09834e-07 5.13087e-07 0.000202126 0.000201258 -0.000254859 
-8.1612e-06 -2.72139e-07 -8.19598e-08 0.000113754 -6.54149e-05 -6.00233e-09 -1.33273e-06 -5.95379e-10 3.68423e-05 -6.36033e-05 7.6023e-07 -8.15249e-05 1.87721e-06 -9.04554e-05 2.99557e-05 -1.58088e-05 3.12285e-05 -3.17706e-06 8.90955e-05 3.40211e-07 -4.29469e-09 -7.91836e-06 -1.75947e-07 3.28714e-07 -2.23275e-05 2.25745e-05 2.55034e-05 -1.33373e-06 1.47239e-06 9.43829e-05 1.77568e-05 -2.53915e-07 -0.00010306 -1.50536e-06 9.57371e-07 -1.86048e-05 -6.16729e-08 2.12745e-06 -3.17134e-07 -8.04384e-05 -5.04366e-11 7.54665e-05 -7.69669e-09 -1.77557e-07 -4.2264e-07 -4.71596e-05 -1.26901e-05 -2.86636e-05 -1.362e-07 8.98565e-05 8.70471e-05 1.26534e-05 -6.56054e-11 -1.3335e-07 1.14656e-07 1.95451e-07 -4.27032e-05 -2.86882e-09 -2.26771e-07 -2.49505e-05 8.17125e-06 -4.00475e-07 -6.22954e-07 -4.39739e-08 -8.39328e-05 -2.92995e-08 3.31357e-06 3.91202e-05 -4.6499e-05 -5.74717e-07 -2.10309e-08 -4.237e-06 -1.64309e-07 -3.32984e-08 6.61991e-05 3.56283e-06 -1.20168e-05 8.05082e-05 -4.66801e-06 -1.56606e-06 3.27072e-07 -6.41058e-05 -9.50737e-05 5.15992e-05 9.63797e-05 -1.24275e-06 5.78306e-05 -1.84966e-05 -8.93827e-10 -4.40505e-09 3.37549e-05 -1.76427e-05 -4.04919e-05 -2.71068e-05 -7.73988e-07 -1.27887e-07 7.62047e-06 -1.90834e-06 4.8331e-06 -4.26106e-05 
-0.0464392 -0.00013755 -0.000223599 -6.54149e-05 0.217862 8.03173e-06 -0.00789053 -1.89484e-06 -0.0109387 0.0237436 -0.000832572 0.044818 -0.000333754 0.0757184 -0.0644147 -0.029329 -0.0102928 -0.0226375 -0.0541978 -1.86414e-05 -2.25324e-05 -0.0149368 -0.00104688 -0.026262 0.0630647 0.011054 -0.0506586 -0.0230819 -0.00276569 -0.0432366 -0.0582949 -0.000774045 0.0229665 -0.0198281 -1.44357e-05 -0.0037745 -0.000365385 -0.00049898 0.000229497 0.0438035 1.4219e-07 -0.0222443 -4.20415e-05 0.000421527 0.00772177 0.0493785 0.0253938 -0.0258311 0.000177284 -0.0527221 -0.0590067 -0.000738769 1.71621e-07 -0.000584954 -0.000566548 0.000156919 -0.0347821 -1.41956e-05 -0.00108145 0.0375227 -9.12422e-06 -0.00126573 -0.0116445 -0.00237179 0.0966811 -0.000171726 -0.0224475 -0.0010881 0.0973557 -0.000838698 -0.00012555 -0.00438862 -0.000827481 -4.38654e-05 -0.062897 -2.26396e-05 0.029639 -0.051171 -0.0223185 -0.00581554 0.000145821 0.131353 0.0341264 -0.0068106 -0.0137903 0.00190776 -0.0119084 0.0145718 1.96654e-06 -1.9658e-05 -0.0521157 -0.0534584 -0.0286706 0.0852248 -0.00461445 -0.000747586 -0.000643542 -0.0229925 -0.0212133 -0.0196866 
-4.17885e-06 -1.26206e-07 3.28657e-07 -6.00233e-09 8.03173e-06 5.27572e-05 1.65271e-07 -2.76111e-10 5.20217e-06 -2.64155e-05 1.83325e-05 -3.7552e-05 -2.6026e-08 -3.84905e-05 7.81138e-06 -1.15943e-05 5.86182e-06 7.04453e-06 4.3183e-05 -1.44791e-09 -1.99169e-09 -4.63216e-06 1.15816e-06 -2.20653e-06 1.40656e-05 1.1415e-05 4.41768e-05 -1.83048e-06 -2.16855e-07 3.41818e-05 -1.81866e-05 -1.17755e-07 -3.50625e-05 -1.54216e-06 -1.21911e-09 1.69615e-05 2.31399e-07 -4.13749e-08 -1.47073e-07 -3.74769e-05 -2.33903e-11 2.24139e-06 -3.56939e-09 2.54324e-07 -2.13271e-06 -2.15342e-05 -8.30805e-06 -1.93107e-05 3.03503e-07 3.34649e-05 3.80486e-05 -5.86892e-08 -3.04249e-11 1.38816e-06 -4.42162e-08 5.38816e-08 -2.03973e-05 -1.33043e-09 -1.05167e-07 -1.00708e-05 -9.66563e-10 -1.85723e-07 -9.13424e-07 -1.99712e-07 -3.99993e-05 -1.35878e-08 -1.75907e-06 -1.132e-09 -2.26391e-05 -1.57108e-07 -9.75321e-09 4.13857e-05 -7.61993e-08 -1.54423e-08 3.15856e-05 -1.77995e-09 -6.48389e-06 4.36077e-05 -1.98114e-06 -7.26272e-07 -3.22751e-08 -3.06359e-05 -1.12138e-05 1.83714e-06 2.37993e-05 -5.76334e-07 1.87693e-06 -8.74643e-06 -4.14518e-10 -2.04287e-09 1.96237e-06 -1.03168e-05 -1.94925e-05 -1.44512e-05 -3.58942e-07 -5.93082e-08 3.35587e-06 -1.79087e-06 -1.65108e-06 -1.97609e-05 
0.00163428 -2.54223e-05 -8.38276e-06 -1.33273e-06 -0.00789053 1.65271e-07 0.0115774 -6.13064e-08 -0.000200172 0.00401993 -9.05364e-06 0.00290754 -5.77869e-06 0.00196437 -0.0014184 0.00674851 -0.000511283 -0.000601723 -0.00133738 -3.21488e-07 -4.42226e-07 -0.0010273 -3.95674e-05 -0.000268265 -0.00618469 -0.00599098 -0.00151668 -0.000406431 -4.80763e-05 -0.000832841 0.00602659 -1.53424e-05 0.000407541 -0.000342413 -2.70685e-07 -0.00165033 -3.94715e-06 -7.64337e-06 -3.26555e-05 0.0030201 -5.19347e-09 -0.000487918 -7.92532e-07 -1.82831e-05 -0.000532982 -0.00542453 -0.00209794 0.00672846 -1.10412e-05 -0.00128928 -0.00110725 1.56523e-05 -6.75542e-09 -1.26778e-05 -9.81757e-06 -8.01958e-06 0.00674946 6.79303e-08 -2.21507e-05 -0.00269629 -2.14611e-07 2.55629e-05 -0.000166353 1.31801e-05 -0.000778822 -3.01698e-06 -0.000387343 1.61188e-05 -0.00503921 -6.21246e-05 -2.16556e-06 -0.000426073 -1.40856e-05 -3.41875e-06 -0.00163102 -3.95211e-07 -0.00145086 -0.00140968 -0.000522984 -0.000147105 -7.16621e-06 -0.00673499 0.000546249 -0.000123567 -0.000607767 -0.000125437 -0.000138914 -0.00194202 -9.20377e-08 2.39744e-07 -0.00286592 0.00642456 0.00693063 -0.00322127 -7.96978e-05 3.71181e-05 6.73518e-06 -0.000393361 -0.000363792 0.00694513 
-4.1682e-07 -1.25186e-08 1.63956e-06 -5.95379e-10 -1.89484e-06 -2.76111e-10 -6.13064e-08 5.23331e-06 -1.43469e-08 1.82002e-06 -9.34288e-09 -1.88583e-06 -2.58155e-09 1.03154e-06 1.36424e-06 -8.86987e-08 -2.29613e-07 -2.74641e-07 1.34093e-06 -1.4362e-10 -1.97558e-10 -4.5947e-07 1.31497e-06 1.11446e-06 -1.19324e-06 -1.36709e-06 -8.33526e-07 -1.81567e-07 1.31182e-06 -4.42545e-07 -2.13266e-07 -1.16802e-08 -1.1147e-06 -1.52968e-07 -1.20925e-10 5.64885e-07 -2.83699e-09 1.32923e-06 -1.45884e-08 2.75948e-07 -2.32011e-12 -2.30317e-07 -3.54052e-10 -8.16772e-09 9.96382e-07 -1.00687e-06 3.02505e-07 -1.93454e-06 1.32707e-06 -7.06422e-07 -8.41943e-07 -5.82146e-09 -3.01789e-12 2.1072e-06 -4.38586e-09 1.32975e-06 1.48899e-06 -1.31967e-10 -1.04316e-08 -9.76473e-07 -9.58747e-11 -1.84221e-08 -9.06037e-08 1.31352e-06 -2.18653e-06 3.88652e-07 -1.74485e-07 -9.0395e-09 -5.57891e-07 -2.78173e-08 -9.67434e-10 -3.03619e-07 -7.55831e-09 -1.53174e-09 -8.64392e-07 -1.76555e-10 -4.35433e-07 -7.95741e-07 -2.34205e-07 -7.20399e-08 -3.2014e-09 -1.79776e-06 2.79668e-07 2.05089e-06 -2.72183e-07 1.18283e-06 -1.01479e-07 -3.64236e-07 -4.11166e-11 -2.02635e-10 -1.41291e-06 -9.29999e-07 -1.84016e-06 2.54277e-07 -3.56039e-08 -5.88286e-09 -5.03836e-09 -1.77639e-07 -1.63773e-07 -1.86678e-06 
-0.00143045 -4.19813e-05 -9.93445e-06 3.68423e-05 -0.0109387 5.20217e-06 -0.000200172 -1.43469e-08 0.0177031 -0.0100323 -2.62248e-05 -0.0129452 -3.97973e-06 -0.0144324 0.0138454 -0.0065874 0.00569272 0.00622416 0.008577 2.31525e-06 2.62944e-06 -0.00155851 -5.99454e-05 0.0025372 -0.000951324 -0.00259996 0.00862169 0.00569111 -5.55594e-05 0.000116815 0.00107485 -3.058e-05 -0.00631224 0.00352539 -4.13235e-07 -0.00194079 -9.03301e-06 -1.37311e-05 -5.02548e-05 -0.0127335 -7.99244e-09 0.00733258 -8.96325e-07 -2.47966e-05 -0.000830798 -0.00452939 0.00173676 -0.00577912 1.52604e-05 0.00595998 0.0143441 5.61826e-05 -1.03962e-08 0.000180385 -8.51533e-06 -1.20283e-05 -0.0053094 -4.54608e-07 -2.73587e-05 0.00105642 2.56639e-06 -2.06247e-05 0.00011551 0.000212082 -0.0136851 -3.26295e-06 0.0038462 -1.18031e-05 -0.00775071 -4.747e-05 2.37973e-05 0.000396109 -2.57373e-05 -5.1133e-06 0.0141087 1.10513e-06 -0.00223431 0.00884647 -0.000800401 -5.38901e-05 -5.7817e-06 -0.0104873 -0.00791192 0.00241197 0.00499387 -0.000196933 0.00120849 -0.00298831 -1.41641e-07 -1.13801e-08 0.0083616 0.00279739 -0.00625799 -0.00494761 0.000553316 -1.99356e-05 -1.07697e-05 0.00572949 0.0057454 -0.00673958 
0.0104845 -0.000111681 -0.000111137 -6.36033e-05 0.0237436 -2.64155e-05 0.00401993 1.82002e-06 -0.0100323 0.23855 -0.000105113 0.0639909 -0.000260078 0.0874675 -0.0568458 -0.000946643 -0.00934276 -0.0105335 -0.0788367 -1.58415e-05 1.17723e-05 0.0240832 0.00123879 -0.00373189 0.0206967 -0.0647072 -0.0747567 -0.00992746 -0.00127693 -0.0499315 -0.0224466 -0.00053116 0.0135787 -0.00715429 -7.03581e-06 -0.027598 -4.15661e-05 0.000289939 -2.19125e-05 0.0708872 1.74229e-07 -0.0262932 -3.27958e-05 -0.000488788 0.0122174 0.0413774 0.0152459 -0.000990344 0.000445495 -0.0716458 -0.0832792 -4.54376e-05 2.13295e-07 -0.000314277 -0.000489607 0.000249781 0.0112209 -1.36599e-05 0.000754658 0.0256747 -1.03336e-05 0.00131043 -0.00706743 -5.88818e-05 0.0682671 8.57025e-05 -0.00871914 -0.000618982 0.0829434 0.0017986 -0.000112081 -0.0315955 0.000498785 -6.53603e-05 -0.0879727 3.85842e-06 -0.0178733 -0.0775662 0.0115025 -0.00408013 0.000173393 0.00864883 0.0169688 -0.00409087 -0.0216476 0.000813587 -0.0115142 0.0231495 -5.59018e-07 -6.09648e-06 -0.0459211 0.0387471 -0.00301314 0.0318367 -0.00328927 0.000229497 -0.000502858 -0.00991583 -0.00885354 0.00424258 
0.000126152 -4.18383e-06 5.90053e-06 7.6023e-07 -0.000832572 1.83325e-05 -9.05364e-06 -9.34288e-09 -2.62248e-05 -0.000105113 0.00178208 -0.000297067 2.82393e-05 -0.000702063 0.000109858 0.000518074 6.0858e-05 0.000161467 0.000569858 -4.89936e-08 -6.73937e-08 -0.000142511 1.7681e-05 -1.45233e-05 -0.000591763 -0.000405886 0.000480687 -2.44786e-05 4.20822e-05 0.000364497 0.000199454 6.86622e-05 -0.000114973 5.57841e-05 -4.12515e-08 0.000564796 0.000103729 -2.86688e-07 -4.56991e-06 -0.00034507 -7.91467e-10 -4.73288e-05 8.29922e-06 -1.48628e-06 -8.20428e-05 -0.000859471 -0.000312487 0.000171676 2.34937e-06 0.000375179 0.000508335 2.16744e-06 -1.0295e-09 -6.72573e-07 0.000103434 2.27451e-06 0.000265024 -4.50184e-08 -3.0819e-06 -0.000415713 -3.2706e-08 9.24562e-06 -2.21264e-07 4.16222e-05 -0.000731837 -4.59777e-07 -9.75248e-06 4.68897e-05 -0.00076653 0.000147234 9.97622e-09 0.000566382 -2.12172e-06 -5.09195e-07 0.000421181 1.3031e-06 -0.000210002 0.000495746 -3.0765e-05 2.50715e-05 -1.09211e-06 -0.00102622 -0.000408349 -1.67115e-05 0.000117913 4.6025e-05 -1.89461e-06 -0.000295767 -1.40262e-08 -6.91254e-08 -0.000258441 0.000477534 0.000125662 -0.00049091 2.50477e-05 -1.4335e-06 0.000173078 -5.95686e-05 -2.74164e-06 0.000220648 
0.0219529 0.0004178 -0.000442061 -8.15249e-05 0.044818 -3.7552e-05 0.00290754 -1.88583e-06 -0.0129452 0.0639909 -0.000297067 0.201782 -0.000348268 0.134163 -0.0961785 0.0992729 -0.0314564 -0.0360959 -0.102881 -1.96978e-05 -2.54777e-05 0.0172619 -0.000490867 -0.0200529 -0.0646883 -0.00299083 -0.110182 -0.0249618 -0.00276089 -0.0606316 0.0532744 0.000264116 0.0298543 -0.0210121 -6.60724e-06 -0.0469894 -9.65643e-05 -0.000170187 -0.000583622 0.169007 1.24317e-07 -0.0306285 -4.86657e-05 0.000349225 -0.0259696 -0.0366924 -0.0710846 0.100234 9.23512e-05 -0.0895223 -0.113665 -0.00013306 -4.14961e-07 -0.00045035 -0.000601302 -0.000269584 0.0957666 -9.78895e-07 0.000206119 -0.0535219 -1.15161e-05 0.000934497 -0.0113352 -0.00104317 0.121968 -0.000170356 -0.0233105 -0.00090489 0.0269048 -0.00239604 -0.000132893 -0.0411964 0.000314218 5.79477e-05 -0.118678 -3.4931e-06 0.00800725 -0.106606 0.00772378 0.00187731 -0.000431445 0.0719202 0.0341773 -0.0053342 -0.0373373 -0.00330895 -0.0136549 0.0404073 1.36979e-06 5.93763e-06 -0.0809019 0.0187692 0.0986205 -0.0139863 -0.00489387 0.00029963 -0.000615357 -0.0241146 -0.0225165 0.104298 
-3.92892e-05 -1.04666e-06 6.78129e-06 1.87721e-06 -0.000333754 -2.6026e-08 -5.77869e-06 -2.58155e-09 -3.97973e-06 -0.000260078 2.82393e-05 -0.000348268 0.000493047 -0.000369371 0.000114831 -0.00018447 4.25502e-05 0.000426889 -7.18628e-05 6.16462e-07 -1.86217e-08 0.000219517 1.62873e-06 0.000458353 -0.00026937 -0.00036525 -7.85442e-05 0.000410059 0.000328766 -4.16306e-05 0.000178149 -1.77636e-07 -0.000465402 0.000345451 5.47527e-06 -8.81134e-05 3.84426e-05 3.39765e-05 -1.37509e-06 -0.000318591 -2.18692e-10 -1.46617e-06 6.42663e-06 -7.69883e-07 0.000187453 -0.000237552 0.000260416 -0.000142572 -4.9056e-07 -6.64035e-05 -7.82009e-05 -1.05393e-07 -2.84464e-10 -5.38203e-07 3.45699e-05 9.92304e-07 -0.000110263 6.73756e-06 -9.83275e-07 -7.2078e-05 -9.03707e-09 -1.73645e-06 0.00032395 -1.60725e-06 -0.000368324 1.78996e-05 0.000469897 4.77279e-05 -0.000211882 -2.62204e-06 4.98214e-06 0.000166071 -7.12441e-07 -1.44381e-07 -7.71769e-05 2.67336e-06 -6.02889e-05 -7.47626e-05 0.000221201 2.13929e-05 3.60157e-06 -0.000282796 -0.000447809 5.81414e-06 -4.45244e-06 -5.38855e-06 -2.04869e-06 -8.15631e-05 -3.87562e-09 -1.91002e-08 -0.000131387 0.000391011 -0.000175086 -0.000131014 0.000203277 -5.01181e-07 5.90484e-05 0.000263806 0.000365643 -0.000180085 
0.0132337 0.000454351 -0.000382141 -9.04554e-05 0.0757184 -3.84905e-05 0.00196437 1.03154e-06 -0.0144324 0.0874675 -0.000702063 0.134163 -0.000369371 0.158258 -0.108977 0.0620516 -0.0340601 -0.0391983 -0.116242 -2.2034e-05 -2.74358e-05 0.00957866 0.00025462 -0.025859 -0.0237199 0.00225165 -0.120682 -0.0278385 -0.00295481 -0.0678637 0.0230739 -0.000620029 0.0332585 -0.0234643 -1.67154e-05 -0.0588379 -0.000144527 9.77291e-05 0.000515128 0.134444 8.73855e-08 -0.0344599 -5.03915e-05 0.000298168 0.000292938 0.00796316 -0.00206768 0.0647153 0.000162934 -0.102235 -0.128079 -0.000440505 -4.63e-07 -0.000665883 -0.000671189 -0.000238639 0.058989 -9.62873e-07 0.0003354 0.0122572 -1.25223e-05 0.000628409 -0.0131625 -0.000869273 0.143842 -1.20929e-05 -0.0260082 -0.00113322 0.0776925 -0.00253496 -0.000148402 -0.0458193 0.000272159 -0.000211204 -0.132532 -7.32016e-06 0.0214349 -0.118747 0.00383659 -0.000572882 -0.000421598 0.109568 0.0406568 -0.0063358 -0.0410374 0.000446225 -0.0147171 0.0302886 1.46196e-06 3.02877e-06 -0.0976108 0.000912704 0.0646617 0.0493301 -0.00546157 0.000182241 -0.000711087 -0.0269619 -0.0249544 0.0698789 
-0.0113994 -0.000327964 0.000304784 2.99557e-05 -0.0644147 7.81138e-06 -0.0014184 1.36424e-06 0.0138454 -0.0568458 0.000109858 -0.0961785 0.000114831 -0.108977 0.122649 -0.0476891 0.0316375 0.0374911 0.0812454 2.09385e-05 2.93165e-05 -0.00665981 0.00130536 0.0228218 0.00798009 -0.0118363 0.0859242 0.0248867 0.000163015 0.0399877 -0.00801214 -0.000204735 -0.0249881 0.0216873 1.09192e-05 0.0359802 -5.37173e-06 0.000372983 -0.000274659 -0.0978839 -6.34578e-08 0.0199411 -8.91376e-06 -0.000219737 -0.00575404 -0.00975094 0.0029648 -0.0504664 -6.79195e-05 0.0660107 0.0889707 0.000778033 -6.92095e-08 0.000513193 0.000582208 3.85306e-05 -0.0381424 -3.60946e-06 0.00133228 -0.00282351 3.97713e-07 -0.000363073 0.0116185 0.00274179 -0.106558 2.62829e-05 0.0234924 -2.73578e-05 -0.0557028 0.00428629 -4.88048e-06 0.0115599 -0.000172562 4.48783e-05 0.0936569 1.48577e-05 -0.01754 0.0806195 -0.00391876 -4.74127e-05 0.000326884 -0.0830896 -0.0323081 0.00700497 0.0267341 -0.0014498 0.0127147 -0.0224812 -9.91254e-07 -7.223e-07 0.0698097 0.00343446 -0.049622 -0.0383344 0.00235796 -0.000137517 0.000282198 0.0248712 0.0235468 -0.0527714 
0.0456168 0.000572602 -0.000200579 -1.58088e-05 -0.029329 -1.15943e-05 0.00674851 -8.86987e-08 -0.0065874 -0.000946643 0.000518074 0.0992729 -0.00018447 0.0620516 -0.0476891 0.238359 -0.0167079 -0.0204999 -0.0456302 -1.03674e-05 -1.44521e-05 -0.0339898 -0.000991099 -0.00642774 -0.214693 -0.0512605 -0.0525878 -0.0135782 -0.00153095 -0.0273938 0.209228 0.000708678 0.0159598 -0.011412 2.17636e-06 -0.067128 -0.000171858 -0.000267648 -0.0010869 0.103355 -1.73835e-07 -0.00860868 -2.65274e-05 -0.000606077 -0.0136399 -0.185737 -0.069969 0.23253 -0.000426077 -0.0365435 -0.0517765 0.000221234 -2.26116e-07 0.000502282 -0.000327658 -0.000264303 0.22177 -3.26099e-06 -0.000649002 -0.0807453 4.29658e-06 0.00169634 -0.00566602 -0.00129561 0.0355741 -8.27768e-05 -0.0122837 -1.57123e-05 -0.16756 -0.00199616 -7.06784e-05 -0.0219818 0.000702769 -6.83494e-05 -0.057164 1.61158e-06 -0.0473193 -0.0506966 -0.0174484 0.00649529 -0.000220092 -0.0149046 0.00989076 0.000782268 -0.0165941 -0.00262914 -0.0015748 -0.0646242 -1.86066e-06 1.93842e-05 -0.102793 0.0822441 0.220911 -0.107372 -0.00266722 0.000626039 -0.000125686 -0.0129133 -0.0122495 0.225623 
-0.00349433 -5.86896e-05 8.33782e-05 3.12285e-05 -0.0102928 5.86182e-06 -0.000511283 -2.29613e-07 0.00569272 -0.00934276 6.0858e-05 -0.0314564 4.25502e-05 -0.0340601 0.0316375 -0.0167079 0.0419501 0.0258809 0.0153369 1.51159e-05 3.2887e-05 -0.00368202 0.000714124 0.00988067 0.00550942 -0.0167124 0.0230029 0.0119818 -0.000162307 -0.00148637 -0.0060991 -9.74911e-05 -0.0126627 0.00934445 1.14286e-06 0.000167024 -2.34847e-05 0.000135109 0.000149004 -0.0311567 -1.94513e-08 0.00471587 -2.9583e-06 -4.3063e-05 -0.00148376 -0.0141706 0.00689658 -0.0167071 -4.75834e-05 0.000730704 0.0242156 -4.05791e-05 5.38032e-07 2.22724e-05 0.000304107 8.5694e-05 -0.0105412 -1.10638e-06 8.50704e-05 0.00686278 1.25621e-06 -0.000152967 0.00140922 0.000366486 -0.0331217 -8.37293e-06 0.0101383 0.000344098 -0.0160672 0.0029218 -7.72075e-06 0.00929796 -5.99306e-05 -1.27051e-05 0.026022 3.08647e-06 -0.00543487 0.0201396 -0.00195586 -0.000541076 0.00027661 -0.0254365 -0.0142971 7.72926e-05 0.026428 -0.000476732 -0.000331817 -0.00726007 -3.44712e-07 5.01155e-07 0.0175459 0.00516765 -0.0159919 -0.0115022 0.000623528 -4.09373e-05 0.000174016 0.0117971 0.0118687 -0.0164329 
-0.00416697 -5.64647e-05 0.000287736 -3.17706e-06 -0.0226375 7.04453e-06 -0.000601723 -2.74641e-07 0.00622416 -0.0105335 0.000161467 -0.0360959 0.000426889 -0.0391983 0.0374911 -0.0204999 0.0258809 0.0497252 -0.000616099 2.56098e-05 3.05889e-05 0.00258871 0.0024919 0.029081 -0.0118986 -0.0373085 0.00899284 0.0328311 0.00347551 -0.0043066 0.00988825 -4.82123e-06 -0.0328199 0.027669 8.24071e-06 -0.00127256 0.000187144 0.000391402 0.00011386 -0.0369389 -2.32658e-08 -0.00215912 6.01763e-05 -5.22749e-05 0.00104833 -0.0212846 0.0247413 -0.0202644 3.98825e-05 -0.00677594 0.0129224 -1.47702e-05 5.46404e-07 -5.76762e-05 0.000785782 0.00029806 -0.00630974 -9.46685e-07 0.00154369 0.018445 -9.6142e-07 -0.000168214 0.0152247 0.00189419 -0.039402 4.9445e-06 0.0305859 0.000941536 -0.0178155 0.00468689 -8.61131e-06 0.00591347 -6.44905e-05 -9.19348e-06 0.0234323 3.69953e-06 -0.00647112 0.00475707 0.00243706 0.00112854 0.000403773 -0.030421 -0.0332239 -0.000609087 0.0144991 -0.000486634 -0.000787509 -0.00862186 -4.12312e-07 2.11134e-06 0.0104901 0.0247391 -0.019292 -0.0136243 0.00644303 -4.78626e-05 0.000458073 0.0316789 0.0289715 -0.019627 
-0.0116829 -0.000352338 7.49878e-05 8.90955e-05 -0.0541978 4.3183e-05 -0.00133738 1.34093e-06 0.008577 -0.0788367 0.000569858 -0.102881 -7.18628e-05 -0.116242 0.0812454 -0.0456302 0.0153369 -0.000616099 0.125809 -3.70711e-06 -4.3783e-06 -0.0129037 -0.000453925 -0.00475311 0.0376197 0.0293514 0.121053 -0.0051049 -0.000605403 0.071995 -0.037146 -0.000328254 -0.000154037 -0.0042158 -3.34038e-06 0.0629337 1.75799e-05 -7.93871e-05 -0.000410801 -0.102337 -6.54328e-08 0.0363916 -9.98515e-06 -0.000229416 -0.00682326 0.00837831 -0.0263681 -0.0497217 -0.000149176 0.109725 0.121429 0.000815424 -8.51119e-08 0.000551788 -4.99355e-05 -9.85525e-05 -0.0546134 -3.01513e-06 -0.000286427 -0.0309818 1.24894e-05 -0.000475635 -0.00250237 0.00101286 -0.112017 7.26893e-06 -0.00479663 9.73305e-05 -0.0634851 -0.000347408 0.000150979 0.045622 -0.00019528 -4.28656e-05 0.114382 3.67404e-06 -0.0182886 0.121081 -0.00648379 -0.0020035 -8.60775e-05 -0.0858521 -0.00546894 0.00785785 0.032619 -0.00153848 0.0155421 -0.0244652 -1.15959e-06 -5.42813e-06 0.0915034 -0.0280243 -0.0507262 -0.0405746 -0.00100058 -0.000165448 0.000342999 -0.00479365 -0.00409086 -0.0551244 
-2.13912e-06 1.87687e-07 1.93563e-07 3.40211e-07 -1.86414e-05 -1.44791e-09 -3.21488e-07 -1.4362e-10 2.31525e-06 -1.58415e-05 -4.89936e-08 -1.96978e-05 6.16462e-07 -2.2034e-05 2.09385e-05 -1.03674e-05 1.51159e-05 2.56098e-05 -3.70711e-06 2.74426e-05 -1.03599e-09 -2.23611e-06 -9.63163e-08 2.51123e-05 -1.51371e-05 -2.02351e-05 -4.37097e-06 2.59512e-05 5.17202e-07 -1.97735e-06 1.263e-05 -1.12505e-08 -2.62468e-05 2.51045e-05 -6.34124e-10 -4.97362e-06 -1.4877e-08 -2.15213e-08 -7.65007e-08 -1.94438e-05 -1.21665e-11 -1.20777e-06 -1.85663e-09 -4.28311e-08 -5.34186e-07 -1.32158e-05 2.21338e-05 -1.05841e-05 -3.28548e-08 -3.36111e-06 -3.48511e-06 3.12806e-07 -1.58257e-11 -3.21673e-08 1.71367e-06 -1.87872e-08 1.03129e-06 -6.92029e-10 -5.47028e-08 1.91801e-05 3.42831e-07 -9.66045e-08 5.58155e-06 4.82786e-07 -2.08353e-05 -7.06776e-09 2.16417e-05 8.02597e-07 -1.18053e-05 -1.45873e-07 -5.07317e-09 -9.62165e-07 -3.96354e-08 -8.03239e-09 1.43205e-05 -9.25847e-10 -3.4021e-06 -4.17283e-06 -1.16149e-06 8.89336e-09 -1.6788e-08 -1.59648e-05 -2.59768e-05 1.5884e-08 -2.30648e-07 -2.99783e-07 -1.88819e-07 -4.54949e-06 -2.15613e-10 -1.06261e-09 -7.24923e-06 2.17337e-05 -1.00891e-05 -7.54634e-06 8.29962e-07 -3.08494e-08 1.63025e-06 2.52051e-05 2.61912e-05 -1.02321e-05 
-3.00668e-06 -9.03011e-08 -2.71959e-08 -4.29469e-09 -2.25324e-05 -1.99169e-09 -4.42226e-07 -1.97558e-10 2.62944e-06 1.17723e-05 -6.73937e-08 -2.54777e-05 -1.86217e-08 -2.74358e-05 2.93165e-05 -1.44521e-05 3.2887e-05 3.05889e-05 -4.3783e-06 -1.03599e-09 3.77486e-05 -3.31433e-06 2.40418e-06 1.03789e-06 1.39747e-05 -2.76157e-05 2.87841e-05 -1.22971e-06 2.36817e-06 -3.19224e-06 -1.51826e-05 -8.42538e-08 -1.9729e-06 -1.02342e-06 -8.72277e-10 -2.70485e-06 -2.04643e-08 3.62706e-06 -1.05231e-07 -2.39416e-05 -1.67358e-11 -9.14697e-07 -2.55391e-09 -5.89168e-08 -1.75731e-06 1.26308e-05 -6.72584e-06 -1.42778e-05 -4.51938e-08 -4.76236e-06 1.10434e-05 -4.19923e-08 -2.17692e-11 -4.42482e-08 -3.16369e-08 -2.58429e-08 -1.19213e-05 -9.51929e-10 1.39514e-05 -7.56225e-06 -6.9158e-10 -1.32885e-07 -3.76892e-07 2.57377e-06 -2.80269e-05 2.51361e-06 -1.17862e-06 -6.52053e-08 8.07774e-06 2.9656e-05 -6.97846e-09 -2.15345e-06 -5.45209e-08 -1.1049e-08 2.58648e-05 -1.27356e-09 -4.67979e-06 4.06668e-06 -1.68941e-06 -5.19651e-07 -2.30929e-08 -2.19606e-05 -1.64931e-06 -4.50427e-07 1.20866e-05 -4.1237e-07 -7.32008e-07 -6.2581e-06 -2.96589e-10 -1.46168e-09 2.46848e-05 -7.00168e-06 -1.3597e-05 -1.03805e-05 -2.56824e-07 -4.24353e-08 -3.63436e-08 -1.20138e-06 -1.10135e-06 -1.3789e-05 
-0.00696556 -0.000189271 -1.25673e-05 -7.91836e-06 -0.0149368 -4.63216e-06 -0.0010273 -4.5947e-07 -0.00155851 0.0240832 -0.000142511 0.0172619 0.000219517 0.00957866 -0.00665981 -0.0339898 -0.00368202 0.00258871 -0.0129037 -2.23611e-06 -3.31433e-06 0.0800886 -0.000243006 0.00280237 0.0323459 -0.00587674 -0.0121653 0.00336634 0.00291584 -0.0074221 -0.0342052 -8.61364e-05 -0.00278761 0.00326667 1.16413e-05 -0.0023125 0.000261005 -5.47645e-05 -0.000110908 0.0137098 -3.89233e-08 -0.00381898 5.17102e-05 -0.000127616 -0.00114694 0.0373391 -0.00902436 -0.0336855 7.17381e-07 -0.0118359 -0.0140644 -5.15835e-05 -5.06295e-08 -9.81233e-05 -3.77603e-06 -5.15407e-05 -0.0331465 -1.74728e-06 -0.000162222 -0.0175162 -1.60177e-06 -0.000295318 0.00353137 -0.000285487 0.0140388 -1.80912e-05 0.00357544 -0.000144214 0.0427639 4.39829e-05 -1.51268e-05 -0.00433758 -8.81352e-05 0.000109063 -0.0139684 -1.08864e-06 -0.000606781 -0.0110537 0.0395658 1.30416e-05 -4.56116e-05 -0.0209465 -0.00187356 -0.00101154 -0.00443893 -0.000736677 -0.00157256 0.0585826 -2.76458e-07 -3.37283e-06 0.0314072 -0.0104535 -0.0321495 -0.0218584 0.00383887 -9.50937e-05 -6.12892e-05 0.00297065 0.000122373 -0.0323062 
-0.000249733 3.57913e-05 6.38249e-07 -1.75947e-07 -0.00104688 1.15816e-06 -3.95674e-05 1.31497e-06 -5.99454e-05 0.00123879 1.7681e-05 -0.000490867 1.62873e-06 0.00025462 0.00130536 -0.000991099 0.000714124 0.0024919 -0.000453925 -9.63163e-08 2.40418e-06 -0.000243006 0.00349733 0.00027189 -0.000662308 -0.00252128 0.00190198 3.33151e-05 4.21312e-05 -0.000296638 -0.000818845 -1.73138e-07 -0.000143199 -9.46656e-05 -8.10962e-08 0.00203553 -1.58591e-06 0.000525111 0.000142907 -0.00181568 -1.55594e-09 -0.000154458 -2.37439e-07 1.62258e-05 -3.64581e-05 -0.00130555 0.000407522 -0.0009415 5.6405e-05 -0.000459376 -0.000411748 -2.30072e-06 5.61309e-07 -4.10378e-06 -2.86464e-06 0.000281987 0.000712432 9.61498e-07 0.00158768 0.000120305 -6.42967e-08 3.11056e-05 1.97582e-05 0.00192635 -0.00223004 3.46128e-05 -5.22551e-05 7.77411e-05 0.000130403 0.00175414 -6.48793e-07 -3.77604e-05 -5.06885e-06 2.0161e-06 -0.000251183 4.24826e-06 -0.000427644 0.000230893 -0.000155132 -2.97323e-05 2.62564e-05 -0.0014437 -0.000204785 -1.65765e-05 0.000437025 -3.12749e-05 -1.93653e-05 -0.0005454 -2.75741e-08 -1.35893e-07 -0.00059239 -0.00042511 -0.000884238 -0.000781202 -1.60838e-05 5.66143e-06 -3.18886e-07 -6.95438e-05 -5.96646e-05 -0.000852201 
-0.000241171 -3.98051e-05 0.000300627 3.28714e-07 -0.026262 -2.20653e-06 -0.000268265 1.11446e-06 0.0025372 -0.00373189 -1.45233e-05 -0.0200529 0.000458353 -0.025859 0.0228218 -0.00642774 0.00988067 0.029081 -0.00475311 2.51123e-05 1.03789e-06 0.00280237 0.00027189 0.0400729 -0.0218043 -0.0259926 -0.00634958 0.0292837 0.00379876 -0.00350973 0.0216438 0.000724671 -0.0297361 0.026874 2.01836e-05 -0.00651388 0.000120248 0.000320149 -9.92359e-05 -0.0189941 -1.85411e-08 -0.00165556 6.01473e-05 -6.49287e-05 0.00458487 -0.019947 0.02156 -0.00730767 -9.27878e-06 -0.00444878 -0.00119768 0.000248901 3.49216e-07 -4.22611e-05 0.000706997 0.000372279 0.00636599 6.83205e-06 -6.23205e-05 0.0147341 -7.6618e-07 -0.000142023 0.0155016 -5.71355e-05 -0.0302634 0.000200209 0.0290772 0.000571678 -0.0179372 -0.000200662 -6.97887e-07 -0.00159524 -5.0642e-05 -1.87089e-06 0.00840212 8.72906e-06 -0.00516305 -0.00621742 0.00280587 0.00141069 0.000477666 -0.0241805 -0.0314573 -1.18696e-06 -0.00145273 -0.000454095 -0.000678252 -0.00689522 -3.28582e-07 -1.09935e-06 -0.00300865 0.0317715 -0.00665094 -0.010779 0.00588006 -3.40827e-05 0.000342799 0.0282991 0.0256517 -0.00747034 
-0.0421024 -0.000721586 -2.25589e-05 -2.23275e-05 0.0630647 1.40656e-05 -0.00618469 -1.19324e-06 -0.000951324 0.0206967 -0.000591763 -0.0646883 -0.00026937 -0.0237199 0.00798009 -0.214693 0.00550942 -0.0118986 0.0376197 -1.51371e-05 1.39747e-05 0.0323459 -0.000662308 -0.0218043 0.24734 0.0740042 0.044148 -0.0178386 -0.00214698 0.0217938 -0.233048 -0.000831178 0.0157848 -0.0160278 -1.16684e-05 0.0694711 -1.57854e-05 -0.000405964 0.000584954 -0.0687443 1.98802e-07 0.00244848 -3.33892e-05 -0.000150268 0.0134666 0.206439 0.0483136 -0.213375 0.000380932 0.0285423 0.036408 -0.000578084 2.45259e-07 -0.000642558 -0.000452791 0.00017459 -0.215512 -5.48888e-06 -0.000799427 0.0662419 -4.75152e-06 -0.0018072 -0.0093808 -0.00161348 0.00262013 -0.000140586 -0.0179354 -0.000671845 0.18673 0.000674143 -9.94808e-05 0.0233443 -0.000652616 -1.80871e-05 0.0332786 -1.6505e-05 0.0523268 0.0431269 0.0152906 -0.00758255 0.000231373 0.0428011 0.0254059 -0.00492157 0.00923825 0.0029004 -0.0093857 0.0719767 2.30313e-06 -2.0457e-05 0.0935766 -0.105582 -0.202394 0.119646 -0.00353576 -0.000608523 -0.000526238 -0.0178786 -0.0164526 -0.205759 
0.00221597 0.000355553 -0.000152261 2.25745e-05 0.011054 1.1415e-05 -0.00599098 -1.36709e-06 -0.00259996 -0.0647072 -0.000405886 -0.00299083 -0.00036525 0.00225165 -0.0118363 -0.0512605 -0.0167124 -0.0373085 0.0293514 -2.02351e-05 -2.76157e-05 -0.00587674 -0.00252128 -0.0259926 0.0740042 0.18666 0.0205289 -0.0260786 -0.00301244 0.0205458 -0.0730336 0.000306016 0.0249855 -0.0219507 -1.31353e-05 0.0122816 -0.000339453 -0.00055908 -0.000524233 -0.000257209 1.10091e-07 0.0103968 -4.93999e-05 0.000216538 0.000397126 0.0723106 -0.0131585 -0.0535448 -6.78422e-06 0.0277096 0.0174073 0.000202329 -4.33465e-07 0.000280605 -0.000620664 -0.000375208 -0.0668708 -1.72472e-06 -0.00137616 0.00299777 4.09266e-06 -0.00246472 -0.0120197 -0.00162082 -2.41882e-05 -0.000149733 -0.0248104 -0.000658695 0.0569994 -0.0037448 2.10789e-05 0.00458068 -0.000926049 -0.000110051 0.00780472 -6.54565e-06 0.0204906 0.0232332 -0.00424345 8.21924e-05 -0.000403257 0.064432 0.0233321 0.0023285 -0.00360104 -0.00428999 0.00427582 0.0213905 1.81768e-06 -8.29149e-06 0.0200553 -0.0999453 -0.0466649 0.0419916 -0.00511277 -0.00055808 -0.000310376 -0.0251469 -0.0230448 -0.0571092 
-0.0126843 -0.000305026 5.41602e-05 2.55034e-05 -0.0506586 4.41768e-05 -0.00151668 -8.33526e-07 0.00862169 -0.0747567 0.000480687 -0.110182 -7.85442e-05 -0.120682 0.0859242 -0.0525878 0.0230029 0.00899284 0.121053 -4.37097e-06 2.87841e-05 -0.0121653 0.00190198 -0.00634958 0.044148 0.0205289 0.133905 -0.00545623 -0.000653989 0.0704953 -0.045361 -0.000355405 0.00065924 -0.0045582 -3.40026e-06 0.0673105 9.41504e-06 0.000290247 -0.000176953 -0.112523 -7.06108e-08 0.0352372 -1.07753e-05 -0.000215275 -0.00727127 0.00932755 -0.0241965 -0.0548493 -0.000105419 0.106114 0.124386 -6.12489e-06 1.11486e-07 0.000395708 -5.86071e-05 -8.87948e-05 -0.0598232 -3.30966e-06 0.001335 -0.0287668 1.75546e-06 -0.000527975 -0.00263312 0.00286345 -0.116646 -9.66571e-06 -0.00530387 -0.000193847 -0.0602707 0.00439786 8.49102e-05 0.0479603 -0.000202698 -2.41741e-05 0.119111 -6.26657e-07 -0.0196252 0.125035 -0.00631918 -0.00218502 -9.60356e-05 -0.0898489 -0.0046123 0.00608013 0.0391895 -0.00159122 0.0149203 -0.0257096 -1.20468e-06 -4.98036e-06 0.0968615 -0.0311392 -0.0555356 -0.0410728 -0.00107049 -0.000178737 7.06048e-05 -0.00537294 -0.00457217 -0.0596437 
-0.00276324 -6.90752e-05 0.000196362 -1.33373e-06 -0.0230819 -1.83048e-06 -0.000406431 -1.81567e-07 0.00569111 -0.00992746 -2.44786e-05 -0.0249618 0.000410059 -0.0278385 0.0248867 -0.0135782 0.0119818 0.0328311 -0.0051049 2.59512e-05 -1.22971e-06 0.00336634 3.33151e-05 0.0292837 -0.0178386 -0.0260786 -0.00545623 0.0334907 0.00351122 -0.00288336 0.0176257 3.06926e-05 -0.0331424 0.0280594 8.305e-06 -0.00621964 0.000121786 -1.66743e-05 -9.67136e-05 -0.0243552 -1.53812e-08 -0.00147273 5.56128e-05 -5.39712e-05 0.00152224 -0.016693 0.0258536 -0.013404 1.89977e-05 -0.00463184 0.00339212 4.60333e-06 -6.67376e-09 -3.96066e-05 0.000722514 0.000211822 -0.000933114 -4.9821e-07 -4.3643e-05 0.0191487 -6.35601e-07 -0.000107033 0.0154154 -0.000110819 -0.0263403 8.07814e-06 0.0311318 0.000892003 -0.0149014 -0.000174325 -5.02027e-06 -0.00131002 -4.99078e-05 -5.07803e-06 0.0130951 2.66286e-06 -0.004301 -0.00511485 0.00311618 0.00136276 0.000173733 -0.0201831 -0.032835 -0.000411138 0.00208723 -0.000376194 -0.000556003 -0.00575005 -2.72582e-07 1.89997e-06 0.00228501 0.0278364 -0.0127552 -0.0091639 0.00655371 -3.43871e-05 0.000413715 0.0322485 0.0294918 -0.0129943 
-0.000306544 -6.03866e-06 9.95558e-06 1.47239e-06 -0.00276569 -2.16855e-07 -4.80763e-05 1.31182e-06 -5.55594e-05 -0.00127693 4.20822e-05 -0.00276089 0.000328766 -0.00295481 0.000163015 -0.00153095 -0.000162307 0.00347551 -0.000605403 5.17202e-07 2.36817e-06 0.00291584 4.21312e-05 0.00379876 -0.00214698 -0.00301244 -0.000653989 0.00351122 0.00409333 -0.000346632 0.00158199 2.21398e-05 -0.00375789 0.00323772 5.00169e-06 -0.000669695 0.000151519 0.000229857 -9.7376e-06 -0.00254747 -1.8222e-09 -0.000127043 6.14886e-05 -6.41487e-06 0.00242769 -0.00185377 0.00272613 -0.00139217 3.31596e-06 -0.000554659 -0.000657936 1.1612e-06 -2.37023e-09 -4.81774e-06 0.000121462 3.18229e-05 -0.000777053 7.78302e-06 -3.15957e-06 -0.000184777 -7.52993e-08 -1.42019e-05 0.0024205 4.36216e-05 -0.00299925 0.000202901 0.0036774 -5.29623e-06 -0.00163748 -2.14842e-05 4.53685e-06 0.000484333 -5.93624e-06 2.28236e-05 -0.000573027 1.838e-06 -0.000453286 -0.00061751 0.00285965 -1.12263e-05 -2.47103e-06 -0.00235602 -0.00359201 -1.38125e-05 -0.000187191 -2.12522e-05 -7.31244e-05 -0.000571966 -3.22927e-08 -1.59148e-07 -0.0010328 0.00312423 -0.00145245 -0.00107061 0.00304402 -4.59036e-06 9.66762e-05 0.00285053 0.00153654 -0.00146764 
-0.00669016 -0.000202271 -1.45399e-06 9.43829e-05 -0.0432366 3.41818e-05 -0.000832841 -4.42545e-07 0.000116815 -0.0499315 0.000364497 -0.0606316 -4.16306e-05 -0.0678637 0.0399877 -0.0273938 -0.00148637 -0.0043066 0.071995 -1.97735e-06 -3.19224e-06 -0.0074221 -0.000296638 -0.00350973 0.0217938 0.0205458 0.0704953 -0.00288336 -0.000346632 0.0774118 -0.0217526 -0.000188735 -0.00265215 -0.00246436 -1.9273e-06 0.0435367 -3.11881e-05 -6.63149e-05 -0.000235726 -0.06005 -3.74895e-08 0.015015 -5.72095e-06 -0.000131628 -0.00393471 0.00856368 -0.0150808 -0.0298808 -0.000100697 0.0726106 0.0708845 0.000216167 -4.87645e-08 -7.72357e-05 -6.70222e-05 -5.72999e-05 -0.0330404 -1.48239e-06 -0.000168559 -0.0192953 1.22541e-05 -0.000296486 -0.00146216 0.000739448 -0.0641868 -2.09516e-05 -0.00278499 2.97288e-05 -0.0363643 -0.000377463 0.000162221 0.0230905 -0.000118631 -2.42907e-05 0.0697875 1.19047e-06 -0.0104688 0.0708846 -0.00367111 -0.00116326 -4.95298e-05 -0.0491838 -0.00403865 0.000841765 0.0150776 -0.000917181 0.0120692 -0.0140126 -6.64381e-07 -3.03427e-06 0.0564175 -0.0164526 -0.0305778 -0.0232456 -0.000568768 -9.42981e-05 0.000249981 -0.00281768 -0.00209068 -0.0316702 
0.0401321 0.000432893 -1.00543e-05 1.77568e-05 -0.0582949 -1.81866e-05 0.00602659 -2.13266e-07 0.00107485 -0.0224466 0.000199454 0.0532744 0.000178149 0.0230739 -0.00801214 0.209228 -0.0060991 0.00988825 -0.037146 1.263e-05 -1.51826e-05 -0.0342052 -0.000818845 0.0216438 -0.233048 -0.0730336 -0.045361 0.0176257 0.00158199 -0.0217526 0.248587 0.000718327 -0.0154041 0.0149325 1.1292e-05 -0.0727398 -0.000139004 -6.3246e-06 -0.00128893 0.062904 -2.05001e-07 -0.00389306 -2.82634e-05 -0.000715657 -0.0101361 -0.203278 -0.0378818 0.208262 -0.000446148 -0.0279319 -0.0359138 0.000569594 -2.53322e-07 0.000597535 0.000220833 0.000102935 0.208926 2.73629e-06 -0.0007603 -0.0541526 5.04203e-06 0.00178864 0.00903635 -0.00034603 -0.000811002 0.000128858 0.0173167 0.00078747 -0.182209 -0.00245289 -4.70573e-05 -0.0254076 0.000659078 -0.000114982 -0.0321822 1.40566e-05 -0.0521992 -0.0430251 -0.0163909 0.00738822 0.000112993 -0.0389864 -0.0241967 0.00509885 -0.00999258 -0.00325826 0.00878514 -0.0764284 -1.64298e-06 1.99156e-05 -0.0941803 0.103782 0.196693 -0.112074 0.00283317 0.000550628 0.00019279 0.0175429 0.0155023 0.20082 
0.000647203 -2.10553e-06 -4.44565e-07 -2.53915e-07 -0.000774045 -1.17755e-07 -1.53424e-05 -1.16802e-08 -3.058e-05 -0.00053116 6.86622e-05 0.000264116 -1.77636e-07 -0.000620029 -0.000204735 0.000708678 -9.74911e-05 -4.82123e-06 -0.000328254 -1.12505e-08 -8.42538e-08 -8.61364e-05 -1.73138e-07 0.000724671 -0.000831178 0.000306016 -0.000355405 3.06926e-05 2.21398e-05 -0.000188735 0.000718327 0.00222691 -9.3207e-05 -6.11307e-05 1.4651e-06 -0.000283907 -1.20991e-06 -1.75027e-06 -4.56492e-06 0.000602565 -9.89471e-10 -5.22313e-05 -1.50995e-07 -2.30333e-06 0.000592916 -0.000643778 -0.000363156 0.000712272 -1.84199e-06 -0.000285345 -0.000336748 -2.42938e-06 -1.28706e-09 7.65725e-06 -1.87047e-06 3.78543e-06 0.000722872 -5.62808e-08 -3.83883e-06 8.95123e-05 -4.08882e-08 -7.83657e-06 0.000306033 -8.44837e-06 -0.000694754 -4.4801e-08 7.30865e-05 -1.13846e-06 -0.000449809 -1.18634e-05 -4.12587e-07 -0.000129116 -2.9201e-06 -5.53252e-07 -0.000365709 -7.52965e-08 -0.000259076 -0.000338368 -6.66426e-05 -2.55399e-05 -1.19865e-06 -0.000341803 -0.00106179 3.35795e-05 -0.000115786 -2.37272e-05 -4.04651e-05 -0.000138607 -1.75352e-08 5.35812e-08 -0.000221279 0.000834064 0.00084111 -0.000606916 7.6358e-06 -2.4189e-06 5.0046e-06 8.52179e-05 1.25016e-05 0.000478423 
0.00323139 8.37222e-05 -0.000280223 -0.00010306 0.0229665 -3.50625e-05 0.000407541 -1.1147e-06 -0.00631224 0.0135787 -0.000114973 0.0298543 -0.000465402 0.0332585 -0.0249881 0.0159598 -0.0126627 -0.0328199 -0.000154037 -2.62468e-05 -1.9729e-06 -0.00278761 -0.000143199 -0.0297361 0.0157848 0.0249855 0.00065924 -0.0331424 -0.00375789 -0.00265215 -0.0154041 -9.3207e-05 0.0400322 -0.0278685 -1.20247e-05 0.00422901 -0.000129722 -0.000209488 0.000111802 0.0290089 1.85214e-08 -0.00198808 -6.09003e-05 6.46561e-05 -0.00161647 0.0193822 -0.0249782 0.0157702 -1.80777e-05 -0.000752421 -0.00862203 -0.000150134 -3.49242e-07 4.56624e-05 -0.000726614 -0.000366703 0.00328462 -7.48317e-06 5.62253e-05 -0.0179112 -1.21546e-05 0.000131966 -0.0153417 8.63939e-05 0.031658 -0.000199334 -0.0311926 -0.00101947 0.0178815 0.000161135 -0.00017694 -0.00363403 6.01379e-05 -4.81588e-05 -0.0184961 -6.6139e-06 0.00512079 -3.67134e-06 -0.00290344 -0.00127082 -0.00046259 0.0242258 0.033806 9.42568e-05 -0.00627051 0.000402429 0.000123697 0.00687032 3.28233e-07 -1.6257e-06 -0.00647063 -0.0271749 0.0152141 0.010731 -0.00651057 3.19561e-05 -0.000679126 -0.0321152 -0.0298428 0.0155775 
