4.16666e-07 8.72159e-09 -2.91875e-11 -3.19861e-12 -5.88417e-11 -3.72861e-11 -1.95833e-13 1.1649e-08 -1.11444e-11 -1.74306e-12 -5.30259e-09 -1.15278e-13 1.42715e-09 -7.78506e-10 -4.59722e-13 -6.94444e-14 -2.598e-07 -1.10357e-09 -1.05556e-12 0 -7.14993e-08 0 -1.57926e-10 -7.36111e-14 1.06471e-09 1.9336e-10 -1.73778e-11 -6.86306e-11 -8.43194e-12 -3.72683e-10 -1.92501e-10 0 -2.67079e-10 -3.10556e-12 -6.54028e-12 -6.56458e-11 7.63635e-08 -4.55669e-08 2.8561e-07 -2.93933e-07 -4.73333e-12 9.24997e-10 -9.87116e-08 -1.39078e-10 -1.15208e-11 -1.35489e-10 -2.08333e-13 -4.67917e-11 9.95e-12 -6.46979e-09 8.83874e-08 -7.58978e-09 -7.77778e-13 1.74308e-09 -2.0026e-10 -5.55531e-10 -4.52319e-11 -2.06417e-11 0 -2.07165e-10 -3.07675e-10 -6.97864e-08 -1.125e-13 -8.53611e-12 -1.08023e-09 -3.94125e-11 -6.28083e-11 0 -2.03628e-10 -2.52139e-11 -6.27078e-09 -1.02778e-13 -9.14167e-12 -5.68864e-09 -8.19444e-14 -2.96017e-09 -7.05139e-12 -1.30783e-10 -8.84694e-11 -1.23889e-12 -5.82319e-09 -1.12917e-12 -6.13889e-13 -2.895e-10 0 -1e-13 2.13806e-11 -7.63889e-14 -8.77778e-12 -2.488e-07 -2.42649e-09 -1.71625e-11 -4e-13 -7.83778e-11 0 2.4513e-07 0 -5.32792e-11 -2.89044e-10 -2.86472e-11 
8.72159e-09 0.0777184 -5.75719e-06 2.21993e-07 -1.24726e-05 6.2236e-06 -2.90082e-07 0.0112351 -2.0575e-05 -3.18137e-06 -0.0114815 -2.53169e-07 -0.000278688 -6.01623e-05 -4.46292e-07 -1.52511e-07 7.78472e-05 8.59109e-05 -6.11506e-07 0 -0.0662294 0 -0.000248586 1.50046e-08 0.00178689 0.000421486 -3.79444e-06 -0.000147221 8.68737e-07 -0.000817067 -5.70455e-06 0 -0.00056087 -6.03642e-07 1.33315e-06 -7.48823e-05 -0.00569568 0.00147238 -0.000359767 2.83242e-07 -4.84184e-06 0.00166801 -0.0433889 -3.33776e-05 -2.01716e-05 -0.000222699 -4.04201e-07 -4.17788e-05 2.14685e-05 0.000433808 -0.00197217 -0.007425 -7.64794e-07 0.00140994 1.52802e-05 -0.000803666 6.23658e-06 -4.35058e-05 0 3.53012e-05 -0.000196445 0.00725725 2.29316e-08 -1.61834e-05 0.00020364 -8.30696e-05 -8.9024e-05 0 1.75067e-05 -5.50138e-05 -0.0134015 -2.1905e-07 -4.4166e-06 -0.00306338 -8.99634e-08 -0.00352574 -3.85267e-06 -0.000154255 -4.59567e-05 -3.14136e-07 0.0598445 -2.33168e-07 -7.14867e-07 5.0684e-05 0 -2.19616e-07 5.04853e-06 1.55708e-08 -2.9241e-06 -0.00119197 -0.00373911 3.15501e-06 -3.68465e-07 -8.50425e-07 0 0.00225335 0 -2.55964e-05 -0.000455006 -1.0774e-05 
-2.91875e-11 -5.75719e-06 7.00451e-05 -5.37751e-10 -9.89246e-09 -6.26854e-09 -3.29235e-11 8.38428e-07 -1.8736e-09 -2.93043e-10 1.18529e-07 -1.93805e-11 3.32656e-08 5.14912e-06 -7.72885e-11 -1.1675e-11 3.35873e-08 9.26447e-06 -1.7746e-10 0 2.75229e-05 0 -2.65506e-08 -1.23755e-11 -1.86433e-06 -3.84159e-07 -2.92155e-09 4.05128e-07 -1.41758e-09 -6.26555e-08 -3.23633e-08 0 9.58432e-07 -5.22106e-10 3.25557e-06 -1.10364e-08 -1.15883e-06 6.03226e-05 -1.77596e-07 -4.86374e-06 -7.95768e-10 -2.61156e-07 -5.71873e-06 4.33285e-07 -1.93688e-09 -2.27784e-08 -3.5025e-11 -7.86661e-09 1.67279e-09 -3.54367e-07 -5.4567e-05 9.05401e-06 -1.3076e-10 -9.83621e-07 1.12967e-06 1.04994e-06 4.92396e-07 -3.47028e-09 0 9.11184e-06 -5.17263e-08 -6.10721e-05 -1.89135e-11 9.52316e-08 -1.81608e-07 -6.62603e-09 -1.05593e-08 0 -1.09006e-08 -4.23896e-09 -6.37577e-07 -1.7279e-11 -1.5369e-09 -5.43041e-07 -1.37765e-11 6.36234e-06 -1.18548e-09 5.51346e-07 -1.48735e-08 -2.08282e-10 -1.20979e-05 -1.89836e-10 -1.03207e-10 3.31329e-07 0 -1.6812e-11 -7.43072e-07 -1.28425e-11 -1.47572e-09 -5.7897e-05 -4.07942e-07 3.27115e-07 -6.7248e-11 6.82313e-09 0 2.9767e-06 0 1.51043e-07 -4.85942e-08 -4.81617e-09 
-3.19861e-12 2.21993e-07 -5.37751e-10 7.67661e-06 -1.0841e-09 -6.86959e-10 -3.60803e-12 2.14621e-07 -2.05325e-10 -3.21141e-11 -9.76949e-08 -2.12388e-12 -3.00373e-07 -1.43432e-08 -8.46992e-12 -1.27944e-12 3.68078e-09 6.33001e-07 -1.94476e-11 0 -1.20397e-06 0 -2.90964e-09 -1.35621e-12 1.96162e-08 3.56246e-09 -3.20168e-10 -1.26445e-09 -1.5535e-10 -6.86632e-09 -3.54665e-09 0 -4.92067e-09 -5.72168e-11 -1.20498e-10 -1.20946e-09 -1.89825e-07 5.07143e-07 1.60538e-07 -5.563e-07 -8.72069e-11 1.70421e-08 -1.572e-06 -2.56237e-09 -2.1226e-10 -2.49625e-09 -3.83833e-12 -8.6209e-10 1.83319e-10 -1.19199e-07 -2.18822e-06 -1.39834e-07 -1.43298e-11 -9.11219e-07 -3.68959e-09 -1.02351e-08 -8.33353e-10 -3.80302e-10 0 -3.81681e-09 -5.6686e-09 -3.42332e-07 -2.0727e-12 -1.57269e-10 -1.99021e-08 -7.26136e-10 -1.15718e-09 0 -3.75164e-09 -4.64541e-10 -1.15533e-07 -1.89358e-12 -1.68426e-10 1.81859e-07 -1.50974e-12 -5.45381e-08 -1.29915e-10 -2.40955e-09 -1.62996e-09 -2.28253e-11 -1.82974e-06 -2.08038e-11 -1.13103e-11 4.13329e-08 0 -1.8424e-12 3.93915e-10 -1.40739e-12 -1.61722e-10 -1.19364e-06 -4.47057e-08 -3.16202e-10 -7.3696e-12 -1.44403e-09 0 1.24937e-06 0 -9.81615e-10 3.13413e-08 -5.27796e-10 
-5.88417e-11 -1.24726e-05 -9.89246e-09 -1.0841e-09 0.0001412 5.20696e-07 -6.63734e-11 -3.37352e-05 -3.77716e-09 -5.9077e-10 1.20161e-05 -3.90709e-11 -7.52966e-07 2.73614e-06 -1.55813e-10 -2.35367e-11 -5.28955e-07 -7.36392e-09 5.29756e-08 0 8.91354e-06 0 6.3141e-08 -2.49489e-11 -1.83925e-05 -1.56111e-05 -5.88982e-09 -2.32608e-08 -2.85782e-09 1.52537e-05 -6.52441e-08 0 1.50528e-05 -1.05256e-09 -2.21668e-09 -2.22492e-08 3.0428e-05 1.40094e-05 -2.94699e-07 -3.70868e-05 -1.60426e-09 -8.23159e-07 8.81772e-05 1.92863e-07 -3.90473e-09 -4.5921e-08 -7.061e-11 5.08077e-08 -8.60663e-06 -1.12279e-06 -5.80264e-05 -2.38572e-06 -2.63611e-10 -1.59859e-05 6.21264e-08 -9.16182e-08 -1.53304e-08 -6.99604e-09 0 -7.02141e-08 -7.42797e-08 -2.64121e-05 -3.81294e-11 -2.89313e-09 -2.02786e-07 4.99753e-08 -2.12875e-08 0 4.78432e-06 1.12145e-06 1.35147e-05 -3.48343e-11 -3.09837e-09 -6.34707e-07 -2.77733e-11 -2.33283e-07 -2.38991e-09 -4.43261e-08 6.16682e-07 -4.19894e-10 -9.48556e-05 -3.82706e-10 5.31253e-08 -9.81197e-08 0 -3.38928e-11 7.24647e-09 -2.58903e-11 -2.97503e-09 -1.71938e-05 -8.22407e-07 -5.81685e-09 -1.35571e-10 5.34356e-08 0 -3.23991e-06 0 -1.80578e-08 1.15537e-06 -9.70935e-09 
-3.72861e-11 6.2236e-06 -6.26854e-09 -6.86959e-10 5.20696e-07 8.94787e-05 -4.20587e-11 1.19183e-06 -2.39347e-09 -3.74353e-10 -4.28827e-07 -2.4758e-11 -1.41902e-05 1.01947e-06 -9.87336e-11 -1.49144e-11 -5.40043e-06 -2.37011e-07 -2.267e-10 0 -1.46391e-05 0 -3.39175e-08 -1.58093e-11 -4.81334e-07 -6.68473e-07 -3.73219e-09 1.61927e-07 -1.81091e-09 4.66626e-07 -4.13431e-08 0 6.5264e-07 -6.66974e-10 -1.40464e-09 -1.40986e-08 -1.43278e-06 -2.52964e-06 -2.26874e-07 -4.06288e-06 -1.01657e-09 1.85326e-07 -1.87534e-05 -2.98695e-08 -2.47431e-09 -2.90987e-08 -4.47433e-11 -1.00494e-08 -5.31196e-07 -1.34617e-06 -5.29305e-05 -1.37004e-06 -1.67042e-10 -3.35643e-07 -4.30094e-08 -1.1931e-07 -9.71437e-09 -4.43317e-09 0 3.25884e-06 -6.60787e-08 1.442e-06 -2.41614e-11 -1.83328e-09 -3.53317e-08 -8.46454e-09 -1.34892e-08 0 -4.37327e-08 -5.41514e-09 -6.36763e-07 -2.20734e-11 -1.96334e-09 -1.15507e-06 -1.7599e-11 -6.35749e-07 -1.51441e-09 -2.80881e-08 -1.90004e-08 -2.66074e-10 2.35915e-05 -2.42509e-10 -1.31844e-10 5.64116e-06 0 -2.14768e-11 4.59186e-09 -1.64059e-11 -1.88519e-09 -7.44783e-06 -5.21133e-07 -3.68596e-09 -8.59072e-11 -1.6833e-08 0 -3.19363e-06 0 -1.14427e-08 -6.20775e-08 -6.15251e-09 
-1.95833e-13 -2.90082e-07 -3.29235e-11 -3.60803e-12 -6.63734e-11 -4.20587e-11 4.7e-07 -4.5686e-07 -1.25709e-11 -1.96617e-12 4.64019e-07 -1.30033e-13 1.60982e-09 -8.78154e-10 -5.18567e-13 -7.83333e-14 2.25354e-10 -1.24483e-09 -1.19067e-12 0 3.89349e-07 0 -1.78141e-10 -8.30333e-14 -4.68799e-07 2.1811e-10 -1.96021e-11 -7.74153e-11 -9.51123e-12 -4.20387e-10 -2.17142e-10 0 -3.01265e-10 -3.50307e-12 -7.37743e-12 -7.40485e-11 4.58378e-07 -5.13994e-08 3.28808e-07 3.08365e-09 -5.3392e-12 1.0434e-09 3.58653e-07 -1.5688e-10 -1.29955e-11 -1.52831e-10 -2.35e-13 -5.2781e-11 1.12236e-11 -7.29792e-09 -3.70299e-07 -8.56127e-09 -8.77333e-13 -3.28034e-07 -2.25893e-10 -6.26638e-10 -5.10216e-11 -2.32838e-11 0 -2.33682e-10 -3.47057e-10 -4.50959e-07 -1.269e-13 -9.62873e-12 -1.2185e-09 -4.44573e-11 -7.08478e-11 0 -2.29692e-10 -2.84413e-11 3.22927e-07 -1.15933e-13 -1.03118e-11 -6.41679e-09 -9.24333e-14 -3.33907e-09 -7.95397e-12 -1.47524e-10 -9.97935e-11 -1.39747e-12 -3.41209e-07 -1.2737e-12 -6.92467e-13 -3.26556e-10 0 -1.128e-13 2.41173e-11 -8.61667e-14 -9.90133e-12 1.26341e-08 -2.73709e-09 -1.93593e-11 -4.512e-13 -8.84101e-11 0 -1.67735e-08 0 -6.00989e-11 -3.26042e-10 -3.23141e-11 
1.1649e-08 0.0112351 8.38428e-07 2.14621e-07 -3.37352e-05 1.19183e-06 -4.5686e-07 0.0271759 -3.83889e-06 -1.52304e-06 -0.00856549 -9.22651e-08 -7.29657e-05 1.63963e-06 -6.12487e-07 -1.62007e-07 3.2435e-05 -8.34918e-06 -7.55841e-07 0 -0.0152695 0 -0.000268787 4.93917e-09 0.00202929 0.000421093 -9.50065e-06 -0.000157355 4.09101e-07 -0.000838 -5.10018e-06 0 -0.000458473 -8.31623e-07 4.38841e-07 3.14472e-06 -0.014445 -0.00354069 2.65269e-05 0.000171775 -3.1824e-06 0.00182395 -0.0201169 -0.000101248 -1.8797e-05 -0.000229402 -4.86021e-07 -0.000103227 2.19724e-05 -0.000132686 0.0053481 -0.00026128 -7.24479e-07 0.000763076 6.14039e-06 -0.000498302 8.78314e-07 -4.41183e-05 0 1.07604e-05 -6.87222e-05 0.00480299 7.54854e-09 -1.68139e-05 -0.000301209 -8.95322e-05 -0.000109302 0 -1.78036e-05 -5.86315e-05 -0.00437878 -2.33104e-07 1.70056e-07 -0.000163636 -1.01168e-07 -0.00198228 -2.93531e-07 -3.2358e-05 -0.000188594 -8.96873e-07 0.0185629 7.5765e-08 -8.45476e-07 1.90349e-05 0 -2.3329e-07 -3.51263e-07 5.12555e-09 -1.11027e-07 -3.19172e-05 8.03033e-05 1.15157e-06 -2.89827e-07 -2.00995e-07 0 0.000681682 0 -4.34507e-06 -0.000586106 1.89218e-06 
-1.11444e-11 -2.0575e-05 -1.8736e-09 -2.05325e-10 -3.77716e-09 -2.39347e-09 -1.25709e-11 -3.83889e-06 2.6746e-05 -1.1189e-10 4.66283e-07 -7.39991e-12 -1.38506e-06 -4.99738e-08 -2.95105e-11 -4.45778e-12 -4.96051e-06 -5.7507e-08 -6.77582e-11 0 1.61836e-05 0 -1.01376e-08 -4.72524e-12 -6.83207e-08 -2.42545e-08 -1.11551e-09 -4.40553e-09 -5.41263e-10 -2.39233e-08 -1.2357e-08 0 -1.71443e-08 -1.99352e-10 -4.19834e-10 2.45273e-09 -2.80455e-08 7.58164e-06 4.05523e-07 -5.53785e-06 -3.03842e-10 -1.45396e-06 -2.96983e-06 -8.92768e-09 -7.39545e-10 4.21303e-07 -1.33733e-11 -3.00365e-09 -4.29361e-07 5.78802e-06 -1.61729e-05 1.68995e-05 -4.99271e-11 -4.90478e-06 -1.28551e-08 1.94767e-06 -2.90353e-09 -1.32503e-09 0 4.86702e-07 7.46916e-07 -1.15931e-05 -7.2216e-12 -5.4795e-10 -6.9342e-08 -2.52997e-09 -4.03179e-09 0 -1.30713e-08 -1.61853e-09 6.97747e-06 -6.59751e-12 -5.86822e-10 -3.65165e-07 -5.26018e-12 2.75331e-06 -4.52643e-10 -5.06191e-09 6.4321e-08 -7.95268e-11 -1.76408e-05 -7.24835e-11 -3.94068e-11 4.81416e-07 0 -6.4192e-12 1.37246e-09 -4.90356e-12 -5.63463e-10 -4.87435e-06 8.63091e-06 -1.1017e-09 -2.56768e-11 -5.03123e-09 0 2.22123e-07 0 -3.4201e-09 -1.85543e-08 3.58161e-07 
-1.74306e-12 -3.18137e-06 -2.93043e-10 -3.21141e-11 -5.9077e-10 -3.74353e-10 -1.96617e-12 -1.52304e-06 -1.1189e-10 4.18332e-06 -5.3238e-08 -1.15739e-12 1.09952e-08 -7.8162e-09 -4.61561e-12 -6.97222e-13 -4.51328e-07 4.32253e-07 -1.05978e-11 0 2.45881e-06 0 9.91748e-07 -7.39056e-13 -1.50598e-06 1.94133e-09 -1.74473e-10 6.32644e-07 -8.46567e-11 -3.74174e-09 4.51401e-07 0 -2.68147e-09 -3.11798e-11 -6.56644e-11 -6.59084e-10 4.32232e-08 2.43918e-06 1.27274e-08 -4.25887e-07 -4.75227e-11 -6.2738e-07 1.17227e-06 -1.39634e-09 -1.15669e-10 -1.36031e-09 -2.09167e-12 -4.69788e-10 9.9898e-11 -6.49567e-08 -2.49592e-06 1.9738e-06 -7.80889e-12 -9.25833e-07 -2.01061e-09 1.63442e-06 -4.54129e-10 -2.07242e-10 0 -2.07994e-09 1.63578e-07 -2.97386e-06 -1.1295e-12 -8.57026e-11 -1.08455e-08 -3.95702e-10 1.82703e-07 0 -2.04442e-09 -2.53147e-10 1.60375e-07 -1.03189e-12 -9.17823e-11 -2.37806e-08 -8.22722e-13 1.61028e-06 -7.07959e-11 -1.31306e-09 4.52445e-07 -1.24384e-11 -2.61366e-06 -1.13368e-11 -6.16344e-12 -2.90658e-09 0 -1.004e-12 2.14661e-10 -7.66944e-13 -8.81289e-11 -1.92088e-06 -2.4362e-08 -1.72312e-10 -4.016e-12 -7.86913e-10 0 -1.49296e-07 0 -5.34923e-10 -2.90201e-09 -2.87618e-10 
-5.30259e-09 -0.0114815 1.18529e-07 -9.76949e-08 1.20161e-05 -4.28827e-07 4.64019e-07 -0.00856549 4.66283e-07 -5.3238e-08 0.0125643 -3.52092e-09 3.8086e-05 -1.15117e-06 -1.40413e-08 -2.12104e-09 -4.63914e-05 -3.25429e-05 7.94427e-07 0 0.00939712 0 2.87065e-05 -2.2483e-09 -0.00177527 -0.000450108 2.52565e-07 0.00012476 -2.57536e-07 0.000876057 -5.84289e-06 0 0.000486523 -9.48527e-08 -1.99759e-07 -1.95835e-06 0.00337275 -0.001041 -8.86786e-06 -0.000360561 5.87635e-08 -0.00107943 0.00610921 1.23883e-06 1.56281e-05 0.000194122 4.40304e-07 1.14008e-05 -2.16194e-05 -0.000176166 -0.00180974 -0.000101574 7.52911e-07 -0.000332901 -2.09318e-06 0.000150786 -1.23152e-06 2.02495e-05 0 -6.32743e-06 -6.17063e-06 -0.00178057 -3.43608e-09 6.94262e-06 -2.70533e-05 7.47729e-05 2.69498e-06 0 9.90728e-06 5.62466e-05 0.00387244 -3.13913e-09 -6.92132e-08 0.000905136 -2.50282e-09 0.000217991 2.12967e-08 1.13855e-05 -2.70212e-06 -1.4506e-08 -0.00921496 -3.4488e-08 8.2125e-07 -8.72218e-06 0 2.36946e-07 6.43025e-07 -2.33314e-09 -2.64766e-07 0.000224815 -2.56489e-05 -5.24193e-07 2.91116e-07 -3.33886e-07 0 -0.000423541 0 5.26937e-06 -1.69493e-06 -6.31636e-07 
-1.15278e-13 -2.53169e-07 -1.93805e-11 -2.12388e-12 -3.90709e-11 -2.4758e-11 -1.30033e-13 -9.22651e-08 -7.39991e-12 -1.15739e-12 -3.52092e-09 2.76667e-07 9.47627e-10 -5.16928e-10 -3.05256e-13 -4.61111e-14 -1.76534e-07 -7.3277e-10 -7.00889e-13 0 1.79191e-07 0 -1.04863e-10 -4.88778e-14 -9.9293e-08 1.28391e-10 -1.15388e-11 -4.55707e-11 -5.59881e-12 -2.47462e-10 -1.27821e-10 0 -1.77341e-10 -2.06209e-12 -4.34274e-12 -4.35888e-11 -6.84128e-09 6.97436e-08 1.75965e-07 -1.74851e-07 -3.14293e-12 6.14198e-10 3.44555e-08 -9.23476e-11 -7.64983e-12 -8.99646e-11 -1.38333e-13 -3.10697e-11 6.6068e-12 -4.29594e-09 -2.17977e-07 2.71627e-07 -5.16444e-13 -9.88426e-08 -1.32972e-10 9.96311e-08 -3.0034e-11 -1.37061e-11 0 -1.37558e-10 -2.04296e-10 -2.15458e-07 -7.47e-14 -5.66798e-12 -7.17271e-10 -2.61699e-11 -4.17047e-11 0 -1.35209e-10 -1.6742e-11 1.72503e-07 -6.82444e-14 -6.07007e-12 -3.77726e-09 -5.44111e-14 9.80344e-08 -4.68212e-12 -8.68401e-11 -5.87437e-11 -8.22622e-13 -2.00853e-07 -7.49767e-13 -4.07622e-13 -1.92228e-10 0 -6.64e-14 1.41967e-11 -5.07222e-14 -5.82844e-12 7.43711e-09 1.75055e-07 -1.13959e-11 -2.656e-13 -5.20428e-11 0 -9.87377e-09 0 -3.53774e-11 -1.91926e-10 -1.90218e-11 
1.42715e-09 -0.000278688 3.32656e-08 -3.00373e-07 -7.52966e-07 -1.41902e-05 1.60982e-09 -7.29657e-05 -1.38506e-06 1.09952e-08 3.8086e-05 9.47627e-10 0.00341342 -0.000359147 3.77909e-09 5.70859e-10 0.000173978 7.77509e-06 5.34373e-09 0 4.21981e-05 0 1.29821e-06 6.05111e-10 -8.52566e-06 -1.58949e-06 1.26185e-07 5.64169e-07 -4.74402e-06 3.0636e-06 1.58243e-06 0 2.19549e-06 -1.83114e-06 -2.01957e-06 -5.87033e-07 2.18556e-05 -0.00187838 -8.45294e-06 0.000364814 3.89098e-08 -7.60382e-06 0.000462887 6.16605e-07 9.47056e-08 -3.8229e-06 1.71258e-09 1.24645e-07 2.71541e-07 -0.000345279 -0.000217331 5.23475e-05 6.39363e-09 -1.28287e-05 -1.44205e-05 4.29334e-06 -1.27818e-06 1.69682e-07 0 -0.000234727 1.13254e-06 -0.000134962 -3.57419e-08 7.017e-08 5.83321e-06 3.23986e-07 5.16308e-07 0 -1.82194e-05 2.07268e-07 4.69315e-05 8.44872e-10 -5.78185e-07 -0.000565901 -7.93264e-08 2.23803e-05 -8.20349e-08 -2.46849e-05 7.27252e-07 1.01841e-08 -0.000479796 9.28217e-09 5.0464e-09 -0.000532967 0 8.22038e-10 1.38758e-06 6.27945e-10 7.21566e-08 0.000468525 1.83334e-05 9.10822e-08 3.28815e-09 -1.5699e-05 0 8.37981e-05 0 -4.53586e-08 1.91605e-06 -2.51176e-07 
-7.78506e-10 -6.01623e-05 5.14912e-06 -1.43432e-08 2.73614e-06 1.01947e-06 -8.78154e-10 1.63963e-06 -4.99738e-08 -7.8162e-09 -1.15117e-06 -5.16928e-10 -0.000359147 0.00186492 -2.06148e-09 -3.11402e-10 -0.000199664 7.37472e-06 -4.73331e-09 0 0.000132327 0 5.26183e-06 -3.30086e-10 -1.24523e-05 8.67062e-07 -7.79253e-08 1.20389e-05 7.00552e-06 -1.67118e-06 1.94012e-06 0 -1.19763e-06 3.12741e-07 1.1144e-05 -1.37702e-07 -3.74412e-05 0.00141169 -2.30695e-06 -0.00140123 -2.12252e-08 -3.4588e-06 -0.000330222 -1.76985e-07 -5.16616e-08 2.56911e-06 -9.34207e-10 7.73511e-07 -3.08716e-07 -2.67318e-05 -3.04139e-05 0.000190366 9.39846e-07 -0.000115857 0.000122172 9.46089e-05 3.80505e-07 -9.25612e-08 0 0.000163251 4.96993e-07 -0.000365446 -5.04472e-10 -3.82776e-08 -4.57062e-06 -5.67332e-08 8.75022e-07 0 -9.13106e-07 4.93603e-07 -2.25827e-05 -4.60875e-10 -4.0993e-08 8.10323e-08 -3.67455e-10 0.000217956 3.65047e-07 -5.86458e-07 1.63166e-05 -5.55542e-09 3.64541e-05 -5.0634e-09 -2.7528e-09 0.000389302 0 -4.48419e-10 -2.44413e-06 2.99079e-09 4.81731e-06 -0.00176901 -1.04542e-05 4.30401e-08 -1.79368e-09 -3.51461e-07 0 5.41328e-05 0 1.64419e-07 -1.29613e-06 -1.2846e-07 
-4.59722e-13 -4.46292e-07 -7.72885e-11 -8.46992e-12 -1.55813e-10 -9.87336e-11 -5.18567e-13 -6.12487e-07 -2.95105e-11 -4.61561e-12 -1.40413e-08 -3.05256e-13 3.77909e-09 -2.06148e-09 1.10333e-06 -1.83889e-13 5.29023e-10 -2.92225e-09 -2.79511e-12 0 7.0067e-07 0 -4.18189e-10 -1.94922e-13 -6.40514e-07 5.12017e-10 -4.60164e-11 -1.81734e-10 -2.23278e-11 -9.86865e-10 -5.09744e-10 0 5.39293e-07 -8.22351e-12 -1.73187e-11 -1.7383e-10 5.12717e-07 7.69339e-07 -2.79726e-09 7.23891e-09 -1.25339e-11 2.44939e-09 3.81945e-07 -3.68278e-10 -3.05072e-11 -3.58775e-10 -5.51667e-13 -1.23904e-10 2.63476e-11 -1.7132e-08 -8.69283e-07 1.06569e-07 -2.05956e-12 -6.38718e-07 -5.30288e-10 6.41862e-07 -1.19774e-10 -5.46591e-11 0 -5.48574e-10 -8.14723e-10 -6.21968e-07 -2.979e-13 -2.26036e-11 -2.86044e-09 -1.04364e-10 -1.66316e-10 0 -5.39206e-10 -6.67664e-11 -1.6605e-08 -2.72156e-13 -2.42071e-11 -1.50635e-08 -2.16989e-13 9.54948e-08 -1.86721e-11 -3.46314e-10 -2.34267e-10 -3.28058e-12 -5.8766e-07 -2.99003e-12 -1.62558e-12 -7.66596e-10 0 -2.648e-13 5.66157e-11 -2.02278e-13 -2.32436e-11 -3.20341e-07 -6.42536e-09 -4.54463e-11 -1.0592e-12 -2.07544e-10 0 -3.93761e-08 0 -1.41083e-10 -7.6539e-10 -7.58578e-11 
-6.94444e-14 -1.52511e-07 -1.1675e-11 -1.27944e-12 -2.35367e-11 -1.49144e-11 -7.83333e-14 -1.62007e-07 -4.45778e-12 -6.97222e-13 -2.12104e-09 -4.61111e-14 5.70859e-10 -3.11402e-10 -1.83889e-13 1.66667e-07 7.99128e-11 -4.41428e-10 -4.22222e-13 0 1.38067e-07 0 -6.31706e-11 -2.94444e-14 -1.66241e-07 7.73439e-11 -6.95111e-12 -2.74522e-11 -3.37278e-12 -1.49073e-10 -7.70006e-11 0 -1.06832e-10 -1.24222e-12 -2.61611e-12 -2.62583e-11 -4.12125e-09 1.4844e-07 -4.22547e-10 1.09349e-09 -1.89333e-12 3.69999e-10 1.27182e-07 -5.56311e-11 -4.60833e-12 -5.41956e-11 -8.33333e-14 -1.87167e-11 3.98e-12 -2.58791e-09 -1.31312e-07 1.63631e-07 -3.11111e-13 -1.65969e-07 -8.01039e-11 1.66444e-07 -1.80928e-11 -8.25667e-12 0 -8.28661e-11 -1.2307e-10 -1.59915e-07 -4.5e-14 -3.41444e-12 -4.32091e-10 -1.5765e-11 -2.51233e-11 0 -8.14511e-11 -1.00856e-11 -2.50831e-09 -4.11111e-14 -3.65667e-12 -2.27546e-09 -3.27778e-14 1.65483e-07 -2.82056e-12 -5.23133e-11 -3.53878e-11 -4.95556e-13 -1.20996e-07 -4.51667e-13 -2.45556e-13 -1.158e-10 0 -4e-14 8.55222e-12 -3.05556e-14 -3.51111e-12 4.48019e-09 -9.70598e-10 -6.865e-12 -1.6e-13 -3.13511e-11 0 -5.94805e-09 0 -2.13117e-11 -1.15618e-10 -1.14589e-11 
-2.598e-07 7.78472e-05 3.35873e-08 3.68078e-09 -5.28955e-07 -5.40043e-06 2.25354e-10 3.2435e-05 -4.96051e-06 -4.51328e-07 -4.63914e-05 -1.76534e-07 0.000173978 -0.000199664 5.29023e-10 7.99128e-11 0.000479247 -7.46341e-06 -9.75452e-07 0 -2.57292e-05 0 -5.34934e-07 8.47075e-11 6.0479e-07 -1.25841e-07 -1.11667e-06 -1.3301e-05 -8.50297e-07 4.28863e-07 -4.61181e-06 0 3.0734e-07 3.5737e-09 -2.61581e-06 -1.62446e-06 4.36627e-06 -0.000192104 -4.04311e-05 0.000370004 5.44685e-09 1.49422e-05 3.80852e-05 1.60043e-07 -2.19341e-06 -1.82074e-05 2.39738e-10 -3.99615e-06 1.79855e-06 -1.57493e-06 -5.17946e-05 -0.000114136 -1.35577e-06 9.16417e-06 -4.23429e-05 -9.75406e-06 1.53837e-08 2.37533e-08 0 -0.000165035 -2.92782e-08 2.1585e-06 1.29459e-10 9.82288e-09 7.43066e-07 4.53537e-08 7.22763e-08 0 -3.94234e-06 -2.40985e-07 -9.08906e-05 1.18271e-10 1.05197e-08 6.24617e-06 9.42971e-11 -6.37361e-06 1.44768e-09 -5.37284e-06 -7.51153e-06 -8.19077e-08 1.39251e-05 1.29938e-09 7.06429e-10 -0.000172244 0 1.15074e-10 -1.46035e-08 8.79041e-11 1.0101e-08 0.000216951 -7.91877e-05 1.97496e-08 4.60298e-10 -1.14465e-05 0 -0.000102655 0 -2.34202e-06 -1.64405e-06 3.29656e-08 
-1.10357e-09 8.59109e-05 9.26447e-06 6.33001e-07 -7.36392e-09 -2.37011e-07 -1.24483e-09 -8.34918e-06 -5.7507e-08 4.32253e-07 -3.25429e-05 -7.3277e-10 7.77509e-06 7.37472e-06 -2.92225e-09 -4.41428e-10 -7.46341e-06 0.00264155 -6.7097e-09 0 0.00209684 0 3.07595e-05 -4.67913e-10 -4.40188e-05 1.15577e-06 -1.10463e-07 7.69041e-06 -5.35982e-08 -2.36898e-06 0.00042941 0 1.61523e-05 6.90259e-07 -4.15737e-08 -4.17282e-07 -1.90158e-05 0.00233866 1.11351e-05 1.11138e-05 9.32456e-08 -2.71002e-05 -0.00039512 3.68928e-06 -7.32329e-08 1.36321e-05 -1.32428e-09 4.8259e-06 6.32478e-08 -3.18256e-05 -0.00203239 0.000742142 -4.94399e-09 -0.00171671 5.5237e-06 9.47621e-05 -2.8752e-07 8.55457e-07 0 5.89808e-07 -1.94575e-06 -0.00250934 -7.15113e-10 9.9073e-08 -6.8332e-06 7.36139e-07 5.80755e-07 0 1.57229e-06 -1.60274e-07 3.42942e-06 -6.53313e-10 -5.81096e-08 -3.46935e-05 -5.20885e-10 0.00102982 -4.48226e-08 6.49253e-05 1.3171e-05 8.7916e-09 -0.00156319 -7.17762e-09 -3.90222e-09 -1.71022e-06 0 -6.35656e-10 1.35907e-07 1.79514e-07 -5.57965e-08 -0.00176924 -1.42508e-05 6.74091e-06 2.60791e-07 -2.98213e-07 0 0.000536954 0 -2.86722e-08 -1.76733e-06 5.01236e-07 
-1.05556e-12 -6.11506e-07 -1.7746e-10 -1.94476e-11 5.29756e-08 -2.267e-10 -1.19067e-12 -7.55841e-07 -6.77582e-11 -1.05978e-11 7.94427e-07 -7.00889e-13 5.34373e-09 -4.73331e-09 -2.79511e-12 -4.22222e-13 -9.75452e-07 -6.7097e-09 2.53333e-06 0 5.55284e-07 0 -9.60192e-10 -4.47556e-13 6.47344e-09 1.17563e-09 -1.05657e-10 -4.17274e-10 -5.12662e-11 -2.26591e-09 -1.17041e-09 0 -1.62384e-09 -1.88818e-11 -3.97649e-11 -3.99127e-10 -6.26431e-08 -1.13713e-07 -6.42271e-09 -1.60005e-06 -2.87787e-11 5.62398e-09 -4.50167e-07 -8.45593e-10 -7.00467e-11 8.25843e-07 -1.26667e-12 -2.84493e-10 -5.32728e-08 -3.93363e-08 -2.19271e-07 -4.61459e-08 -4.72889e-12 1.05979e-08 -1.21758e-09 -3.37763e-09 -2.7501e-10 -1.25501e-10 0 -1.25956e-09 -1.87066e-09 -6.07015e-08 -6.84e-13 -5.18996e-11 -6.56778e-09 -2.39628e-10 -3.81875e-10 0 -1.23806e-09 -1.533e-10 7.8854e-07 -6.24889e-13 -5.55813e-11 -2.12536e-08 -4.98222e-13 -1.79978e-08 -4.28724e-11 -7.95163e-10 -5.37894e-10 -7.53244e-12 -3.02472e-07 -6.86533e-12 -3.73244e-12 -1.76016e-09 0 -6.08e-13 1.29994e-10 -4.64444e-13 -5.33689e-11 -7.05235e-07 -1.47531e-08 -1.04348e-10 -2.432e-12 -4.76537e-10 0 4.46256e-07 0 7.30094e-08 -1.75739e-09 -1.74175e-10 
0 0 0 0 0 0 0 0 0 0 0 0 0 0 0 0 0 0 0 0 0 0 0 0 0 0 0 0 0 0 0 0 0 0 0 0 0 0 0 0 0 0 0 0 0 0 0 0 0 0 0 0 0 0 0 0 0 0 0 0 0 0 0 0 0 0 0 0 0 0 0 0 0 0 0 0 0 0 0 0 0 0 0 0 0 0 0 0 0 0 0 0 0 0 0 0 0 0 0 0 
-7.14993e-08 -0.0662294 2.75229e-05 -1.20397e-06 8.91354e-06 -1.46391e-05 3.89349e-07 -0.0152695 1.61836e-05 2.45881e-06 0.00939712 1.79191e-07 4.21981e-05 0.000132327 7.0067e-07 1.38067e-07 -2.57292e-05 0.00209684 5.55284e-07 0 0.142152 0 0.000308547 -1.03157e-08 -0.0020602 -0.000382624 6.79869e-07 0.000130152 -3.21591e-06 0.000740819 0.000381598 0 0.000528577 -3.8898e-07 -2.69352e-06 -2.5282e-05 0.0059282 0.036048 6.71166e-05 -0.000269265 3.56398e-06 -0.00170066 0.0749021 0.000174946 1.84586e-05 0.000224857 3.60867e-07 7.81695e-05 -1.94289e-05 -0.00186255 -0.0541219 0.0140657 3.29683e-07 -0.00343802 -2.07542e-05 0.000959796 -1.58315e-05 3.9869e-05 0 -7.95982e-05 7.9765e-05 -0.0332018 -9.6649e-09 1.65645e-05 -0.000392094 7.75085e-05 0.000124873 0 -2.07713e-05 4.97427e-05 0.0119275 1.97672e-07 4.8518e-06 -0.000946899 7.2919e-08 0.00531542 8.5265e-07 0.000200675 0.000174182 1.09781e-07 -0.120181 -4.55032e-07 8.53845e-07 -0.000117277 0 1.98816e-07 7.2862e-07 1.51874e-07 -4.45007e-07 -0.00524026 0.00307509 7.76186e-06 5.01932e-07 -2.25888e-05 0 -0.00420453 0 6.41771e-06 0.000320364 6.38204e-06 
0 0 0 0 0 0 0 0 0 0 0 0 0 0 0 0 0 0 0 0 0 0 0 0 0 0 0 0 0 0 0 0 0 0 0 0 0 0 0 0 0 0 0 0 0 0 0 0 0 0 0 0 0 0 0 0 0 0 0 0 0 0 0 0 0 0 0 0 0 0 0 0 0 0 0 0 0 0 0 0 0 0 0 0 0 0 0 0 0 0 0 0 0 0 0 0 0 0 0 0 
-1.57926e-10 -0.000248586 -2.65506e-08 -2.90964e-09 6.3141e-08 -3.39175e-08 -1.78141e-10 -0.000268787 -1.01376e-08 9.91748e-07 2.87065e-05 -1.04863e-10 1.29821e-06 5.26183e-06 -4.18189e-10 -6.31706e-11 -5.34934e-07 3.07595e-05 -9.60192e-10 0 0.000308547 0 0.00037888 -6.69608e-11 -0.000234375 4.25575e-08 -1.58078e-08 1.03242e-05 -7.67017e-09 -2.0568e-07 3.30489e-06 0 2.26705e-06 8.03842e-07 -5.9494e-09 -5.97151e-08 -7.66231e-06 0.000311043 -6.74264e-07 1.75675e-06 1.99028e-07 -5.05652e-05 0.000175046 2.00768e-05 1.46187e-07 4.60085e-07 -1.89512e-10 7.1741e-06 -8.26095e-06 -5.15528e-06 -0.000278061 0.000140979 -7.0751e-10 -0.000272314 -1.05501e-07 0.000254211 -4.11455e-08 1.54456e-06 0 -1.88449e-07 2.45679e-06 -0.000352215 -1.02336e-10 1.07322e-05 1.3274e-05 3.24148e-07 0.000114873 0 2.91477e-06 1.43731e-07 8.02857e-05 -9.34924e-11 -8.31577e-09 -4.95804e-06 -7.45413e-11 0.000284867 -6.41434e-09 5.94365e-07 4.34229e-05 6.02206e-07 -0.000272288 -1.02715e-09 -5.58428e-10 -2.63345e-07 0 -9.09656e-11 -1.06388e-06 -6.94876e-11 6.35349e-07 -0.000224255 -4.72752e-08 -1.5612e-08 3.29695e-08 -7.12968e-08 0 -7.91671e-06 0 -4.51324e-08 -1.82931e-07 -2.60591e-08 
-7.36111e-14 1.50046e-08 -1.23755e-11 -1.35621e-12 -2.49489e-11 -1.58093e-11 -8.30333e-14 4.93917e-09 -4.72524e-12 -7.39056e-13 -2.2483e-09 -4.88778e-14 6.05111e-10 -3.30086e-10 -1.94922e-13 -2.94444e-14 8.47075e-11 -4.67913e-10 -4.47556e-13 0 -1.03157e-08 0 -6.69608e-11 1.76667e-07 4.51438e-10 8.19845e-11 -7.36818e-12 -2.90994e-11 -3.57514e-12 -1.58018e-10 -8.16206e-11 0 -1.13242e-10 -1.31676e-12 -2.77308e-12 -2.78338e-11 -4.36853e-09 6.79644e-10 -4.47899e-10 1.1591e-09 -2.00693e-12 3.92199e-10 -4.18537e-08 -5.8969e-11 -4.88483e-12 -5.74473e-11 -8.83333e-14 -1.98397e-11 4.2188e-12 -2.74319e-09 -1.3919e-07 1.67819e-08 -3.29778e-13 -1.92609e-08 -8.49101e-11 -2.35545e-10 -1.91783e-11 -8.75207e-12 0 -8.78381e-11 -1.30454e-10 -1.28428e-08 -4.77e-14 -3.61931e-12 -4.58017e-10 -1.67109e-11 -2.66307e-11 0 -8.63382e-11 -1.06907e-11 -2.65881e-09 -4.35778e-14 -3.87607e-12 -2.41198e-09 -3.47444e-14 -1.25511e-09 -2.98979e-12 -5.54521e-11 -3.7511e-11 -5.25289e-13 2.8411e-08 -4.78767e-13 -2.60289e-13 -1.22748e-10 0 -4.24e-14 9.06536e-12 -3.23889e-14 -3.72178e-12 4.749e-09 -1.02883e-09 -7.2769e-12 -1.696e-13 -3.32322e-11 0 -6.30494e-09 0 -2.25904e-11 -1.22555e-10 -1.21464e-11 
1.06471e-09 0.00178689 -1.86433e-06 1.96162e-08 -1.83925e-05 -4.81334e-07 -4.68799e-07 0.00202929 -6.83207e-08 -1.50598e-06 -0.00177527 -9.9293e-08 -8.52566e-06 -1.24523e-05 -6.40514e-07 -1.66241e-07 6.0479e-07 -4.40188e-05 6.47344e-09 0 -0.0020602 0 -0.000234375 4.51438e-10 0.00254878 0.000455831 1.06573e-07 -0.000136712 5.17109e-08 -0.000882378 -8.39277e-06 0 -0.000494549 -7.87621e-07 4.01098e-08 3.29255e-07 -0.00147323 -0.000536637 -8.03825e-06 -3.64524e-06 -7.04305e-07 0.000388234 -0.0017543 -2.65237e-05 -1.12093e-05 -3.93724e-05 -4.45389e-07 -7.30637e-06 1.9899e-05 3.57675e-05 0.00140201 -0.000270741 4.76991e-09 0.000737367 1.19814e-06 -0.000516833 2.77396e-07 -3.81534e-05 0 7.23823e-07 -1.33978e-06 0.0016843 6.89933e-10 -1.79243e-05 -1.45219e-05 -7.98583e-05 -0.000125125 0 -2.22545e-05 -4.08054e-05 -0.00147566 6.30309e-10 -1.2727e-07 -0.000384346 5.02544e-10 -0.000563443 4.32443e-08 -3.63461e-06 -6.66974e-05 -5.72402e-07 0.00169392 6.92488e-09 -8.82902e-07 1.77543e-06 0 6.13274e-10 7.35545e-07 4.68473e-10 -1.02617e-06 0.000295814 1.3091e-05 1.05253e-07 -3.04214e-07 2.47337e-07 0 9.00146e-05 0 -4.46325e-06 -1.61774e-05 1.62353e-07 
1.9336e-10 0.000421486 -3.84159e-07 3.56246e-09 -1.56111e-05 -6.68473e-07 2.1811e-10 0.000421093 -2.42545e-08 1.94133e-09 -0.000450108 1.28391e-10 -1.58949e-06 8.67062e-07 5.12017e-10 7.73439e-11 -1.25841e-07 1.15577e-06 1.17563e-09 0 -0.000382624 0 4.25575e-08 8.19845e-11 0.000455831 0.000463848 1.93545e-08 -3.32602e-05 9.39109e-09 -0.000450752 -1.22268e-07 0 -0.000453383 3.45882e-09 7.28425e-09 7.31132e-08 -0.000436258 3.58935e-05 -9.4347e-07 -1.7547e-06 5.27176e-09 0.000246006 -0.000335876 -1.38435e-07 -1.05384e-06 -1.24591e-05 -4.46435e-07 5.21143e-08 1.01656e-05 5.43907e-06 0.000362848 7.62647e-06 8.66252e-10 0.000179542 2.2304e-07 -2.63128e-06 5.03772e-08 -2.3701e-07 0 2.30731e-07 3.16007e-07 0.000438653 1.25297e-10 -1.01383e-06 1.20311e-06 -6.21328e-05 -4.67138e-08 0 -4.59321e-06 -7.33192e-06 -0.000453366 1.14469e-10 -1.73152e-07 -0.000285101 9.12658e-11 -7.16442e-07 7.8535e-09 -4.24767e-06 7.18664e-08 1.37981e-09 0.000335092 1.25761e-09 -7.95983e-07 3.22431e-07 0 1.11375e-10 -2.38126e-08 8.50783e-11 -1.03557e-07 1.58546e-06 -6.74154e-07 1.91148e-08 -2.72888e-07 -9.37326e-09 0 1.65616e-05 0 -4.75066e-06 -5.9141e-07 3.19059e-08 
-1.73778e-11 -3.79444e-06 -2.92155e-09 -3.20168e-10 -5.88982e-09 -3.73219e-09 -1.96021e-11 -9.50065e-06 -1.11551e-09 -1.74473e-10 2.52565e-07 -1.15388e-11 1.26185e-07 -7.79253e-08 -4.60164e-11 -6.95111e-12 -1.11667e-06 -1.10463e-07 -1.05657e-10 0 6.79869e-07 0 -1.58078e-08 -7.36818e-12 1.06573e-07 1.93545e-08 4.17049e-05 -6.86964e-09 -8.44004e-10 -3.73041e-08 -1.92686e-08 0 -2.67336e-08 -3.10854e-10 -6.54656e-10 -6.57089e-09 1.0442e-05 -4.56106e-06 -1.05738e-07 -4.72303e-06 -4.73788e-10 -4.16074e-06 1.18594e-05 2.99412e-07 -1.15319e-09 -1.35619e-08 -2.08533e-11 -4.68366e-09 9.95955e-10 -6.476e-07 -2.34361e-05 7.16363e-06 -7.78524e-11 -1.18219e-06 -2.00452e-08 -5.56064e-08 -4.52754e-09 -2.06615e-09 0 -2.07364e-08 -3.0797e-08 -5.16036e-06 -1.12608e-11 -8.54431e-10 -1.08126e-07 -3.94503e-09 -6.28686e-09 0 -2.03823e-08 -2.52381e-09 -6.2768e-07 -1.02876e-11 -9.15044e-10 -4.92744e-07 -8.20231e-12 -2.72968e-07 -7.05816e-10 -1.30909e-08 -8.85544e-09 -1.24008e-10 -1.2198e-05 -1.13025e-10 -6.14478e-11 -2.89778e-08 0 -1.00096e-11 2.14011e-09 -7.64622e-12 -8.7862e-10 7.87788e-07 -2.42882e-07 -1.7179e-09 -4.00384e-11 -7.8453e-09 0 -5.08441e-07 0 -5.33303e-09 -2.89322e-08 -2.86747e-09 
-6.86306e-11 -0.000147221 4.05128e-07 -1.26445e-09 -2.32608e-08 1.61927e-07 -7.74153e-11 -0.000157355 -4.40553e-09 6.32644e-07 0.00012476 -4.55707e-11 5.64169e-07 1.20389e-05 -1.81734e-10 -2.74522e-11 -1.3301e-05 7.69041e-06 -4.17274e-10 0 0.000130152 0 1.03242e-05 -2.90994e-11 -0.000136712 -3.32602e-05 -6.86964e-09 0.000164686 -3.33325e-09 3.3266e-05 1.30057e-06 0 3.55744e-05 6.52106e-07 -2.58545e-09 -2.59506e-08 7.64504e-05 5.76902e-05 5.43241e-06 -2.60827e-05 -1.87114e-09 -3.6251e-05 8.74948e-05 1.91688e-07 2.28211e-06 3.74311e-06 -8.23567e-11 1.55484e-06 3.93335e-09 4.99083e-07 -0.000117123 4.09197e-05 -3.07465e-10 -0.000123454 1.8275e-06 6.49437e-05 -1.78807e-08 7.54184e-06 0 -8.18949e-08 -1.21628e-07 -0.000147804 -4.44726e-11 2.15329e-06 -4.27027e-07 1.83744e-05 6.65171e-07 0 -8.04965e-08 2.7967e-06 0.000129824 -4.06293e-11 1.7972e-07 1.61512e-05 -3.23936e-11 6.94431e-05 -2.7875e-09 2.04966e-07 1.24284e-05 -4.89748e-10 -0.000116348 -4.46373e-10 3.79757e-07 -1.14443e-07 0 -3.95312e-11 8.45199e-09 -3.01974e-11 -3.46996e-09 -6.67323e-05 -8.62556e-07 -6.78454e-09 -1.58125e-10 -3.09837e-08 0 -2.25834e-06 0 -2.10619e-08 3.62404e-07 -1.13246e-08 
-8.43194e-12 8.68737e-07 -1.41758e-09 -1.5535e-10 -2.85782e-09 -1.81091e-09 -9.51123e-12 4.09101e-07 -5.41263e-10 -8.46567e-11 -2.57536e-07 -5.59881e-12 -4.74402e-06 7.00552e-06 -2.23278e-11 -3.37278e-12 -8.50297e-07 -5.35982e-08 -5.12662e-11 0 -3.21591e-06 0 -7.67017e-09 -3.57514e-12 5.17109e-08 9.39109e-09 -8.44004e-10 -3.33325e-09 2.02363e-05 -1.81005e-08 -9.34941e-09 0 -1.29715e-08 -1.50831e-10 -3.17648e-10 -3.18829e-09 -4.13736e-07 1.58691e-06 -3.46389e-08 -1.84406e-05 -2.29889e-10 -6.87174e-06 -4.72423e-06 -6.75473e-09 -5.59544e-10 -6.58042e-09 -1.01183e-11 -2.27258e-09 4.83252e-10 -2.80891e-07 4.0928e-06 -3.6862e-07 -3.77751e-11 8.46577e-08 -9.72621e-09 -2.6981e-08 -2.19683e-09 -1.00252e-09 0 2.46605e-07 -1.49432e-08 8.09839e-07 -5.4639e-12 -4.14582e-10 4.54202e-07 -1.91419e-09 -3.05048e-09 0 -9.88979e-09 -1.22459e-09 -3.04559e-07 -4.99171e-12 -4.43992e-10 8.87705e-06 -3.97988e-12 -1.10436e-07 -3.42472e-10 -6.35188e-09 -4.29678e-09 -6.01704e-11 5.23201e-06 -5.48414e-11 -2.98154e-11 2.54927e-06 0 -4.8568e-12 1.03841e-09 -3.71006e-12 -4.26319e-10 -1.88493e-05 -1.1785e-07 -8.33548e-10 -1.94272e-11 2.61933e-08 0 -6.82213e-07 0 7.95741e-06 -1.40383e-08 -1.39134e-09 
-3.72683e-10 -0.000817067 -6.26555e-08 -6.86632e-09 1.52537e-05 4.66626e-07 -4.20387e-10 -0.000838 -2.39233e-08 -3.74174e-09 0.000876057 -2.47462e-10 3.0636e-06 -1.67118e-06 -9.86865e-10 -1.49073e-10 4.28863e-07 -2.36898e-06 -2.26591e-09 0 0.000740819 0 -2.0568e-07 -1.58018e-10 -0.000882378 -0.000450752 -3.73041e-08 3.3266e-05 -1.81005e-08 0.00089364 -4.13234e-07 0 0.000466337 -6.66656e-09 -1.40397e-08 -1.40919e-07 0.000842919 -8.49897e-05 4.25677e-07 5.36171e-06 -1.01608e-08 -0.000278491 0.000665977 -3.85521e-08 6.28602e-07 1.39192e-05 4.46219e-07 -1.00446e-07 -1.0802e-05 -1.38417e-05 -0.000701269 -1.61193e-05 -1.66962e-09 -0.000197788 -4.29889e-07 -4.62533e-07 -9.70974e-08 2.15689e-07 0 -4.44713e-07 -6.60472e-07 -0.000853931 -2.41499e-10 -1.83241e-08 -2.31888e-06 6.28021e-05 -1.34828e-07 0 4.38288e-06 8.06921e-06 0.000878169 -2.20629e-10 1.63709e-07 0.000315062 -1.75907e-10 -3.42113e-06 -1.51369e-08 2.94925e-06 -1.89913e-07 -2.65947e-09 -0.000649342 -2.42393e-09 7.95349e-07 -6.21457e-07 0 -2.14666e-10 -8.74366e-08 -1.63981e-10 -1.88429e-08 9.58354e-06 -5.20885e-06 -3.6842e-08 2.72475e-07 -7.15835e-08 0 -3.19211e-05 0 4.35896e-06 2.92854e-07 -6.14957e-08 
-1.92501e-10 -5.70455e-06 -3.23633e-08 -3.54665e-09 -6.52441e-08 -4.13431e-08 -2.17142e-10 -5.10018e-06 -1.2357e-08 4.51401e-07 -5.84289e-06 -1.27821e-10 1.58243e-06 1.94012e-06 -5.09744e-10 -7.70006e-11 -4.61181e-06 0.00042941 -1.17041e-09 0 0.000381598 0 3.30489e-06 -8.16206e-11 -8.39277e-06 -1.22268e-07 -1.92686e-08 1.30057e-06 -9.34941e-09 -4.13234e-07 0.00046179 0 4.61053e-06 -3.44346e-09 -7.25191e-09 -7.27886e-08 -1.12209e-05 0.000408628 -1.05797e-06 1.18785e-06 -5.24836e-09 -2.6461e-05 -8.93789e-05 2.62912e-06 -1.27744e-08 1.16644e-06 -2.31002e-10 2.0145e-07 -1.58967e-07 -8.13751e-07 -0.000362852 4.71777e-05 -8.62406e-10 -0.000447131 2.9795e-07 8.78736e-06 -5.01535e-08 -2.28876e-08 0 -2.29707e-07 -2.67819e-07 -0.000440873 -1.24741e-10 5.67202e-07 -9.71099e-07 -4.37009e-08 2.70369e-06 0 -2.25784e-07 -2.79574e-08 1.54469e-05 -1.13961e-10 -1.01364e-08 -5.37428e-06 -9.08607e-11 0.000121694 -7.81864e-09 1.57165e-06 4.1919e-06 -1.37369e-09 -0.000335017 -1.25203e-09 -6.80685e-10 -3.21e-07 0 -1.10881e-10 2.37069e-08 -8.47006e-11 -9.73287e-09 -0.000444624 -2.68052e-06 6.84303e-07 -4.43523e-10 -8.69059e-08 0 0.000297112 0 4.2759e-07 -2.87161e-07 1.98236e-07 
0 0 0 0 0 0 0 0 0 0 0 0 0 0 0 0 0 0 0 0 0 0 0 0 0 0 0 0 0 0 0 0 0 0 0 0 0 0 0 0 0 0 0 0 0 0 0 0 0 0 0 0 0 0 0 0 0 0 0 0 0 0 0 0 0 0 0 0 0 0 0 0 0 0 0 0 0 0 0 0 0 0 0 0 0 0 0 0 0 0 0 0 0 0 0 0 0 0 0 0 
-2.67079e-10 -0.00056087 9.58432e-07 -4.92067e-09 1.50528e-05 6.5264e-07 -3.01265e-10 -0.000458473 -1.71443e-08 -2.68147e-09 0.000486523 -1.77341e-10 2.19549e-06 -1.19763e-06 5.39293e-07 -1.06832e-10 3.0734e-07 1.61523e-05 -1.62384e-09 0 0.000528577 0 2.26705e-06 -1.13242e-10 -0.000494549 -0.000453383 -2.67336e-08 3.55744e-05 -1.29715e-08 0.000466337 4.61053e-06 0 0.000640579 -4.77751e-09 -1.00614e-08 -1.00988e-07 0.000467523 7.42177e-05 6.17491e-06 3.07884e-06 -7.28165e-09 -0.000272624 0.000343474 6.16046e-07 1.24894e-06 1.53949e-05 4.46346e-07 5.80168e-08 -1.0568e-05 -8.6963e-06 -0.000492897 5.26541e-05 -1.19651e-09 -0.000265668 1.65259e-07 2.53687e-05 -6.95837e-08 2.28245e-07 0 -3.18698e-07 -4.7332e-07 -0.000591395 -1.73067e-10 8.96868e-07 -1.6618e-06 6.26727e-05 1.40004e-06 0 4.52008e-06 7.38121e-06 0.000500363 -1.58111e-10 1.6927e-07 0.000323162 -1.26061e-10 5.26428e-05 -1.08477e-08 3.35214e-06 -1.09433e-07 -1.90588e-09 -0.00046475 -1.73708e-09 7.95722e-07 -4.4536e-07 0 -1.53838e-10 3.28913e-08 -1.17515e-10 -1.35035e-08 -5.32461e-05 -2.35286e-06 8.35976e-08 2.72718e-07 -2.39078e-08 0 -2.07559e-05 0 5.60137e-06 4.68674e-07 -4.40702e-08 
-3.10556e-12 -6.03642e-07 -5.22106e-10 -5.72168e-11 -1.05256e-09 -6.66974e-10 -3.50307e-12 -8.31623e-07 -1.99352e-10 -3.11798e-11 -9.48527e-08 -2.06209e-12 -1.83114e-06 3.12741e-07 -8.22351e-12 -1.24222e-12 3.5737e-09 6.90259e-07 -1.88818e-11 0 -3.8898e-07 0 8.03842e-07 -1.31676e-12 -7.87621e-07 3.45882e-09 -3.10854e-10 6.52106e-07 -1.50831e-10 -6.66656e-09 -3.44346e-09 0 -4.77751e-09 7.45328e-06 -1.16992e-10 -1.17427e-09 -1.74302e-07 1.649e-07 -1.88963e-08 -1.6811e-06 -8.46699e-11 -5.76787e-07 -1.53575e-06 -2.48782e-09 -2.06085e-10 -2.42363e-09 -3.72667e-12 -8.37009e-10 -9.64887e-08 -1.15732e-07 -2.03226e-06 -1.35766e-07 -1.39129e-11 -7.85487e-07 -3.58225e-09 8.67293e-08 -8.09109e-10 -3.69238e-10 0 -3.70577e-09 -5.50369e-09 -5.94713e-07 -2.0124e-12 -1.52694e-10 -1.93231e-08 -7.05011e-10 9.55432e-08 0 9.30242e-08 -4.51026e-10 5.37828e-07 -1.83849e-12 -1.63526e-10 1.27157e-06 -1.46582e-12 7.53715e-07 -1.26135e-10 -2.33945e-09 -1.58254e-09 -2.21612e-11 6.42395e-07 -2.01985e-11 -1.09812e-11 2.91488e-07 0 -1.7888e-12 -4.26284e-07 -1.36644e-12 -1.57017e-10 -1.07631e-06 -4.34051e-08 -3.07003e-10 -7.1552e-12 -1.40202e-09 0 4.73363e-08 0 -9.53058e-10 -5.17043e-09 -5.12442e-10 
-6.54028e-12 1.33315e-06 3.25557e-06 -1.20498e-10 -2.21668e-09 -1.40464e-09 -7.37743e-12 4.38841e-07 -4.19834e-10 -6.56644e-11 -1.99759e-07 -4.34274e-12 -2.01957e-06 1.1144e-05 -1.73187e-11 -2.61611e-12 -2.61581e-06 -4.15737e-08 -3.97649e-11 0 -2.69352e-06 0 -5.9494e-09 -2.77308e-12 4.01098e-08 7.28425e-09 -6.54656e-10 -2.58545e-09 -3.17648e-10 -1.40397e-08 -7.25191e-09 0 -1.00614e-08 -1.16992e-10 1.56964e-05 -2.47301e-09 -3.8814e-07 6.8634e-06 1.56871e-07 -1.44237e-05 -1.78314e-10 3.48465e-08 -3.71867e-06 -5.23934e-09 -4.34013e-10 1.08229e-07 -7.84833e-12 -1.76274e-09 3.74836e-10 -2.4373e-07 -3.27027e-06 -1.29255e-07 -2.93004e-11 6.56652e-08 3.47912e-06 -2.09279e-08 -1.70398e-09 -7.77613e-10 0 1.38862e-07 -1.15907e-08 -5.44409e-06 -4.2381e-12 -3.21572e-10 -4.06943e-08 -1.48475e-09 -2.36612e-09 0 -7.67107e-09 -9.49858e-10 -2.36233e-07 -3.87184e-12 -3.44385e-10 -1.44303e-07 -3.08701e-12 -1.11515e-07 1.83068e-07 -4.92687e-09 -3.33282e-09 -4.66714e-11 3.91127e-06 -4.2538e-11 -2.31264e-11 2.03576e-06 0 -3.7672e-12 -9.29195e-07 -2.87772e-12 -3.30676e-10 -1.49947e-05 -4.47442e-08 -6.46546e-10 -1.50688e-11 -2.95265e-09 0 2.89981e-06 0 2.46595e-08 -1.08889e-08 -1.0792e-09 
-6.56458e-11 -7.48823e-05 -1.10364e-08 -1.20946e-09 -2.22492e-08 -1.40986e-08 -7.40485e-11 3.14472e-06 2.45273e-09 -6.59084e-10 -1.95835e-06 -4.35888e-11 -5.87033e-07 -1.37702e-07 -1.7383e-10 -2.62583e-11 -1.62446e-06 -4.17282e-07 -3.99127e-10 0 -2.5282e-05 0 -5.97151e-08 -2.78338e-11 3.29255e-07 7.31132e-08 -6.57089e-09 -2.59506e-08 -3.18829e-09 -1.40919e-07 -7.27886e-08 0 -1.00988e-07 -1.17427e-09 -2.47301e-09 0.000157525 -2.77582e-06 -1.69664e-05 -3.99433e-07 -2.80299e-06 -1.78977e-09 3.4976e-07 -2.88982e-05 2.74079e-07 -4.35626e-09 -5.12311e-08 -7.8775e-11 -1.76929e-08 3.76229e-09 3.10311e-07 1.7601e-05 -1.46514e-07 -2.94093e-10 6.59092e-07 -7.57222e-08 -2.10057e-07 -1.71031e-08 -7.80503e-09 0 -7.83333e-08 3.33662e-07 6.08609e-06 -4.25385e-11 -3.22767e-09 -4.08456e-07 -1.49027e-08 -2.37491e-08 0 -7.69957e-08 -9.53388e-09 -1.87111e-06 -3.88623e-11 -3.45665e-09 7.89557e-05 -3.09848e-11 -1.1193e-06 -2.66627e-09 -4.94518e-08 -3.34521e-08 -4.68449e-10 -0.000101551 3.4624e-07 -2.32124e-10 -1.09466e-07 0 -3.7812e-11 -9.61916e-07 -2.88842e-11 -3.31905e-09 4.18845e-06 -3.40839e-07 -6.48948e-09 -1.51248e-10 -2.96362e-08 0 -5.61603e-06 0 -2.01459e-08 -1.09293e-07 -1.08321e-08 
