0.242256 -0.000122024 -0.0103198 -0.000331719 -4.65341e-05 -0.00505081 -0.0289207 -0.00560201 -0.00961358 -0.00107061 -0.00657655 -0.00134515 -0.0472524 -0.000939793 -0.00310372 -0.129888 0.0550558 -0.0302039 -0.00123349 -0.00474934 -0.000480424 0.177809 0.00201764 0.0512393 -0.00696408 -0.00858228 -7.94069e-05 -0.123263 -0.042051 -0.000203181 -0.00436001 -0.129016 -0.00745619 -4.92723e-05 -0.00369071 -0.00106724 -0.00431143 -0.000159708 -0.136627 -0.11086 -0.0107156 0.182852 -0.0167116 -0.0503043 -0.00242849 -0.000297967 -0.109387 -0.0024678 -0.00115079 -0.0170055 -0.000146684 -0.000100644 -0.130834 -5.56639e-07 -0.000138169 -0.0371779 -0.0020258 -0.000429302 -0.000340424 0.12972 -0.0325309 0.186238 -0.000470544 -0.00193546 0.0812064 -1.24126e-05 -0.045097 0.0399457 -0.012675 0.0601525 -6.8345e-06 -0.0011772 0.00899465 -0.000208592 -0.00269222 -0.0275038 -7.93173e-05 -0.0482821 0.101488 9.87437e-05 0.0578663 -0.0438362 -0.00189662 -5.04385e-05 0.185546 -0.0223653 -8.31136e-05 -0.049199 -8.97418e-05 -8.95718e-07 -0.00288544 -2.49542e-05 -0.0466599 -0.00240768 -0.00157085 -1.23088e-06 -1.29314e-06 -0.00563566 0.0386364 -0.0044884 
-0.000122024 0.000232153 5.27763e-05 6.23339e-08 -1.90231e-08 -1.99462e-06 -1.09182e-05 1.46916e-06 -3.80572e-06 6.34627e-05 6.47585e-05 1.23545e-06 -2.00875e-05 1.45841e-06 1.2779e-05 0.000153255 -6.79822e-05 1.86165e-06 -9.1213e-07 -1.67895e-06 8.14049e-08 -0.000137837 -1.85417e-06 1.59667e-05 -2.7503e-06 6.27287e-05 3.08145e-07 4.39107e-05 -1.36249e-05 -8.02816e-08 -1.71885e-06 0.000154051 5.43471e-06 -1.94581e-08 4.15058e-05 1.34187e-06 -1.70769e-06 -6.30704e-08 0.000142806 -2.44385e-05 -3.00014e-06 -0.00013506 3.06174e-06 9.25909e-06 1.26714e-06 2.35608e-07 9.81032e-05 -7.77916e-07 6.48554e-06 -2.20755e-06 -5.7927e-08 -4.04852e-08 8.28749e-05 -2.19822e-10 -5.45724e-08 5.03455e-06 -6.50171e-07 -1.7402e-07 -1.34459e-07 -0.000149769 -1.0901e-05 -0.000137879 -1.85823e-07 -7.10575e-07 -4.74012e-05 -4.90188e-09 4.10239e-05 -3.31008e-05 -4.91044e-06 -4.04322e-05 -2.69902e-09 2.89763e-06 3.05665e-06 -8.48646e-08 -8.66517e-07 -1.08618e-05 -3.24408e-08 -1.64335e-05 -0.000111445 1.75936e-05 -5.40809e-05 -1.71123e-05 2.46107e-06 -1.99187e-08 -0.00014837 1.63187e-05 -3.28224e-08 -1.87726e-05 -4.37818e-08 -3.53728e-10 -1.13949e-06 -1.06761e-08 -1.73739e-05 7.47158e-05 -5.37224e-07 -4.86086e-10 -5.71228e-10 -1.99055e-06 -3.60372e-05 -1.57586e-06 
-0.0103198 5.27763e-05 0.0172913 -9.92964e-06 -6.61937e-07 0.000750723 0.00910438 0.00462703 -0.000183637 0.000491086 0.00111258 -3.99621e-05 0.00140936 -2.66564e-05 -3.52871e-06 -0.00258158 -0.0142138 -0.00167622 -6.62526e-05 0.00453596 -1.15996e-07 -0.0118335 -0.000190468 -0.0140786 0.00446392 0.00571453 -2.4079e-06 0.00761407 0.0108554 -4.65272e-07 0.00443106 -0.00191656 0.00158203 -9.41577e-07 0.00417757 -2.84532e-05 -0.000115902 2.80327e-05 -0.00126212 -0.00261427 -0.00010477 -0.0117186 -2.37026e-05 0.0143051 -7.00246e-05 3.59732e-05 -0.00286942 0.00397534 -9.96428e-06 0.00701564 9.13585e-06 -3.06874e-06 -0.0025434 -1.66623e-08 -4.08321e-06 -0.000727674 -3.77409e-05 0.000460776 -9.36189e-06 -0.00127663 0.0134288 -0.011927 -1.32019e-05 -5.42086e-06 -0.0144097 2.53178e-06 0.0147281 -0.0116743 0.00022385 -0.0153161 6.1875e-07 -2.69962e-05 -0.00509362 1.3634e-05 0.00444503 0.00304201 -1.50898e-06 0.00947429 -0.00298218 -9.07334e-05 -0.0146837 0.00584321 1.09455e-05 5.85685e-06 -0.0118948 -0.000638656 5.36721e-05 0.00942859 4.1098e-05 -2.68123e-08 -3.42589e-05 2.84076e-06 0.00973939 0.000165504 -3.04523e-05 1.59822e-07 -4.32986e-08 -1.60825e-05 -0.00981394 0.00452319 
-0.000331719 6.23339e-08 -9.92964e-06 0.000563832 -4.6217e-08 -4.84597e-06 -2.77917e-05 -4.95271e-06 -9.20606e-06 -1.02996e-06 -5.71553e-06 -1.29059e-06 -5.23742e-05 -9.02792e-07 8.7927e-06 0.000420093 4.40629e-05 9.78974e-05 -3.79904e-07 -4.55684e-06 2.82608e-06 -0.000384861 -6.11632e-06 6.5118e-05 -6.63523e-06 -8.26498e-06 1.51927e-06 -1.17081e-05 -5.31677e-05 1.62683e-05 -4.18408e-06 0.000428151 -7.13183e-06 -4.72739e-08 -3.54102e-06 2.21938e-06 -4.14887e-06 -1.53231e-07 0.000428042 0.00024541 -5.78969e-06 -0.00037247 -1.61393e-05 -4.82767e-05 4.34215e-06 2.07317e-07 0.000452971 -2.36776e-06 -1.10412e-06 -1.62037e-05 -1.40735e-07 4.25164e-06 0.000425709 2.99466e-07 -1.32585e-07 0.000471329 -2.00072e-06 2.85388e-06 -3.26671e-07 -0.000432251 -3.1246e-05 -0.000380073 -2.47925e-08 -1.28499e-06 -2.49678e-05 -1.19092e-08 -4.32763e-05 -0.00044474 7.79065e-06 6.41195e-05 -6.5573e-09 -7.78581e-07 4.80051e-06 -2.0618e-07 -2.58302e-06 -2.63888e-05 -7.88155e-08 -4.76757e-05 -0.000460167 2.60284e-07 5.58388e-05 -4.20687e-05 1.60235e-06 -4.83928e-08 -0.000372569 -2.08885e-05 -7.97426e-08 -4.73414e-05 -1.06369e-07 -8.59389e-10 -2.76841e-06 -2.59377e-08 -4.47788e-05 -2.28819e-06 -1.53195e-06 -1.18095e-09 -1.38781e-09 -5.43536e-06 2.89846e-05 -4.30637e-06 
-4.65341e-05 -1.90231e-08 -6.61937e-07 -4.6217e-08 8.19166e-05 -3.43709e-07 -4.04014e-06 -3.97835e-07 -1.34267e-06 -1.49567e-07 5.688e-05 1.56559e-05 -7.57221e-06 4.75557e-06 5.29571e-06 -2.37588e-06 -6.60464e-05 -1.28303e-06 1.50125e-05 4.48316e-05 1.92354e-05 1.98548e-06 -7.98185e-07 -4.61545e-05 5.49564e-05 1.74288e-05 -1.12385e-08 -1.67424e-05 4.58982e-05 -2.83236e-08 1.61557e-05 -1.61582e-05 4.18187e-06 2.16647e-06 1.57491e-05 5.33464e-06 -6.0248e-07 3.67749e-07 5.05803e-05 5.56949e-06 1.66933e-05 -5.32392e-05 1.15855e-05 -7.01053e-06 7.81422e-08 1.39885e-05 -1.5347e-05 -3.43836e-07 9.76967e-06 1.99867e-05 5.12162e-05 7.15572e-06 6.99885e-06 -7.75541e-11 7.90747e-07 1.19939e-05 5.60728e-05 -6.13947e-08 5.6659e-06 -3.71579e-05 -4.5374e-06 -5.35716e-05 -6.55589e-08 -2.74214e-07 -6.78414e-05 -1.7294e-09 -5.55106e-06 -6.47962e-05 5.39392e-05 -6.96231e-05 1.28571e-06 -1.53513e-07 -6.88964e-05 -2.99405e-08 -3.75095e-07 -3.83207e-06 -1.14452e-08 -6.92325e-06 -6.1438e-05 6.77169e-08 -6.73561e-05 -6.10902e-06 6.48446e-05 2.22631e-06 -5.321e-05 2.74862e-06 -1.15799e-08 -5.29804e-06 1.71146e-05 1.09875e-07 9.81318e-07 -3.76656e-09 -6.50354e-06 -1.96637e-07 -2.22463e-07 -1.71493e-10 5.97985e-08 6.22007e-05 -6.54786e-05 5.5248e-05 
-0.00505081 -1.99462e-06 0.000750723 -4.84597e-06 -3.43709e-07 0.00851607 0.00301598 0.00125736 0.000279028 -6.30577e-06 5.96626e-05 1.48526e-05 0.00722036 0.000446771 0.000432417 -0.0015195 -0.00762653 -0.000799704 -3.44613e-05 -6.83199e-05 -7.46979e-06 -0.00585744 -8.88416e-05 -0.00713877 -9.82964e-05 -0.000109699 1.68495e-06 0.00629851 0.00319474 -2.07647e-06 -1.21643e-05 -0.00174684 0.00462261 4.94353e-06 -5.39162e-05 0.000452696 0.000113415 1.80002e-05 -0.00147314 -0.00159436 -0.000159688 -0.00573184 -0.000219547 0.00680413 -3.54951e-05 -4.26827e-06 -0.00138454 -3.59953e-05 -1.68115e-05 0.00288563 -2.14285e-06 -1.20097e-06 -0.0013844 -8.13173e-09 -1.03209e-06 -0.000554339 -3.026e-05 -6.43738e-06 8.50938e-06 0.00150716 0.00465463 -0.00586321 3.56933e-06 0.000288811 -0.00735652 2.922e-06 0.00694742 -0.00544476 -0.000190869 -0.0073111 4.78016e-06 9.31295e-05 -0.00418893 0.000106581 -3.83596e-05 0.00570247 7.3994e-07 0.00585917 0.000825084 -4.84943e-05 -0.00730172 0.00666731 -2.78281e-05 3.62316e-06 -0.00581961 -0.000305181 5.95092e-05 0.00714139 9.47078e-07 6.02481e-08 -1.78489e-05 1.34551e-05 0.0071966 0.000398356 0.000117624 -1.79814e-08 -2.1131e-08 1.60235e-05 -0.00716833 -6.28363e-05 
-0.0289207 -1.09182e-05 0.00910438 -2.77917e-05 -4.04014e-06 0.00301598 0.046884 0.00623973 0.000814597 -6.11894e-05 -0.000481301 -0.000112819 0.0332261 -7.53724e-05 -0.000256991 -0.0105659 -0.0423581 -0.00469758 -0.000170492 0.00418614 -3.85323e-05 -0.0335371 -0.000528895 -0.0430127 0.00452137 0.00415006 1.70466e-06 0.0341331 0.0415795 2.02645e-06 0.00476339 -0.0103641 -0.000534617 -4.13252e-06 0.00378996 -8.87937e-05 -0.000355993 3.64251e-05 -0.0110876 -0.00923466 -0.000909952 -0.0328608 -0.000862328 0.0437857 -0.000198911 4.66407e-06 -0.00734623 0.00388692 -9.65181e-05 0.00114034 -1.08826e-05 5.16451e-05 -0.00995047 -3.66859e-08 -1.06368e-05 -0.00286737 -0.000171733 0.000319348 0.000134694 0.00645905 0.0440601 -0.033454 0.000635225 0.00128011 -0.0416144 3.07227e-06 0.0430305 -0.0431762 -3.34211e-05 -0.0427413 9.83449e-07 0.000470482 -0.00897174 1.79165e-05 0.00420827 0.037249 5.40469e-05 0.0373149 0.00282329 -0.000258231 -0.0437989 0.0388004 -0.000151163 2.203e-06 -0.0333614 -0.00183778 4.72625e-05 0.0382294 -8.90838e-06 -7.51248e-08 -0.000229281 2.51026e-05 0.0387702 -0.000101685 0.00111836 -2.3235e-08 3.58682e-07 -0.000469454 -0.0431484 0.00480076 
-0.00560201 1.46916e-06 0.00462703 -4.95271e-06 -3.97835e-07 0.00125736 0.00623973 0.00944444 0.00165689 1.55547e-05 0.000188007 -2.17738e-05 0.00266375 -1.35392e-05 -3.72548e-05 -0.00209834 -0.0070712 -0.000895873 3.17168e-05 0.00464506 8.94654e-07 -0.00600727 -9.49925e-05 -0.00839652 0.00549854 0.00451703 9.76857e-06 0.00281519 0.00731686 9.08333e-05 0.00524778 -0.00191819 0.000286467 -3.89031e-07 0.00411943 -1.7307e-05 0.000129945 3.3634e-06 -0.0017481 -0.00121593 -0.000170914 -0.00636316 -0.000204889 0.00686188 -3.94021e-05 3.57624e-05 0.000952781 0.00403443 -1.8622e-05 0.00016583 -1.57539e-06 5.53042e-05 -0.00189437 4.80973e-07 5.15236e-06 -0.000289382 0.000103814 0.000436691 0.000560922 -0.00264399 0.00785007 -0.0064717 0.000784526 0.00275013 -0.00738499 1.62042e-07 0.00554568 -0.00801864 0.00147003 -0.00791194 -1.10833e-07 0.00124892 -0.00801251 6.85918e-05 0.00447332 0.000842551 2.89078e-05 -0.000168559 -0.0040566 7.26052e-05 -0.00851705 0.000788745 -2.27779e-05 6.37539e-06 -0.00646156 -0.000360781 9.33388e-05 0.00287048 -1.79786e-06 5.88078e-08 1.31379e-05 4.3716e-06 0.000904929 0.000164991 0.00232195 -1.99607e-08 -2.3457e-08 0.000386324 -0.00784879 0.00529785 
-0.00961358 -3.80572e-06 -0.000183637 -9.20606e-06 -1.34267e-06 0.000279028 0.000814597 0.00165689 0.0161208 -7.91862e-06 -0.000150392 -3.74935e-05 0.0122833 -7.10741e-06 -6.45454e-05 -0.00297315 -0.00424969 -0.0014946 1.79376e-05 -0.000122743 -1.42523e-05 -0.010445 -0.000171871 -0.0132269 -0.000119279 -0.000230666 -2.21501e-06 0.0121342 0.000372688 -4.27302e-06 -9.67103e-05 -0.00296621 0.00139516 -1.37337e-06 -0.000102808 -2.95572e-05 0.00139945 4.04451e-05 -0.00286348 -0.00242115 -0.000297403 -0.0104209 0.0007502 0.0126858 -6.49476e-05 -7.98252e-06 -0.000440099 -6.84336e-05 -3.20762e-05 0.00448138 -4.08855e-06 1.03918e-06 7.87957e-07 4.74485e-07 8.68226e-07 -0.00105607 1.67063e-05 -1.22825e-05 0.0004899 0.00303323 0.00185633 -0.0106679 0.000139194 0.00172868 -0.0130859 -1.89313e-07 0.0061093 -0.00119076 -0.000213724 -0.0127411 1.89283e-06 0.00135842 -0.00143964 5.59068e-05 -7.11205e-05 3.505e-05 4.03036e-05 0.0120422 0.00229712 3.74533e-05 -0.0134991 0.0115457 -5.30024e-05 -1.37921e-06 -0.0106125 -0.000591509 1.965e-05 0.013096 -3.04016e-06 4.83669e-08 0.00218935 -6.00195e-07 0.0114326 -6.34166e-05 0.00149045 2.99025e-07 -4.03178e-08 6.27217e-05 -0.00518081 -7.84596e-05 
-0.00107061 6.34627e-05 0.000491086 -1.02996e-06 -1.49567e-07 -6.30577e-06 -6.11894e-05 1.55547e-05 -7.91862e-06 0.00182236 0.00117501 0.000173017 0.000557651 0.000248048 0.000548082 0.000724658 -0.000957893 -6.73874e-05 5.58389e-06 1.16799e-05 -1.14764e-06 -0.00123047 -1.97769e-05 -0.000381817 -6.95383e-06 0.00110272 6.82879e-07 4.2497e-05 0.000379696 -6.31203e-07 1.00695e-05 0.000721567 0.000206587 1.0947e-05 8.95506e-05 0.000199846 0.000362683 -4.95883e-07 0.00079259 -0.000149172 2.70924e-05 -0.00121416 -5.23123e-05 0.000599771 8.37059e-05 -9.25602e-07 -0.00017881 -3.51252e-06 3.20402e-05 0.000271357 1.7789e-07 7.50169e-06 0.000904974 -1.72832e-09 -4.29068e-07 -2.08921e-05 -5.56803e-06 2.72179e-06 2.06283e-06 -0.000620772 -3.3401e-05 -0.00123274 1.24323e-05 1.14324e-05 -0.00149393 -3.85404e-08 0.000728483 -0.000143543 -2.51741e-05 -0.0013509 1.55446e-07 1.6608e-06 -2.25337e-05 7.49431e-07 -6.64247e-06 -7.83658e-05 -2.55062e-07 0.000269486 -0.00106754 2.42402e-05 -0.000744485 0.000130681 2.23054e-05 1.79667e-05 -0.00123473 0.000114406 2.89527e-06 -6.95496e-07 4.65244e-06 -2.78114e-09 -6.41574e-06 -8.39393e-08 9.02128e-05 0.000481381 0.000109512 9.46178e-07 7.55088e-08 2.02068e-05 -0.000235412 6.30379e-06 
-0.00657655 6.47585e-05 0.00111258 -5.71553e-06 5.688e-05 5.96626e-05 -0.000481301 0.000188007 -0.000150392 0.00117501 0.0110637 0.00224626 0.000278248 0.000701678 0.0026267 0.00452223 -0.00265039 -0.000739155 0.00187409 0.00273319 9.55568e-05 -0.00472079 -7.77526e-05 -0.0024244 0.00291612 0.00564743 -8.31593e-07 -0.0019457 0.0031154 5.6183e-06 0.00207655 0.00236103 0.00045424 7.59791e-05 0.00212987 0.000755875 0.000221332 9.02762e-06 0.0079366 0.00320161 0.00180112 -0.0074547 0.00224637 -0.000416802 0.000609872 0.000110821 0.000262746 -3.48202e-05 0.0019001 -7.08683e-05 0.000236945 2.36059e-05 0.00769947 -1.05921e-08 -1.71957e-06 0.00235489 0.000418876 0.000116515 9.51087e-07 -0.00689049 -0.000334015 -0.00759768 -8.68385e-06 9.33866e-06 -0.00867311 3.47136e-07 -0.000109662 -0.004969 0.00319313 -0.00807857 1.86661e-06 -1.77127e-05 -0.00223121 0.000103347 0.000124717 -0.00050456 -1.34316e-06 -0.000550585 -0.00744925 0.000247867 -0.0053682 -0.000790027 0.00216903 6.54302e-05 -0.00758185 -0.000304348 -1.30488e-06 -0.000728062 0.000102684 1.31962e-06 0.00116388 -4.44268e-08 -0.000862352 0.00271036 1.98663e-06 1.73245e-07 2.27914e-06 0.00315629 -0.00183604 0.00209847 
-0.00134515 1.23545e-06 -3.99621e-05 -1.29059e-06 1.56559e-05 1.48526e-05 -0.000112819 -2.17738e-05 -3.74935e-05 0.000173017 0.00224626 0.00228244 0.000149572 0.000356909 0.000365946 0.00141964 -0.00204957 -0.000213599 0.00189332 -1.8135e-05 -1.98938e-06 -0.00156064 -2.48022e-05 3.60588e-05 -2.68223e-05 0.00212958 -3.13831e-07 -0.000480267 -0.000215495 -7.90925e-07 0.00188812 -0.000499972 0.000330824 4.28683e-05 0.00189627 0.000372588 0.000163943 -3.54696e-07 0.00175045 -0.000431323 0.00186443 -0.00152661 0.0018329 -0.000195749 -9.45315e-06 -1.15982e-06 -0.000428507 -9.60147e-06 0.00187475 -6.50539e-05 -3.97357e-07 3.09278e-05 0.00177694 -2.16566e-09 -2.20975e-07 0.00174847 -8.11307e-06 -1.52109e-06 -1.32468e-06 -0.00175199 -0.000116335 -0.00156168 -1.8307e-06 -7.65729e-06 -0.00196673 -4.82928e-08 -0.000161969 -0.00198516 -4.94602e-05 -0.00200731 1.26674e-06 -4.75221e-06 -0.00187336 4.39639e-05 -1.03577e-05 -0.000107009 -3.19603e-07 -0.000193092 -0.00187302 -1.27621e-05 -0.00204423 -0.000170592 0.00188382 1.94171e-05 -0.00155177 -8.70202e-05 -3.23363e-07 -0.000191973 1.12287e-05 7.65151e-08 -7.98944e-06 -1.0518e-07 -0.000181609 0.000360576 -6.14884e-06 -4.78886e-09 7.43723e-08 4.83125e-05 -0.00176139 -8.45601e-06 
-0.0472524 -2.00875e-05 0.00140936 -5.23742e-05 -7.57221e-06 0.00722036 0.0332261 0.00266375 0.0122833 0.000557651 0.000278248 0.000149572 0.0842186 0.000616848 0.000674511 -0.0198249 -0.0449848 -0.00865148 -0.000282782 -0.00073168 -8.0522e-05 -0.0485918 -0.000894128 -0.0635696 -0.00100167 0.000214232 -1.07591e-05 0.0527153 0.0303205 5.41764e-05 -0.000433462 -0.0196638 0.0097626 6.77072e-05 -0.000570578 0.000495784 0.00652644 0.000194501 -0.0198139 -0.0169243 -0.00173077 -0.0441873 -0.00176606 0.0623495 -0.000370637 -4.70673e-05 -0.0143238 -0.000389643 -0.000181255 0.0189501 -2.31595e-05 8.26838e-05 -0.0162242 4.02114e-07 -1.6295e-05 -0.00598545 -0.000306651 -6.69472e-05 0.000473339 0.0202992 0.0369623 -0.0439614 0.000300107 0.00223953 -0.0596232 4.52687e-06 0.0546634 -0.0360574 -0.00155317 -0.0624458 7.13425e-06 0.00144743 -0.005263 0.000236607 -0.00041792 0.0393456 9.47833e-05 0.0609437 0.0141835 -0.000385707 -0.0633367 0.0604871 -0.00030076 1.15564e-05 -0.0436067 -0.00351052 0.000112687 0.0642654 -1.68675e-05 8.57771e-09 0.00219974 3.62016e-05 0.061243 0.000340549 0.00173844 1.36899e-06 -1.4838e-07 -0.000384298 -0.0462598 -0.000564006 
-0.000939793 1.45841e-06 -2.66564e-05 -9.02792e-07 4.75557e-06 0.000446771 -7.53724e-05 -1.35392e-05 -7.10741e-06 0.000248048 0.000701678 0.000356909 0.000616848 0.00159771 0.00139305 0.000581505 -0.000881354 -0.000147423 -5.94581e-06 1.47974e-05 -1.08494e-06 -0.00108261 -1.71762e-05 -0.000279265 1.61261e-05 0.000312997 3.7838e-06 -0.000198961 -0.00014103 2.7234e-06 -9.70525e-06 0.000178965 0.00112599 7.73259e-05 -9.25112e-06 0.00131663 0.000284085 6.2012e-08 0.00108933 -0.000171922 -2.82375e-05 -0.00106231 -3.78701e-05 -2.61719e-05 5.87348e-07 -8.11316e-07 -0.000145425 -6.71641e-06 -2.69194e-06 -9.09453e-06 2.21746e-06 1.94326e-07 0.00113446 -1.51492e-09 8.50577e-07 -9.97949e-05 7.80878e-08 -1.15594e-06 -9.26636e-07 -0.00110358 -5.73624e-05 -0.00108285 -1.28061e-06 -5.29975e-06 -0.00136444 -3.37817e-08 5.89896e-06 -0.000323871 5.94703e-05 -0.000940388 8.514e-07 -1.80426e-06 9.8518e-06 0.000100855 -6.26035e-06 -4.0738e-05 -1.66902e-07 -3.0057e-05 -0.00118769 2.60143e-06 -0.000454531 -2.17488e-05 -3.15431e-06 2.08894e-05 -0.00108387 0.000131746 -2.26198e-07 -8.09755e-05 3.41494e-06 -2.43774e-09 6.68505e-05 9.96425e-07 -5.40952e-05 0.00116847 -4.11553e-06 -3.3499e-09 7.60633e-08 9.1632e-05 6.89981e-05 3.63012e-05 
-0.00310372 1.2779e-05 -3.52871e-06 8.7927e-06 5.29571e-06 0.000432417 -0.000256991 -3.72548e-05 -6.45454e-05 0.000548082 0.0026267 0.000365946 0.000674511 0.00139305 0.00527302 0.00213671 -0.000864644 0.000206979 -1.89558e-05 0.00111796 1.58011e-06 -0.00255797 0.000136297 -0.000837273 0.00107382 0.00138259 1.61461e-05 -0.00107117 0.000258167 8.75389e-06 -2.5103e-05 0.00172339 0.00119374 7.92925e-05 -1.39637e-05 0.00150637 0.000210438 -1.17319e-06 0.0039453 0.00214336 0.00020677 -0.00339876 -4.16078e-05 -0.000439376 2.93413e-05 -2.6876e-06 -0.000125247 -9.12395e-07 -9.13834e-06 7.48694e-05 -1.32244e-06 -5.17584e-07 0.00410867 3.51648e-07 1.16415e-06 0.000496788 -1.54167e-05 1.17392e-06 -3.06962e-06 -0.00399725 -0.000271057 -0.00356653 -4.24221e-06 -1.77439e-05 -0.00426343 -1.11907e-07 -0.000276742 -0.00119594 0.00120496 -0.00300214 1.3505e-07 -1.10121e-05 6.90902e-05 0.000102096 -2.27618e-05 -0.00024656 -7.40602e-07 -0.000427259 -0.00333463 9.82406e-06 -0.00138989 -0.000390728 -4.4571e-06 2.72919e-05 -0.0035942 0.00054651 -7.0598e-07 -0.000428898 4.60005e-05 -8.07538e-09 0.00021046 -2.43728e-07 -0.00041942 0.00208276 -1.15452e-05 -1.1097e-08 6.69592e-08 0.00125278 0.0003428 0.000477208 
-0.129888 0.000153255 -0.00258158 0.000420093 -2.37588e-06 -0.0015195 -0.0105659 -0.00209834 -0.00297315 0.000724658 0.00452223 0.00141964 -0.0198249 0.000581505 0.00213671 0.173723 -0.00432101 -0.00484724 0.00179885 -0.00178101 0.00050963 -0.145745 -0.00180175 0.0250981 -0.00246439 0.00495161 8.0756e-05 0.0728339 -0.0172425 7.91588e-05 0.000288085 0.165155 -0.00202733 -1.48152e-05 0.000633685 0.000873384 -0.00162399 -6.06752e-05 0.16468 0.13468 0.0141565 -0.143324 0.0174908 -0.0185932 0.00313425 0.000233888 0.136568 -0.000904369 0.00150882 -0.0059943 -4.83743e-05 2.68708e-05 0.162127 -1.51881e-07 0.000154172 0.0455313 -0.000787233 4.68641e-05 -0.000129365 -0.162187 -0.0123721 -0.145711 -0.000179099 -0.000721451 -0.0134725 8.44188e-06 -0.0167675 0.00475304 0.00545396 0.0137137 -2.08151e-06 -0.000325465 0.000518348 -1.08886e-05 -0.00101579 -0.0104552 -3.06788e-05 -0.0188712 -0.120241 0.000524292 0.0194936 -0.0166838 0.00230644 -1.44591e-05 -0.145268 0.0289128 -3.14499e-05 -0.0179831 8.11633e-05 3.85718e-07 -0.0010699 -8.52372e-06 -0.0173884 0.00099046 -0.00049674 -1.1858e-08 -5.50591e-07 -0.000785922 0.011861 -0.00168268 
0.0550558 -6.79822e-05 -0.0142138 4.40629e-05 -6.60464e-05 -0.00762653 -0.0423581 -0.0070712 -0.00424969 -0.000957893 -0.00265039 -0.00204957 -0.0449848 -0.000881354 -0.000864644 -0.00432101 0.0866424 0.00883252 -0.00247334 -0.00431384 -0.00076689 0.0618142 0.000609277 0.0567211 -0.00451472 -0.00793713 -7.27443e-06 -0.0531978 -0.0420792 1.39732e-05 -0.00589368 -0.00125936 -0.00985149 -4.32969e-05 -0.00566711 -0.000785005 -0.00480181 -0.000218436 -0.00444209 -0.00322792 -0.0122435 0.0606171 -0.00293113 -0.0572654 0.000368875 -0.000457701 0.0101614 -0.00372012 -0.00175401 -0.0162011 -0.000153245 -7.91163e-05 -0.00348303 8.07141e-08 5.88043e-06 -0.00873118 -0.000224284 -0.000650831 -0.000501749 0.00824552 -0.0480781 0.0619143 -0.000154943 -0.00155016 0.0560359 -1.73571e-05 -0.0570968 0.0493597 0.000478157 0.0628925 -6.32286e-06 -0.00156617 0.0128177 -0.000126442 -0.00413934 -0.0396565 -0.000110243 -0.0508926 -0.00699031 -0.00125024 0.0610877 -0.0490817 -0.00270529 -6.94168e-05 0.061535 0.00046419 -9.48718e-05 -0.0535835 -0.000105799 -1.29403e-06 0.00013735 -1.19976e-05 -0.0525802 -0.00129395 -0.00133948 -3.66073e-07 -1.26094e-06 -0.00149543 0.0545986 -0.0042133 
-0.0302039 1.86165e-06 -0.00167622 9.78974e-05 -1.28303e-06 -0.000799704 -0.00469758 -0.000895873 -0.0014946 -6.73874e-05 -0.000739155 -0.000213599 -0.00865148 -0.000147423 0.000206979 -0.00484724 0.00883252 0.0863075 -0.000378229 -0.00056526 -7.30165e-05 0.0144825 -0.000848181 -0.00484549 -0.000772995 -0.00119901 9.27902e-07 -0.0183983 -0.00379653 -2.69567e-05 -0.000698335 -0.00402365 -0.00116634 -7.9951e-06 -0.000595577 -0.0001639 -0.000693163 -2.59148e-05 -0.00290809 -0.00530012 -0.0014439 0.011011 -0.00153219 -0.00813185 -0.000314941 -3.50386e-05 -0.00414931 -0.000330343 -0.000182465 -0.00267569 -2.23448e-05 -2.10486e-06 -0.00404054 -3.03222e-08 -2.19298e-05 0.00527475 -5.42175e-05 -5.54957e-05 -5.52276e-05 0.00286198 -0.00528411 0.0127916 -7.47155e-05 -0.000316425 0.00227181 -1.88745e-06 -0.00729117 0.00486428 -0.00146155 0.00951281 -8.42324e-07 -0.000189788 0.00136298 -1.93031e-05 -0.000436609 -0.00444731 -1.28362e-05 -0.00719888 -0.00875249 0.000242967 0.0086629 -0.0070792 -0.000286824 -8.02433e-06 0.00946274 -2.75209e-05 -1.34863e-05 -0.00789766 2.5404e-05 -1.45342e-07 -0.000402758 2.26665e-07 -0.00745168 -0.000346225 -0.000251068 -7.30598e-08 -2.3471e-07 -0.000573341 0.00621346 -0.000692973 
-0.00123349 -9.1213e-07 -6.62526e-05 -3.79904e-07 1.50125e-05 -3.44613e-05 -0.000170492 3.17168e-05 1.79376e-05 5.58389e-06 0.00187409 0.00189332 -0.000282782 -5.94581e-06 -1.89558e-05 0.00179885 -0.00247334 -0.000378229 0.00418319 -7.82834e-06 0.000513904 -0.00266374 -2.72574e-05 0.000389395 -2.18422e-05 0.00193302 6.54371e-06 -0.000785918 -0.000350154 -8.7237e-07 0.0019164 -0.000801072 -5.30037e-05 -3.52016e-07 0.00189872 -7.618e-06 -2.48638e-05 5.92329e-07 0.00110072 -0.000729988 0.00259174 -0.000808786 0.00183516 -0.000305227 -1.25954e-05 0.000239507 -0.000690881 6.75555e-06 0.00189665 -0.000119444 -2.67956e-07 2.64143e-05 0.0010886 -3.9768e-09 -9.87267e-07 0.00225299 -1.38013e-05 0.000122575 -1.33583e-06 -0.00164492 -0.000157881 -0.000776097 -3.34504e-06 3.2139e-05 -0.00144225 9.77987e-07 -0.000290412 -0.00228668 4.43199e-05 -0.00165688 1.23784e-06 8.62036e-05 -0.00250223 -1.53528e-06 -1.3134e-05 -0.00019416 7.31645e-06 -0.000213568 -0.00182365 0.000545561 -0.00160879 -0.000289877 0.00245042 9.82985e-07 -0.000775444 -0.000159513 -2.10455e-07 -0.000286599 2.23913e-05 7.36007e-08 -1.91878e-05 -1.93141e-07 -0.000311043 -1.3572e-05 2.87393e-05 2.4454e-07 8.63326e-08 -2.89334e-05 -0.00226997 3.08006e-06 
-0.00474934 -1.67895e-06 0.00453596 -4.55684e-06 4.48316e-05 -6.83199e-05 0.00418614 0.00464506 -0.000122743 1.16799e-05 0.00273319 -1.8135e-05 -0.00073168 1.47974e-05 0.00111796 -0.00178101 -0.00431384 -0.00056526 -7.82834e-06 0.00801211 0.000114196 -0.002534 -1.06886e-05 -0.00682133 0.00788579 0.00459273 1.43553e-05 -0.00151006 0.00569819 -5.7261e-07 0.00458908 -0.0017052 -0.000100818 -2.96855e-07 0.00415999 -1.45907e-05 -5.94024e-05 -1.89392e-06 0.00107611 0.00171455 -0.00011325 -0.00538965 -0.000201491 0.0036408 -2.57273e-05 0.000153908 -0.00140942 0.00406453 -1.42585e-05 -0.000199618 0.000181472 -1.40829e-06 0.00107286 4.90201e-08 -1.73498e-06 0.000471742 0.000530121 0.00047484 2.67281e-06 -0.00568047 0.00426124 -0.00549885 -2.78388e-06 3.35502e-05 -0.00675213 2.56154e-07 0.00407512 -0.00731555 0.00369153 -0.00705389 4.09448e-07 -1.67792e-05 -0.00480233 -2.7987e-06 0.00449892 -0.000372492 -1.12846e-06 -0.000648231 -0.00490092 -3.72181e-05 -0.00722629 -0.000598948 0.000153236 5.15038e-05 -0.00547848 -0.000270339 -1.14173e-06 -0.000656235 1.21204e-05 6.34362e-07 0.00117935 -3.7137e-07 -0.000634793 0.00148143 -2.06241e-05 -1.69086e-08 3.3013e-07 0.00303787 -0.00440229 0.00663768 
-0.000480424 8.14049e-08 -1.15996e-07 2.82608e-06 1.92354e-05 -7.46979e-06 -3.85323e-05 8.94654e-07 -1.42523e-05 -1.14764e-06 9.55568e-05 -1.98938e-06 -8.0522e-05 -1.08494e-06 1.58011e-06 0.00050963 -0.00076689 -7.30165e-05 0.000513904 0.000114196 0.00086885 -0.000415293 -7.52465e-06 -3.05122e-05 0.000118227 -1.11536e-05 -1.19296e-07 -0.000178055 0.000178996 -3.00652e-07 -6.40287e-06 -0.000191448 -1.09217e-05 -7.28701e-08 -5.41162e-06 -1.57837e-06 -6.39526e-06 4.13803e-07 -0.000115995 -3.54104e-05 0.000614609 0.000157749 1.70953e-05 -7.43693e-05 -3.55673e-06 0.000417692 -0.000113039 -3.22311e-06 7.46473e-06 -2.43937e-05 9.04864e-05 -1.51616e-07 -0.000166236 -8.23228e-10 -2.04372e-07 0.000631258 9.0086e-05 0.000139498 9.06454e-07 -0.000636208 -4.30773e-05 0.000148554 -6.959e-07 2.34926e-06 1.0001e-05 1.1075e-05 -6.66614e-05 -0.000779117 0.000210388 -2.64746e-05 -1.01077e-08 0.000112667 -0.000807837 -3.17815e-07 -3.93492e-06 -4.0677e-05 2.55177e-07 -7.34895e-05 -0.000649066 0.000703108 -4.66266e-05 -6.46899e-05 0.000760446 1.62221e-05 0.000147141 -2.80611e-05 -1.22919e-07 -7.26342e-05 4.18604e-06 5.20086e-08 8.0596e-05 -3.99816e-08 -6.90343e-05 8.73331e-06 -1.61417e-07 1.51296e-09 -2.13923e-09 0.000116382 -0.000755551 0.000108312 
0.177809 -0.000137837 -0.0118335 -0.000384861 1.98548e-06 -0.00585744 -0.0335371 -0.00600727 -0.010445 -0.00123047 -0.00472079 -0.00156064 -0.0485918 -0.00108261 -0.00255797 -0.145745 0.0618142 0.0144825 -0.00266374 -0.002534 -0.000415293 0.216804 0.00265495 0.0525667 -0.00189168 -0.00941145 -8.05094e-05 -0.138535 -0.0240486 -0.000235192 -0.00502215 -0.147192 -0.0085017 -5.36358e-05 -0.00428169 -0.0012382 -0.00500038 -0.000184717 -0.147227 -0.118835 -0.0123877 0.201515 -0.0168041 -0.058346 -0.00278272 -0.000217468 -0.126792 -0.00286255 -0.00133222 -0.0193351 7.57668e-05 -0.000118331 -0.146275 -5.89147e-07 -0.000144191 -0.0397959 0.00110213 -0.000461863 -0.000388283 0.146502 -0.0377725 0.205921 -0.000545926 -0.00228252 0.0861322 -1.32745e-05 -0.052324 0.0430817 -0.00496646 0.0629683 -7.54274e-06 -0.00138369 0.0100215 -0.000225579 -0.00312351 -0.0319082 -9.33708e-05 -0.0532947 0.10756 -0.000242707 0.0589416 -0.0507523 -0.00191747 -9.4722e-06 0.205208 -0.0252036 -9.64286e-05 -0.054247 -5.18493e-05 2.17453e-07 -0.00136544 -2.94185e-05 -0.0534955 -0.00145237 -0.0018525 -1.4014e-06 7.01795e-07 0.00129168 0.0445717 -0.00328 
0.00201764 -1.85417e-06 -0.000190468 -6.11632e-06 -7.98185e-07 -8.88416e-05 -0.000528895 -9.49925e-05 -0.000171871 -1.97769e-05 -7.77526e-05 -2.48022e-05 -0.000894128 -1.71762e-05 0.000136297 -0.00180175 0.000609277 -0.000848181 -2.72574e-05 -1.06886e-05 -7.52465e-06 0.00265495 0.0107241 0.000994536 -3.36405e-05 -0.000157229 -1.4873e-06 -0.00192388 -0.000973922 -2.85166e-06 -7.63351e-05 -0.00174689 -0.000110093 -6.71828e-07 -6.80101e-05 -1.75713e-05 -7.96184e-05 -2.94474e-06 -0.00176109 -0.00123731 0.000391556 0.00252067 -0.000308949 -0.000916317 -4.47333e-05 -4.92324e-06 -0.00198658 -4.5503e-05 -2.12186e-05 -0.000307824 -2.7046e-06 -1.89024e-06 -0.00165354 -1.02634e-08 -1.93797e-06 -0.000505458 -3.69359e-05 -6.61825e-06 -6.27786e-06 -0.00198598 -0.000598385 0.00262817 -8.676e-06 -3.60725e-05 0.000930375 -2.28867e-07 -0.00082183 0.00058648 -0.000108929 -0.00516334 -1.26016e-07 -1.90782e-05 0.000119569 -3.64897e-06 -4.96397e-05 -0.000497222 -1.51465e-06 -0.00089573 0.00187645 0.00156355 0.000816775 -0.000795113 -3.31198e-05 -9.29998e-07 0.0026516 -0.00041195 -1.53247e-06 -0.000875389 -1.50416e-06 -1.65155e-08 -4.9159e-05 -4.98463e-07 -0.000844043 5.71698e-05 -2.94405e-05 -2.26952e-08 -2.66705e-08 0.000178048 0.000702429 -6.86818e-05 
0.0512393 1.59667e-05 -0.0140786 6.5118e-05 -4.61545e-05 -0.00713877 -0.0430127 -0.00839652 -0.0132269 -0.000381817 -0.0024244 3.60588e-05 -0.0635696 -0.000279265 -0.000837273 0.0250981 0.0567211 -0.00484549 0.000389395 -0.00682133 -3.05122e-05 0.0525667 0.000994536 0.103097 -0.0100083 -0.0036345 -9.53453e-06 -0.0642921 -0.0445775 -0.000115502 -0.00459621 0.0229079 -0.0100635 -6.72292e-05 -0.00349882 -9.94347e-05 -0.00645679 -0.0002396 0.0158357 0.0125668 0.00215249 0.0589754 0.00116041 -0.0749037 0.000474568 -9.95675e-05 0.0166942 -0.00362026 0.000223815 -0.0250334 -0.000218682 -8.04297e-05 0.0171593 -4.46171e-07 4.00131e-06 0.00665295 -0.00309665 -0.000401658 -0.000511226 -0.0181376 -0.0488976 0.0604681 -0.000706775 -0.00291949 0.0762059 -4.17936e-06 -0.0672674 0.0494294 -0.00738173 0.081571 -8.45998e-06 -0.001606 0.0106331 -0.000241125 -0.00403524 -0.041314 -0.000122013 -0.071659 -0.0131177 0.000440006 0.0838363 -0.0658431 0.000178824 -6.40744e-05 0.0603918 0.00441606 -0.000124665 -0.0724491 -2.48494e-05 -1.1522e-06 -0.00432159 -3.61736e-05 -0.0697331 -0.00141807 -0.00226476 -1.26566e-06 -2.17287e-06 -0.00670972 0.0552301 -0.00670494 
-0.00696408 -2.7503e-06 0.00446392 -6.63523e-06 5.49564e-05 -9.82964e-05 0.00452137 0.00549854 -0.000119279 -6.95383e-06 0.00291612 -2.68223e-05 -0.00100167 1.61261e-05 0.00107382 -0.00246439 -0.00451472 -0.000772995 -2.18422e-05 0.00788579 0.000118227 -0.00189168 -3.36405e-05 -0.0100083 0.0117039 0.00454792 1.75185e-05 0.000937758 0.0066641 -4.94927e-07 0.00508469 -0.00242195 -0.000149444 1.94164e-07 0.00413508 -2.14976e-05 -8.55311e-05 -2.62704e-06 0.00318529 0.00398339 -0.000145315 -0.00789967 -0.000282488 0.00353625 -3.89993e-05 0.000153845 -0.00153834 0.00405386 -2.04273e-05 -0.000246579 0.000246335 -2.06503e-06 0.00099146 4.54542e-08 3.90309e-06 0.000336333 0.00290553 0.000473417 5.13163e-06 -0.00520657 0.00454127 -0.00805727 0.000349345 0.000552262 -0.00911481 5.66361e-08 0.00378036 -0.00801108 0.00736145 -0.0103021 3.65665e-07 -2.4604e-05 -0.00531588 -4.00536e-06 0.00449173 -0.000552993 -1.63138e-06 -0.000698528 -0.00490516 -5.59305e-05 -0.0105377 -0.000882297 0.000174886 5.8284e-05 -0.00801744 -0.000416369 6.49249e-06 0.000136223 1.96135e-05 1.23862e-06 0.0020574 -7.45558e-08 -0.000925498 0.00156284 0.000429047 -2.47938e-08 2.19753e-06 0.00611363 -0.00468994 0.00735599 
-0.00858228 6.27287e-05 0.00571453 -8.26498e-06 1.74288e-05 -0.000109699 0.00415006 0.00451703 -0.000230666 0.00110272 0.00564743 0.00212958 0.000214232 0.000312997 0.00138259 0.00495161 -0.00793713 -0.00119901 0.00193302 0.00459273 -1.11536e-05 -0.00941145 -0.000157229 -0.0036345 0.00454792 0.0144472 5.17527e-06 -0.00258856 0.00650398 -4.72919e-06 0.00644426 0.00281601 9.28024e-05 2.72514e-05 0.00618031 0.000361668 9.82176e-06 -3.8191e-06 0.00508567 -9.37063e-05 0.00293863 -0.00895092 0.00234603 0.00398228 0.00029792 2.36065e-05 -0.000607982 0.00406471 0.00189703 1.01694e-05 -3.48433e-06 3.19737e-05 0.00503523 4.61198e-08 -3.34251e-06 0.00407398 -5.10982e-05 0.000480632 -7.83678e-06 -0.00859859 0.00404512 -0.00891968 -9.85666e-06 -4.63504e-05 -0.00930934 1.62715e-06 0.00457099 -0.00611394 0.000282857 -0.0105388 1.51291e-06 -8.6778e-06 -0.00647571 3.19314e-05 0.00450509 -0.00033127 -2.0484e-06 -0.000603651 -0.0101352 -5.09985e-06 -0.00648147 -0.000679612 0.00197763 1.93323e-05 -0.00898684 -0.000502733 -1.44249e-06 -0.00103772 7.72788e-05 1.34331e-07 -7.17803e-05 1.56626e-05 -0.00077456 0.000907604 1.12416e-05 1.65974e-07 -3.60689e-08 -7.67205e-05 -0.00616925 0.00459614 
-7.94069e-05 3.08145e-07 -2.4079e-06 1.51927e-06 -1.12385e-08 1.68495e-06 1.70466e-06 9.76857e-06 -2.21501e-06 6.82879e-07 -8.31593e-07 -3.13831e-07 -1.07591e-05 3.7838e-06 1.61461e-05 8.0756e-05 -7.27443e-06 9.27902e-07 6.54371e-06 1.43553e-05 -1.19296e-07 -8.05094e-05 -1.4873e-06 -9.53453e-06 1.75185e-05 5.17527e-06 0.000137165 5.06606e-05 1.14799e-05 9.42571e-07 6.1959e-06 7.84821e-05 2.72271e-06 -1.14955e-08 -8.61062e-07 3.70101e-06 -1.00887e-06 1.57607e-06 9.21281e-05 3.68007e-05 -2.19544e-06 -8.83588e-05 -2.60842e-06 -1.16627e-05 8.9313e-07 -6.95501e-08 7.89274e-05 5.04757e-06 -2.68486e-07 -3.36527e-06 -3.42222e-08 6.59415e-07 7.1391e-05 -1.29867e-10 3.8776e-07 4.2717e-05 -4.86511e-07 -1.02807e-07 -7.9436e-08 -9.36315e-05 1.81531e-06 -9.23381e-05 -1.09781e-07 4.28415e-06 -3.94787e-05 -2.89594e-09 -4.38342e-06 -2.0082e-05 2.22519e-05 -6.87656e-06 -1.59453e-09 4.50277e-08 -6.72729e-06 -5.01364e-08 -6.28109e-07 -5.10026e-06 1.59417e-06 -1.15932e-05 -0.000106184 -7.03023e-07 -8.23137e-06 -1.02298e-05 -2.21092e-07 5.15657e-08 -9.20704e-05 -1.03461e-06 -1.93909e-08 -7.93192e-06 -2.58655e-08 -2.08976e-10 -6.73188e-07 -6.30723e-09 -1.08904e-05 2.15629e-06 1.46748e-06 -2.8717e-10 -3.37471e-10 2.36496e-06 1.90312e-07 6.23616e-06 
-0.123263 4.39107e-05 0.00761407 -1.17081e-05 -1.67424e-05 0.00629851 0.0341331 0.00281519 0.0121342 4.2497e-05 -0.0019457 -0.000480267 0.0527153 -0.000198961 -0.00107117 0.0728339 -0.0531978 -0.0183983 -0.000785918 -0.00151006 -0.000178055 -0.138535 -0.00192388 -0.0642921 0.000937758 -0.00258856 5.06606e-05 0.16589 0.0271823 0.000108156 -0.000717323 0.0774428 0.00866304 -1.47925e-05 -0.00131684 -0.000300341 0.00553081 0.000213736 0.0792323 0.063377 -0.00109501 -0.140102 0.00737139 0.0626984 -0.000655277 -0.000106448 0.071726 -0.000857978 -0.00039868 0.0223668 -4.80228e-05 6.91263e-05 0.0740703 3.01217e-07 0.000161337 -0.005212 0.0020523 -0.000154517 0.00044958 -0.0710999 0.0390604 -0.143212 0.000631852 0.00263837 -0.076492 1.86728e-06 0.0553181 -0.038018 0.00623001 -0.0643542 6.52931e-06 0.00143551 -0.00427096 0.000160124 -0.00095738 0.0369242 0.000108144 0.0628113 -0.0477363 -0.000892754 -0.0660653 0.0588619 -0.000675048 -1.18723e-05 -0.142311 0.00469668 0.000111329 0.0646938 -3.48648e-05 -2.39873e-07 0.00250485 1.55591e-05 0.0623668 -0.000802475 0.00205187 1.1971e-06 -5.16556e-07 0.00233156 -0.0441099 -0.00076547 
-0.042051 -1.36249e-05 0.0108554 -5.31677e-05 4.58982e-05 0.00319474 0.0415795 0.00731686 0.000372688 0.000379696 0.0031154 -0.000215495 0.0303205 -0.00014103 0.000258167 -0.0172425 -0.0420792 -0.00379653 -0.000350154 0.00569819 0.000178996 -0.0240486 -0.000973922 -0.0445775 0.0066641 0.00650398 1.14799e-05 0.0271823 0.0862957 2.48384e-05 0.0046904 -0.0179745 -0.000258352 -7.16054e-06 0.00366581 -0.000170204 -0.000637118 0.000216176 -0.0151515 -0.0132817 -0.0016743 -0.0342697 -0.000668891 0.0411652 -0.000363903 0.000174419 -0.0133359 0.00371016 -0.00016849 0.00146441 0.000200885 8.1341e-05 -0.0161273 1.66358e-07 -2.1213e-05 -0.00477841 0.000647231 0.000425289 0.000482218 0.0136325 0.0434719 -0.0264554 0.000688213 0.00238392 -0.0422326 1.08429e-05 0.0407066 -0.0440493 0.00314471 -0.0484981 -2.88209e-08 0.00143309 -0.0103205 2.43456e-05 0.0041336 0.034724 0.000113433 0.0346816 0.00155917 3.92234e-05 -0.0450109 0.0342716 0.000189657 4.70736e-05 -0.0271538 -0.00347416 5.46424e-05 0.0361145 9.76e-05 1.21801e-06 3.55057e-06 3.84173e-05 0.035297 -8.98886e-05 0.00200842 -1.99696e-07 1.99199e-06 0.00223001 -0.0419011 0.00559237 
-0.000203181 -8.02816e-08 -4.65272e-07 1.62683e-05 -2.83236e-08 -2.07647e-06 2.02645e-06 9.08333e-05 -4.27302e-06 -6.31203e-07 5.6183e-06 -7.90925e-07 5.41764e-05 2.7234e-06 8.75389e-06 7.91588e-05 1.39732e-05 -2.69567e-05 -8.7237e-07 -5.7261e-07 -3.00652e-07 -0.000235192 -2.85166e-06 -0.000115502 -4.94927e-07 -4.72919e-06 9.42571e-07 0.000108156 2.48384e-05 0.000345614 1.84092e-05 0.000224659 -3.82851e-06 -2.89713e-08 -2.17007e-06 1.32915e-06 -2.54259e-06 4.91943e-06 0.000183202 0.000196169 1.74929e-05 -0.000230602 6.28709e-06 7.80175e-05 2.78024e-07 -1.75282e-07 0.000262648 -1.45106e-06 -6.76646e-07 -3.03846e-06 -8.62478e-08 4.34305e-06 0.000123595 2.99673e-07 4.38208e-06 9.45566e-05 5.97214e-07 -2.59098e-07 1.6898e-06 -0.000132914 1.50846e-05 -0.000235438 6.513e-05 8.89128e-05 -0.000154458 -7.29843e-09 -2.25748e-05 -0.000200068 4.37273e-05 -0.000125361 -4.01857e-09 5.5018e-06 -6.61451e-05 -1.26355e-07 -1.58298e-06 2.00412e-05 6.98837e-06 1.94725e-05 -0.00017957 -1.74166e-06 -6.31617e-05 -2.43913e-05 -1.11005e-06 -2.9657e-08 -0.000232983 -7.68214e-06 -4.88694e-08 3.4474e-05 -6.51869e-08 -5.26667e-10 5.14674e-06 -1.58957e-08 -2.53796e-05 3.45599e-06 7.27045e-05 -7.23735e-10 -8.50504e-10 -7.14336e-07 -4.80785e-05 1.09142e-05 
-0.00436001 -1.71885e-06 0.00443106 -4.18408e-06 1.61557e-05 -1.21643e-05 0.00476339 0.00524778 -9.67103e-05 1.00695e-05 0.00207655 0.00188812 -0.000433462 -9.70525e-06 -2.5103e-05 0.000288085 -0.00589368 -0.000698335 0.0019164 0.00458908 -6.40287e-06 -0.00502215 -7.63351e-05 -0.00459621 0.00508469 0.00644426 6.1959e-06 -0.000717323 0.0046904 1.84092e-05 0.00736161 -0.00160486 -5.49013e-05 -2.64821e-07 0.00603956 -1.33547e-05 -5.29399e-05 -1.86778e-06 0.00026348 -0.00137563 0.0018079 -0.00494758 0.00179069 0.004027 -3.0647e-05 2.70899e-05 -0.000599809 0.00397796 0.00188601 -0.000166947 9.78649e-06 6.86269e-05 0.000406765 4.96456e-08 -1.73969e-06 0.00180693 -2.12658e-05 0.000476775 5.08743e-07 -0.0047918 0.0048869 -0.00500489 0.000445082 0.000746865 -0.00636842 7.0102e-08 0.00412635 -0.00687665 0.000961704 -0.00651315 1.83046e-06 -1.03833e-05 -0.0072305 2.40095e-05 0.00444614 -0.000277285 -4.61503e-08 -0.000591176 -0.00603292 -3.17495e-05 -0.00665852 -0.000484717 0.00190971 8.35047e-06 -0.00502833 -0.000282281 3.8485e-05 -0.000452765 1.8945e-05 6.8702e-08 -1.06493e-06 2.62457e-05 -0.00051151 -1.31028e-05 0.000553587 -1.55254e-08 2.71755e-07 -4.13728e-05 -0.00680402 0.00521601 
-0.129016 0.000154051 -0.00191656 0.000428151 -1.61582e-05 -0.00174684 -0.0103641 -0.00191819 -0.00296621 0.000721567 0.00236103 -0.000499972 -0.0196638 0.000178965 0.00172339 0.165155 -0.00125936 -0.00402365 -0.000801072 -0.0017052 -0.000191448 -0.147192 -0.00174689 0.0229079 -0.00242195 0.00281601 7.84821e-05 0.0774428 -0.0179745 0.000224659 -0.00160486 0.171794 -0.00225239 -1.66343e-05 -0.00129628 0.00049135 -0.00158565 -5.95658e-05 0.167239 0.138653 0.0110296 -0.146068 0.0160898 -0.0173257 0.00315146 -0.000111713 0.140487 -0.000837833 -0.000394435 -0.005281 -5.49685e-05 2.69918e-06 0.162632 1.91405e-07 0.000163521 0.0434267 -0.000653432 -0.000131948 -0.000127532 -0.161974 -0.0120327 -0.148993 -0.000135095 -0.000633911 -0.0132123 -4.13152e-06 -0.0158048 0.00734522 0.0056375 0.0142994 -2.30783e-06 -0.000368796 0.00336612 -4.41135e-05 -0.00100773 -0.0102493 -2.87239e-05 -0.01678 -0.116986 -0.000364289 0.0204499 -0.0163468 -0.000510536 -1.87047e-05 -0.148489 0.0296266 -3.01194e-05 -0.0170041 -2.66623e-05 -3.28995e-07 -0.00106064 -8.18415e-06 -0.0165552 0.000646878 -0.000424385 8.9874e-07 -5.42053e-07 -0.000912234 0.0141915 -0.00168037 
-0.00745619 5.43471e-06 0.00158203 -7.13183e-06 4.18187e-06 0.00462261 -0.000534617 0.000286467 0.00139516 0.000206587 0.00045424 0.000330824 0.0097626 0.00112599 0.00119374 -0.00202733 -0.00985149 -0.00116634 -5.30037e-05 -0.000100818 -1.09217e-05 -0.0085017 -0.000110093 -0.0100635 -0.000149444 9.28024e-05 2.72271e-06 0.00866304 -0.000258352 -3.82851e-06 -5.49013e-05 -0.00225239 0.012551 7.80314e-05 -7.59503e-05 0.00119511 0.0020862 6.48637e-05 -0.00110144 -0.00220184 -0.000235047 -0.00840402 -0.00034288 0.00935471 -5.19612e-05 -6.39513e-06 -0.00179471 -5.26822e-05 -2.44403e-05 0.00908994 -2.99467e-06 -2.21645e-06 -0.00150091 -1.20346e-08 1.30232e-06 -0.000805828 -4.05611e-05 -9.52705e-06 -7.34791e-06 0.00153726 0.00248053 -0.00858513 -9.24324e-06 0.000221838 -0.0106647 8.58303e-07 0.00950319 -0.0026902 -0.000264219 -0.0105214 5.13224e-06 0.000116205 -0.00106867 0.000142321 -5.60028e-05 0.00296254 8.24063e-06 0.00978028 0.000846487 -7.1923e-05 -0.0103751 0.00831359 -4.10078e-05 1.98595e-05 -0.00854307 -0.000413106 6.62464e-05 0.00983764 3.53077e-07 5.39678e-08 -3.64069e-05 6.81885e-06 0.00995207 0.000937468 5.31355e-05 6.67216e-08 4.87269e-08 0.000116629 -0.0083765 -7.88436e-05 
