7.7524e-05 -5.87693e-07 2.92136e-05 2.98919e-05 -8.9307e-06 -2.80537e-06 2.12038e-05 2.44283e-05 4.94455e-06 -1.76996e-05 -3.4568e-05 -9.10485e-06 1.71235e-06 -2.90011e-08 -2.22901e-05 4.15885e-05 5.68618e-07 -1.83681e-05 -5.65543e-07 -1.86967e-05 -3.19737e-05 3.73566e-05 3.81199e-05 -3.40013e-05 -1.38082e-07 -7.90276e-08 -3.05437e-05 -4.54569e-05 2.96068e-05 -6.868e-07 3.00979e-07 -9.91658e-06 -1.66371e-07 -1.75665e-05 2.84108e-05 -7.67423e-06 -4.897e-08 -3.74843e-07 -2.23972e-05 7.82398e-07 -4.82604e-07 -2.48038e-05 -9.0116e-08 2.76137e-06 -2.75566e-06 3.96951e-05 1.87253e-05 -1.51114e-08 -1.38957e-06 -9.73613e-07 9.30212e-07 -2.25855e-08 2.88535e-05 -6.02396e-06 -8.87791e-06 -2.62104e-06 -6.26357e-08 -3.11921e-05 -3.60314e-08 -1.8503e-05 2.17105e-05 -2.04198e-06 -1.70969e-05 -2.06762e-05 -8.52962e-06 -3.32689e-05 -9.52353e-09 1.3901e-06 -6.25712e-08 -1.47922e-07 -5.6888e-06 3.24493e-05 -7.35049e-08 -8.88754e-06 -3.42083e-06 -2.23722e-07 -4.98277e-06 -3.15943e-05 3.92487e-05 4.918e-06 -2.24565e-05 1.50394e-06 -1.08861e-06 -6.0307e-08 -2.4493e-06 2.42884e-05 -6.18134e-07 1.4882e-07 -9.24323e-08 -1.09779e-05 -1.02688e-08 -1.21955e-09 -2.70941e-06 1.29142e-05 1.63111e-06 4.3766e-05 -1.95815e-08 1.74155e-06 -3.32535e-05 6.32817e-07 
-5.87693e-07 0.0199766 0.00707003 0.0073862 -0.0012994 -0.000822446 -0.000152824 0.0071444 -0.00030287 -0.00456686 -0.00845231 -0.00255116 -8.23956e-05 1.89919e-05 -0.00574389 -0.000366192 -0.0038422 0.0123682 -0.000150758 -0.00384432 -0.00728366 -0.000127103 -0.00116275 -0.00715818 0.0016409 -1.9523e-05 -0.00803895 -0.00862637 0.00706792 -0.00017989 -3.54967e-05 -0.00149376 -2.20532e-05 -0.00487955 0.00375238 -0.000687253 6.58296e-05 -0.00011702 -0.00578035 -0.000110691 -0.00018972 -0.00627335 -8.53621e-06 -0.000189595 -0.000716569 -0.000319246 0.0073278 4.39986e-05 0.00123511 0.0056217 -6.56043e-05 3.74394e-05 -0.00273322 -0.000769955 -0.00122325 -0.000673426 0.000222235 -0.00712415 -1.88148e-05 -0.00481072 -0.000499192 -0.000765383 -0.00440619 -0.00542671 -0.001173 -0.00796357 -2.43827e-06 -6.87458e-05 -1.84719e-05 -3.7764e-05 -0.000603431 0.0157895 -1.65604e-05 0.00746468 0.0100985 0.000158142 -0.00122068 -0.00193212 -0.0003306 -2.98669e-05 -0.00584263 0.00926904 -0.00028485 -1.18957e-05 0.00350367 0.00710433 -0.000158806 0.000151931 -2.39821e-05 -0.00179502 3.8929e-05 -1.7744e-07 0.0107063 -2.29732e-05 -0.000212868 -0.000671409 -1.41712e-06 -0.000160133 -0.00853288 -3.39502e-05 
2.92136e-05 0.00707003 0.247838 0.236987 -0.0881608 -0.0215422 0.0085517 0.242193 -0.000820604 -0.121681 0.204982 -0.0734981 -0.00148935 -0.00019906 -0.153547 0.000576351 0.225722 -0.10658 -0.00447647 -0.155572 -0.233884 0.00300824 0.0164694 -0.239477 0.000748858 -0.000557051 0.176793 0.070759 0.241304 -0.00475192 -0.000544514 -0.0950459 -0.000855912 -0.129359 0.241023 -0.0781382 -0.000319397 0.00290437 -0.15384 -0.00139524 -0.00298996 -0.175304 -0.00061903 -0.00160645 -0.0129067 0.00186615 0.240377 8.26228e-05 0.0081029 0.0102412 -0.00129176 -0.000155341 0.229483 -0.0685084 -0.0858117 -0.018409 -2.35307e-05 -0.240567 0.000172012 -0.128796 0.00531027 -0.02415 -0.118733 -0.141857 -0.0821679 0.195818 -2.34995e-05 -0.00211186 -0.00118021 -0.00103451 -0.0651049 0.0446966 2.66311e-05 0.240957 0.0186392 -0.00107209 -0.0336357 -0.203313 0.000818427 -0.000297238 -0.15346 0.00891411 -0.00551447 6.08642e-05 0.00393239 0.241238 -0.00258938 0.00237374 -0.000649005 -0.102473 1.00402e-05 -8.46969e-06 0.0197245 -0.0614389 -0.00121712 0.0100975 -0.000138013 -0.00055457 0.196554 -0.00100847 
2.98919e-05 0.0073862 0.236987 0.248808 -0.0862945 -0.0211365 0.00675902 0.240613 0.00348431 -0.12141 0.202415 -0.0723688 -0.000538384 -0.000194835 -0.153261 0.00531144 0.218136 -0.104856 -0.00536919 -0.154318 -0.231042 0.00306238 0.0146494 -0.237909 0.000811315 -0.000543017 0.174277 0.0641793 0.240206 -0.00466384 -0.000653784 -0.0929084 -0.000893286 -0.128156 0.234885 -0.0764482 -0.000317998 0.00261195 -0.154264 -1.44073e-05 -0.00310212 -0.17358 -0.000609194 0.00180382 -0.0141957 0.0054921 0.234475 6.64398e-05 0.0082456 0.0131261 -0.000899324 -0.000153333 0.223725 -0.0667227 -0.0839325 -0.0180417 -6.38118e-06 -0.239545 -0.000418045 -0.127533 0.00869291 -0.0200274 -0.11782 -0.142296 -0.080344 0.194222 -4.38855e-05 -0.00206691 -0.00117202 -0.00101983 -0.0637019 0.0414577 0.000183842 0.235206 0.0192767 -0.000825508 -0.0342834 -0.210279 0.00515021 -0.000644676 -0.154343 0.00870738 -0.00731707 -1.58226e-05 0.00408918 0.239771 -0.00271177 0.00248569 -0.00063624 -0.100177 4.90493e-05 -8.40802e-06 0.0195881 -0.0601118 -0.00178481 0.0118061 -0.000135002 0.00239618 0.19404 -0.000601002 
-8.9307e-06 -0.0012994 -0.0881608 -0.0862945 0.135385 0.0334937 -0.00315962 -0.0883231 -0.00257976 -0.0365966 -0.0729845 0.0990262 -0.000744793 0.000265057 -0.0450366 -0.00277905 -0.0810074 -0.0381191 0.00436335 0.114515 0.0857369 -0.00107592 -0.00745314 0.0868307 -0.000287537 0.000846956 -0.0637473 -0.123497 -0.0887177 -0.00135062 -0.000296801 0.131423 -0.000313277 -0.0364779 -0.0858218 0.119584 7.06493e-05 -0.00105029 -0.0454942 -0.000896909 0.00608934 8.02158e-05 0.000619465 -0.00116128 -0.00573208 -0.00262096 -0.0856398 -3.14686e-05 -0.00295448 -0.00572419 -0.000519701 6.27802e-05 -0.0816223 0.104493 0.131267 0.00499717 -8.82054e-05 0.088024 -0.000150636 -0.0348361 -0.00466174 0.0326612 -0.0315025 -0.0426326 0.12636 -0.0697928 -1.87155e-05 0.000603595 -1.08106e-06 0.00159074 0.0996534 -0.0160916 -2.53065e-05 -0.085877 -0.00581209 -0.000459919 -0.00897505 0.0750011 -0.00288216 -0.000198898 -0.0453395 -0.0031982 0.0035642 0.000163674 0.00524226 -0.088643 -0.00108407 -0.00085794 0.000966402 0.129496 -2.13843e-05 -2.4663e-06 -0.00706909 0.0948546 -0.00170669 -0.00446647 0.000178513 -0.00127097 -0.0699753 -0.000286505 
-2.80537e-06 -0.000822446 -0.0215422 -0.0211365 0.0334937 0.0398314 -0.000784393 -0.0216328 -0.000663697 -0.00941282 -0.0183907 0.0155815 -0.00019169 9.45111e-05 -0.0115195 -0.000760495 -0.019769 -0.00992939 -0.000116789 0.0284 0.0208081 -0.000268337 -0.00204414 0.0205611 -7.40162e-05 -1.38513e-05 -0.016398 -0.0307441 -0.0217328 -0.000332123 -5.46002e-05 0.0328502 -5.31899e-05 -0.009721 -0.0210031 0.0338614 5.10972e-05 -0.000266038 -0.0118265 -0.000230995 0.00130317 0.00257951 2.36217e-05 -0.000445835 -0.001472 -0.000675258 -0.0209174 -6.97684e-06 -0.000760069 -0.00158073 -0.000133895 7.47678e-06 -0.0200725 0.0217754 0.0325611 -0.000668203 -3.18514e-05 0.0211517 -2.51718e-05 -0.00962627 -0.00119477 0.0138122 -0.00884204 -0.0109619 0.0248723 -0.0177106 -4.92824e-06 0.000174929 -0.000112762 0.000875856 0.0196515 -0.0033022 -3.71009e-05 -0.0210129 -0.0017222 -0.000118579 -0.00235551 0.0190916 -0.000742198 -5.75347e-05 -0.011832 -0.000704071 0.000206694 -6.62644e-06 0.000105982 -0.0217087 -0.000183056 -0.00017203 5.88467e-05 0.0323912 -5.31443e-06 -6.53716e-07 -0.00182025 0.0162511 -0.00043897 -0.00134944 -7.73297e-06 -0.000327828 -0.0177734 -6.76022e-05 
2.12038e-05 -0.000152824 0.0085517 0.00675902 -0.00315962 -0.000784393 0.0198751 0.00865402 -0.00015217 -0.00427231 -0.00913469 -0.00247691 -8.08775e-05 -7.58849e-06 -0.00549529 -0.000217765 0.0080973 -0.00462031 -0.000200392 -0.00553159 -0.00513176 0.00517647 0.00208744 -0.00849328 -7.1207e-06 -1.00851e-06 -0.00794953 -0.00644781 0.00869039 -0.000162323 0.000337656 -0.0034162 -4.24995e-05 -0.00444758 0.00857597 -0.0029143 -1.14402e-05 0.000352729 -0.00556384 -0.000106519 -0.000213114 -0.00622104 -2.31932e-05 -0.000212509 -0.000697225 0.000247716 0.00819721 -3.92407e-06 -0.000193139 0.00853325 -6.32868e-05 -8.09768e-07 0.00899968 -0.00248703 -0.00310123 -0.000596436 -1.6146e-05 -0.00869786 4.73769e-06 -0.00456633 -0.000367586 -0.000601923 -0.0044162 -0.00506936 -0.00297562 -0.00867266 1.75081e-05 -6.28632e-05 0.000282635 -3.53188e-05 -0.00237647 0.0177129 0.000125283 0.00873996 0.00491465 -4.58729e-05 -0.00128561 0.00428501 -0.000329924 -1.06695e-05 -0.00552326 0.00267352 -0.000219388 -7.58669e-06 -0.000586271 0.0087293 -0.000140512 -1.9592e-05 -2.31627e-05 -0.00373254 -2.4703e-06 2.30891e-07 0.00255277 -0.00130704 -0.00024497 0.00179742 -3.91706e-06 -0.000140438 -0.00867378 -4.26133e-05 
2.44283e-05 0.0071444 0.242193 0.240613 -0.0883231 -0.0216328 0.00865402 0.247784 0.00332108 -0.124503 0.204737 -0.0739944 -0.00020198 -0.000200335 -0.157015 0.00534871 0.224129 -0.108068 -0.00548419 -0.158275 -0.233899 0.0029943 0.0212681 -0.243136 0.000796771 -0.000555626 0.176313 0.0671847 0.245993 -0.0047712 -0.000620326 -0.0950657 -0.000858818 -0.131246 0.240731 -0.0782537 -0.000324896 0.00294775 -0.157906 0.0007359 -0.00299817 -0.177535 -0.000618426 0.00190527 -0.0135914 0.00422505 0.240061 8.82756e-05 0.00820696 0.0128705 -1.85669e-05 -0.000157138 0.229606 -0.0685626 -0.085904 -0.0184611 -6.15584e-06 -0.245294 0.000177994 -0.130547 0.00896214 -0.0206068 -0.120622 -0.145744 -0.0822544 0.19571 -3.89113e-05 -0.00211622 -0.00118227 -0.0010404 -0.0651895 0.0450386 0.000172364 0.240899 0.0190866 -0.000923592 -0.0349966 -0.207516 0.00528417 -0.000680123 -0.158079 0.00896885 -0.00767073 5.32599e-05 0.00391648 0.246247 -0.00261618 0.00239951 -0.000651211 -0.102448 4.90828e-05 -8.60554e-06 0.0198313 -0.0615369 -0.00163473 0.0117062 -0.000138174 0.00181842 0.196293 -0.000767626 
4.94455e-06 -0.00030287 -0.000820604 0.00348431 -0.00257976 -0.000663697 -0.00015217 0.00332108 0.0159309 -0.0026338 -0.00713519 -0.000325955 0.00449376 -1.16723e-06 -0.00417626 0.0139506 -0.00685095 -0.00291786 -6.79143e-05 -0.0037727 -0.00256363 -8.18763e-05 0.0134655 -0.00671563 -2.884e-05 -1.44859e-05 -0.00633283 -0.00640429 0.00607333 -0.000129533 3.52727e-05 -0.00277233 -3.40485e-05 -0.00237787 -0.00781645 -0.00233656 -4.46798e-06 8.73084e-06 -0.00410934 0.00491463 -0.000141184 -0.00519844 0.000318018 0.00986626 0.000545503 0.0108285 -0.00834434 9.67141e-07 -9.08701e-05 0.00287153 0.00295044 -4.71726e-06 -0.00535625 -0.00165578 -0.00252542 -0.000537229 2.40444e-06 -0.00611669 0.000151343 -0.00358904 0.0147771 0.00488528 -0.00329859 -0.00331224 -0.00244704 -0.00633153 -1.5991e-06 -5.67651e-05 -4.37314e-05 -3.06719e-05 -0.00191443 -0.00100267 0.000177371 -0.00788364 -0.000165678 0.000234323 -0.000954455 -0.00713604 0.0133169 1.31699e-06 -0.00357926 -0.000307085 0.000530984 -1.03692e-05 -0.000505256 0.00528249 -7.96447e-05 0.000210134 -1.92756e-05 -0.00294202 2.85052e-05 -2.54717e-07 -0.000613836 -0.00184203 0.00765636 0.00942039 -4.08983e-06 0.0074526 -0.00692816 0.00190165 
-1.76996e-05 -0.00456686 -0.121681 -0.12141 -0.0365966 -0.00941282 -0.00427231 -0.124503 -0.0026338 0.176176 -0.103198 -0.0179485 -0.00103246 -5.6003e-05 0.160994 -0.00394879 -0.114509 0.124031 -0.00187724 0.0151541 0.121763 -0.00152044 -0.0127811 0.125117 -0.000405763 -0.00023268 -0.0889211 0.0469131 -0.124989 0.0061037 5.05075e-05 -0.0396806 0.000325188 0.143876 -0.121211 -0.0324094 0.000146887 -0.00148525 0.161252 -0.000709646 -0.00242121 0.142309 -0.000259101 -0.0024716 0.00859995 -0.00182634 -0.1208 -4.43134e-05 -0.00417178 -0.00706859 -0.00057492 -4.15483e-05 -0.115969 -0.0286303 -0.0358304 0.0128968 -9.32872e-07 0.125369 -0.000175016 0.147549 -0.00524888 -0.0104366 0.122757 0.160903 -0.0347977 -0.098689 3.70538e-05 0.000446969 -0.000548161 -0.000435182 -0.0271908 -0.0225744 -0.000199665 -0.121259 -0.0103741 0.000359914 0.00349288 0.105652 -0.00389347 -0.000338345 0.161556 -0.00450667 -0.000646324 -0.000158769 -0.00719213 -0.124625 0.000221802 -0.00135914 -0.000252491 -0.0419113 -1.75042e-05 -3.59106e-06 -0.00996379 -0.0263794 -0.000384727 -0.00739618 -3.5746e-05 -0.00154019 -0.0989458 -0.000450724 
-3.4568e-05 -0.00845231 0.204982 0.202415 -0.0729845 -0.0183907 -0.00913469 0.204737 -0.00713519 -0.103198 0.247702 -0.0627721 -0.00197756 -0.000168472 -0.129911 -0.00809466 0.206533 -0.104999 -0.0045307 -0.131016 -0.209248 -0.00265722 -0.00630481 -0.201304 -0.000781123 -0.00046079 0.213082 0.0809598 0.203349 -0.00393874 -0.000882319 -0.0787235 -0.000661811 -0.108684 0.211599 -0.06497 -0.000267572 -0.00015406 -0.130582 -0.00247721 -0.00201612 -0.146888 -0.000519637 -0.00448649 -0.013929 -0.0072519 0.212203 1.04461e-05 0.00676653 -0.0179684 -0.00143173 -0.00013169 0.203858 -0.0566962 -0.0709853 -0.0152658 -0.000320043 -0.202784 -0.000385537 -0.107886 -0.00321292 -0.020952 -0.0996877 -0.120554 -0.0677725 0.234122 -5.24259e-05 -0.00174866 -0.00123692 -0.000861924 -0.0538838 -0.0234776 4.0535e-05 0.211189 -0.00696646 -0.00108662 -0.029053 -0.216216 -0.00789939 -0.000581798 -0.130843 -0.00798605 -0.00634436 9.43521e-05 0.00176986 0.20379 -0.00338172 0.00229505 -0.000538949 -0.084757 -1.5305e-05 -7.11087e-06 0.000992338 -0.0523048 -0.00526244 -0.0135042 -0.000114175 -0.00348875 0.236031 -0.000883691 
-9.10485e-06 -0.00255116 -0.0734981 -0.0723688 0.0990262 0.0155815 -0.00247691 -0.0739944 -0.000325955 -0.0179485 -0.0627721 0.1196 -0.000527862 0.000149273 -0.0238651 -0.000712495 -0.0696636 -0.0291751 -0.000165445 0.0919009 0.0723245 -0.000923342 -0.00460492 0.074563 -0.000247366 0.000875857 -0.0548386 -0.0927303 -0.0742063 -0.000949159 -0.000215806 0.0963478 -0.000274833 -0.0273585 -0.0736215 0.0851197 -1.38837e-05 -0.00090094 -0.0243362 -0.000616293 0.00372769 0.0130878 0.000115672 -0.000793629 -0.00483338 -0.000678544 -0.0734676 -2.46678e-05 -0.00226578 -0.00422027 -0.000425422 1.3206e-05 -0.0691971 0.0705015 0.095812 0.0159744 -6.59616e-05 0.0735291 -0.000126464 -0.0149159 -0.00233908 0.0315404 -0.0285952 -0.0221054 0.091513 -0.0600332 -8.39086e-06 -0.000486013 -0.000333993 -3.28302e-05 0.0661006 -0.0134461 1.21135e-05 -0.0736593 -0.00466556 -0.000292303 -0.00745897 0.0627467 -0.00121229 -0.000155388 -0.0242323 -0.00273067 0.00196355 7.80268e-05 0.00431349 -0.0741609 -0.000933871 -0.000820052 -0.000113124 0.0947769 -1.61094e-05 -2.18475e-06 -0.00593757 0.0623845 -0.000823708 -0.00225177 0.000117674 0.000329891 -0.060198 -0.000175548 
1.71235e-06 -8.23956e-05 -0.00148935 -0.000538384 -0.000744793 -0.00019169 -8.08775e-05 -0.00020198 0.00449376 -0.00103246 -0.00197756 -0.000527862 0.00459181 -1.92256e-07 -0.00130408 0.00440364 -0.00218523 -0.00103444 -4.63437e-05 -0.000829999 -0.00178196 -2.85114e-05 0.00417763 -0.00205464 -8.21597e-06 -4.7022e-06 -0.00181243 -0.00186289 0.00200655 -4.08651e-05 8.6398e-06 -0.000803453 -9.89918e-06 -0.000992927 -0.00239942 -0.000669878 -2.80042e-06 -2.96252e-05 -0.00133265 0.00250693 -4.84122e-05 -0.00149905 0.000325305 0.00436358 -0.000161444 0.00144582 -0.00239705 2.80753e-06 -3.66186e-05 -0.000135519 0.00269215 -1.34386e-06 -0.00226064 -0.000231756 -0.000724397 -0.00015251 -1.51354e-06 -0.00206936 0.000150141 -0.00109909 0.00441956 0.000885983 -0.00101728 -0.0012302 -0.000700293 -0.00167535 -5.56657e-07 -1.78445e-05 -1.26481e-05 -8.80146e-06 -0.000546697 -0.00041448 4.16397e-05 -0.00226514 -0.000199479 6.55384e-05 -0.000291935 -0.00245678 0.00442205 1.50673e-05 -0.00133613 -9.13668e-05 -6.36398e-05 -1.92831e-06 -0.000141042 0.00141586 -3.64261e-05 0.000138841 -5.49979e-06 -0.000871188 1.77566e-06 -7.2564e-08 -0.000186599 -0.000530456 0.0038811 0.00245795 -1.16511e-06 0.00229601 -0.00196943 0.00178182 
-2.90011e-08 1.89919e-05 -0.00019906 -0.000194835 0.000265057 9.45111e-05 -7.58849e-06 -0.000200335 -1.16723e-06 -5.6003e-05 -0.000168472 0.000149273 -1.92256e-07 0.000373923 -7.95043e-05 -1.96857e-06 -0.00016099 -7.55026e-05 9.52088e-05 0.000257284 0.000147027 -2.49327e-06 -1.61987e-05 0.000180712 -6.66211e-07 -2.07956e-07 -0.000121064 -0.00025526 -0.000197603 -3.17031e-06 -2.07822e-07 0.000180537 4.57302e-07 -8.49959e-05 -0.000196917 0.000272106 3.2504e-06 -2.35241e-06 -7.08778e-05 -2.07916e-06 7.37802e-07 9.60163e-05 3.85458e-08 2.693e-06 -1.32954e-05 2.55217e-05 -0.000195466 -7.29087e-08 -6.76239e-06 -1.49903e-05 -3.78502e-07 6.64436e-06 -0.000189412 -7.4924e-06 0.000148081 -8.73921e-06 -3.02202e-07 0.000183824 -3.5075e-07 -8.47622e-05 -5.8218e-06 0.00020044 3.62583e-05 -9.61843e-05 0.000172968 -0.000161161 -4.59487e-08 -1.44696e-06 -8.65604e-07 4.29647e-07 7.7399e-05 -3.48759e-05 6.16987e-05 -0.000196059 -1.4459e-05 -1.07941e-06 4.87268e-06 0.000157735 -1.79061e-06 4.36857e-07 -7.74503e-05 -5.17445e-06 -3.78228e-06 7.43624e-05 -6.89394e-06 -0.000198266 -1.84568e-06 -9.31163e-07 7.11074e-05 0.000179025 -4.95447e-08 -5.88402e-09 -1.21962e-05 -7.70195e-06 7.51632e-05 -7.13791e-06 1.98219e-06 1.88827e-06 -0.000160802 1.32797e-07 
-2.22901e-05 -0.00574389 -0.153547 -0.153261 -0.0450366 -0.0115195 -0.00549529 -0.157015 -0.00417626 0.160994 -0.129911 -0.0238651 -0.00130408 -7.95043e-05 0.204845 -0.00526326 -0.141282 0.145907 0.00124718 0.0449661 0.148221 -0.00191583 -0.0164619 0.15729 -0.000503509 -0.000292503 -0.111132 0.0575819 -0.15782 0.00592959 0.00082805 -0.0358714 0.0011709 0.166062 -0.152741 -0.0406413 0.000261616 -0.00186222 0.203707 -0.0010365 -0.00304532 0.178592 -0.000326098 -0.00318711 0.0179771 -0.00352855 -0.15221 -5.52372e-05 -0.00525729 -0.00721541 -0.000727679 6.13032e-05 -0.146107 -0.0360307 -0.0448433 0.013343 9.40793e-05 0.157771 -0.000141035 0.16598 -0.00764882 -0.0125912 0.151899 0.187818 -0.0436721 -0.12422 5.80974e-05 0.0012973 0.00121576 -0.000541605 -0.0342622 -0.028617 -0.000239397 -0.152797 -0.0131481 0.00137213 0.045049 0.13345 -0.00510598 0.000874749 0.203271 -0.00568831 0.00350837 -0.000222355 -0.00904021 -0.15742 0.00383658 -0.00168127 -0.000341295 -0.0263035 -9.61642e-06 1.03942e-05 -0.0126092 -0.0331921 0.000134912 -0.00948021 -4.30703e-05 -0.00224068 -0.124546 -0.000488112 
4.15885e-05 -0.000366192 0.000576351 0.00531144 -0.00277905 -0.000760495 -0.000217765 0.00534871 0.0139506 -0.00394879 -0.00809466 -0.000712495 0.00440364 -1.96857e-06 -0.00526326 0.0179991 -0.0056842 -0.00426983 -0.000184199 -0.00454254 -0.00498698 -4.43851e-05 0.0169951 -0.00795556 -3.25354e-05 7.37838e-05 -0.00723455 -0.00734703 0.00801434 -0.000162423 -3.55191e-05 -0.00308773 -3.92722e-05 -0.00416776 -0.00528314 -0.00263182 -1.02977e-05 -3.72085e-05 -0.00529636 0.00475585 -0.000166624 -0.0058315 0.000312385 0.00964274 -0.000562138 0.0137126 -0.00725304 5.49599e-07 -0.000280941 0.00232671 0.00295369 -5.10132e-06 -0.00273008 -0.00189552 -0.00279605 -0.000517644 -2.11958e-06 -0.00814207 0.000195847 -0.00437254 0.0161958 0.004718 -0.0040429 -0.00488843 -0.00261085 -0.00731657 -2.25225e-06 -6.72017e-05 -4.9895e-05 -3.49825e-05 -0.00210389 -0.00116377 0.000119633 -0.00878235 -0.000250798 8.77879e-05 -0.00116084 -0.00940299 0.0167476 1.02201e-05 -0.00530923 -0.000348548 -0.000249349 -1.00255e-05 -0.000535305 0.00708136 -0.000125788 0.000176106 -2.08363e-05 -0.00319796 5.69816e-06 -2.88414e-07 0.000238636 -0.00206116 0.00692994 0.0130197 -4.50089e-06 0.00762444 -0.00792258 0.00182678 
5.68618e-07 -0.0038422 0.225722 0.218136 -0.0810074 -0.019769 0.0080973 0.224129 -0.00685095 -0.114509 0.206533 -0.0696636 -0.00218523 -0.00016099 -0.141282 -0.0056842 0.249995 -0.110065 -0.00277204 -0.142536 -0.219753 0.00281731 -0.00523762 -0.22036 -0.00087037 -0.000511933 0.194771 0.0998511 0.222884 -0.00426878 -0.000408464 -0.0872972 -0.0005447 -0.120726 0.230653 -0.0724422 -0.000201113 -0.00220486 -0.141925 -0.00211308 -0.00257449 -0.1624 -0.000580399 -0.00418163 -0.0127439 -0.00488288 0.228031 -7.76034e-05 -0.00849547 0.00374791 -0.00159442 -0.000105307 0.240998 -0.0629832 -0.0788628 -0.0169686 -0.000326465 -0.222434 0.000261595 -0.118748 -0.00115352 -0.0232469 -0.108101 -0.133256 -0.0754144 0.208732 -3.25725e-05 -0.00190103 -0.000755766 -0.00095772 -0.0598475 0.0145909 -0.000426448 0.228496 -0.00810879 -0.00115943 -0.0291824 -0.183484 -0.00524244 0.00062875 -0.142056 -0.000897305 -0.00612141 6.14238e-05 -0.0152226 0.223116 -0.00236083 0.00203855 -0.000598654 -0.0947639 -4.5194e-05 1.78989e-06 -0.0134752 -0.0568689 -0.0038461 0.00302976 -0.00012654 -0.00393279 0.21336 -0.000946225 
-1.83681e-05 0.0123682 -0.10658 -0.104856 -0.0381191 -0.00992939 -0.00462031 -0.108068 -0.00291786 0.124031 -0.104999 -0.0291751 -0.00103444 -7.55026e-05 0.145907 -0.00426983 -0.110065 0.182294 -0.000326828 -0.00665694 0.103712 -0.00159182 -0.0136877 0.108102 0.00127626 -0.000244429 -0.0924742 0.0363845 -0.108681 -0.00153403 0.000736381 -0.038148 -6.8524e-05 0.134622 -0.108624 -0.034157 -0.000109246 -0.00146948 0.147221 -0.00125512 -0.00254022 0.126169 -0.000273655 -0.00244293 0.0165495 -0.0032671 -0.104793 8.50448e-06 -0.00212282 -0.00125531 -0.000653482 0.000101947 -0.111012 -0.0300369 -0.0375825 0.00537661 0.000211427 0.108603 -0.000217215 0.128664 -0.00560452 -0.011097 0.138517 0.132328 -0.0365121 -0.0998669 -3.01588e-06 -0.000235122 0.00101409 -0.000453793 -0.0285082 -0.00365052 -0.000195928 -0.104487 -0.000265583 0.000240183 0.011695 0.0974392 -0.00406368 -0.000252002 0.146778 0.00536215 -0.00205997 -0.00018262 -0.00291489 -0.108492 -0.00165088 -0.00103729 -0.000285526 -0.0355789 3.05089e-05 1.1958e-05 0.00228203 -0.0272322 -0.00141454 -0.00794146 -5.68081e-05 -0.00189038 -0.101683 -0.000469552 
-5.65543e-07 -0.000150758 -0.00447647 -0.00536919 0.00436335 -0.000116789 -0.000200392 -0.00548419 -6.79143e-05 -0.00187724 -0.0045307 -0.000165445 -4.63437e-05 9.52088e-05 0.00124718 -0.000184199 -0.00277204 -0.000326828 0.0099452 0.00677333 0.00184502 -6.69612e-05 -0.000571994 0.00519863 -1.56256e-05 1.13315e-06 -0.00315806 -0.00345444 -0.00550255 6.86264e-05 0.00014671 0.00349231 0.000248849 -0.0017231 -0.00532907 0.00400621 0.000130381 -6.44461e-05 0.00156108 -5.51828e-05 -8.03208e-05 -0.000654227 -7.36364e-06 -0.000112116 -0.000311474 -0.00012366 -0.00530131 -1.95809e-06 -0.000183943 -0.00038626 -3.14369e-05 5.50368e-05 -0.00509383 0.00358845 0.00384251 -9.61003e-05 -7.8895e-06 0.00535173 6.15167e-05 -0.000261965 -0.000284681 0.000230859 0.00198235 -0.00172117 0.00399433 -0.00433522 1.96593e-05 0.000111129 0.000117626 4.0206e-05 0.00361331 -0.000998535 8.31254e-05 -0.00533185 -0.000461853 5.9944e-05 0.00346291 0.00467576 -0.000178763 0.00126823 0.00153663 -0.000198872 0.000458364 0.000107006 -0.0003088 -0.0055028 1.50673e-05 -5.6607e-05 8.53895e-05 0.00367036 5.03606e-06 1.2972e-05 -0.000441728 0.00335322 0.00198269 -0.00032571 -2.26732e-06 -7.92738e-05 -0.00433854 2.23554e-05 
-1.86967e-05 -0.00384432 -0.155572 -0.154318 0.114515 0.0284 -0.00553159 -0.158275 -0.0037727 0.0151541 -0.131016 0.0919009 -0.000829999 0.000257284 0.0449661 -0.00454254 -0.142536 -0.00665694 0.00677333 0.205826 0.149035 -0.00193109 -0.0142609 0.156011 -0.000515703 0.000681937 -0.113564 -0.0990952 -0.158715 0.000883685 0.000168252 0.122378 0.00119203 0.0169328 -0.154056 0.101841 0.000395056 -0.00188509 0.0448822 -0.00120792 0.00472655 0.0807105 0.00040851 -0.00204677 -0.00866509 -0.00358253 -0.153614 -5.64896e-05 -0.00530604 -0.00848096 -0.000724787 9.99504e-05 -0.146878 0.0890261 0.11146 0.0127986 0.000126627 0.157733 -0.000140315 0.0143254 -0.00767019 0.0269411 0.00841937 0.0317222 0.107006 -0.125282 3.06223e-05 0.00227666 0.00143677 0.00134933 0.0846302 -0.0288842 -9.26674e-05 -0.154111 -0.0117116 0.00132691 0.042902 0.134238 -0.00456648 0.000892969 0.044753 -0.00574157 0.00867398 7.08693e-05 0.00117467 -0.158873 0.00397375 -0.0015519 0.000845621 0.131627 -2.80905e-05 8.93773e-06 -0.0127138 0.0804106 0.000516774 -0.0082142 0.00017904 -0.00190039 -0.12561 -0.000424664 
-3.19737e-05 -0.00728366 -0.233884 -0.231042 0.0857369 0.0208081 -0.00513176 -0.233899 -0.00256363 0.121763 -0.209248 0.0723245 -0.00178196 0.000147027 0.148221 -0.00498698 -0.219753 0.103712 0.00184502 0.149035 0.248676 -0.00308722 -0.0156489 0.232517 -0.000821031 0.000546244 -0.181304 -0.0690813 -0.234904 0.00457484 0.000374836 0.091777 0.000482922 0.128564 -0.230666 0.0764359 0.000189718 -0.000406905 0.148908 -0.000462561 0.00280145 0.171121 0.000283212 -0.0023341 0.0168104 -0.00337655 -0.232969 -9.03423e-05 -0.00820445 -0.00451458 -0.00089275 5.74275e-05 -0.219259 0.0666408 0.0839525 0.0178468 7.77273e-05 0.234666 -0.000385843 0.124548 -0.00832741 0.022176 0.112981 0.141346 0.0803436 -0.200272 2.09283e-05 0.0019522 0.000584083 0.000920054 0.0635782 -0.0300136 -6.13011e-05 -0.230227 -0.0166938 0.000663662 0.0285362 0.210347 -0.00510189 -0.000642931 0.149156 -0.00820176 0.00618925 -9.00841e-05 -0.00419944 -0.234466 0.00281319 -0.00272691 0.000615908 0.099062 -2.37718e-05 -7.24592e-06 -0.017046 0.0600326 -0.00322773 -0.0130919 0.000134208 -0.00265375 -0.200898 -0.00090942 
3.73566e-05 -0.000127103 0.00300824 0.00306238 -0.00107592 -0.000268337 0.00517647 0.0029943 -8.18763e-05 -0.00152044 -0.00265722 -0.000923342 -2.85114e-05 -2.49327e-06 -0.00191583 -4.43851e-05 0.00281731 -0.00159182 -6.69612e-05 -0.00193109 -0.00308722 0.00662095 0.00048926 -0.0029676 -1.02244e-05 -6.79413e-06 -0.00262618 -0.00285741 0.00298994 -5.4632e-05 2.97086e-05 -0.00116081 -1.40032e-05 -0.00160248 0.00305886 -0.000963218 -4.0267e-06 -3.61855e-05 -0.00192553 -7.35823e-06 -7.06539e-05 -0.00216594 -7.45075e-06 -5.44539e-05 -0.000232289 0.000113508 0.00305627 -1.11915e-06 4.59009e-05 0.00229464 -1.80114e-05 -1.79505e-06 0.00299241 -0.000835985 -0.00104667 -0.000225335 -5.22489e-06 -0.00298999 -6.24997e-06 -0.00159073 -0.000130495 -0.000290148 -0.00146985 -0.00177755 -0.00101672 -0.00286268 -8.18753e-07 -2.57832e-05 0.000176875 -1.27171e-05 -0.000794231 0.00591365 6.184e-06 0.00299542 0.00140615 -1.18971e-05 -0.000428377 -0.000469942 -5.68708e-05 1.76442e-05 -0.00192937 -6.71477e-05 -9.3183e-05 -3.50135e-06 -5.2902e-06 0.00299885 -5.2242e-05 8.64504e-06 -7.94655e-06 -0.00125419 -8.8283e-07 -1.04846e-07 0.000988658 -0.000191018 -8.15137e-05 0.00149482 -1.68345e-06 -4.7213e-05 -0.00288602 -1.40865e-05 
3.81199e-05 -0.00116275 0.0164694 0.0146494 -0.00745314 -0.00204414 0.00208744 0.0212681 0.0134655 -0.0127811 -0.00630481 -0.00460492 0.00417763 -1.61987e-05 -0.0164619 0.0169951 -0.00523762 -0.0136877 -0.000571994 -0.0142609 -0.0156489 0.00048926 0.0540283 -0.0232692 -9.13852e-05 0.000239976 -0.0196156 -0.0188237 0.0239182 -0.000502788 0.000169086 -0.00840731 -0.000101654 -0.0132166 0.0112167 -0.00750645 -3.43471e-05 0.00457415 -0.0165567 0.00463469 -0.000563786 -0.016768 0.0002995 0.00910556 -0.001412 0.0133724 0.0088401 4.69191e-05 0.0111011 0.00113867 0.002802 -1.63927e-05 0.00154978 -0.00683922 -0.00784148 -0.00108892 5.2284e-05 -0.0240284 0.000671896 -0.0136703 0.0159862 0.00484312 -0.012594 -0.0152492 -0.00714997 -0.0188829 -5.33481e-07 -0.000220746 -0.000155617 -9.49127e-05 -0.00678959 0.0273263 0.000297902 0.00717918 0.0166003 4.95127e-05 -0.00367219 -0.0151578 0.01638 -3.77753e-05 -0.0165707 -0.000546461 -0.000690015 1.2055e-06 0.0121501 0.0230141 -0.000422251 -7.30225e-06 -6.71061e-05 -0.00852164 1.61888e-06 -9.01535e-07 0.0172561 -0.00662365 0.00645929 0.0198732 -7.98871e-06 0.00736743 -0.0198357 0.00170213 
-3.40013e-05 -0.00715818 -0.239477 -0.237909 0.0868307 0.0205611 -0.00849328 -0.243136 -0.00671563 0.125117 -0.201304 0.074563 -0.00205464 0.000180712 0.15729 -0.00795556 -0.22036 0.108102 0.00519863 0.156011 0.232517 -0.0029676 -0.0232692 0.247018 -0.000790468 0.000561728 -0.17344 -0.0641918 -0.244261 0.0048182 0.000568246 0.0930549 0.000846185 0.130744 -0.236407 0.0767369 0.000217832 -0.00288882 0.158218 -0.0019685 0.0012477 0.178824 0.000298558 -0.00441499 0.0133158 -0.00647187 -0.23574 -8.57481e-05 -0.00803861 -0.0128123 -0.00123643 0.000142178 -0.225774 0.0665398 0.0844151 0.018696 -5.9846e-06 0.243646 -0.000199431 0.13223 -0.0125067 0.0199982 0.121413 0.145416 0.0808707 -0.192538 3.05695e-05 0.00194968 0.00082812 -0.000231944 0.0634214 -0.0439724 -0.000215976 -0.236568 -0.0186158 0.000612629 0.0340927 0.207283 -0.00795365 0.000648894 0.157886 -0.00882206 0.00637952 -5.42465e-05 -0.00359455 -0.243805 0.00262944 -0.00263439 0.000632691 0.100084 -5.17722e-05 5.55398e-06 -0.0193857 0.0602013 -0.00139261 -0.0137894 0.000140052 -0.00348039 -0.19304 -0.000820728 
-1.38082e-07 0.0016409 0.000748858 0.000811315 -0.000287537 -7.40162e-05 -7.1207e-06 0.000796771 -2.884e-05 -0.000405763 -0.000781123 -0.000247366 -8.21597e-06 -6.66211e-07 -0.000503509 -3.25354e-05 -0.00087037 0.00127626 -1.56256e-05 -0.000515703 -0.000821031 -1.02244e-05 -9.13852e-05 -0.000790468 0.00177784 -1.81541e-06 -0.000701638 -0.00137197 0.000783172 -1.57771e-05 -3.57644e-06 -0.000283872 -3.79851e-06 -0.000420632 -0.000862484 -0.000237887 -1.12493e-06 -8.42719e-06 -0.00050462 -9.65273e-06 -1.86401e-05 -0.000572185 -2.07013e-06 -2.00306e-05 -6.28761e-05 -2.92103e-05 0.000820353 -2.87137e-07 -2.36701e-05 0.00163786 -5.73811e-06 5.34501e-07 -0.000870245 -0.000223378 -0.000279566 -5.94669e-05 2.47278e-05 -0.000790101 -1.43001e-06 -0.000424608 -5.14459e-05 -8.24312e-05 -0.000383565 -0.000467868 -0.000271672 -0.00072841 -2.18773e-07 -8.36011e-07 1.76351e-06 -3.39804e-06 -0.000212309 0.00158996 -1.48521e-06 0.000819916 0.00165059 -4.98932e-06 -0.000104747 -0.000931228 -3.18081e-05 -2.64953e-06 -0.000505981 0.00168822 -2.33908e-05 -1.38536e-06 -2.53083e-05 0.000793021 -1.41997e-05 -8.55741e-06 -2.12334e-06 -0.000327797 1.04141e-05 -2.80153e-08 0.00166632 -0.000204513 -2.01071e-05 -3.48902e-05 -4.49824e-07 -1.40539e-05 -0.000770777 -3.76394e-06 
-7.90276e-08 -1.9523e-05 -0.000557051 -0.000543017 0.000846956 -1.38513e-05 -1.00851e-06 -0.000555626 -1.44859e-05 -0.00023268 -0.00046079 0.000875857 -4.7022e-06 -2.07956e-07 -0.000292503 7.37838e-05 -0.000511933 -0.000244429 1.13315e-06 0.000681937 0.000546244 -6.79413e-06 0.000239976 0.000561728 -1.81541e-06 0.00101828 -0.00040249 -0.000780931 -0.000558041 -9.02962e-06 -2.04689e-06 0.000366754 -2.15067e-06 -0.000244925 -0.000541838 -0.000121811 -5.53828e-07 -6.63736e-06 -0.000294202 -5.66567e-06 -4.73509e-06 0.000673108 1.43485e-05 -2.58734e-06 -3.62298e-05 -1.55378e-05 -0.000540682 -1.98675e-07 -1.72336e-05 -3.41822e-06 -3.28407e-06 -2.96941e-07 -0.000517894 -3.41013e-05 0.000131269 0.000942794 1.69732e-05 0.00041056 -9.55789e-07 -9.51655e-05 -2.88505e-05 0.000754101 -0.000201343 -0.000271331 0.000858699 -0.000440643 -1.25209e-07 -3.94294e-06 -2.38809e-06 -1.62478e-06 -0.000108763 -0.000101594 1.33236e-05 -0.000542297 8.11201e-05 -2.94136e-06 -6.48904e-05 0.000455334 -1.82046e-05 -1.32306e-06 -0.000253144 -2.01952e-05 0.000129778 9.56271e-05 0.000100718 -0.000556106 -8.12684e-06 -5.80713e-06 9.14142e-06 0.000767044 -1.35008e-07 -1.60339e-08 -4.45881e-05 -0.000111632 -1.20094e-05 0.000289164 7.49221e-07 -7.53674e-06 -0.000441752 -2.05087e-06 
-3.05437e-05 -0.00803895 0.176793 0.174277 -0.0637473 -0.016398 -0.00794953 0.176313 -0.00633283 -0.0889211 0.213082 -0.0548386 -0.00181243 -0.000121064 -0.111132 -0.00723455 0.194771 -0.0924742 -0.00315806 -0.113564 -0.181304 -0.00262618 -0.0196156 -0.17344 -0.000701638 -0.00040249 0.238946 0.0863076 0.175166 -0.00347872 -0.000648949 -0.0687645 -0.000684268 -0.0937852 0.182429 -0.0573222 -0.000245899 -0.00251598 -0.111544 -0.00216379 -0.00308192 -0.127675 -0.000458364 -0.00438672 -0.0115477 -0.00646216 0.182889 -7.59827e-05 -0.00682391 -0.0158089 -0.00127112 -9.79921e-05 0.190127 -0.0495244 -0.0619982 -0.0133393 -0.000318809 -0.174666 -0.00036519 -0.0925807 -0.0112895 -0.0183067 -0.0848316 -0.104308 -0.060193 0.216984 -4.26503e-05 -0.00146418 -0.00104736 -0.000753371 -0.0470705 -0.0390772 -0.00035971 0.182258 -0.018157 -0.00108131 -0.0245221 -0.198966 -0.00705181 -0.000303852 -0.111808 -0.00782006 -0.00522374 -0.000265722 -0.0123806 0.175491 -0.00311382 -0.00234188 -0.000470761 -0.0746021 -4.03629e-05 1.47547e-06 -0.0172126 -0.0457187 -0.0043475 -0.0131368 -9.97292e-05 -0.00308344 0.220951 -0.000816094 
-4.54569e-05 -0.00862637 0.070759 0.0641793 -0.123497 -0.0307441 -0.00644781 0.0671847 -0.00640429 0.0469131 0.0809598 -0.0927303 -0.00186289 -0.00025526 0.0575819 -0.00734703 0.0998511 0.0363845 -0.00345444 -0.0990952 -0.0690813 -0.00285741 -0.0188237 -0.0641918 -0.00137197 -0.000780931 0.0863076 0.174296 0.0658615 0.00175074 0.000143555 -0.120574 0.000349955 0.044292 0.074884 -0.110882 -8.41518e-06 -0.00377758 0.0580805 -0.000528183 -0.00640431 0.0156138 -0.000832459 -0.00417912 0.00715399 -0.00658801 0.0727501 -0.000132313 -0.0140634 -0.00973019 -0.000646073 -2.93655e-06 0.0910128 -0.0971306 -0.121603 -0.0048521 -0.000227265 -0.065121 0.000159722 0.0459652 -0.0040846 -0.0345878 0.0409216 0.0540611 -0.116637 0.0887447 2.41705e-05 -0.00142933 -0.000887059 -0.00146964 -0.092274 -0.0218543 -0.000684581 0.0729368 -0.0228152 -0.000518615 0.0115071 -0.0539773 -0.00669291 0.000231791 0.0579052 -0.00808909 -0.00258822 -0.000164192 -0.0240817 0.0663506 0.00163663 0.000705383 -0.000907617 -0.12002 -4.39845e-05 1.32031e-06 -0.0272722 -0.089171 -0.00287832 -0.00578128 -0.000164482 -0.006019 0.0934054 -0.000871392 
2.96068e-05 0.00706792 0.241304 0.240206 -0.0887177 -0.0217328 0.00869039 0.245993 0.00607333 -0.124989 0.203349 -0.0742063 0.00200655 -0.000197603 -0.15782 0.00801434 0.222884 -0.108681 -0.00550255 -0.158715 -0.234904 0.00298994 0.0239182 -0.244261 0.000783172 -0.000558041 0.175166 0.0658615 0.247545 -0.0047931 -0.00052906 -0.0955163 -0.000869412 -0.131659 0.239152 -0.078613 -0.00032608 0.00292817 -0.158696 0.00196542 -0.00302943 -0.178425 -0.000296294 0.00432908 -0.0136946 0.00570689 0.238458 8.59008e-05 0.00817573 0.0129746 0.00123955 -0.000156794 0.228332 -0.0686176 -0.0862954 -0.0185225 -1.19749e-05 -0.246479 0.000284548 -0.131119 0.0116914 -0.0196995 -0.121155 -0.146489 -0.0826358 0.194499 -3.93681e-05 -0.00212578 -0.0011906 -0.00104511 -0.0654819 0.0448238 0.000224542 0.239281 0.0189981 -0.00088359 -0.0352772 -0.20911 0.007949 -0.000655721 -0.158879 0.00891428 -0.00770028 3.49018e-05 0.00378513 0.246701 -0.00273222 0.00253571 -0.000654156 -0.103041 4.38689e-05 -8.6444e-06 0.0196755 -0.0618251 0.00079067 0.0139764 -0.000138798 0.00351323 0.194991 0.000756793 
-6.868e-07 -0.00017989 -0.00475192 -0.00466384 -0.00135062 -0.000332123 -0.000162323 -0.0047712 -0.000129533 0.0061037 -0.00393874 -0.000949159 -4.08651e-05 -3.17031e-06 0.00592959 -0.000162423 -0.00426878 -0.00153403 6.86264e-05 0.000883685 0.00457484 -5.4632e-05 -0.000502788 0.0048182 -1.57771e-05 -9.02962e-06 -0.00347872 0.00175074 -0.0047931 0.00878003 2.5846e-06 -0.00140678 -8.45268e-06 0.0062105 -0.00463392 -0.00114379 9.94473e-06 -5.71295e-05 0.00609527 5.79484e-05 -8.566e-05 0.00513678 -1.02599e-05 -9.81328e-05 0.00363262 -0.000120742 -0.00462527 -1.72661e-06 -0.000162175 -0.0002659 -2.35706e-05 -8.93933e-07 -0.00442696 -0.000987757 -0.00126018 -0.000260814 -6.87336e-06 0.00480175 -8.30641e-06 0.00631967 -0.000255865 -0.000409104 8.84698e-06 0.00586513 -0.00125565 -0.00376236 -9.51482e-07 0.000113503 -2.20449e-05 -1.17681e-05 -0.00094181 -0.000875056 -8.3986e-06 -0.00463782 -0.000404982 -2.53123e-05 -0.000336213 0.00399893 -0.000158209 8.9145e-05 0.00609032 -0.000175492 -0.00012106 -6.89062e-06 -0.000279585 -0.00477213 -6.21307e-05 -4.75482e-05 -9.56456e-06 -0.00150446 -1.17331e-06 -1.39344e-07 -0.000389555 -0.000923573 -9.70864e-05 -0.000293762 -2.1907e-06 -6.99023e-05 -0.00377338 -1.8538e-05 
3.00979e-07 -3.54967e-05 -0.000544514 -0.000653784 -0.000296801 -5.46002e-05 0.000337656 -0.000620326 3.52727e-05 5.05075e-05 -0.000882319 -0.000215806 8.6398e-06 -2.07822e-07 0.00082805 -3.55191e-05 -0.000408464 0.000736381 0.00014671 0.000168252 0.000374836 2.97086e-05 0.000169086 0.000568246 -3.57644e-06 -2.04689e-06 -0.000648949 0.000143555 -0.00052906 2.5846e-06 0.00200406 -0.0002346 3.19752e-06 0.000667602 -0.0005995 -0.000274344 8.28299e-07 -7.77255e-06 0.000829768 -3.96162e-06 -2.10395e-05 0.000244352 -2.33408e-06 -2.25512e-05 0.000227979 1.81119e-05 -0.000587152 -3.91398e-07 8.8402e-05 -4.83694e-05 -3.84975e-06 7.35015e-07 -0.000566516 -0.000245699 -0.000296876 -3.11473e-05 8.01012e-07 0.000481711 1.10705e-06 0.000494173 1.78447e-06 4.05114e-05 0.000197148 0.000414951 -0.000295391 -0.000860438 2.19999e-07 9.82234e-07 4.72742e-05 -3.83131e-06 -0.000233959 0.000369461 9.42128e-05 -0.000597472 0.000104275 3.92754e-05 0.000351998 0.000640479 -3.56571e-05 1.50493e-05 0.000815564 -2.5032e-05 -1.0206e-05 -1.562e-06 -4.95124e-05 -0.000524335 7.39631e-05 -1.19613e-05 -2.39408e-06 -0.000231071 -2.65972e-07 3.48508e-06 7.74998e-06 -0.000214183 1.76888e-05 -4.27891e-05 6.19488e-07 -1.58459e-05 -0.000861589 -4.24386e-06 
-9.91658e-06 -0.00149376 -0.0950459 -0.0929084 0.131423 0.0328502 -0.0034162 -0.0950657 -0.00277233 -0.0396806 -0.0787235 0.0963478 -0.000803453 0.000180537 -0.0358714 -0.00308773 -0.0872972 -0.038148 0.00349231 0.122378 0.091777 -0.00116081 -0.00840731 0.0930549 -0.000283872 0.000366754 -0.0687645 -0.120574 -0.0955163 -0.00140678 -0.0002346 0.143834 -0.000128448 -0.0350606 -0.0924885 0.117546 6.61942e-05 -0.00113006 -0.0360202 -0.000967573 0.00594947 0.00873656 0.000588511 -0.00129389 -0.00547172 -0.00285576 -0.0922313 -3.39471e-05 -0.00318655 -0.00524634 -0.000559216 1.64525e-05 -0.0879898 0.102909 0.129366 0.00413588 -0.000115065 0.0950509 -0.000162457 -0.0333572 -0.00502892 0.0317211 -0.0311579 -0.0346376 0.123846 -0.075282 -2.13642e-05 0.000846786 -3.13494e-05 0.00155557 0.0979621 -0.0172162 -0.000155989 -0.0924534 -0.00632074 -0.00046314 0.00261413 0.080802 -0.00311055 -0.000252598 -0.0361867 -0.00339215 0.00408244 -6.05738e-05 0.00472863 -0.0954332 0.000893791 -0.000914397 0.000840848 0.139452 -1.76952e-05 -2.73966e-06 -0.00756076 0.0934695 -0.00205963 -0.00516086 0.000181224 -0.00137302 -0.075483 -0.000317846 
-1.66371e-07 -2.20532e-05 -0.000855912 -0.000893286 -0.000313277 -5.31899e-05 -4.24995e-05 -0.000858818 -3.40485e-05 0.000325188 -0.000661811 -0.000274833 -9.89918e-06 4.57302e-07 0.0011709 -3.92722e-05 -0.0005447 -6.8524e-05 0.000248849 0.00119203 0.000482922 -1.40032e-05 -0.000101654 0.000846185 -3.79851e-06 -2.15067e-06 -0.000684268 0.000349955 -0.000869412 -8.45268e-06 3.19752e-06 -0.000128448 0.00214128 0.000186338 -0.000824368 -0.000194261 6.67793e-06 -1.28498e-05 0.00117286 -1.03442e-05 -2.14815e-05 0.00092596 -2.10424e-06 -2.40909e-05 -6.8165e-05 -2.5238e-05 -0.000818848 -4.18255e-07 -3.92243e-05 -3.50612e-05 -6.81035e-06 6.94875e-07 -0.000789049 -0.000257661 -0.00030675 6.79745e-05 1.4163e-05 0.00084698 4.90785e-06 0.000500186 -6.1729e-05 -9.78617e-05 0.000338029 0.000601477 -0.00028805 -0.00062183 2.26406e-07 -7.8641e-06 8.19642e-06 -2.16753e-06 -0.000214515 -0.000197739 -3.64479e-07 -0.000812362 -9.6445e-05 3.80078e-05 0.000778543 0.000677438 -3.75146e-05 0.000154028 0.00104373 -4.25053e-05 -2.85674e-05 1.09541e-05 -2.21254e-05 -0.00086163 5.99512e-05 -1.28469e-05 4.34498e-06 0.000117134 -2.84223e-07 -3.37548e-08 -9.36927e-05 -0.000242768 6.07883e-05 -6.97056e-05 5.89802e-06 -1.69331e-05 -0.000631191 -4.53507e-06 
-1.75665e-05 -0.00487955 -0.129359 -0.128156 -0.0364779 -0.009721 -0.00444758 -0.131246 -0.00237787 0.143876 -0.108684 -0.0273585 -0.000992927 -8.49959e-05 0.166062 -0.00416776 -0.120726 0.134622 -0.0017231 0.0169328 0.128564 -0.00160248 -0.0132166 0.130744 -0.000420632 -0.000244925 -0.0937852 0.044292 -0.131659 0.0062105 0.000667602 -0.0350606 0.000186338 0.182619 -0.127792 -0.0334858 -9.95286e-06 -0.00155762 0.167351 -0.000809013 -0.00203957 0.148554 -0.00027763 -0.00254115 0.0182291 -0.00211496 -0.127482 -4.68604e-05 -0.00422904 -0.00816371 -0.000743732 3.14155e-05 -0.122222 -0.0291685 -0.0351059 6.23926e-05 -0.000184067 0.132045 -0.000195434 0.137386 -0.00538999 -0.00888186 0.136368 0.162625 -0.0342973 -0.103932 -9.21249e-06 0.00163152 0.000336406 -0.000456856 -0.0277724 -0.0237694 -0.000123969 -0.127892 -0.0106335 0.000576953 0.020474 0.111184 -0.00411405 -0.000355743 0.167749 -0.00476314 -0.00105189 -0.000185482 -0.00737159 -0.131442 0.000531012 -0.00142793 -0.000273883 -0.0286873 -3.17137e-05 -3.78182e-06 -0.0105155 -0.026774 -0.000751418 -0.00796628 -5.21923e-05 -0.0017131 -0.104204 -0.000487536 
