0.0512694 0.00448528 0.000283233 1.52281e-05 -0.00012627 -5.72028e-08 3.4198e-06 1.15957e-05 3.56958e-05 0.0120496 -0.0158985 0.00730359 0.0141723 0.00702607 -0.0136608 0.00925077 0.000206818 -0.000169669 0.00369075 2.53828e-08 5.20699e-06 -0.0125178 1.18198e-07 -1.82662e-05 -0.0234489 -0.0122287 5.22238e-05 -7.54612e-05 0.00117653 0.000982523 0.0109617 6.11177e-06 4.1867e-05 0.00111734 1.09944e-05 -4.14275e-05 0.00209451 -0.0444778 0.00129416 0.000453843 8.86334e-07 0.00184006 1.77053e-06 -0.000267215 0.0336377 0.000121512 -0.0280794 0.00485498 0.00125943 0.000102026 -0.0058109 5.15355e-05 2.79147e-05 0.000400005 0.00840853 4.23827e-05 0.0394276 0.000222299 0.00186968 1.84657e-06 0.0110061 4.90519e-05 0.00273815 0.00391885 -2.31666e-08 0.00113857 3.8797e-07 0.000135767 1.66952e-07 0.000240177 0.00617618 0.00584662 0.00419573 -0.0427391 0.000109025 -0.0409342 0.000211285 2.82677e-06 -0.017183 7.93835e-05 -8.82851e-05 0.00298927 4.50828e-06 -0.0410759 6.27992e-05 0.0439117 7.90711e-05 0.00697074 -7.42565e-06 -0.0145469 2.46446e-05 0.000224362 1.4344e-05 -0.000112363 5.15607e-05 0.000235116 7.65988e-05 3.97107e-05 0.000103284 0.00260132 
0.00448528 0.00535873 -1.39711e-07 8.17656e-05 7.03984e-05 1.27438e-06 -2.58612e-08 -2.01287e-06 2.58207e-07 -7.3018e-05 3.71688e-05 -4.03917e-05 -9.45369e-05 -3.55436e-05 -5.05747e-05 0.000216908 -1.15356e-05 -7.99127e-05 0.000432947 -7.90205e-10 7.99877e-07 -0.000354234 2.46839e-07 -8.50918e-05 -0.00425334 -0.000604835 -9.2377e-06 -1.43133e-05 -3.14918e-06 -5.69481e-06 -5.56801e-05 1.0859e-06 -6.99934e-06 -4.4769e-06 -1.14526e-07 -4.87184e-06 1.18551e-05 -0.00480344 2.84452e-05 0.000120338 -5.33388e-09 8.20043e-05 -5.18105e-07 -2.39086e-05 -0.000281639 -8.80037e-07 -0.00442639 -1.18645e-05 0.000578037 -3.09098e-06 -0.00434855 5.59595e-05 -1.03553e-07 1.45291e-06 -2.40221e-05 8.07996e-05 -0.000217139 -2.81585e-07 -1.04415e-05 -1.61022e-07 5.06121e-05 -2.79427e-07 0.000197217 0.000155761 -3.62776e-09 -6.54957e-06 -1.11347e-08 -8.17934e-07 9.07113e-08 -5.21264e-06 -1.42078e-05 0.00405302 8.0001e-05 -7.50945e-06 6.26929e-05 0.000102534 -5.69095e-07 9.67315e-06 -0.00504581 0.000144252 8.94476e-05 0.00333138 -2.56817e-08 0.000284756 2.41288e-05 0.00458253 -5.19039e-07 -1.56397e-05 -6.66614e-07 6.43734e-05 3.113e-05 -2.78197e-07 2.68976e-07 7.05985e-05 -1.96975e-06 2.86232e-07 -3.50987e-06 3.79339e-05 4.37632e-05 -1.64617e-05 
0.000283233 -1.39711e-07 0.000301156 -1.4484e-06 -1.4201e-06 -8.73615e-10 -1.44598e-09 1.57218e-06 -1.1842e-08 1.21853e-07 -1.41312e-05 4.82745e-06 -5.29894e-06 -2.23822e-06 -0.00028364 -1.01903e-06 -9.17848e-07 -5.72467e-06 -7.29916e-08 -4.41828e-11 -4.66631e-09 4.84466e-06 -1.76731e-10 1.50079e-06 -0.000276989 5.86149e-06 -5.22286e-07 -8.4056e-07 -9.87008e-07 7.41585e-07 -2.93281e-06 -3.58383e-09 -4.04029e-07 -5.68836e-07 4.30263e-07 -2.75941e-07 0.00027547 -0.000283354 -4.49438e-07 5.81502e-06 -2.98234e-10 -1.46077e-06 -2.89689e-08 -1.68011e-06 0.000261887 9.04413e-06 -0.00028312 0.000284347 -3.76984e-07 -3.29011e-07 3.46349e-06 -3.86108e-08 -1.19404e-08 4.47477e-07 0.00028756 -1.39574e-06 0.000266008 4.62622e-05 6.99744e-05 -9.00326e-09 -1.41091e-06 -1.56237e-08 -4.35301e-07 1.34589e-05 -2.02839e-10 -4.03296e-07 -6.22576e-10 4.76427e-06 -1.46607e-10 6.92188e-06 1.65488e-05 1.05285e-05 9.36391e-06 -0.000275121 -2.4792e-07 -0.000284424 3.97486e-07 -5.90915e-08 -8.16065e-05 -3.48439e-07 -1.49711e-06 3.65332e-06 6.52307e-08 -0.000275733 3.78666e-06 -6.19108e-06 2.33098e-06 0.000201319 -4.21183e-08 -0.000285013 -5.33056e-08 -8.15324e-08 2.54724e-07 -1.43332e-06 -1.44614e-07 -2.09139e-07 -2.15072e-07 -2.60598e-08 -4.54211e-07 -9.46705e-07 
1.52281e-05 8.17656e-05 -1.4484e-06 0.00478489 0.00452219 2.73272e-06 4.56359e-06 0.000176962 1.031e-06 0.00189235 -0.00201216 0.00160397 -7.93729e-05 -3.57228e-05 -0.00364696 0.00121275 0.00275245 -0.00477701 0.000225348 1.12628e-07 3.16886e-06 -0.000781829 -2.8207e-09 -0.00477154 -0.00447878 -0.00460596 0.00153333 0.00242165 0.00159028 3.0658e-05 0.000365049 2.56613e-06 0.00126329 0.000735754 -1.02202e-07 0.000846176 0.000209759 -0.00398808 0.000155213 -1.21561e-05 -4.75993e-09 0.00270447 2.6511e-05 -1.66119e-05 0.0016637 -3.78674e-07 -0.00183714 -5.60324e-05 -4.10092e-06 0.00104131 -0.00455082 2.53071e-05 3.58461e-05 -2.54073e-06 2.47895e-05 0.00475985 -0.00019769 -1.1883e-06 -1.00914e-05 3.26964e-06 -7.18271e-06 -2.49359e-07 1.60003e-05 0.00119373 -3.23739e-09 7.87324e-06 1.87006e-06 2.82008e-06 9.09934e-08 0.000681985 -3.17919e-05 -2.90941e-05 -3.37162e-05 -0.00352231 0.00186502 -0.00456125 -1.2203e-06 0.000152357 -0.00460261 0.00108509 0.00468419 3.08653e-05 -2.29182e-08 -0.00234167 -2.92713e-07 -0.00019999 3.31015e-06 -2.27727e-05 7.53578e-05 -0.00277696 2.19223e-07 -1.23129e-06 6.24624e-08 0.00457685 -2.3081e-06 0.000487769 0.000709477 -4.15925e-07 0.0013589 0.000350687 
-0.00012627 7.03984e-05 -1.4201e-06 0.00452219 0.00469185 2.63966e-06 3.74039e-07 0.000160946 1.28802e-06 0.00194069 -0.00205006 0.00162746 -7.10851e-05 -3.50249e-05 -0.00348997 0.0012281 0.00278051 -0.0046752 0.000202194 1.12642e-07 3.17031e-06 -0.000807725 -2.76559e-09 -0.00467478 -0.00438745 -0.00451185 0.00157785 0.00246784 0.00159796 1.35727e-06 0.000337962 -5.60818e-08 0.00129571 0.000710472 -1.00205e-07 0.000908465 2.53042e-05 -0.00389185 7.66436e-05 -1.17453e-05 -4.66693e-09 0.0025946 1.96167e-05 -1.6088e-05 0.00147881 -1.33301e-08 -0.00164306 -7.45796e-05 -1.08546e-05 0.00105307 -0.00457818 2.53358e-05 6.05982e-06 -2.49109e-06 -4.44906e-05 0.00467152 -0.000199787 -1.16508e-06 -9.8942e-06 1.96911e-06 -5.67068e-05 -2.44488e-07 6.623e-06 0.00110045 -3.17414e-09 8.44234e-06 1.66359e-06 -7.02326e-07 -2.29418e-09 0.000672646 -3.11315e-05 -2.94659e-05 -3.04869e-05 -0.0034795 0.00182867 -0.00446441 -1.15457e-06 0.000170025 -0.00452946 0.000911421 0.00467606 3.32369e-05 -2.24704e-08 -0.00230185 -2.86474e-07 -0.000223693 -3.47471e-07 -3.64131e-05 0.000123434 -0.00272866 4.36251e-06 -1.27586e-06 7.14108e-07 0.00464767 -2.19634e-06 0.000508764 0.000660951 -4.07799e-07 0.00143309 0.000362932 
-5.72028e-08 1.27438e-06 -8.73615e-10 2.73272e-06 2.63966e-06 2.89999e-06 -1.392e-11 -1.776e-09 -1.13999e-10 -4.33663e-08 -1.02238e-06 4.65937e-07 -3.7742e-08 -2.15466e-08 -2.69266e-06 1.04734e-06 1.05783e-06 -2.73173e-06 -1.93142e-08 -4.25333e-13 -4.4921e-11 -1.16495e-06 -1.70133e-12 -2.73222e-06 -2.56537e-06 -2.83024e-06 -5.02787e-09 -8.09178e-09 -9.50159e-09 -3.06527e-09 -3.48755e-08 -3.45003e-11 -3.88945e-09 1.06119e-06 -6.16443e-11 -2.65639e-09 8.65935e-08 -2.67933e-06 8.90067e-08 -7.33207e-09 -2.871e-12 1.66594e-06 5.93054e-07 -1.61739e-08 7.85923e-07 -4.73686e-10 -2.4868e-06 -4.58798e-08 1.26656e-07 1.0635e-06 -2.80084e-06 -3.71693e-10 5.86552e-07 -1.53247e-09 -2.73697e-08 2.7322e-06 -1.23364e-07 -7.16735e-10 -6.0867e-09 -8.66713e-11 -3.52744e-08 -1.50404e-10 1.41478e-07 -1.65044e-08 -1.95267e-12 -3.88239e-09 -5.99333e-12 -4.40259e-10 -1.41133e-12 -2.80574e-09 -2.0388e-08 -1.84652e-08 -2.45745e-08 -1.78186e-06 1.58008e-06 -2.60436e-06 -7.94339e-10 9.94311e-08 -2.7554e-06 1.67665e-06 2.73225e-06 -1.02365e-08 -1.38233e-11 -9.61078e-07 -1.92637e-10 -1.03945e-08 -2.79376e-10 -2.26282e-08 -4.05459e-10 -1.01208e-06 -5.13155e-10 -7.84885e-10 -5.07887e-11 2.05287e-06 -1.39215e-09 1.06465e-06 1.0646e-06 9.97491e-08 1.06229e-06 9.87553e-07 
3.4198e-06 -2.58612e-08 -1.44598e-09 4.56359e-06 3.74039e-07 -1.392e-11 4.79998e-06 7.23727e-07 -1.88688e-10 -1.17787e-08 -3.01296e-07 1.46542e-08 -8.45385e-08 -3.56633e-08 -4.49728e-06 4.92801e-08 3.82042e-07 -4.56194e-06 -3.19684e-08 -7.04e-13 -7.4352e-11 -1.2224e-08 -2.816e-12 -4.56275e-06 -4.47785e-06 -4.49327e-06 5.1678e-08 4.66067e-08 2.42732e-08 2.76493e-06 -5.7725e-08 -5.7104e-11 3.30229e-07 1.6427e-07 -1.02032e-10 3.3227e-07 4.17884e-06 -4.30969e-06 6.66172e-07 -1.21358e-08 -4.752e-12 4.49339e-06 -4.61584e-10 -2.67706e-08 3.68118e-06 -7.84032e-10 -4.45366e-06 2.24061e-07 -1.10525e-08 -5.24238e-09 -9.20819e-07 -6.15216e-10 -1.90256e-10 -2.5365e-09 3.7447e-06 4.40606e-06 -2.04189e-07 -1.18632e-09 -1.00745e-08 -1.43456e-10 1.16828e-06 -2.48944e-10 -1.41062e-08 4.21935e-06 -3.232e-12 -6.42603e-09 -9.92e-12 -7.28704e-10 -2.336e-12 5.5356e-08 -3.37456e-08 -3.05631e-08 -4.0675e-08 -2.46871e-06 6.45759e-07 -4.35113e-06 -1.31477e-09 -9.41552e-10 -3.38895e-06 4.18445e-06 7.72812e-07 -1.69431e-08 -2.288e-11 -3.85857e-06 -3.18848e-10 -2.27664e-07 -4.62416e-10 -3.74536e-08 -6.71104e-10 -4.09632e-06 -8.4936e-10 -1.29912e-09 -8.4064e-11 4.83828e-07 -2.30426e-09 -3.33238e-09 4.19906e-07 -4.15232e-10 3.29429e-07 -1.50846e-08 
1.15957e-05 -2.01287e-06 1.57218e-06 0.000176962 0.000160946 -1.776e-09 7.23727e-07 0.000612038 3.92594e-08 1.95536e-06 -0.000146895 -3.72882e-06 -5.6226e-06 -2.81015e-06 -0.000171666 -3.69977e-06 0.000151454 -0.000176848 -2.23205e-06 -8.98206e-11 1.13847e-07 2.20762e-06 -3.59282e-10 -0.000176952 -0.000199445 -0.000162254 -1.06177e-06 1.97868e-07 3.27348e-06 9.32935e-06 -5.62491e-06 -7.28568e-09 0.000153925 3.88693e-06 1.40315e-07 0.000152419 1.18467e-05 -0.000115041 6.49966e-06 -7.45031e-07 -6.06289e-10 8.90904e-05 7.51108e-07 1.16944e-05 1.19753e-05 -1.00032e-07 -0.000161155 2.24123e-06 6.45652e-06 7.50645e-05 -0.00018344 2.08174e-07 1.69059e-07 -3.23622e-07 8.71015e-06 0.000169199 -1.97017e-05 4.19754e-08 -1.28537e-06 1.3817e-06 -4.95915e-06 -3.17618e-08 -1.79975e-06 0.000177731 -4.12358e-10 -6.99872e-07 -1.26565e-09 2.32703e-06 -2.98041e-10 5.90416e-06 -3.06881e-06 -2.48942e-06 -2.99957e-06 -0.000133938 4.61649e-05 -0.000184316 -1.67746e-07 -1.03462e-07 -0.000197734 1.5625e-05 0.000165486 -6.50381e-08 -2.91917e-09 -0.000406902 1.39599e-06 3.83779e-06 6.04335e-07 -3.59855e-06 5.77098e-08 -0.000175197 -1.83665e-08 -1.6575e-07 -1.07254e-08 0.000158703 -2.93991e-07 1.18148e-05 7.94961e-05 -5.29778e-08 0.00015471 -6.97918e-07 
3.56958e-05 2.58207e-07 -1.1842e-08 1.031e-06 1.28802e-06 -1.13999e-10 -1.88688e-10 3.92594e-08 3.93085e-05 1.31055e-05 -2.5299e-05 1.27386e-05 1.04243e-05 1.38513e-05 -1.46313e-05 1.4204e-05 2.8169e-06 -1.27081e-06 9.36486e-06 -5.76547e-12 -6.08912e-10 -2.30672e-05 -2.30619e-11 -1.62749e-06 -1.37151e-05 -3.68985e-05 2.48513e-07 4.60314e-07 2.81204e-07 -8.21694e-09 1.85073e-05 -4.67658e-10 1.10394e-06 3.46244e-06 -8.356e-10 1.12066e-06 -9.13592e-08 -2.82517e-05 3.64802e-06 2.55728e-06 -3.89169e-11 1.25272e-06 -3.78018e-09 -2.1924e-07 1.90897e-05 -6.4209e-09 -3.16492e-05 -3.65243e-07 -6.38485e-08 8.03734e-07 -1.20222e-05 -5.03836e-09 -1.55812e-09 8.4256e-07 -3.71001e-07 1.27728e-06 3.38544e-05 -9.71547e-09 1.44416e-06 -1.17484e-09 9.49852e-06 -2.03875e-09 1.45511e-05 6.79614e-07 -2.64687e-11 6.17373e-07 -8.12407e-11 -5.96778e-09 -1.91309e-11 2.78634e-07 -1.66363e-07 -2.50299e-07 9.16889e-07 -3.65609e-05 1.64001e-07 -2.52777e-05 3.8559e-06 5.62241e-09 -1.66063e-05 -4.54682e-08 1.27797e-06 -1.1209e-07 -1.87378e-10 -3.48417e-05 -2.61123e-09 3.56073e-05 -3.78699e-09 3.72994e-06 2.47837e-07 -1.51701e-05 -6.9559e-09 3.49361e-07 -6.88449e-10 1.2863e-06 -1.88709e-08 3.76042e-07 9.1935e-08 -3.40058e-09 1.1774e-06 -1.23537e-07 
0.0120496 -7.3018e-05 1.21853e-07 0.00189235 0.00194069 -4.33663e-08 -1.17787e-08 1.95536e-06 1.31055e-05 0.0147303 -0.0113723 0.00868976 0.00354939 0.00712033 -0.012068 0.00845065 0.00210796 -0.0019985 0.00350956 -2.19324e-09 7.15031e-07 -0.00831184 -8.77296e-09 -0.00196631 -0.013913 -0.00847321 0.00166809 0.00168188 0.00190933 0.000217551 0.00846814 5.31543e-06 0.000281034 0.00147951 1.77546e-06 0.000125692 0.000255243 -0.0132967 0.00132395 -3.29346e-05 1.05196e-07 0.00173979 5.91198e-06 -7.98042e-05 0.00424024 -1.30924e-06 -0.0133627 0.00083857 -3.08629e-05 0.000266618 -0.00401882 1.37336e-06 -3.32723e-07 0.000142481 0.00371513 0.00200511 0.0121 2.21975e-05 0.0001182 2.96308e-06 0.00732663 -7.75559e-07 -2.05364e-05 0.000653145 -1.0069e-08 0.00103095 1.1791e-06 8.65313e-06 -7.27757e-09 0.000860009 0.00278354 0.000211964 0.00106275 -0.0123805 -7.55294e-06 -0.0140872 -8.16024e-07 0.000132193 -0.00179015 2.52347e-06 0.00194728 -5.15578e-05 4.62872e-06 -0.0118654 -9.73338e-07 0.00944074 3.12494e-05 0.00339935 -1.95076e-06 -0.0119893 -2.52609e-06 9.44606e-06 1.45614e-05 0.00193505 -7.17867e-06 0.000328352 0.000153167 1.46388e-07 0.000315273 0.00288056 
-0.0158985 3.71688e-05 -1.41312e-05 -0.00201216 -0.00205006 -1.02238e-06 -3.01296e-07 -0.000146895 -2.5299e-05 -0.0113723 0.0194741 -0.00830354 -0.00607089 -0.00727712 0.0148299 -0.00978538 -0.00214364 0.00227147 -0.00367721 2.9141e-09 -3.33556e-06 0.0110265 1.16564e-08 0.0021027 0.016271 0.0102091 -0.000946449 -0.00084364 -0.00137376 -0.000947652 -0.0109317 -7.68363e-06 -0.0012515 -0.00185076 -2.10099e-06 -0.000855147 -0.00085494 0.0154153 -0.0013252 3.36412e-05 -7.9033e-07 -0.00225651 -3.2006e-05 6.54361e-05 -0.00710404 4.85383e-07 0.0171885 -0.003227 2.69234e-05 -0.00105371 0.00407126 -6.28601e-05 -1.81925e-05 -0.000430521 -0.00716712 -0.0021479 -0.0160736 -5.29161e-05 -0.000326828 -3.61285e-06 -0.00942205 -4.81995e-05 -3.74362e-05 -0.0049538 1.33784e-08 -0.0012511 -2.0256e-06 -0.000138527 -1.1033e-07 -0.000875297 -0.00632518 -0.000519869 -0.00145213 0.0155529 -0.000276661 0.0181896 -9.28105e-06 -0.000162033 0.00250273 2.50481e-06 -0.00207299 4.76601e-05 -4.67196e-06 0.0175324 -3.62102e-05 -0.0106183 -2.81126e-05 -0.00636763 -0.000118225 0.0157346 -6.1342e-06 -1.05292e-05 -1.35787e-05 -0.00204688 -9.40285e-05 -0.000670346 -0.000665781 -2.12979e-05 -0.00135977 -0.00304774 
0.00730359 -4.03917e-05 4.82745e-06 0.00160397 0.00162746 4.65937e-07 1.46542e-08 -3.72882e-06 1.27386e-05 0.00868976 -0.00830354 0.00935779 0.00352606 0.00709117 -0.00893232 0.0085397 0.00186216 -0.00166895 0.00277206 -1.38557e-09 2.47033e-06 -0.00804138 -5.54226e-09 -0.00166531 -0.00862583 -0.00836748 0.00158809 0.00160793 0.00193219 1.07179e-05 0.00780701 4.03761e-06 1.33306e-06 0.00172051 -2.00813e-07 -4.59345e-06 5.63011e-05 -0.00844359 0.00129603 -2.28683e-05 1.10647e-07 0.00103334 7.97487e-06 -5.05713e-05 -0.000233487 1.94025e-06 -0.00833635 3.43187e-06 -2.16094e-05 7.42556e-05 -0.00292496 -1.02749e-06 1.70555e-06 6.90112e-05 0.00102357 0.00170265 0.00730889 4.41183e-06 0.000201072 -2.0234e-07 0.00542299 1.62005e-06 -3.98952e-06 -5.00879e-05 -6.361e-09 0.00106777 7.53809e-07 -8.54186e-07 -4.59756e-09 0.00073788 0.000376591 -5.26955e-05 -6.44305e-05 -0.00872417 -1.58119e-05 -0.00898233 1.87236e-06 9.73236e-05 -0.00165881 2.23969e-06 0.00164946 -3.33463e-05 3.36164e-06 -0.00808401 -6.27535e-07 0.00711215 3.24299e-05 0.000866646 1.21251e-06 -0.0088197 -1.58165e-06 -1.86017e-06 -1.65449e-07 0.00161987 -4.53508e-06 0.000266581 1.84354e-05 -6.17232e-07 7.1136e-05 0.00298696 
0.0141723 -9.45369e-05 -5.29894e-06 -7.93729e-05 -7.10851e-05 -3.7742e-08 -8.45385e-08 -5.6226e-06 1.04243e-05 0.00354939 -0.00607089 0.00352606 0.017302 0.00334464 -0.0031784 0.00487012 0.000156299 7.65898e-05 0.000215645 -2.58312e-09 2.00385e-06 -0.00955481 -1.03325e-08 7.41529e-05 -0.00542588 -0.00456777 -2.26085e-05 -2.55761e-05 0.000325589 8.81174e-05 0.00664605 5.03807e-07 -1.87846e-05 0.00092165 3.15624e-07 -1.26294e-05 -3.33553e-05 -0.0125155 0.000489784 0.000172218 1.02564e-07 0.000982744 -9.53646e-07 -8.02233e-05 0.0100503 2.16656e-06 -0.00592936 -0.000167603 -3.18638e-05 -1.14487e-05 8.03262e-05 -1.70069e-06 -6.98088e-07 0.0002764 -0.000158117 -4.95705e-05 0.0129573 -3.31285e-06 0.00103725 -4.53036e-07 0.00170149 -9.13426e-07 8.27948e-05 -9.87437e-05 -1.18589e-08 0.000528792 -3.63985e-08 -2.67376e-06 7.14287e-08 1.26303e-05 -6.58163e-05 0.000402381 0.00110427 -0.0149641 1.44928e-05 -0.0142075 -2.26415e-06 -2.42141e-06 -0.00633617 -2.03112e-05 -7.55578e-05 -6.20644e-05 -8.39514e-08 -0.0154436 -7.46585e-07 0.0161055 4.27663e-06 -8.12847e-05 -1.80575e-06 -0.003415 2.84002e-05 1.73766e-05 9.64885e-07 -7.08383e-05 5.65885e-05 5.91428e-05 -1.22207e-05 9.22976e-06 -2.32484e-05 0.0015462 
0.00702607 -3.55436e-05 -2.23822e-06 -3.57228e-05 -3.50249e-05 -2.15466e-08 -3.56633e-08 -2.81015e-06 1.38513e-05 0.00712033 -0.00727712 0.00709117 0.00334464 0.00737466 -0.00724342 0.00734191 0.000185052 3.8058e-05 0.00299781 -1.08971e-09 1.57814e-09 -0.00727859 -4.35885e-09 3.65385e-05 -0.00691147 -0.00672979 7.52985e-05 -8.87798e-06 0.000450353 8.95671e-06 0.00733364 2.32494e-06 -9.96485e-06 0.000854794 -1.57934e-07 -6.44906e-06 -1.67708e-05 -0.00644276 0.0013018 -1.87849e-05 1.12644e-07 0.000891895 -6.97813e-07 -4.14378e-05 -0.000745535 1.26307e-06 -0.00715633 -6.69984e-05 -1.6988e-05 3.43871e-06 -0.00142345 -9.52285e-07 -1.87828e-07 4.16371e-05 0.000968428 1.08417e-07 0.00710367 3.04371e-06 0.000191999 -2.22054e-07 0.00561082 -5.86706e-08 -1.93815e-05 -4.22845e-05 -5.00277e-09 0.00100923 -1.5355e-08 -1.12795e-06 -3.61587e-09 7.65383e-05 0.000209332 -4.34748e-05 -4.87204e-05 -0.00666728 -1.68845e-05 -0.00699918 3.24489e-06 -1.45742e-06 0.000137462 -8.5938e-06 -3.69244e-05 -2.6226e-05 4.35125e-06 -0.00689572 -4.93541e-07 0.00700966 1.85442e-05 0.000758983 -1.03879e-06 -0.00709992 -1.22471e-06 -1.31422e-06 -1.30122e-07 -3.46444e-05 -3.56673e-06 0.000147532 -5.30447e-06 -4.42732e-07 -1.12025e-05 0.00268639 
-0.0136608 -5.05747e-05 -0.00028364 -0.00364696 -0.00348997 -2.69266e-06 -4.49728e-06 -0.000171666 -1.46313e-05 -0.012068 0.0148299 -0.00893232 -0.0031784 -0.00724342 0.0182748 -0.00863918 -0.0029205 0.00387547 -0.00389761 -1.10602e-07 -3.04822e-06 0.00811334 1.09247e-08 0.00370944 0.0173584 0.0102556 -0.00169576 -0.00177344 -0.00202091 -0.000655727 -0.00819982 -5.59513e-06 -0.00103402 -0.00157118 -1.14875e-05 -0.000666219 -0.00214909 0.0164813 -0.00145306 -2.21757e-05 -7.91565e-07 -0.00268487 -2.50693e-05 9.48096e-05 -0.00658665 -1.9155e-05 0.016094 -0.00375898 3.63681e-05 -0.000932502 0.00571165 -2.20499e-05 -3.54052e-05 -0.000132063 -0.00801659 -0.00373536 -0.0139744 -0.000177731 -0.000611986 -4.57013e-06 -0.0095847 -4.58276e-05 1.93749e-05 -0.00482106 -7.94798e-10 -0.00110359 -1.83818e-06 -0.0001435 -1.84271e-07 -0.000949394 -0.00574949 -0.000183541 -0.00181496 0.0141007 -0.000839979 0.0176 1.27064e-06 -0.000150481 0.00424764 -0.000926978 -0.00361184 -3.18526e-05 -4.6779e-06 0.0157869 -5.56064e-05 -0.00704792 -4.22561e-05 -0.0072653 -2.43865e-05 0.0170207 2.41842e-06 -4.32534e-05 -1.51439e-05 -0.00351352 8.84935e-06 -0.000648022 -0.000685099 1.41089e-06 -0.00109169 -0.00304353 
0.00925077 0.000216908 -1.01903e-06 0.00121275 0.0012281 1.04734e-06 4.92801e-08 -3.69977e-06 1.4204e-05 0.00845065 -0.00978538 0.0085397 0.00487012 0.00734191 -0.00863918 0.0111343 0.00148526 -0.00125885 0.00301332 -1.65163e-09 3.15557e-06 -0.010079 -6.6065e-09 -0.00125759 -0.00930242 -0.00884421 0.00115568 0.00109994 0.00171618 8.07905e-05 0.00949166 4.7027e-06 0.000113883 0.00186065 -2.39373e-07 7.81082e-05 -1.62515e-05 -0.0088359 0.00130984 -1.86547e-05 1.08852e-07 0.00104089 1.10404e-05 -4.50886e-05 -4.75057e-05 1.09728e-06 -0.0101204 -6.85608e-05 1.82502e-05 0.000182088 -0.00295479 5.25333e-06 4.75365e-06 0.000164523 0.000941166 0.00130521 0.00844807 2.47682e-06 0.000195821 -2.73223e-07 0.00560922 -2.57371e-07 -9.83396e-06 4.49181e-05 -7.58246e-09 0.00115239 7.5006e-07 -1.69625e-06 -5.48039e-09 0.000720212 0.000247647 0.000575954 -7.02027e-05 -0.00965329 -2.42143e-05 -0.0101075 1.11521e-05 9.88077e-05 -0.00135498 -8.97187e-06 0.00124129 2.21705e-05 4.33299e-06 -0.00943954 -7.48036e-07 0.00935432 1.83485e-05 0.000797415 -1.57445e-06 -0.008737 3.49402e-06 3.55521e-07 -1.97219e-07 0.00121628 4.06408e-06 0.000257962 0.00013336 1.26492e-05 0.000175291 0.00299224 
0.000206818 -1.15356e-05 -9.17848e-07 0.00275245 0.00278051 1.05783e-06 3.82042e-07 0.000151454 2.8169e-06 0.00210796 -0.00214364 0.00186216 0.000156299 0.000185052 -0.0029205 0.00148526 0.00303755 -0.00281646 1.04312e-05 -4.46869e-10 3.1728e-06 -0.000939634 -1.78748e-09 -0.00281432 -0.00283957 -0.00292492 0.00159862 0.00169071 0.00155791 -1.40381e-06 0.000597612 2.38709e-06 0.00107016 0.000893253 -6.47655e-08 0.000712789 1.94556e-05 -0.00236487 1.4141e-05 -7.69998e-06 -3.01636e-09 0.000725972 2.65503e-05 -4.8028e-06 0.000192825 -4.9767e-07 -0.00187428 -4.82028e-05 -7.01564e-06 0.000951076 -0.00280803 2.35595e-05 5.71923e-06 -1.38339e-06 -2.74355e-05 0.00281487 8.22628e-05 -7.53025e-07 -1.38822e-06 2.01894e-06 -3.02605e-05 -1.58019e-07 1.1096e-05 0.00100166 -2.05153e-09 1.14277e-05 1.72037e-06 -4.49217e-07 -1.48279e-09 0.000669659 -1.78436e-05 -1.90868e-05 -2.58188e-05 -0.00271159 0.000116266 -0.00289074 -7.81225e-07 0.000144406 -0.00270675 -1.51081e-06 0.00279818 -1.03914e-05 -1.45232e-08 -0.00210861 -1.75724e-07 0.000104216 -2.93522e-07 -2.37739e-05 1.34473e-05 -0.0029694 2.14196e-07 -8.24625e-07 6.83306e-07 0.00277432 -1.46264e-06 0.000509178 0.000659848 -2.63571e-07 0.00114339 0.000394582 
-0.000169669 -7.99127e-05 -5.72467e-06 -0.00477701 -0.0046752 -2.73173e-06 -4.56194e-06 -0.000176848 -1.27081e-06 -0.0019985 0.00227147 -0.00166895 7.65898e-05 3.8058e-05 0.00387547 -0.00125885 -0.00281646 0.00512537 -0.000224501 -1.12578e-07 -3.16353e-06 0.000832421 3.02246e-09 0.00492605 0.00477906 0.00474448 -0.00159751 -0.00252448 -0.00163545 -0.000110858 -0.000363883 -2.56204e-06 -0.00132679 -0.000741548 1.09513e-07 -0.000910674 -0.00032942 0.00429379 -0.00015523 1.29522e-05 5.10039e-09 -0.00280774 -2.64779e-05 1.79599e-05 -0.00184942 2.7818e-07 0.00201967 -8.23768e-05 3.48946e-06 -0.00107482 0.00470023 -2.54697e-05 -3.58325e-05 2.33913e-06 -0.000191874 -0.00491283 3.83928e-05 -2.39337e-06 3.91316e-06 -3.33936e-06 -2.15675e-05 -9.47127e-09 -1.58463e-05 -0.0013878 3.46895e-09 -7.86618e-06 -1.90602e-06 -8.29179e-05 -9.08261e-08 -0.000697576 -0.00013191 1.76938e-05 5.33046e-06 0.00380997 -0.00194793 0.00487269 1.35783e-06 -0.000173299 0.00475614 -0.00108887 -0.00483949 -3.01414e-05 2.45575e-08 0.00257048 3.15558e-07 0.000210976 -5.25702e-06 -9.96739e-05 -0.00013264 0.00300743 -4.08837e-06 6.07699e-07 -6.73977e-06 -0.00473084 2.37986e-06 -0.00051812 -0.000709605 4.45675e-07 -0.00144524 -0.000364079 
0.00369075 0.000432947 -7.29916e-08 0.000225348 0.000202194 -1.93142e-08 -3.19684e-08 -2.23205e-06 9.36486e-06 0.00350956 -0.00367721 0.00277206 0.000215645 0.00299781 -0.00389761 0.00301332 1.04312e-05 -0.000224501 0.00661572 -9.76811e-10 1.10017e-06 -0.00353663 -3.90724e-09 -0.000227933 -0.0044479 -0.00363072 3.25098e-05 -1.76367e-05 0.000129302 1.22937e-05 0.00301498 7.06743e-06 2.64176e-05 6.8724e-05 -1.41571e-07 -2.7106e-06 2.03849e-05 -0.00394618 0.000568264 2.6348e-05 -6.59347e-09 0.000673175 -5.43788e-07 0.000170209 0.000197055 -8.94523e-07 -0.00373061 4.91967e-05 1.18845e-05 8.07611e-06 -0.00284036 2.83045e-07 1.2486e-05 1.49239e-05 0.00129541 0.000231384 0.00348711 4.27296e-07 3.92047e-05 8.09526e-08 0.00345875 -3.0208e-07 -7.35589e-06 0.000292706 -4.48445e-09 0.00043619 -1.37642e-08 -1.01109e-06 -3.24124e-09 1.18464e-05 0.000712744 0.000138857 9.65945e-06 -0.00295837 9.29249e-05 -0.00368315 1.08424e-05 2.88536e-05 -0.000991683 0.00021928 0.000206888 0.000337568 2.50159e-06 -0.00343407 2.20927e-07 0.00311642 2.14839e-06 0.00144689 -8.01167e-07 -0.00372033 1.04833e-07 7.83412e-06 -1.1664e-07 0.000193925 -2.93719e-06 2.36896e-05 4.52051e-05 9.64719e-06 3.21081e-05 0.00035285 
2.53828e-08 -7.90205e-10 -4.41828e-11 1.12628e-07 1.12642e-07 -4.25333e-13 -7.04e-13 -8.98206e-11 -5.76547e-12 -2.19324e-09 2.9141e-09 -1.38557e-09 -2.58312e-09 -1.08971e-09 -1.10602e-07 -1.65163e-09 -4.46869e-10 -1.12578e-07 -9.76811e-10 1.46667e-07 -2.27187e-12 2.7839e-09 -8.60444e-14 -1.12603e-07 -1.0349e-07 -1.1048e-07 -2.54283e-10 -4.0924e-10 -4.8054e-10 -1.55025e-10 -1.76382e-09 -1.74484e-12 -1.96708e-10 -2.76947e-10 -3.11764e-12 -1.34346e-10 -3.40864e-10 -1.38203e-07 -2.18816e-10 -3.70817e-10 -1.452e-13 1.12622e-07 -1.4104e-11 -8.17989e-10 1.77861e-08 -2.39565e-11 5.3881e-09 -2.32036e-09 -3.37715e-10 -1.60184e-10 -1.11016e-07 -1.87983e-11 -5.81338e-12 -7.7504e-11 -1.38422e-09 1.12602e-07 -6.23912e-09 -3.62487e-11 -3.07833e-10 -4.38338e-12 -1.78399e-09 -7.60662e-12 -4.31023e-10 -8.34703e-10 -9.87556e-14 -1.96351e-10 -3.03111e-13 -2.2266e-11 -7.13778e-14 -1.419e-10 -1.03112e-09 -9.33871e-10 1.1209e-07 -2.33126e-08 -3.33302e-10 -1.3947e-07 -4.01735e-11 -2.87696e-11 -1.42051e-07 1.13164e-07 1.12604e-07 -5.17706e-10 -6.99111e-13 1.0229e-08 -9.74258e-12 2.50528e-08 -1.41294e-11 -1.14441e-09 -2.0506e-11 2.76051e-09 -2.59527e-11 -3.96953e-11 -2.56862e-12 1.12635e-07 -7.04078e-11 -1.01823e-10 -1.04711e-10 -1.26876e-11 -2.2114e-10 -4.60918e-10 
5.20699e-06 7.99877e-07 -4.66631e-09 3.16886e-06 3.17031e-06 -4.4921e-11 -7.4352e-11 1.13847e-07 -6.08912e-10 7.15031e-07 -3.33556e-06 2.47033e-06 2.00385e-06 1.57814e-09 -3.04822e-06 3.15557e-06 3.1728e-06 -3.16353e-06 1.10017e-06 -2.27187e-12 1.54898e-05 -1.08726e-05 -9.08747e-12 -4.67616e-06 -1.03871e-05 -7.16527e-06 2.32648e-06 1.00678e-06 9.29925e-06 -1.63728e-08 -2.96168e-08 2.07982e-06 1.82558e-07 1.41408e-06 -3.29266e-10 8.02478e-07 3.04e-07 -1.41728e-05 -2.31099e-08 9.25417e-06 -1.53351e-11 -5.17791e-08 6.71844e-07 2.67028e-06 6.208e-06 3.74699e-08 -6.84094e-06 -2.45062e-07 9.99393e-10 7.03082e-07 -1.44652e-05 -1.98535e-09 5.39386e-07 -8.18548e-09 -1.46192e-07 3.16608e-06 5.33106e-06 -3.82835e-09 6.45749e-06 -4.62944e-10 2.52159e-06 -8.03363e-10 1.07811e-07 9.1844e-08 -1.04299e-11 -2.07373e-08 -3.20127e-11 -2.35159e-09 1.99925e-08 3.78347e-07 -9.89e-08 -9.86295e-08 7.81874e-06 -1.1055e-05 -1.18679e-08 -1.37132e-05 -4.24287e-09 3.24363e-06 -1.48859e-05 -1.79166e-08 3.16635e-06 -5.46768e-08 -7.38357e-11 -1.1003e-05 -1.02895e-09 1.00555e-05 -1.49225e-09 -1.20866e-07 -2.16571e-09 -3.04512e-06 1.02059e-06 4.90581e-06 -2.71282e-10 2.62963e-06 -7.43603e-09 2.79246e-07 7.08941e-07 7.81993e-07 8.73311e-07 1.17799e-06 
-0.0125178 -0.000354234 4.84466e-06 -0.000781829 -0.000807725 -1.16495e-06 -1.2224e-08 2.20762e-06 -2.30672e-05 -0.00831184 0.0110265 -0.00804138 -0.00955481 -0.00727859 0.00811334 -0.010079 -0.000939634 0.000832421 -0.00353663 2.7839e-09 -1.08726e-05 0.0186208 -1.05531e-07 0.000846684 0.0100527 0.00986716 -0.000779642 -0.000689258 -0.00181651 -0.00011584 -0.0113699 -1.07509e-05 -0.000131013 -0.00182211 2.90142e-07 -0.000123913 3.61675e-06 0.0107101 -0.00130222 -0.000617483 -1.01209e-07 -0.00182178 -1.82847e-05 -0.00100174 -0.00348259 -1.0443e-05 0.011339 0.000202903 -0.000184587 -0.000178543 0.00317849 -4.04572e-05 -1.48765e-06 -0.00036261 -0.00100209 -0.000880086 -0.0114872 -4.63215e-06 -0.000825241 8.06153e-08 -0.00604418 5.77757e-07 -8.85085e-05 -5.24555e-06 -1.90553e-07 -0.00120094 -1.23744e-06 2.88159e-06 -1.07625e-08 -0.000695549 -0.000187996 -0.000745238 -0.00104044 0.0128424 -0.000202852 0.0126131 -9.23089e-06 -0.00013644 0.00200523 1.8818e-05 -0.000819209 -0.000223714 -4.43286e-06 0.0138919 -2.04248e-06 -0.0149146 -3.88548e-05 -0.00093053 -0.00010611 0.00819362 -8.18513e-05 -0.000255876 3.32422e-07 -0.000796198 -0.000138925 -0.000211536 -2.9153e-06 -6.68413e-05 -0.000207261 -0.00289184 
1.18198e-07 2.46839e-07 -1.76731e-10 -2.8207e-09 -2.76559e-09 -1.70133e-12 -2.816e-12 -3.59282e-10 -2.30619e-11 -8.77296e-09 1.16564e-08 -5.54226e-09 -1.03325e-08 -4.35885e-09 1.09247e-08 -6.6065e-09 -1.78748e-09 3.02246e-09 -3.90724e-09 -8.60444e-14 -9.08747e-12 -1.05531e-07 5.86666e-07 2.92274e-09 -4.20626e-07 1.1415e-08 -1.01713e-09 -1.63696e-09 -1.92216e-09 -6.20101e-10 -7.05528e-09 -6.97938e-12 -7.86831e-10 -1.10779e-09 -1.24706e-11 -5.37385e-10 -1.36345e-09 -3.32814e-07 -8.75264e-10 -1.48327e-09 -5.808e-13 1.13822e-07 -5.64158e-11 -3.27196e-09 -6.21888e-08 1.16571e-07 -2.45114e-07 -9.28144e-09 -1.35086e-09 -6.40736e-10 -2.57396e-07 -7.51931e-11 -2.32535e-11 -3.10016e-10 -5.53686e-09 -2.92588e-09 -2.49565e-08 -1.44995e-10 -1.23133e-09 -1.75335e-11 1.09531e-07 -3.04265e-11 -1.72409e-09 -3.33881e-09 -3.95022e-13 -7.85404e-10 -1.21244e-12 -8.90638e-11 -2.85511e-13 -5.67598e-10 -4.12447e-09 1.46265e-07 1.11695e-07 4.00831e-08 -1.33321e-09 2.87878e-08 -1.60694e-10 -1.15079e-10 -3.48204e-07 -6.78572e-10 -2.91557e-09 9.79292e-08 -2.79644e-12 -2.02417e-07 -3.89703e-11 2.33545e-07 -5.65175e-11 -4.57766e-09 -8.20238e-11 1.10421e-08 1.16563e-07 -1.58781e-10 -1.02745e-11 -2.79134e-09 -2.81631e-10 -4.07291e-10 -4.18845e-10 -5.07506e-11 -8.84558e-10 -1.84367e-09 
-1.82662e-05 -8.50918e-05 1.50079e-06 -0.00477154 -0.00467478 -2.73222e-06 -4.56275e-06 -0.000176952 -1.62749e-06 -0.00196631 0.0021027 -0.00166531 7.41529e-05 3.65385e-05 0.00370944 -0.00125759 -0.00281432 0.00492605 -0.000227933 -1.12603e-07 -4.67616e-06 0.000846684 2.92274e-09 0.00495712 0.00462836 0.00475475 -0.00159595 -0.00251966 -0.00163342 -2.82408e-05 -0.000361874 -2.56406e-06 -0.00132702 -0.000738529 1.059e-07 -0.00091083 -0.000201908 0.00414874 -0.000155194 -4.15749e-06 4.93212e-09 -0.00281273 -2.64943e-05 1.75553e-05 -0.00170206 -1.54958e-06 0.0018741 6.48042e-05 -7.15524e-06 -0.00107496 0.00471769 -2.53015e-05 -3.58392e-05 2.63264e-06 -2.34546e-05 -0.00490957 0.000188302 2.64621e-07 -2.47025e-06 -3.34444e-06 -7.73497e-06 2.5838e-07 -2.78758e-05 -0.00123039 -9.97882e-09 -8.58372e-06 -1.90637e-06 -2.79367e-06 -9.09088e-08 -0.000689667 3.26348e-05 2.94215e-05 1.73401e-05 0.00366229 -0.00194925 0.0047143 1.31127e-06 -0.000173333 0.0047773 -0.00108867 -0.00483867 -3.22547e-05 2.37473e-08 0.00241926 -6.69066e-07 0.00018501 -3.29339e-06 1.79132e-05 -0.000132663 0.00283883 -4.11845e-06 -1.24616e-05 -7.96083e-07 -0.00473081 2.3916e-06 -0.000518238 -0.000709363 6.43046e-08 -0.0014455 -0.000364614 
-0.0234489 -0.00425334 -0.000276989 -0.00447878 -0.00438745 -2.56537e-06 -4.47785e-06 -0.000199445 -1.37151e-05 -0.013913 0.016271 -0.00862583 -0.00542588 -0.00691147 0.0173584 -0.00930242 -0.00283957 0.00477906 -0.0044479 -1.0349e-07 -1.03871e-05 0.0100527 -4.20626e-07 0.00462836 0.0626102 0.0105529 -0.0016166 -0.00238126 -0.00201213 -0.000929157 -0.00874945 -6.04489e-06 -0.00124889 -0.00148875 -1.93834e-05 -0.000854447 -0.00208809 0.0272497 -0.00138346 -0.00101214 -8.73557e-07 -0.00452319 -2.0536e-05 -0.0011927 -0.0340335 -1.84142e-05 0.0244502 -0.0122933 -0.000353969 -0.0010187 0.0110337 -6.35413e-05 -3.46598e-05 -0.000139154 -0.00847299 -0.00464841 -0.0198923 -0.000225873 -0.0019094 -5.21417e-06 -0.00990217 -4.82459e-05 0.000128992 -0.00529695 -1.47622e-09 -0.0011158 -1.92796e-06 -0.000141188 -1.77338e-07 -0.000902564 -0.00649663 -0.0058807 -0.00398454 0.0200191 -0.00202063 0.0243166 1.121e-05 -0.000162225 0.0106182 -0.00107772 -0.00459144 -0.0032618 -4.44675e-06 0.0198978 -6.17651e-05 -0.0172536 -4.23877e-05 -0.00727913 -0.000128893 0.0172983 -8.51274e-05 -0.000245652 -1.46579e-05 -0.00443376 -2.17648e-05 -0.000635999 -0.000665378 -2.54475e-05 -0.00139729 -0.00291747 
-0.0122287 -0.000604835 5.86149e-06 -0.00460596 -0.00451185 -2.83024e-06 -4.49327e-06 -0.000162254 -3.68985e-05 -0.00847321 0.0102091 -0.00836748 -0.00456777 -0.00672979 0.0102556 -0.00884421 -0.00292492 0.00474448 -0.00363072 -1.1048e-07 -7.16527e-06 0.00986716 1.1415e-08 0.00475475 0.0105529 0.0190789 -0.00168032 -0.00246321 -0.00267526 -7.55537e-05 -0.00890838 -1.01685e-05 -0.00130608 -0.00180513 3.73601e-07 -0.000897827 -0.000219013 0.0135572 -0.00139934 -8.41557e-05 -5.30737e-07 -0.00356585 -2.66522e-05 -0.000475939 -0.0051626 -1.46182e-06 0.0116479 0.000146976 -0.000981887 -0.00107043 0.0061292 -0.000103033 -3.55521e-05 -0.000208285 -0.000908687 -0.0047779 -0.0101786 -3.81442e-06 -0.000209508 -5.31181e-06 -0.00693874 4.22462e-07 -0.00270969 -0.00117746 1.31014e-08 -0.000967118 -1.87645e-06 1.29723e-06 -1.03864e-07 -0.000739692 -5.89842e-05 8.07415e-05 6.04484e-05 0.01499 -0.00184375 0.0128034 -0.00013612 -0.000189003 0.00859161 -0.00102313 -0.0046667 5.59784e-06 -4.29392e-06 0.0124021 1.08249e-06 -0.0125502 -2.96289e-05 -0.000684907 -0.00013064 0.0094205 -5.86034e-06 -1.47605e-05 2.54098e-07 -0.00456676 -3.71961e-05 -0.000666505 -0.000699112 -5.01435e-05 -0.0014633 -0.00300846 
5.22238e-05 -9.2377e-06 -5.22286e-07 0.00153333 0.00157785 -5.02787e-09 5.1678e-08 -1.06177e-06 2.48513e-07 0.00166809 -0.000946449 0.00158809 -2.26085e-05 7.52985e-05 -0.00169576 0.00115568 0.00159862 -0.00159751 3.25098e-05 -2.54283e-10 2.32648e-06 -0.000779642 -1.01713e-09 -0.00159595 -0.0016166 -0.00168032 0.00173074 0.0015945 0.00156515 -3.49223e-07 0.00050713 2.40271e-06 -9.68621e-07 0.00066133 -3.68537e-08 1.27886e-05 5.40731e-06 -0.00155122 -1.69961e-07 -4.38344e-06 -1.71641e-09 5.63596e-05 -1.66723e-07 -5.91614e-06 8.41429e-05 -2.83191e-07 -0.000999954 -1.97357e-05 -3.99213e-06 -1.80354e-06 -0.00163845 -2.22215e-07 -6.87201e-08 -4.36177e-07 -7.20284e-06 0.00159608 5.42473e-05 -4.28496e-07 -3.6389e-06 2.8184e-08 8.22847e-05 -8.99181e-08 -4.85179e-06 -9.77371e-06 -1.16739e-09 4.29893e-06 7.6975e-07 -2.49873e-07 -8.43758e-10 0.000669789 -6.72552e-06 -8.04265e-06 -1.46917e-05 -0.00161156 -3.93997e-06 -0.00164572 -4.74891e-07 0.000101237 -0.00152007 -2.00535e-06 0.00158523 -6.11648e-06 -8.26421e-09 -0.00092139 -1.15167e-07 3.71362e-05 5.52976e-07 6.41852e-06 -2.42401e-07 -0.00169447 -3.06787e-07 1.31076e-06 3.09636e-07 0.00157142 -8.32292e-07 5.2373e-05 -1.14446e-06 -1.49981e-07 2.40692e-05 0.000346261 
-7.54612e-05 -1.43133e-05 -8.4056e-07 0.00242165 0.00246784 -8.09178e-09 4.66067e-08 1.97868e-07 4.60314e-07 0.00168188 -0.00084364 0.00160793 -2.55761e-05 -8.87798e-06 -0.00177344 0.00109994 0.00169071 -0.00252448 -1.76367e-05 -4.0924e-10 1.00678e-06 -0.000689258 -1.63696e-09 -0.00251966 -0.00238126 -0.00246321 0.0015945 0.00278248 0.00164636 -1.52262e-06 0.000391854 2.39014e-06 2.30244e-05 0.000670628 -5.93118e-08 4.55608e-05 -4.86478e-06 -0.00233123 2.08471e-05 -6.15797e-06 -2.76237e-09 0.000898573 -2.68322e-07 -8.26856e-06 0.000973028 -4.55763e-07 -0.00085693 -4.13005e-05 8.05124e-07 1.99236e-07 -0.00248298 2.25704e-07 -1.10597e-07 -1.47448e-06 -2.63208e-05 0.00251135 -9.06098e-05 -6.89615e-07 -5.2964e-06 -3.39187e-09 -3.20564e-05 -1.44713e-07 -6.62002e-06 -1.41832e-05 -1.87878e-09 9.24507e-07 8.04233e-07 -4.00267e-07 -1.35793e-09 0.000683164 -1.94332e-05 -1.30065e-05 -2.26346e-05 -0.00252048 0.000757406 -0.00246426 -5.74283e-07 0.000113859 -0.0025349 5.64126e-05 0.00251052 -9.28247e-06 -1.33003e-08 -0.00102158 -1.85348e-07 -8.01727e-05 -2.68805e-07 -2.10353e-05 1.01999e-05 -0.00166614 1.87626e-06 -7.55187e-07 7.478e-07 0.00249299 -1.33948e-06 6.19095e-05 2.59458e-06 -2.41377e-07 0.000104036 0.000294981 
0.00117653 -3.14918e-06 -9.87008e-07 0.00159028 0.00159796 -9.50159e-09 2.42732e-08 3.27348e-06 2.81204e-07 0.00190933 -0.00137376 0.00193219 0.000325589 0.000450353 -0.00202091 0.00171618 0.00155791 -0.00163545 0.000129302 -4.8054e-10 9.29925e-06 -0.00181651 -1.92216e-09 -0.00163342 -0.00201213 -0.00267526 0.00156515 0.00164636 0.00326568 -9.53133e-07 0.00133299 7.31435e-06 -4.11762e-06 0.000680517 -6.96456e-08 9.27882e-06 -5.03794e-06 -0.00257053 -4.0415e-06 -2.30414e-07 -3.24365e-09 7.08724e-05 3.91596e-07 7.94101e-05 0.000740755 1.11498e-07 -0.00139474 -4.27549e-05 1.78224e-05 1.02163e-06 -0.00176223 -3.33271e-07 1.96801e-07 4.31529e-06 5.17311e-05 0.00163076 0.000592903 -5.29765e-07 7.79993e-06 -9.7921e-08 0.000448534 -1.46592e-07 4.97986e-07 -1.86466e-05 -2.20612e-09 6.63684e-07 5.66562e-07 -4.97403e-07 9.84055e-08 0.00066085 -2.20776e-05 1.91814e-05 -2.13142e-05 -0.00290798 8.4621e-05 -0.00285784 5.66092e-05 0.000106487 -0.00192846 -3.00968e-06 0.00162099 -1.10651e-05 -1.22842e-08 -0.0019309 -2.17641e-07 0.00126815 -2.92305e-07 4.08808e-06 -4.58086e-07 -0.00203112 2.30239e-07 7.10324e-06 -5.73809e-08 0.00160114 -1.29952e-06 -1.0797e-07 3.08398e-08 1.47699e-05 5.95659e-06 0.000688313 
0.000982523 -5.69481e-06 7.41585e-07 3.0658e-05 1.35727e-06 -3.06527e-09 2.76493e-06 9.32935e-06 -8.21694e-09 0.000217551 -0.000947652 1.07179e-05 8.81174e-05 8.95671e-06 -0.000655727 8.07905e-05 -1.40381e-06 -0.000110858 1.22937e-05 -1.55025e-10 -1.63728e-08 -0.00011584 -6.20101e-10 -2.82408e-05 -0.000929157 -7.55537e-05 -3.49223e-07 -1.52262e-06 -9.53133e-07 0.00105587 0.000117955 -1.25747e-08 7.19042e-07 2.29241e-05 1.04199e-07 -8.58199e-07 0.000125037 -0.000984801 9.70638e-06 -1.95721e-07 -1.04642e-09 2.11946e-05 -1.01644e-07 -5.89504e-06 0.000885499 -1.72649e-07 -0.0010138 0.000654574 1.79951e-06 -2.87739e-07 -1.89579e-05 -1.35474e-07 1.71477e-06 -1.25219e-07 0.000884208 2.44918e-05 0.000970116 4.68765e-07 2.31522e-07 1.40508e-06 7.50699e-05 3.71848e-07 -2.4196e-06 0.000635325 -7.11707e-10 -1.41505e-06 1.47816e-07 1.24262e-05 -5.14402e-10 1.53107e-05 0.000842392 8.72465e-05 0.000103646 -0.000938853 4.81464e-06 -0.00100402 -1.95201e-08 -2.07336e-07 -4.14068e-05 2.51374e-05 5.17038e-06 -3.73098e-06 1.74962e-07 -0.000966562 1.08645e-06 0.000169668 2.18173e-07 0.000506536 -4.4448e-08 -0.000867186 -1.87034e-07 1.92393e-06 2.03482e-06 5.04754e-06 -5.07412e-07 -6.90478e-07 3.29871e-06 -9.14367e-08 1.76302e-07 4.61828e-06 
0.0109617 -5.56801e-05 -2.93281e-06 0.000365049 0.000337962 -3.48755e-08 -5.7725e-08 -5.62491e-06 1.85073e-05 0.00846814 -0.0109317 0.00780701 0.00664605 0.00733364 -0.00819982 0.00949166 0.000597612 -0.000363883 0.00301498 -1.76382e-09 -2.96168e-08 -0.0113699 -7.05528e-09 -0.000361874 -0.00874945 -0.00890838 0.00050713 0.000391854 0.00133299 0.000117955 0.0118814 5.4736e-06 -1.00459e-05 0.0015161 -2.55634e-07 -1.06592e-05 -2.3516e-05 -0.00882825 0.00131054 -1.79821e-05 2.34761e-07 0.00125507 5.82687e-06 -4.49917e-05 0.00193096 1.379e-06 -0.0100436 -3.51564e-05 -1.46578e-05 8.08893e-06 -0.00191273 -6.58045e-07 -3.16672e-07 0.000411375 0.00135889 0.000410599 0.0105357 8.04443e-06 0.000199576 3.17248e-07 0.00579288 -2.50378e-07 -2.31203e-06 -5.14521e-05 -8.09754e-09 0.00117944 3.25146e-07 -1.82571e-06 -5.85268e-09 0.000482632 0.000631509 0.000192957 0.000111302 -0.0108175 1.21398e-06 -0.011308 9.68595e-06 3.32101e-06 -0.000563077 -1.38567e-05 0.000345314 -4.0523e-05 4.55934e-06 -0.0110159 4.77816e-07 0.0105335 3.33748e-05 0.00124686 -1.6814e-06 -0.00834472 -4.31342e-07 8.18484e-07 6.60505e-08 0.000337037 5.90002e-05 0.000157168 -8.53254e-06 2.24633e-06 -1.62625e-05 0.00272106 
6.11177e-06 1.0859e-06 -3.58383e-09 2.56613e-06 -5.60818e-08 -3.45003e-11 -5.7104e-11 -7.28568e-09 -4.67658e-10 5.31543e-06 -7.68363e-06 4.03761e-06 5.03807e-07 2.32494e-06 -5.59513e-06 4.7027e-06 2.38709e-06 -2.56204e-06 7.06743e-06 -1.74484e-12 2.07982e-06 -1.07509e-05 -6.97938e-12 -2.56406e-06 -6.04489e-06 -1.01685e-05 2.40271e-06 2.39014e-06 7.31435e-06 -1.25747e-08 5.4736e-06 1.18965e-05 -1.59557e-08 4.42754e-06 -2.52883e-10 -1.08973e-08 -2.76487e-08 -1.08335e-05 5.58918e-07 1.13255e-07 -1.17777e-11 1.42312e-07 6.72189e-07 4.84032e-06 -7.2109e-07 3.80568e-08 -5.78628e-06 -1.88213e-07 5.62607e-07 -1.29931e-08 -1.14753e-05 -1.5248e-09 -4.71544e-10 7.73713e-07 1.12105e-06 2.644e-06 2.90392e-06 1.03931e-08 1.95031e-07 -3.55552e-10 3.65529e-06 -6.17001e-10 1.18372e-07 1.32294e-07 -8.01042e-12 2.4074e-07 -2.45864e-11 -1.80607e-09 1.99942e-08 1.97516e-06 -3.03043e-08 -7.57497e-08 -1.08119e-08 -9.08718e-06 -2.70353e-08 -1.03529e-05 -3.25862e-09 7.111e-06 -9.66228e-06 1.8624e-07 -5.91232e-08 6.08007e-07 -5.67074e-11 -9.72362e-06 -7.90256e-10 9.60167e-06 7.78854e-07 -4.28276e-08 -1.66331e-09 -5.59275e-06 2.97895e-07 3.23678e-06 -2.0835e-10 -5.6604e-08 -5.71103e-09 1.50741e-08 1.91506e-07 3.61564e-06 1.12063e-07 6.9928e-07 
