0.0266655 -2.73533e-06 -0.000155577 0.00223912 -1.33211e-06 -1.26211e-07 -0.0103711 -9.54676e-05 -5.48691e-05 -0.0248302 0.017951 -1.54446e-05 -4.40504e-08 -0.0185103 0.0172325 0.0250631 -0.000110525 -0.0119441 0.0201295 0.00118143 -0.0248855 0.024042 -0.00491781 -0.0144359 -5.29395e-05 -0.00458974 5.5828e-05 -0.000106747 0.0242014 4.05307e-07 -0.000532732 -0.000100155 -0.000684703 -1.06836e-07 -7.68223e-05 -6.77206e-08 3.07877e-06 0.013551 -7.57442e-06 0.000115815 1.19377e-05 -9.46815e-05 0.0130161 -0.0154311 2.23385e-06 0.000113806 -0.0235356 -0.000501772 0.00376845 -5.05149e-05 1.02552e-05 -0.00118954 -0.00022546 0.00457627 0 0.0112429 -0.00054628 2.31405e-06 -8.751e-06 -0.0254683 -8.86491e-09 -0.000624156 -3.78815e-06 -0.0248403 -3.29574e-06 0.0248484 0.00255787 0.0201921 -1.14384e-06 2.05917e-06 -4.76534e-05 3.23539e-05 -8.02393e-06 0.00035141 -0.000763081 -1.62858e-07 -0.0225924 0.0201018 0.000375817 -0.00201636 -1.48659e-07 -0.000184111 8.12933e-07 -0.000237797 1.06346e-05 -0.00320923 0 -0.00021379 -8.19513e-05 -0.0221923 0.000532908 -0.00122238 0.000307542 -2.73963e-05 0.000550238 -0.0174584 -0.000646494 -9.54934e-07 -2.41875e-05 0.004894 
-2.73533e-06 9.97567e-05 7.40575e-06 9.41602e-05 -5.07779e-09 -4.59259e-10 -8.60366e-05 5.26098e-08 7.16559e-06 -9.12275e-05 -4.69897e-06 4.0017e-07 -1.60292e-10 -5.40734e-05 -4.71724e-06 -5.65602e-06 -4.02535e-07 -9.26722e-05 -5.27473e-06 6.61808e-06 -9.12125e-05 7.84583e-05 -3.4679e-05 -9.07557e-05 5.31664e-05 6.74739e-05 9.16351e-05 -4.17834e-07 -5.57378e-06 -1.54539e-09 9.90681e-06 8.27277e-05 3.78745e-05 -3.88757e-10 -2.74635e-07 -2.46424e-10 -6.59458e-10 -2.6836e-06 2.75278e-08 -9.92126e-08 1.53213e-07 2.15186e-05 9.17125e-06 -8.87985e-05 -3.74125e-10 1.93913e-07 5.52916e-06 -1.83295e-06 -6.28939e-07 1.59207e-06 -1.0971e-09 -1.39872e-06 -8.27313e-07 -1.22164e-06 0 -2.56934e-06 -1.98877e-06 -1.14718e-08 3.08096e-07 -5.91369e-05 -3.22579e-11 -3.07955e-06 -1.37844e-08 -8.64498e-05 1.9735e-06 3.44928e-05 -9.0264e-07 -6.03734e-06 -4.59891e-09 6.36677e-08 2.86983e-05 6.45257e-05 -3.10414e-08 -2.50297e-07 -2.1345e-05 -5.92614e-10 -8.22966e-05 -5.47927e-06 9.7202e-05 -9.23597e-05 -6.01593e-10 8.44689e-05 -6.32188e-10 9.58111e-05 -3.0513e-08 -9.62765e-06 0 -7.8657e-07 6.9208e-05 -7.88572e-05 -6.12375e-07 -4.47727e-06 1.5483e-05 8.96153e-06 -6.06804e-08 -6.37284e-05 1.26983e-05 -3.88724e-09 4.62935e-07 -1.29401e-06 
-0.000155577 7.40575e-06 0.0152714 0.014179 -7.8951e-07 6.52597e-08 -0.0130557 -5.20299e-05 4.23851e-06 -0.0138008 -0.00069851 -1.29306e-05 -2.49226e-08 -0.0103614 -0.000376213 -0.000521555 -6.19239e-05 -0.0139978 0.0096586 -0.000112875 -0.0137862 0.0139982 -0.00536385 -0.0133611 0.000216292 0.0118497 0.00500227 -6.27594e-05 -0.000558513 3.66639e-06 -0.000297904 0.0137472 0.0143651 2.56222e-07 -4.1861e-05 -3.83147e-08 -1.02534e-07 -0.000493561 -2.67393e-06 -1.17921e-06 -5.36923e-07 -4.63174e-05 -0.000437595 -0.013298 -5.81701e-08 -4.83424e-06 0.00125426 -0.000270115 -1.88126e-05 -3.02434e-05 -1.7058e-07 -0.000677967 -0.000128583 -0.00013433 0 -0.000397459 -0.000308252 -1.04701e-06 1.88946e-06 5.22423e-05 -5.01555e-09 -0.000386518 -2.14324e-06 -0.0137156 -1.87425e-06 0.0137095 -0.000106312 -0.000583716 -7.15052e-07 5.53709e-07 -2.46973e-05 -8.1733e-06 -3.99641e-06 -2.46736e-05 0.000380134 -5.8808e-08 -0.013058 -0.000688596 0.0144158 -0.00299807 7.31292e-08 0.0143906 -9.82945e-08 0.0120297 -4.52425e-06 -0.00181062 0 -0.000119668 0.00118612 -0.0122656 -6.15106e-05 -0.000686955 0.00407468 6.41556e-05 -9.43477e-06 -0.00990154 -0.000298727 -3.11067e-07 -8.80359e-06 -0.000159917 
0.00223912 9.41602e-05 0.014179 0.0284097 -6.16222e-07 7.8611e-08 -0.0246015 -2.91226e-05 0.00149291 -0.0267415 0.00588253 -2.27659e-05 4.52979e-07 -0.0196629 0.00513605 0.0057517 -0.000118082 -0.025132 0.0158217 0.00578197 -0.0267488 0.0264996 -0.0101565 -0.02611 0.0024538 0.0157747 0.0110095 -0.000121974 0.00579582 2.95333e-06 -0.000351445 0.019904 0.0161327 8.55959e-07 -7.95558e-05 -7.22877e-08 1.90655e-06 -0.000847755 0.000279806 -2.06837e-05 4.73664e-07 -3.84071e-05 0.0065002 -0.0241481 -1.09748e-07 3.4254e-05 -0.00449008 -0.000533946 0.00429025 0.000672319 -3.21831e-07 -0.000777794 -0.00024269 0.0040829 0 0.0065056 -0.000583388 -2.8819e-06 2.63544e-05 -0.0107126 3.13871e-07 -0.000788918 -4.04362e-06 -0.0263181 0.000123207 0.0233927 -0.000264137 -0.00120104 -1.31908e-06 2.03359e-06 0.00277362 0.00119565 -9.09239e-07 0.00230492 -0.00176761 -1.73842e-07 -0.0247297 0.00596181 0.0209649 -0.0137475 3.70191e-07 0.0209052 3.35788e-06 0.0181027 0.000124496 -0.00335938 0 -0.000230608 0.00455916 -0.0239154 -0.000178215 -0.00128269 0.00520336 0.00190457 -1.78004e-05 -0.0186552 -7.99135e-05 2.68969e-06 -1.08116e-05 0.00654666 
-1.33211e-06 -5.07779e-09 -7.8951e-07 -6.16222e-07 5.08941e-05 -2.34294e-10 -3.22322e-05 4.30278e-06 -1.17884e-07 -3.44703e-05 2.39455e-07 -4.24266e-08 -8.1774e-11 -3.28358e-05 -2.2132e-06 -2.01213e-06 8.79775e-08 2.50594e-06 3.5532e-05 3.05665e-07 -3.45194e-05 -2.67289e-06 -7.8884e-06 -3.42297e-05 -2.26304e-07 -2.06323e-06 -8.74888e-07 3.97502e-05 -1.58178e-06 -7.88389e-10 -7.15545e-07 -1.12354e-06 -1.45847e-06 -1.98327e-10 3.62998e-05 -1.25715e-10 -3.36427e-10 4.04503e-05 -1.48654e-08 -5.0614e-08 -1.7617e-09 3.77741e-05 3.73785e-05 -7.08728e-06 -1.90862e-10 2.14923e-07 -4.55558e-05 9.30491e-06 -1.70858e-07 7.07244e-08 -5.59694e-10 9.06603e-06 -4.2206e-07 -6.23227e-07 0 4.01759e-05 4.91208e-06 -5.85244e-09 -1.62761e-08 2.36264e-06 -1.64566e-11 3.99789e-05 -7.03222e-09 -3.44341e-05 -6.71836e-09 2.48051e-05 -4.60488e-07 -3.07999e-06 1.36477e-05 -1.52995e-09 1.48073e-06 -1.19531e-07 -1.5836e-08 -1.77006e-07 -4.64627e-05 -3.02326e-10 -4.2122e-05 3.60947e-05 -1.3084e-06 -3.99371e-05 -3.06907e-10 -1.33887e-06 -3.22515e-10 -1.43297e-06 1.14434e-07 -5.98975e-06 0 -1.91274e-07 -2.42476e-07 -3.94202e-05 2.49843e-05 -2.16411e-06 -3.67473e-07 -1.14853e-07 -3.09565e-08 -2.42515e-05 -1.22866e-06 -1.9831e-09 -5.1219e-08 1.97882e-07 
-1.26211e-07 -4.59259e-10 6.52597e-08 7.8611e-08 -2.34294e-10 4.60331e-06 -3.96982e-06 -1.60289e-08 -1.0662e-08 -4.20933e-06 -2.16815e-07 -3.83726e-09 -7.39602e-12 -2.17559e-06 -2.17658e-07 -2.60974e-07 -1.85733e-08 -4.27599e-06 -2.97981e-07 -4.56145e-08 -4.20864e-06 -1.82171e-07 -1.60012e-06 -4.18756e-06 4.58287e-06 3.64101e-06 4.5242e-06 -1.92793e-08 -2.79635e-07 -7.13056e-11 -9.36595e-08 4.49505e-06 -1.3191e-07 -1.79377e-11 -1.29796e-08 -1.13702e-11 -3.0428e-11 -2.47789e-07 -1.3445e-09 -4.57777e-09 -1.59337e-10 -1.62132e-08 -1.30983e-07 -4.10986e-06 -1.72625e-11 -1.66509e-09 4.8275e-07 -8.45739e-08 -2.90199e-08 -8.97896e-09 -5.06213e-11 -2.02654e-07 -3.81731e-08 3.63697e-06 0 -1.18552e-07 -9.17636e-08 -5.29322e-10 -1.47208e-09 -4.31066e-06 -1.48841e-12 -1.42094e-07 -6.36027e-10 -4.20605e-06 -6.0764e-10 -6.33564e-08 -4.16487e-08 -2.78569e-07 -2.12198e-10 -1.38376e-10 4.21056e-07 -1.08109e-08 -1.43228e-09 3.71399e-06 1.2758e-07 -2.73438e-11 4.67792e-08 -2.52819e-07 4.485e-06 -1.25037e-07 -2.77581e-11 4.48224e-06 -2.91698e-11 3.8704e-06 -1.4079e-09 -5.41741e-07 0 -3.62931e-08 -2.19306e-08 -2.27585e-06 -2.82556e-08 -2.06586e-07 -3.3236e-08 -1.03879e-08 -2.79985e-09 1.16284e-06 -1.11125e-07 -1.79361e-10 -4.63249e-09 -6.1091e-08 
-0.0103711 -8.60366e-05 -0.0130557 -0.0246015 -3.22322e-05 -3.96982e-06 0.118682 -0.00244284 -0.00170744 0.0365902 -0.0146082 -0.000148988 -9.72222e-07 0.0207245 -0.00401148 -0.0117434 0.000554379 0.0263534 -0.025671 -0.00655572 0.0365908 -0.0352611 0.0274519 0.0590335 -0.0038134 -0.0672782 -0.0138045 -0.00357391 -0.0157933 -1.56824e-06 -0.00522279 -0.0190331 -0.0138579 -2.34707e-06 -0.00241753 3.39925e-07 -3.71699e-06 -0.000413191 -0.000251818 -0.000349433 -1.11165e-05 -0.00299273 -0.0197473 0.0185524 -1.09392e-06 -0.000277334 0.00979576 0.00211607 -0.00504475 -0.000510335 8.5671e-07 0.0042657 -0.00011878 -0.00479326 0 -0.0181615 0.00270636 6.99796e-06 -0.00010055 0.017409 -2.78836e-07 -0.0180318 1.89814e-05 0.0364517 -0.000113834 -0.0319862 -0.00177478 -0.00257408 -3.89861e-05 -2.31664e-05 -0.00291334 -0.00187371 1.81929e-05 -0.00297755 0.00172257 -1.25862e-07 0.0308664 -0.0162307 -0.0211969 0.0158581 -3.36014e-06 -0.0225116 -5.43794e-06 -0.0242184 -0.000166806 -0.022172 0 -0.00120508 -0.00410844 0.0278153 -0.00113747 0.00413872 -0.00535302 -0.00168774 6.55012e-05 0.0605711 -0.019597 -6.23114e-06 -0.00042653 -0.00814898 
-9.54676e-05 5.26098e-08 -5.20299e-05 -2.91226e-05 4.30278e-06 -1.60289e-08 -0.00244284 0.0034699 -7.41823e-06 8.89457e-05 -0.000163419 7.44107e-07 -5.59446e-09 0.000750227 -0.000164486 -0.000196808 -1.40491e-05 -7.78291e-05 -0.000210774 6.03266e-05 0.000111577 -0.000228325 -0.000908716 9.3834e-05 4.54011e-05 0.00102131 0.000116042 -5.78979e-06 -0.000192833 -5.39366e-08 -6.60821e-05 2.34947e-05 -8.60456e-05 -1.35683e-08 -3.52459e-06 -8.60061e-09 -2.30162e-08 -0.000148068 3.143e-06 -3.46269e-06 -1.20525e-07 -3.09719e-06 -9.1174e-05 0.000125425 -1.30576e-08 -4.72829e-07 0.000350112 -6.26496e-05 -2.1951e-05 5.29615e-05 -3.82907e-08 -0.00012142 -2.42946e-05 1.37628e-05 0 -7.72444e-05 -6.9168e-05 1.12947e-07 1.02765e-05 6.76046e-05 -1.12586e-09 0.000321542 -4.811e-07 8.09279e-05 2.11037e-06 -0.000252983 -3.12603e-05 -0.000210287 -1.38432e-08 4.58664e-07 7.98018e-05 6.88958e-05 -1.96731e-07 5.31704e-06 2.58598e-05 -2.06832e-08 0.000214053 -0.000183059 6.18841e-05 -1.81913e-05 -2.09966e-08 0.000152073 -2.20644e-08 4.22085e-05 -1.06495e-06 -0.000189644 0 -2.36526e-05 5.7398e-05 0.000257985 6.89373e-06 -0.000105604 8.48318e-06 6.16325e-05 -2.11785e-06 -0.00150525 0.000284557 -1.35671e-07 -2.55741e-06 -4.62101e-05 
-5.48691e-05 7.16559e-06 4.23851e-06 0.00149291 -1.17884e-07 -1.0662e-08 -0.00170744 -7.41823e-06 0.00231079 -0.00157913 8.89697e-06 -1.89737e-06 -3.72128e-09 -0.00117392 -9.71071e-05 -0.000114378 -7.39511e-06 -0.00167698 -0.000119812 -2.20807e-05 -0.0015744 0.00139934 -0.000502139 -0.00150344 0.000451725 0.00137243 0.00135705 7.2997e-06 -0.000120224 -3.58772e-08 -2.34511e-05 0.00144051 0.00033848 1.54097e-06 -2.89395e-06 -5.72089e-09 -1.53098e-08 -9.50343e-05 2.91635e-05 -1.35662e-06 8.13164e-07 -2.42759e-06 -2.77836e-05 -0.00148357 -8.68556e-09 -6.64449e-07 0.00017757 -4.19931e-05 -7.2979e-06 5.60555e-09 -2.54699e-08 4.37755e-05 -1.20366e-05 0.00150759 0 -2.21123e-05 -4.53305e-05 -2.66326e-07 6.50266e-06 -0.000916698 -7.48889e-10 0.000276876 -3.20015e-07 -0.00169036 -1.92398e-07 0.0008064 -1.4912e-05 -0.000136867 2.00657e-06 9.37099e-08 0.000530162 3.73572e-05 6.9602e-07 0.00111098 3.70446e-05 -1.37579e-08 -0.00164973 -9.82282e-05 0.00168796 -0.00139103 -1.39664e-08 0.00166564 -1.46767e-08 0.00135257 4.56162e-06 -0.000262235 0 6.56792e-05 0.000771286 -0.00137425 0.000109633 -9.61294e-05 0.000414374 2.77834e-05 -1.4054e-06 -0.00111764 -5.30323e-05 -9.02449e-08 2.51918e-06 -2.91777e-05 
-0.0248302 -9.12275e-05 -0.0138008 -0.0267415 -3.44703e-05 -4.20933e-06 0.0365902 8.89457e-05 -0.00157913 0.0782657 -0.0425201 6.81978e-05 -1.29915e-06 0.0568193 -0.0426076 -0.0517012 0.000345342 0.0562934 -0.0570095 -0.0089888 0.0781072 -0.0738585 0.0230752 0.0490314 -0.00403979 -0.00776222 -0.0119963 -0.00373684 -0.0543087 -1.33575e-05 0.00142989 -0.0201743 -0.026045 -2.69314e-06 -0.00252746 2.11411e-07 -4.60757e-06 -0.0390506 -0.000267071 -0.000313314 -2.43307e-05 -0.00309522 -0.0259089 0.0535091 -2.80236e-06 -0.000329324 0.0512449 0.00151088 -0.00574841 -0.000590151 -1.00554e-05 0.00310387 0.000709384 -0.0104293 0 -0.0227245 0.00170177 -4.98214e-05 -8.34089e-05 0.0576507 -2.95659e-07 -0.00226999 1.16426e-05 0.0775145 -0.000120612 -0.0731559 -0.00292338 -0.0418896 -4.21512e-05 -2.74871e-05 -0.00298052 -0.00203396 -7.45857e-05 -0.00314214 0.00425558 3.81748e-07 0.0698234 -0.0500837 -0.0232291 0.0173745 -3.0549e-08 -0.0223719 -3.0643e-06 -0.0184157 -0.000146592 0.00989087 0 0.00066776 -0.00435631 0.0675766 -0.00391323 0.00376316 -0.00654879 -0.00193068 -0.000543534 0.0537991 0.00102773 -5.7184e-06 3.97437e-05 -0.012075 
0.017951 -4.69897e-06 -0.00069851 0.00588253 2.39455e-07 -2.16815e-07 -0.0146082 -0.000163419 8.89697e-06 -0.0425201 0.0448812 -3.76381e-05 1.08433e-06 -0.0316805 0.0332221 0.0425523 -0.000190036 -0.0282189 0.0387262 0.00784306 -0.0425961 0.0424085 -0.0163607 -0.0263094 -0.000205247 -0.00870043 -0.000809462 0.000986272 0.0437686 5.42376e-06 -0.000946546 -0.00103972 0.00825844 -1.83531e-07 -1.1462e-05 -1.16336e-07 3.14867e-06 0.0271315 -1.37564e-05 0.000313082 1.45564e-05 0.00031124 0.0238396 -0.0247194 2.28671e-06 0.00018937 -0.0416433 -0.000860579 0.00567538 -6.29793e-05 -5.17938e-07 -0.00204005 -0.000387693 -0.000565268 0 0.0208042 -0.000938891 3.51642e-05 1.83848e-05 -0.0423158 -1.52289e-08 0.000375071 -6.50759e-06 -0.0425294 -5.29381e-06 0.0425807 0.000489436 0.0335266 7.922e-07 -1.41581e-06 -0.00014346 4.30633e-05 7.28488e-05 -0.000162684 -0.000940171 -2.79772e-07 -0.0394585 0.0438043 -0.00121052 -0.00771972 -2.8401e-07 -0.0012376 3.00821e-06 -0.00131768 9.16149e-05 -0.00547597 0 -0.000353768 -0.00022437 -0.0379609 0.00325302 -0.00210771 -0.000339601 2.01019e-05 0.000164513 -0.0300764 -0.00101368 2.28818e-06 -4.35445e-05 0.0117181 
-1.54446e-05 4.0017e-07 -1.29306e-05 -2.27659e-05 -4.24266e-08 -3.83726e-09 -0.000148988 7.44107e-07 -1.89737e-06 6.81978e-05 -3.76381e-05 0.000832888 -1.33929e-09 -0.000156041 -3.82841e-05 -4.70246e-05 -3.28998e-06 -6.56937e-05 -4.72492e-05 -5.43332e-06 6.86159e-05 -4.7839e-05 -3.49444e-06 -2.50773e-05 -2.33972e-06 0.00053305 -2.01888e-06 -2.23447e-06 -4.91771e-05 -1.29122e-08 0.000261667 -1.70346e-05 -2.23667e-05 -3.2482e-09 -1.0937e-06 -2.05895e-09 4.49001e-09 9.94635e-06 -2.43465e-07 2.94379e-07 -2.88531e-08 -1.67925e-06 -2.10354e-05 -0.000223528 -3.12594e-09 8.18482e-07 -0.000291736 -1.21615e-05 -5.25499e-06 -1.5826e-06 -9.16664e-09 0.00021829 -6.53248e-06 -1.02072e-05 0 -2.03144e-05 0.000167943 -9.5851e-08 9.78311e-11 5.04719e-05 -2.69525e-10 -1.3864e-05 -1.15173e-07 6.90779e-05 -1.10033e-07 -6.78853e-05 -7.01518e-06 -4.07239e-05 -3.84254e-08 -2.50575e-08 -1.43016e-06 -1.95767e-06 1.06064e-06 -2.899e-06 -0.000168714 -4.95149e-09 -0.000424058 -4.42911e-05 -2.00623e-05 1.2379e-05 -5.02651e-09 -1.24813e-05 -5.28214e-09 -2.09658e-05 -2.54946e-07 4.52869e-05 0 -6.56539e-06 -2.60459e-06 0.000144101 -4.01993e-06 1.88764e-06 -5.87845e-06 -3.07728e-07 -5.07005e-07 -0.000248315 -1.83762e-05 3.60854e-07 6.75114e-06 -1.09225e-05 
-4.40504e-08 -1.60292e-10 -2.49226e-08 4.52979e-07 -8.1774e-11 -7.39602e-12 -9.72222e-07 -5.59446e-09 -3.72128e-09 -1.29915e-06 1.08433e-06 -1.33929e-09 1.60666e-06 -1.09788e-06 7.14032e-07 6.98914e-07 -6.48251e-09 -9.89083e-07 1.056e-06 3.77413e-07 -1.29891e-06 1.29863e-06 -5.58479e-07 -1.29155e-06 1.3619e-07 -1.65872e-07 -9.5113e-10 4.96604e-07 1.19573e-06 -2.48873e-11 1.37311e-07 1.07866e-07 -4.60397e-08 -6.26064e-12 4.98803e-07 -3.96847e-12 -1.06201e-11 5.33516e-07 1.16197e-07 8.50689e-08 -5.56121e-11 4.97675e-07 1.00428e-06 -8.41101e-07 -6.025e-12 -5.81153e-10 -1.29484e-06 1.40482e-07 -1.01286e-08 2.26866e-07 -1.7668e-11 9.92693e-08 -1.33233e-08 -1.96735e-08 0 5.05289e-07 1.37972e-07 -1.84745e-10 -5.13791e-10 -1.33452e-06 -5.19489e-13 -4.95939e-08 -2.21988e-10 -1.29801e-06 1.43121e-07 5.7186e-07 -1.45363e-08 9.72773e-07 -7.4062e-11 -4.82964e-11 1.37885e-07 4.02893e-07 -4.99898e-10 -5.58759e-09 -7.72138e-07 -9.5436e-12 -1.35882e-06 1.34843e-06 1.02031e-07 -1.00918e-06 -9.6882e-12 1.01069e-07 -1.01809e-11 -4.5235e-08 -4.91388e-10 -1.8908e-07 0 -1.26671e-08 1.35679e-07 -1.3132e-06 6.26805e-07 -7.2103e-08 -1.16001e-08 1.39708e-07 -9.77212e-10 -8.56298e-07 -3.87853e-08 -6.26011e-11 -1.61684e-09 4.82011e-07 
-0.0185103 -5.40734e-05 -0.0103614 -0.0196629 -3.28358e-05 -2.17559e-06 0.0207245 0.000750227 -0.00117392 0.0568193 -0.0316805 -0.000156041 -1.09788e-06 0.216391 -0.0320144 -0.0387163 -0.00271232 0.0427339 -0.0426391 -0.00606658 0.0568402 -0.0570611 -0.0936623 0.0271231 -0.0018763 -0.0814671 -0.00699292 -0.00275138 -0.0405544 -1.04514e-05 0.00148177 -0.0142569 -0.0191488 -2.50603e-06 -0.00182149 1.7218e-07 -3.09013e-06 -0.031067 -0.000199253 -0.000332853 -1.03089e-05 -0.00209132 -0.0193373 0.0674982 -2.56248e-06 -0.000246192 0.0699541 -0.0117916 -0.00430379 -0.000436151 -6.85766e-06 -0.0148215 0.00252135 -0.0079964 0 -0.0167982 -0.0136071 -2.54403e-05 -0.000159609 0.0422447 -2.20943e-07 0.00272684 -9.43065e-05 0.0563479 -8.85126e-05 -0.054602 -0.00614329 -0.0405782 -3.04591e-05 2.21249e-06 -0.00207727 -0.000619489 -2.2954e-05 -0.00182981 0.0182942 1.28437e-06 0.0670423 -0.0374228 -0.0158406 0.0128369 1.74287e-06 -0.0147703 -2.04669e-06 -0.0103969 -5.9118e-05 -0.0126338 0 -2.59195e-05 -0.00324325 0.086206 -0.00249833 -0.00791671 -0.00489452 -0.00142468 -0.000402129 0.0184487 0.00693914 -1.47614e-05 -0.000620372 -0.00905059 
0.0172325 -4.71724e-06 -0.000376213 0.00513605 -2.2132e-06 -2.17658e-07 -0.00401148 -0.000164486 -9.71071e-05 -0.0426076 0.0332221 -3.82841e-05 7.14032e-07 -0.0320144 0.045047 0.0440351 -0.000189281 -0.0321846 0.0352445 0.00650673 -0.0426952 0.0415577 -0.0106251 -0.014987 -0.000207828 -0.00942324 -0.000812486 -0.000196755 0.0427722 8.63759e-06 -0.000959974 -0.00104376 0.00939757 -1.84245e-07 -0.000132965 3.32118e-08 3.84746e-06 0.0353943 -1.37532e-05 0.000333657 1.70501e-05 -0.000153215 0.0130805 -0.0333282 2.94602e-06 4.29406e-05 -0.0414625 -0.00081221 0.00424559 -3.17931e-05 9.70338e-06 -0.00187113 -0.000391748 0.00459819 0 0.0109587 -0.000845831 5.54931e-05 -1.44037e-06 -0.0436557 -1.52881e-08 -0.000998597 -5.97956e-06 -0.0425536 -5.97131e-06 0.042795 0.00306001 0.0364385 -2.05957e-06 1.33535e-06 -0.000155354 0.00011639 7.78351e-05 -0.000164064 -0.00146147 -2.80859e-07 -0.039118 0.0380642 -0.000372725 -0.00553029 -2.85115e-07 -0.00124319 3.00705e-06 -0.00132909 6.32456e-05 -0.00556026 0 -0.000345035 -0.000225259 -0.0381992 0.00338997 -0.00202886 0.000467387 2.6812e-05 0.000550492 -0.0299021 -0.00100876 -1.84229e-06 -4.75088e-05 0.0116444 
0.0250631 -5.65602e-06 -0.000521555 0.0057517 -2.01213e-06 -2.60974e-07 -0.0117434 -0.000196808 -0.000114378 -0.0517012 0.0425523 -4.70246e-05 6.98914e-07 -0.0387163 0.0440351 0.0534785 -0.000228741 -0.033597 0.0443009 0.00763779 -0.0518037 0.0506189 -0.0141333 -0.0239185 -0.000247654 -0.0109714 -0.000974452 -9.63713e-05 0.0521379 1.03985e-05 -0.00115262 -0.00125148 0.00917188 -2.20912e-07 -0.000159657 -1.4003e-07 4.2386e-06 0.0366871 -1.65015e-05 0.000339569 1.84277e-05 -0.000155567 0.0224867 -0.0327318 2.91074e-06 0.000101237 -0.0501565 -0.000995466 0.00586146 -5.39606e-05 9.71657e-06 -0.00239138 -0.000470122 0.00448214 0 0.0197681 -0.00111039 5.34411e-05 1.66716e-06 -0.05281 -1.83306e-08 -0.000928705 -7.83301e-06 -0.0516587 -6.46341e-06 0.05193 0.00315385 0.0435446 -2.49334e-06 1.05249e-06 -0.000169034 0.000100398 7.5454e-05 -0.000196449 -0.00118753 -3.36753e-07 -0.0474444 0.0474608 -0.00062239 -0.006403 -3.41856e-07 -0.00149097 2.94743e-06 -0.00159424 0.000103814 -0.0066718 0 -0.000442826 -0.000270071 -0.0462607 0.00344267 -0.00254363 0.000391341 4.89123e-06 0.000561848 -0.0361794 -0.0012366 -2.01226e-06 -5.57782e-05 0.0125016 
-0.000110525 -4.02535e-07 -6.19239e-05 -0.000118082 8.79775e-08 -1.85733e-08 0.000554379 -1.40491e-05 -7.39511e-06 0.000345342 -0.000190036 -3.28998e-06 -6.48251e-09 -0.00271232 -0.000189281 -0.000228741 0.00401848 0.000148153 -0.00025332 -3.99805e-05 0.000345946 -0.000346228 0.00247444 0.00036442 -1.79399e-05 -0.000753699 -6.85255e-05 -1.63747e-05 -0.00024314 -6.24984e-08 0.000252085 -8.89535e-05 -0.000115618 4.70945e-07 -1.13764e-05 -9.96586e-09 -2.66698e-08 -0.000138414 -1.17843e-06 -1.50902e-06 -1.39656e-07 -1.42006e-05 -0.000114805 -0.00350595 9.15363e-08 -1.45943e-06 -0.00357765 0.00365924 -2.28089e-05 4.9134e-06 -4.43689e-08 0.0036703 -2.90182e-05 -4.93254e-05 0 -0.000102353 0.00345394 -3.27277e-07 -1.29026e-06 0.00025637 -1.30457e-09 -8.52498e-05 8.58859e-05 0.000275624 -5.32588e-07 -0.000330107 -3.05412e-05 -0.000236545 -1.85989e-07 -1.21285e-07 -1.35493e-05 -8.9123e-06 -1.25538e-06 -1.19586e-05 -0.00368857 -2.39665e-08 -0.00277443 -0.000221592 -0.000103722 5.7034e-05 -2.43296e-08 -0.00010609 -2.55669e-08 -0.000113597 -1.234e-06 -0.000474642 0 4.82362e-05 -1.92219e-05 -0.00025042 -2.47657e-05 0.000339091 -2.91309e-05 -9.10483e-06 -1.33737e-06 0.00138265 -9.70799e-05 2.29946e-06 9.98464e-05 -5.35454e-05 
-0.0119441 -9.26722e-05 -0.0139978 -0.025132 2.50594e-06 -4.27599e-06 0.0263534 -7.78291e-05 -0.00167698 0.0562934 -0.0282189 -6.56937e-05 -9.89083e-07 0.0427339 -0.0321846 -0.033597 0.000148153 0.0660535 -0.0359952 -0.00725465 0.0562372 -0.0536699 0.0153331 0.0332927 -0.00411569 -0.0154389 -0.0123333 0.000228751 -0.0325955 -1.38752e-05 0.000670482 -0.0205038 -0.0263766 -3.34624e-06 0.000157132 -3.37691e-07 -1.99663e-06 -0.0285411 -0.000271301 -0.000366105 -2.0732e-05 3.19834e-05 -0.0127632 0.0516436 -2.73e-06 -0.000150108 0.0323594 0.000752019 -0.00450608 -0.000631174 -9.56136e-06 -0.00363785 0.00054188 -0.00931216 0 -0.01039 -0.000422621 -6.36399e-05 -6.84766e-05 0.0396902 -3.00341e-07 0.00114101 -7.07161e-06 0.0557807 -0.000122347 -0.051515 -0.00252069 -0.0299453 1.35128e-06 -2.77424e-05 -0.00300957 -0.0020168 -8.08648e-05 -0.00318964 0.000750682 -1.09389e-08 0.0536314 -0.0294853 -0.0235594 0.0112964 -1.17872e-07 -0.0230599 -2.93273e-06 -0.0188633 -9.94848e-05 0.00661635 0 0.000371283 -0.00442531 0.0492987 -0.00291279 0.00254864 -0.00660975 -0.00195845 -0.000365936 0.0360448 0.000452911 7.24023e-07 -1.84612e-06 -0.0102254 
0.0201295 -5.27473e-06 0.0096586 0.0158217 3.5532e-05 -2.97981e-07 -0.025671 -0.000210774 -0.000119812 -0.0570095 0.0387262 -4.72492e-05 1.056e-06 -0.0426391 0.0352445 0.0443009 -0.00025332 -0.0359952 0.0605415 0.00682968 -0.0570973 0.0577067 -0.0203684 -0.0354258 -0.000247108 -0.000757993 0.000194332 0.00381805 0.0479429 1.31173e-05 -0.00130819 0.00825507 0.0190388 -2.52238e-07 0.0026328 -1.59887e-07 4.18546e-06 0.0326614 -1.89062e-05 0.000283101 4.29422e-07 0.00303257 0.0237326 -0.0356825 -2.42744e-07 0.000271246 -0.0454298 -0.00116084 0.00571186 -7.56146e-05 2.98168e-07 -0.00268685 -0.000507686 0.00134634 0 0.0207325 -0.00128147 1.27672e-06 -9.26698e-06 -0.0439805 -2.09299e-08 0.00239509 -8.94375e-06 -0.0568681 -7.52458e-06 0.057029 -0.00027825 0.0351829 4.08961e-05 -1.94583e-06 -0.000209463 7.50441e-06 5.21527e-05 -0.000224367 -0.00395026 -3.51173e-07 -0.0543001 0.0458536 0.00895914 -0.0113722 -3.03665e-07 0.0088038 2.17315e-06 0.00606262 6.87823e-05 -0.00679015 0 -0.000504711 -0.000235753 -0.0508008 0.00262482 -0.00287587 0.00264622 -0.000106267 4.3152e-05 -0.0412674 -0.00145996 5.85451e-06 -5.61949e-05 0.0108627 
0.00118143 6.61808e-06 -0.000112875 0.00578197 3.05665e-07 -4.56145e-08 -0.00655572 6.03266e-05 -2.20807e-05 -0.0089888 0.00784306 -5.43332e-06 3.77413e-07 -0.00606658 0.00650673 0.00763779 -3.99805e-05 -0.00725465 0.00682968 0.00981082 -0.0090084 0.00833534 -0.00343394 -0.0088892 0.000777861 -0.00029692 0.00135859 2.32433e-05 0.00774694 5.16509e-07 -0.000199369 0.00089699 0.000474003 5.80546e-08 3.30972e-05 -2.44752e-08 1.9445e-06 0.0011694 4.03254e-06 6.72494e-05 1.3567e-05 2.477e-05 0.00657875 -0.00497804 7.19508e-07 0.000153306 -0.00725091 -0.000181692 0.00255146 0.000115489 4.1034e-08 -0.000320057 -8.12803e-05 -6.25652e-05 0 0.00612235 -0.000197521 -3.82737e-07 1.83879e-05 -0.00878192 -3.20391e-09 -0.000285613 -1.36909e-06 -0.00901957 1.02868e-06 0.00797075 -8.77847e-06 0.00216862 -4.56772e-07 1.49755e-05 0.00059593 0.000838685 3.46024e-06 7.44723e-05 -0.0012888 -5.88595e-08 -0.00822717 0.00776095 0.00126833 -0.00574773 3.20249e-07 0.00128471 3.24388e-06 0.00125584 0.000127759 -0.00112009 0 -7.81236e-05 0.000607859 -0.00759838 0.000184511 -0.000444287 -5.25195e-05 0.000617719 9.31109e-08 -0.00630297 0.000298118 -2.29421e-07 -6.08176e-06 0.00570601 
-0.0248855 -9.12125e-05 -0.0137862 -0.0267488 -3.45194e-05 -4.20864e-06 0.0365908 0.000111577 -0.0015744 0.0781072 -0.0425961 6.86159e-05 -1.29891e-06 0.0568402 -0.0426952 -0.0518037 0.000345946 0.0562372 -0.0570973 -0.0090084 0.0783898 -0.0739661 0.0231132 0.0490975 -0.00402835 -0.00762552 -0.0120074 -0.00377444 -0.0544454 -1.33552e-05 0.00142175 -0.0201515 -0.026058 -2.69256e-06 -0.00256195 2.11781e-07 -5.32325e-06 -0.0392409 -0.000266978 -0.000312721 -2.65055e-05 -0.00313109 -0.025972 0.0536476 -2.8018e-06 -0.000329483 0.0514023 0.00150914 -0.00574869 -0.000591902 -1.00538e-05 0.00307135 0.000709302 -0.0104541 0 -0.0227596 0.00168806 -4.99842e-05 -6.22044e-05 0.0577495 -2.9561e-07 -0.00233874 1.18466e-05 0.077679 -0.000120592 -0.0733054 -0.00291639 -0.0419796 -4.21443e-05 -2.74826e-05 -0.00297955 -0.00203573 -8.00491e-05 -0.00313743 0.004337 3.82637e-07 0.0700071 -0.0501918 -0.0232 0.0174253 -2.96462e-08 -0.0223262 -3.02002e-06 -0.0184096 -0.000157143 0.00999174 0 0.000669247 -0.00435493 0.0675879 -0.0039568 0.0037983 -0.00656486 -0.00193126 -0.000544757 0.0539779 0.00102173 -5.71256e-06 4.85277e-05 -0.0121221 
0.024042 7.84583e-05 0.0139982 0.0264996 -2.67289e-06 -1.82171e-07 -0.0352611 -0.000228325 0.00139934 -0.0738585 0.0424085 -4.7839e-05 1.29863e-06 -0.0570611 0.0415577 0.0506189 -0.000346228 -0.0536699 0.0577067 0.00833534 -0.0739661 0.0785353 -0.0247386 -0.0473774 0.00237879 0.00892719 0.0100498 0.00351581 0.0543664 1.36458e-05 -0.0013622 0.018941 0.0247914 8.1521e-07 0.00239356 -2.12215e-07 2.95209e-06 0.0381092 0.000259443 0.000315523 1.32428e-05 0.0028152 0.0257034 -0.0509122 2.78781e-06 0.000324179 -0.0520552 -0.00112012 0.00574545 0.000707523 1.95853e-06 -0.0023275 -0.000681698 0.00769611 0 0.0224979 -0.00140133 4.21707e-05 5.63549e-05 -0.055089 2.95554e-07 0.00194924 -6.35753e-06 -0.0734022 0.000113532 0.070593 0.00271151 0.0428847 4.49951e-06 3.44002e-07 0.00261661 0.00113449 6.82078e-05 0.00216665 -0.00428911 -5.10347e-07 -0.0712874 0.0497737 0.0197169 -0.0170476 -3.51413e-07 0.019559 3.01891e-06 0.0164317 0.000105106 -0.00868513 0 -0.000675528 0.00432493 -0.0676168 0.00375312 -0.00353108 0.00498452 0.00191802 0.00036179 -0.0524159 -0.00163778 1.23124e-05 -5.70878e-05 0.0121203 
-0.00491781 -3.4679e-05 -0.00536385 -0.0101565 -7.8884e-06 -1.60012e-06 0.0274519 -0.000908716 -0.000502139 0.0230752 -0.0163607 -3.49444e-06 -5.58479e-07 -0.0936623 -0.0106251 -0.0141333 0.00247444 0.0153331 -0.0203684 -0.00343394 0.0231132 -0.0247386 0.226775 0.0307415 -0.00139811 0.0222196 -0.00571016 -0.00143523 -0.0163731 -5.08434e-06 -0.00332882 -0.00754924 -0.00853718 1.15885e-06 -0.000980096 1.44143e-06 -6.3431e-07 -0.00801285 -0.000101524 -0.000151031 -5.79163e-06 -0.00122366 -0.00987483 -0.0108203 -1.68372e-08 -0.000121015 -0.00879983 0.0102652 -0.00205282 -7.59541e-05 6.46421e-06 0.0119909 -0.00277007 0.00239877 0 -0.00891791 0.0127449 -2.94695e-05 -4.92982e-05 0.016264 -1.12391e-07 -0.00781004 8.38231e-05 0.0227641 -4.577e-05 -0.021285 0.00431614 -0.00566182 -1.59266e-05 -6.71222e-06 -0.00115685 -0.000785601 3.88807e-05 -0.00110316 -0.0111736 -1.69142e-06 0.00333 -0.0186572 -0.00705035 0.00661223 -2.09603e-06 -0.00809545 -1.71263e-06 -0.00956677 -6.89115e-05 -0.0115698 0 -0.00128675 -0.00165407 0.0175076 -0.0019979 -0.00117949 -0.000835308 -0.000778895 0.000180711 -0.0526161 -0.00782628 1.89638e-07 0.000533411 -0.00444664 
-0.0144359 -9.07557e-05 -0.0133611 -0.02611 -3.42297e-05 -4.18756e-06 0.0590335 9.3834e-05 -0.00150344 0.0490314 -0.0263094 -2.50773e-05 -1.29155e-06 0.0271231 -0.014987 -0.0239185 0.00036442 0.0332927 -0.0354258 -0.0088892 0.0490975 -0.0473774 0.0307415 0.0821625 -0.00401716 -0.0309201 -0.0122233 -0.00374951 -0.0278344 -9.05427e-06 -0.00126537 -0.0200193 -0.0145316 -8.84719e-07 -0.00256483 2.23091e-07 -4.34965e-06 -0.0120109 -0.000265634 -0.000700741 -2.05804e-05 -0.00318527 -0.0245803 0.0280039 -1.73797e-06 -0.00029323 0.0238751 0.00162039 -0.00542314 -0.000572371 3.36555e-07 0.00317159 -0.0053378 -0.00423191 0 -0.0215526 0.00180046 7.03229e-06 -7.68301e-05 0.0299448 -2.9413e-07 -0.0121978 1.24059e-05 0.0490257 -0.000119988 -0.0443466 0.000295523 -0.0150985 -4.18365e-05 -2.39983e-05 -0.00299477 -0.00204159 -3.42078e-05 -0.0031405 0.00332113 3.76502e-07 0.04542 -0.0283082 -0.0213266 0.0173062 -1.51537e-06 -0.0220623 -4.75767e-06 -0.0247487 -0.00015508 -0.0196975 0 0.000418824 -0.00433379 0.0431461 -0.00279931 0.00116397 -0.00466683 -0.00187815 -9.19818e-05 0.0559595 -0.00729126 -6.57416e-06 6.43856e-05 -0.0102196 
-5.29395e-05 5.31664e-05 0.000216292 0.0024538 -2.26304e-07 4.58287e-06 -0.0038134 4.54011e-05 0.000451725 -0.00403979 -0.000205247 -2.33972e-06 1.3619e-07 -0.0018763 -0.000207828 -0.000247654 -1.79399e-05 -0.00411569 -0.000247108 0.000777861 -0.00402835 0.00237879 -0.00139811 -0.00401716 0.00442656 0.00343416 0.00427264 -1.66517e-05 -0.000243918 1.21126e-07 1.23048e-05 0.00381417 0.000121365 4.72674e-07 -1.18002e-05 -1.09824e-08 1.1061e-07 -0.000225152 6.68314e-05 -3.66497e-06 5.8061e-06 0.000164336 -0.000110292 -0.00357282 -1.66737e-08 -1.5483e-06 0.000445575 -8.11462e-05 -2.56601e-05 7.59173e-05 3.71105e-07 -0.000169769 -3.68711e-05 0.00214651 0 -0.000110122 -8.86339e-05 -2.71269e-07 3.66415e-05 -0.00341152 -1.43765e-09 -0.000127387 -6.14335e-07 -0.00401927 3.45631e-05 0.000927478 -4.00349e-05 -0.000265935 -1.98294e-07 2.5643e-05 0.00152275 0.00122076 6.55323e-06 0.0019847 -0.000144181 1.00255e-07 -0.00259479 -0.000231083 0.00426037 -0.00187374 -2.68114e-08 0.00430412 -2.81749e-08 0.00407701 -1.30321e-06 -0.000406964 0 -3.50553e-05 0.00177835 -0.00227742 -2.71653e-05 -0.000194476 -6.27242e-06 0.00112553 -2.70436e-06 -0.00226154 0.000276065 -1.23244e-07 -9.87827e-07 -5.83974e-05 
-0.00458974 6.74739e-05 0.0118497 0.0157747 -2.06323e-06 3.64101e-06 -0.0672782 0.00102131 0.00137243 -0.00776222 -0.00870043 0.00053305 -1.65872e-07 -0.0814671 -0.00942324 -0.0109714 -0.000753699 -0.0154389 -0.000757993 -0.00029692 -0.00762552 0.00892719 0.0222196 -0.0309201 0.00343416 0.165347 0.0100298 -0.000874144 -0.0114224 5.38499e-07 0.00208943 0.0174503 0.0116898 2.23874e-06 -0.000587378 -3.01749e-09 -1.71813e-07 -0.00831973 0.00022673 0.000366145 9.90787e-07 -0.000499063 -0.00496592 -0.0350523 -4.406e-07 3.59422e-06 -0.0115069 0.00860558 -0.00127221 0.00052464 -1.79217e-06 0.012253 -0.000656658 0.00417097 0 -0.00461408 0.0107732 -2.16278e-05 7.61689e-05 0.00570613 2.55741e-07 0.00516795 -4.14359e-06 -0.00719681 9.72889e-05 0.00347045 0.00126381 -0.000707935 -9.62979e-06 1.57527e-05 0.00257354 0.00148244 -4.13101e-05 0.00270757 -0.0100799 -6.25084e-07 -0.0250572 -0.0104974 0.0191634 -0.00363466 -1.0439e-06 0.0203821 1.12866e-06 0.0213865 -2.90662e-05 0.043029 0 -0.00156366 0.00375758 -0.0353273 -0.000972041 0.00578971 0.00483066 0.00153039 -0.000125648 -0.0363269 0.00814723 -3.8576e-08 0.000658574 -0.00261726 
5.5828e-05 9.16351e-05 0.00500227 0.0110095 -8.74888e-07 4.5242e-06 -0.0138045 0.000116042 0.00135705 -0.0119963 -0.000809462 -2.01888e-06 -9.5113e-10 -0.00699292 -0.000812486 -0.000974452 -6.85255e-05 -0.0123333 0.000194332 0.00135859 -0.0120074 0.0100498 -0.00571016 -0.0122233 0.00427264 0.0100298 0.016894 -7.09682e-05 -0.00101138 -2.66265e-07 0.00259587 0.0121968 0.00631159 1.31635e-06 -4.79308e-05 -4.24581e-08 1.16304e-06 -0.00087948 0.000175539 -1.4844e-05 8.46835e-06 0.000124598 -0.000458909 -0.0115244 -6.44606e-08 2.62623e-05 0.00091837 -0.000233051 -9.77676e-05 0.000579185 4.67639e-07 -0.000196125 -0.000142544 0.00449105 0 -0.000441403 -0.000332985 -1.3099e-06 5.2383e-05 -0.00538463 -5.55794e-09 -0.000464468 -2.34168e-06 -0.0116824 0.000110438 0.00734562 -0.000155182 -0.00104015 -7.85712e-07 2.685e-05 0.0030689 0.00193041 2.91166e-06 0.00336378 -0.000353112 9.78944e-08 -0.00989605 -0.000921965 0.0129671 -0.00679847 3.56347e-07 0.0130183 1.47743e-07 0.0127803 2.99127e-05 -0.00187466 0 -0.000126564 0.00438989 -0.0101997 -8.59104e-05 8.17437e-05 0.00166791 0.0018415 -1.04551e-05 -0.00930982 0.00117941 -6.1976e-07 -3.98367e-07 -0.000227822 
-0.000106747 -4.17834e-07 -6.27594e-05 -0.000121974 3.97502e-05 -1.92793e-08 -0.00357391 -5.78979e-06 7.2997e-06 -0.00373684 0.000986272 -2.23447e-06 4.96604e-07 -0.00275138 -0.000196755 -9.63713e-05 -1.63747e-05 0.000228751 0.00381805 2.32433e-05 -0.00377444 0.00351581 -0.00143523 -0.00374951 -1.66517e-05 -0.000874144 -7.09682e-05 0.00417057 0.00363137 -6.48739e-08 -8.52114e-05 -9.24121e-05 -9.35689e-05 -1.63197e-08 0.00279783 -1.03446e-08 -2.76834e-08 0.00388813 -1.22322e-06 -4.16486e-06 -1.24965e-07 0.00319125 0.00401641 0.000412417 -1.57054e-08 0.000149135 -0.00374193 1.80879e-05 -2.60389e-05 -5.52572e-06 -4.60553e-08 -6.10678e-05 -3.23765e-05 -5.03399e-05 0 0.00356758 -6.48232e-05 -4.81577e-07 -1.3393e-06 0.000183327 -1.35416e-09 0.00397655 6.8009e-08 -0.00379872 -5.52831e-07 0.0035702 -3.7892e-05 -0.000147529 4.57769e-05 -1.25895e-07 3.70174e-05 2.70175e-05 -1.30309e-06 -1.39152e-05 -0.00311876 -2.48774e-08 -0.00354204 0.00390669 -8.13273e-05 -0.00409841 -2.52543e-08 -0.000106128 -2.65387e-08 -0.000117914 -1.22091e-06 -0.000492876 0 -3.28095e-05 -1.99525e-05 -0.00338518 0.00068249 -0.000187952 -3.02381e-05 -9.45088e-06 -2.54731e-06 -0.00265562 -0.000101099 4.70015e-06 -4.0513e-06 -5.52839e-05 
0.0242014 -5.57378e-06 -0.000558513 0.00579582 -1.58178e-06 -2.79635e-07 -0.0157933 -0.000192833 -0.000120224 -0.0543087 0.0437686 -4.91771e-05 1.19573e-06 -0.0405544 0.0427722 0.0521379 -0.00024314 -0.0325955 0.0479429 0.00774694 -0.0544454 0.0543664 -0.0163731 -0.0278344 -0.000243918 -0.0114224 -0.00101138 0.00363137 0.0570561 1.03357e-05 -0.00121521 -0.00130999 0.00881875 -2.36708e-07 0.00238135 -1.50043e-07 3.73513e-06 0.0393127 -1.76855e-05 0.000335468 1.75407e-05 0.00276717 0.0263909 -0.0313515 2.89553e-06 0.000304404 -0.0533659 -0.000970173 0.00586635 -7.06142e-05 -1.14673e-07 -0.00224011 -0.000493764 0.00339758 0 0.0232036 -0.00112389 4.2955e-05 1.28175e-05 -0.0516275 -1.96413e-08 0.00276369 -8.05977e-06 -0.0542714 -6.9985e-06 0.0543632 0.00276844 0.042999 -2.03687e-06 -1.82603e-06 -0.000149365 0.000124091 7.62927e-05 -0.00020938 -0.00382779 -3.60833e-07 -0.0508283 0.0511974 -0.00143626 -0.010271 -3.663e-07 -0.00155804 2.92174e-06 -0.00166601 0.000109118 -0.00708908 0 -0.000445343 -0.00028633 -0.0484898 0.00383067 -0.00272269 -0.000381546 -5.94643e-06 0.000292159 -0.0387231 -0.00129585 5.94979e-06 -5.48043e-05 0.0124501 
4.05307e-07 -1.54539e-09 3.66639e-06 2.95333e-06 -7.88389e-10 -7.13056e-11 -1.56824e-06 -5.39366e-08 -3.58772e-08 -1.33575e-05 5.42376e-06 -1.29122e-08 -2.48873e-11 -1.04514e-05 8.63759e-06 1.03985e-05 -6.24984e-08 -1.38752e-05 1.31173e-05 5.16509e-07 -1.33552e-05 1.36458e-05 -5.08434e-06 -9.05427e-06 1.21126e-07 5.38499e-07 -2.66265e-07 -6.48739e-08 1.03357e-05 1.54898e-05 -3.1516e-07 3.20473e-06 7.05613e-06 -6.03594e-11 -4.36756e-08 -3.82603e-11 -1.02389e-10 9.89287e-06 1.85476e-07 6.2146e-06 -5.36161e-10 1.1211e-07 -2.74181e-08 -1.26662e-05 -5.80875e-11 -5.60294e-09 -1.00322e-05 3.54127e-08 1.25683e-07 1.59786e-07 -1.70338e-10 -3.61921e-07 -1.28451e-07 -1.89674e-07 0 -3.98922e-07 1.12198e-08 -1.78114e-09 -4.9535e-09 -1.04818e-05 -5.00843e-12 -4.78138e-07 -2.1402e-09 -1.33998e-05 1.87955e-07 1.33791e-05 -1.40146e-07 1.07126e-05 -7.14037e-10 -4.65629e-10 1.37471e-07 3.90288e-07 -4.81956e-09 -5.38704e-08 -4.14033e-07 -9.20106e-11 -1.29872e-05 9.98261e-06 3.00846e-06 1.07114e-07 -9.34047e-11 2.99919e-06 -9.8155e-11 -2.56114e-07 -4.73751e-09 -1.39627e-06 0 -1.02125e-07 1.16204e-07 -1.25673e-05 1.58255e-07 -6.95151e-07 1.24829e-07 1.55045e-07 2.13912e-07 -9.08795e-06 -3.73932e-07 -6.03542e-10 -1.55881e-08 -3.55683e-08 
-0.000532732 9.90681e-06 -0.000297904 -0.000351445 -7.15545e-07 -9.36595e-08 -0.00522279 -6.60821e-05 -2.34511e-05 0.00142989 -0.000946546 0.000261667 1.37311e-07 0.00148177 -0.000959974 -0.00115262 0.000252085 0.000670482 -0.00130819 -0.000199369 0.00142175 -0.0013622 -0.00332882 -0.00126537 1.23048e-05 0.00208943 0.00259587 -8.52114e-05 -0.00121521 -3.1516e-07 0.0199321 -0.000194002 -0.000554877 -3.92817e-08 -5.73676e-05 -5.02547e-08 1.10218e-06 -0.00107131 -2.53913e-06 -1.74964e-05 1.39242e-06 -6.92896e-05 -0.000562564 -0.0012569 -7.62976e-08 -7.32943e-06 -0.00230071 0.000561786 -0.000127823 -7.53226e-06 1.29283e-08 0.00139698 -0.000166669 -0.000235603 0 -0.000521998 0.00138106 -2.33952e-06 4.36947e-07 0.00100761 -6.57855e-09 -0.000546368 -2.41114e-06 0.00151658 -2.40234e-06 -0.00165961 -0.000177537 -0.000903964 -9.37884e-07 -1.11601e-07 0.000105273 0.000158774 -6.33046e-06 -5.22518e-05 -0.00149407 -1.20855e-07 0.00100375 -0.00111672 -0.000212379 0.000242007 -1.22687e-07 -0.000146041 -1.28926e-07 -3.21297e-06 -4.69936e-06 0.000641116 0 -0.00015028 0.00014387 -7.57007e-05 -6.5382e-05 0.00128334 -0.000145201 5.40472e-05 -1.23749e-05 -0.00901358 0.00189559 -7.92749e-07 -1.37815e-05 -0.000269986 
-0.000100155 8.27277e-05 0.0137472 0.019904 -1.12354e-06 4.49505e-06 -0.0190331 2.34947e-05 0.00144051 -0.0201743 -0.00103972 -1.70346e-05 1.07866e-07 -0.0142569 -0.00104376 -0.00125148 -8.89535e-05 -0.0205038 0.00825507 0.00089699 -0.0201515 0.018941 -0.00754924 -0.0200193 0.00381417 0.0174503 0.0121968 -9.24121e-05 -0.00130999 3.20473e-06 -0.000194002 0.0215876 0.0151188 1.05398e-06 -6.21023e-05 -5.45249e-08 -1.45915e-07 -0.00116955 0.000285566 -1.97489e-05 -6.17418e-07 3.31346e-05 -0.00059382 -0.0191321 -8.27808e-08 2.60319e-05 0.0022867 -0.000403363 -0.000123215 0.000669082 -2.4275e-07 -0.000457455 -0.000182559 0.00478169 0 -0.000568465 -0.000439931 -2.15165e-06 6.30274e-05 -0.00464497 3.16196e-07 -0.000585534 -3.05001e-06 -0.0199393 0.000127236 0.0158764 -0.000199289 -0.00132959 -1.01091e-06 6.36643e-06 0.00311529 0.00114142 -2.98838e-06 0.00312183 -0.000248073 -4.45806e-09 -0.0177788 -0.00115508 0.0214975 -0.00675837 3.35552e-08 0.0214534 1.16786e-07 0.0186728 1.28548e-07 -0.00248525 0 -0.00017391 0.00464821 -0.0171355 -0.000134844 -0.000955459 0.0045056 0.00193764 -1.34265e-05 -0.0135556 -0.000340405 2.43223e-07 -1.71801e-06 -0.00029266 
-0.000684703 3.78745e-05 0.0143651 0.0161327 -1.45847e-06 -1.3191e-07 -0.0138579 -8.60456e-05 0.00033848 -0.026045 0.00825844 -2.23667e-05 -4.60397e-08 -0.0191488 0.00939757 0.00917188 -0.000115618 -0.0263766 0.0190388 0.000474003 -0.026058 0.0247914 -0.00853718 -0.0145316 0.000121365 0.0116898 0.00631159 -9.35689e-05 0.00881875 7.05613e-06 -0.000554877 0.0151188 0.0278343 1.77167e-06 -4.86469e-05 -7.07789e-08 -1.89412e-07 0.0092536 -6.27272e-06 -2.0163e-05 3.81473e-07 -8.25158e-05 -0.00068956 -0.0250291 -1.07458e-07 3.82149e-05 -0.00751946 -0.000526467 -0.000156423 -5.15534e-05 -2.25114e-07 -0.00125173 -0.000237161 0.0022578 0 -0.000730421 -0.000571189 5.50167e-06 3.31638e-06 -0.00986992 -9.26526e-09 -0.000696676 -3.95923e-06 -0.0258169 -3.76585e-06 0.0260236 -0.00016392 0.00881161 -1.03092e-06 -3.21382e-07 -5.4659e-05 0.000319363 2.39608e-05 -7.71365e-05 0.000777655 -1.70213e-07 -0.0235037 0.00849878 0.0171925 -0.0034294 3.73874e-07 0.0168854 7.50868e-08 0.0134087 0.000103793 -0.00336862 0 -0.000225749 0.00122492 -0.0226454 -0.000115326 -0.0012384 0.00623351 5.04296e-05 -7.02223e-06 -0.0182708 -0.000147481 2.01556e-08 -2.00369e-05 -0.000327404 
