0.124353 -0.000321928 0.123483 -0.122525 -0.000471689 1.19851e-05 0.00727695 -0.000103914 -0.00383457 -0.000115719 -0.0465277 -0.0659223 0.122777 -1.348e-05 0.123408 -0.00160002 -0.000485424 -0.119363 0.0176577 -0.115426 -0.000106875 0.00978512 -0.118651 0.000139888 -0.122244 -0.106274 -0.000358089 1.90804e-05 -0.000294163 -9.18679e-05 0.000549734 -0.122552 2.13412e-06 -0.000384927 -0.00210773 -0.000439082 -0.000615485 -0.000702838 -1.50473e-06 1.06665e-06 1.14728e-06 -0.00346922 -0.000153756 -0.0928274 0.123647 0.00551866 -0.00056848 -2.1668e-05 0.00133168 -0.0869396 -4.10865e-07 0.0608608 -0.000579215 -0.000675226 0.00014813 0.123176 0.000527455 -0.000512858 0.123578 0.123582 -0.00117749 -0.00274439 9.86543e-05 -2.95861e-05 -0.000510459 0.00354717 -0.00107301 -0.121382 0.122606 5.51305e-05 -0.000661869 -0.000936139 -0.000395193 -0.000729096 -7.77294e-05 4.53197e-07 -0.122509 -0.000589543 -0.0204748 -0.00065296 -0.000824015 0.0863415 0.123545 0.121938 -0.121247 -0.00133532 1.55325e-05 8.25169e-07 -0.000477693 -0.000471503 -1.14751e-05 -4.71366e-06 -2.63409e-05 -2.7031e-06 0.115545 -0.00368968 -3.74747e-05 -0.00358766 -0.122579 -9.48517e-06 
-0.000321928 0.00039093 -0.000320086 0.000316905 -1.15249e-06 -3.2207e-08 -1.92088e-05 -1.32698e-06 4.30273e-05 -8.16947e-08 -2.00874e-05 0.000334251 -0.000317892 -1.2675e-08 -0.000318413 -2.19849e-06 -1.21802e-06 0.000315526 -4.85178e-05 -5.03958e-05 -1.68208e-07 -2.95901e-05 3.74345e-05 -3.75916e-07 -3.40313e-05 0.000267071 -2.37232e-07 1.18858e-07 -2.1937e-07 4.86283e-06 -1.65858e-06 0.000318849 -8.81632e-09 -3.86381e-07 6.41624e-07 1.34698e-07 -1.60205e-06 -1.31159e-06 -2.44166e-09 -9.04706e-09 -3.08304e-09 1.01361e-06 2.42176e-07 0.000333655 -0.000320092 8.79721e-07 -3.05398e-07 -1.05214e-08 -3.5817e-06 0.000332172 -2.21614e-10 -0.000344325 -3.62971e-07 -1.46486e-06 -4.02821e-07 -0.000320223 -5.28489e-06 -5.69649e-07 -0.000319882 -0.000319043 2.17411e-06 -7.52938e-07 -2.86303e-07 -2.08278e-08 -3.17664e-07 -9.69163e-06 -9.42709e-07 0.000235147 -0.000320418 -8.81807e-07 -1.53726e-06 -4.76113e-07 -1.96718e-07 -3.346e-07 -4.38039e-08 -1.44179e-09 0.000320207 -1.49782e-06 -8.47458e-06 -1.52533e-06 -1.95551e-06 -0.000232113 -0.000319774 -0.000320783 0.000323152 1.41109e-06 -1.67145e-07 -2.21744e-09 0.000352759 2.83388e-06 -6.70447e-09 -1.65885e-08 -1.22605e-08 -1.77421e-09 -0.000300515 0.000347173 4.81335e-05 -1.76922e-06 0.000321781 -2.6675e-07 
0.123483 -0.000320086 0.12767 -0.123578 -0.00246566 1.2373e-05 0.00751212 -0.00244457 -0.00381553 -0.000151429 -0.0481649 -0.0658297 0.126575 -2.0334e-05 0.12734 -0.00415004 -0.00264508 -0.120608 0.0179518 -0.116655 -0.00010515 0.00789107 -0.11988 0.000144416 -0.123437 -0.10703 -0.000500332 1.29184e-06 -0.000355561 -0.00010227 0.000546966 -0.123643 9.90302e-07 -0.000571371 -0.00213584 -0.000433789 -0.00333653 -0.00284888 -5.30532e-06 -1.59811e-05 -3.36225e-06 -0.00347987 -0.000130829 -0.0921933 0.127346 0.00819527 -0.000650692 -2.28613e-05 0.00137132 -0.0869956 -4.31529e-07 0.0644576 -0.000787897 -0.00318276 0.000142112 0.12695 -0.00199394 -0.000833698 0.127474 0.127482 -0.00118967 -0.00299682 8.73658e-05 -3.47786e-05 -0.00067433 0.00362135 -0.00136559 -0.121967 0.126293 -0.00190588 -0.00332908 -0.00103451 -0.000424697 -0.00072703 -9.51785e-05 -2.11944e-06 -0.126213 -0.0032545 -0.0215905 -0.00331349 -0.00373646 0.0891064 0.127477 0.125681 -0.12095 -0.00133321 1.45588e-05 -9.14579e-08 -0.000479417 -0.000469431 -1.30477e-05 -5.60054e-06 -2.62499e-05 -3.85507e-06 0.119196 -0.00366932 -3.72452e-05 -0.00363966 -0.123605 -0.000412823 
-0.122525 0.000316905 -0.123578 0.124419 -0.000426822 -1.19928e-05 -0.00728277 -0.000302103 0.00377574 -2.87869e-05 0.0481893 0.0658066 -0.1229 1.01169e-05 -0.123488 0.00039161 -0.000452976 0.120769 -0.0176634 0.116765 8.74754e-05 -0.0110815 0.120026 -0.000139978 0.123509 0.107461 0.000263443 -3.0481e-05 -7.93258e-05 9.06892e-05 -0.000560899 0.12394 -2.29622e-06 0.000308369 0.0020038 0.000436327 -0.00059521 -0.000487624 1.03414e-06 -3.29881e-06 2.50198e-06 0.00326348 0.000152158 0.0925127 -0.123746 -0.00421114 1.1577e-05 -3.91782e-06 -0.00133301 0.0871273 4.10812e-07 -0.0607494 0.000587306 -0.000534603 -0.000149093 -0.123349 -0.00173811 0.000397203 -0.123667 -0.123665 0.00110319 0.00284932 -0.000103999 2.82578e-05 0.000417023 -0.00360832 0.00137033 0.122243 -0.122878 -0.000328167 -0.000550204 -0.000120368 0.000304873 0.00067793 -1.63111e-05 -5.36874e-07 0.122942 -0.000556921 0.0216272 -0.000550607 0.000161913 -0.0865256 -0.123628 -0.12213 0.121117 0.00132504 -3.44256e-05 -8.25698e-07 0.000477427 0.000466852 2.46823e-07 3.24638e-06 2.54813e-05 -6.60655e-07 -0.1156 0.00363483 3.74526e-05 0.00363563 0.123929 0.000415678 
-0.000471689 -1.15249e-06 -0.00246566 -0.000426822 0.00293822 -2.42688e-07 -0.000148196 0.00215395 -1.32254e-05 2.58777e-05 -0.000167012 -0.000235265 -0.00237729 3.72782e-06 -0.00247007 0.00289897 0.00263868 -0.000428242 -0.000369361 -0.000402211 -1.26748e-06 0.00207867 -0.000414618 -2.83262e-06 -0.000424771 -0.000369244 -7.27603e-07 3.10247e-06 0.000244104 1.96948e-06 2.52719e-05 -0.000427131 2.869e-07 -1.07148e-06 -5.16169e-06 -1.47994e-05 0.0029032 0.00240391 -1.83985e-08 1.34516e-06 8.73435e-07 -1.0484e-05 -5.86425e-07 -0.000320093 -0.00240328 -0.00289252 0.000236025 2.57474e-05 -2.6079e-05 -0.000301317 -1.66991e-09 -0.0026933 -2.16507e-06 0.00273101 4.48465e-06 -0.00247205 0.00287776 7.36009e-05 -0.00243092 -0.00243267 -2.4119e-06 8.44526e-05 6.59264e-06 -1.56942e-07 -1.39367e-06 -1.85721e-05 -7.11114e-06 -0.000422367 -0.00235513 0.00154187 0.00286052 0.000837316 -1.48231e-06 1.4672e-05 5.92399e-05 2.72469e-07 0.00219174 0.00282893 -7.32182e-05 0.00285043 0.00280639 -0.00175919 -0.00247398 -0.00241546 -0.000417509 -2.80873e-06 -1.21615e-06 -1.6709e-08 -1.64238e-06 -1.5785e-06 -1.38531e-08 -1.24998e-07 -9.23855e-08 2.3633e-06 -0.00232187 -1.15698e-05 -2.74956e-07 -1.33315e-05 -0.000427841 -1.65003e-06 
1.19851e-05 -3.2207e-08 1.2373e-05 -1.19928e-05 -2.42688e-07 8.23466e-05 -3.89935e-06 -2.79433e-07 -3.69778e-07 -1.72031e-08 -4.67007e-06 -6.48685e-06 1.21477e-05 -2.66907e-09 1.25133e-05 -4.62952e-07 -2.56487e-07 -1.26519e-05 -5.63872e-06 -1.13254e-05 -3.54207e-08 -6.3412e-06 -1.16201e-05 -7.91594e-08 -1.19688e-05 -1.03749e-05 -4.99558e-08 -5.35868e-08 -4.61945e-08 -1.0634e-08 -3.80846e-07 -1.19967e-05 -1.85652e-09 -8.13632e-08 -2.62178e-07 -5.25454e-07 -3.37355e-07 -2.76192e-07 -5.14159e-10 -1.90511e-09 -6.49219e-10 -3.44588e-07 -1.6388e-08 -8.95417e-06 1.22797e-05 9.47716e-07 -6.431e-08 -2.21558e-09 -5.44226e-07 -8.43112e-06 -4.66669e-11 6.20971e-06 -7.64335e-08 -3.08467e-07 -8.4825e-08 1.23757e-05 -1.11288e-06 -1.19955e-07 1.2206e-05 1.24186e-05 -1.15655e-07 -2.91216e-07 -6.0289e-08 -4.38586e-09 -6.68929e-08 -2.04084e-06 -2.04129e-07 -1.18477e-05 6.33222e-06 -1.85689e-07 -3.23712e-07 -1.00259e-07 -4.14243e-08 -7.04593e-08 -9.22412e-09 -3.03609e-10 -1.2276e-05 -3.15406e-07 -2.0941e-06 -3.21201e-07 -4.11787e-07 -4.63264e-05 1.23021e-05 1.22262e-05 -1.17273e-05 -1.3103e-07 -3.5197e-08 -4.66943e-10 -4.65494e-08 -4.55096e-08 -1.41181e-09 -3.49315e-09 -2.58178e-09 -3.7361e-10 1.60788e-05 -3.5593e-07 -7.68384e-09 -3.72557e-07 -1.2016e-05 -5.61716e-08 
0.00727695 -1.92088e-05 0.00751212 -0.00728277 -0.000148196 -3.89935e-06 0.0478097 -0.00016903 -0.00022549 -1.05166e-05 -0.00282516 -0.00403324 0.00553298 -1.63166e-06 0.00667958 -0.000273035 -0.000156795 -0.0077749 -0.0061968 -0.00687293 -4.14673e-06 0.000266248 -0.0070606 -4.67217e-05 -0.00726885 -0.00631429 -2.92557e-05 -2.9252e-05 6.12707e-06 -6.50078e-06 -0.000162576 -0.00728515 1.21174e-06 -4.07523e-05 -0.000154225 -0.000320471 -0.000204802 -0.000168841 -3.00983e-07 -1.16463e-06 -4.35471e-08 -0.000201243 -7.405e-06 -0.00544687 0.00751047 -0.000105144 -3.8704e-05 -1.35443e-06 -0.000362774 -0.00511375 -2.85284e-08 0.00361425 -4.6322e-05 -0.000188572 0.000195365 0.00750009 -0.000202832 -7.10144e-05 0.00752655 0.00751986 -6.87756e-05 -0.000162379 -1.80792e-05 -2.5145e-06 -3.95529e-05 0.00102203 0.000214389 -0.00719543 0.00704552 -0.000113515 -0.000197891 -6.12901e-05 -2.53235e-05 -4.28532e-05 -5.63889e-06 -1.85602e-07 -0.00745757 -0.000192814 -0.00125986 -0.000196356 -0.000250957 0.0038457 0.0074116 0.00742812 -0.00714446 -7.00712e-05 -1.80933e-05 -7.21185e-08 -2.83532e-05 -2.78209e-05 -8.63068e-07 -2.0621e-06 -1.50829e-06 -2.28395e-07 -0.0266821 -0.00021571 -2.62395e-06 -0.000226848 -0.00729639 -3.31188e-05 
-0.000103914 -1.32698e-06 -0.00244457 -0.000302103 0.00215395 -2.79433e-07 -0.00016903 0.00338159 5.44947e-08 -6.12129e-07 -0.000192415 -0.000272076 -0.00253079 8.7767e-06 -0.0028578 0.00336961 0.00233805 -0.000124095 -0.000425286 -0.000265262 -1.45939e-06 0.00235758 -0.000475669 -3.2615e-06 -0.000422278 -0.000400192 -2.05827e-06 7.73255e-05 0.00010464 4.03519e-06 1.30385e-05 -0.000338943 9.73684e-06 0.000170654 0.000456544 -2.12196e-05 0.00294417 0.00238504 -2.11843e-08 2.17515e-05 8.69918e-07 -6.66428e-06 3.32781e-05 -0.000156684 -0.00254238 -0.00334978 8.4947e-05 3.80205e-06 -3.10754e-05 -0.000336613 2.14106e-08 -0.00313209 -3.03919e-06 0.00274828 7.89173e-06 -0.00285709 0.00334308 0.000582554 -0.00288066 -0.00288117 -4.35852e-06 3.15914e-05 3.62266e-06 5.80929e-06 1.47231e-07 -8.40861e-05 -2.81712e-06 -0.000280622 -0.00270004 0.00195365 0.00290642 0.000305983 -1.66009e-06 -2.08638e-06 2.24433e-05 5.87491e-07 0.00282339 0.00290591 -8.61841e-05 0.00289832 0.00337033 -0.00203443 -0.00287436 -0.00285362 -0.000475125 -4.96866e-06 -1.45018e-06 -1.92389e-08 -1.91792e-06 -1.66841e-06 1.01831e-07 -1.43924e-07 -1.06374e-07 1.34794e-06 -0.00269492 -1.45783e-05 9.46746e-07 -1.535e-05 -0.000288274 0.000122806 
-0.00383457 4.30273e-05 -0.00381553 0.00377574 -1.32254e-05 -3.69778e-07 -0.00022549 5.44947e-08 0.00446998 -6.67961e-07 0.000390358 0.000564964 -0.00378965 1.47808e-07 -0.00380788 1.52152e-05 -1.39844e-05 0.00374092 -0.000561868 0.00375461 1.00288e-05 -0.000340198 0.00212492 -4.316e-06 0.00376453 0.0032763 -2.72374e-06 1.0115e-05 -1.40532e-06 8.66869e-07 -2.07115e-05 0.00381781 -1.01223e-07 3.3051e-07 0.00127358 -1.97626e-05 -1.83936e-05 -1.50588e-05 -2.80335e-08 -1.03872e-07 -3.53973e-08 -1.72846e-05 6.17981e-06 0.00369341 -0.00381553 -0.00191573 -3.3797e-06 -1.208e-07 -4.11226e-05 0.00351714 -2.54441e-09 -0.00398287 1.6466e-05 -1.68185e-05 -4.62491e-06 -0.00381476 -4.41707e-05 -6.17031e-06 -0.00381319 -0.00381304 -6.28585e-06 -9.80126e-06 -3.28713e-06 1.36942e-05 5.27961e-05 -0.000111272 -9.27302e-06 0.00382585 -0.00378344 -1.01243e-05 -1.76497e-05 -2.76306e-06 -2.25857e-06 -1.66165e-06 -5.02926e-07 -1.65537e-08 0.0038208 -1.71969e-05 -2.20867e-05 -1.49995e-05 -8.93848e-06 -0.00267834 -0.00381189 -0.00364061 0.00381935 2.9492e-06 -1.91904e-06 -2.54591e-08 4.4352e-05 -1.78131e-06 -7.6976e-08 -1.17124e-07 -1.40766e-07 -2.03703e-08 -0.00356621 0.00184493 -4.18945e-07 -1.97029e-05 0.00382934 -3.06264e-06 
-0.000115719 -8.16947e-08 -0.000151429 -2.87869e-05 2.58777e-05 -1.72031e-08 -1.05166e-05 -6.12129e-07 -6.67961e-07 0.00020885 -1.18459e-05 -1.67502e-05 -0.000145304 -6.77023e-09 -0.000177153 0.000164312 6.11694e-05 4.01816e-05 4.00094e-06 7.02594e-06 -8.98464e-08 0.000190655 -2.9455e-05 -2.00792e-07 3.96872e-05 -2.62963e-05 3.77733e-05 1.85574e-05 6.67428e-05 3.65969e-06 6.01396e-06 -3.0337e-05 8.81958e-07 7.02636e-05 6.31383e-05 -1.31284e-06 0.000163041 0.000115086 3.21536e-06 -4.8324e-09 -1.64678e-09 -8.74064e-07 -4.15691e-08 -2.05394e-05 -0.000110792 -0.000206461 0.00013501 1.57438e-06 -9.79885e-09 -2.1116e-05 -1.18373e-10 -0.000192809 1.43828e-05 0.000132964 -2.15163e-07 -0.000135822 0.000166284 3.17957e-05 -0.00015934 -0.00017567 -2.93365e-07 -1.48683e-07 7.98707e-06 -1.1125e-08 4.22737e-05 6.06133e-05 4.38884e-07 -6.57559e-06 -4.39211e-05 2.49232e-06 0.000133456 0.000115326 1.15149e-05 5.10113e-05 9.19936e-07 -7.7012e-10 4.22381e-05 7.62766e-05 -5.3118e-06 0.000125729 2.18321e-05 -0.000125254 -0.000177342 -0.000114784 -2.96735e-05 -3.32364e-07 3.74054e-07 9.42149e-07 -1.18075e-07 -1.15437e-07 3.70975e-06 -8.86056e-09 -6.54881e-09 -9.47679e-10 -0.00016591 -9.02834e-07 -1.94904e-08 2.25832e-06 -3.03859e-05 -1.42482e-07 
-0.0465277 -2.00874e-05 -0.0481649 0.0481893 -0.000167012 -4.67007e-06 -0.00282516 -0.000192415 0.000390358 -1.18459e-05 0.0534919 0.0253552 -0.0478529 3.94877e-06 -0.0480861 0.000115186 -0.000176614 0.0469674 -0.00688604 0.04437 0.00010092 -0.0043655 0.0473595 -5.45084e-05 0.0484591 0.0401361 -3.42591e-05 -1.15993e-05 -3.0829e-05 1.77642e-05 -0.000215744 0.0484172 -6.41713e-07 -1.26392e-05 -0.000126543 0.000396637 -0.0002323 -0.000190183 -3.24045e-07 -1.31184e-06 2.70295e-06 0.00107685 -2.78464e-06 0.014086 -0.0481827 -0.00213082 -3.32732e-05 -1.52563e-06 -0.000518872 0.0281936 -3.21343e-08 -0.0374438 7.77153e-05 -0.000212407 -5.7513e-05 -0.0481795 -0.000754097 -1.05001e-06 -0.0481518 -0.0481514 0.000675654 0.00290498 -4.15144e-05 2.91866e-05 4.48492e-06 -0.0014053 0.00151161 0.04695 -0.0479988 -0.000127863 -0.000202161 -6.32704e-05 -2.84343e-05 0.000400299 -6.35164e-06 1.78094e-06 0.047957 -0.000217186 0.0207824 -0.000219452 0.000336055 -0.0339325 -0.0481381 -0.0474585 0.045471 0.000687171 -2.42196e-05 -3.21532e-07 0.00013257 0.000121996 -9.72158e-07 2.1465e-07 1.60189e-05 -2.57264e-07 -0.0449749 -0.00017635 -5.15101e-06 0.000994014 0.0483834 0.000467477 
-0.0659223 0.000334251 -0.0658297 0.0658066 -0.000235265 -6.48685e-06 -0.00403324 -0.000272076 0.000564964 -1.67502e-05 0.0253552 0.0737555 -0.0653651 -8.92136e-07 -0.0657193 3.51562e-05 -0.000249731 0.0653346 -0.0097058 0.058388 -1.42649e-05 -0.00603551 0.066057 -7.6102e-05 0.0658392 0.0543846 -4.77406e-05 4.73007e-05 -4.39116e-05 1.93293e-05 -0.000346006 0.0661765 -1.80764e-06 -5.63111e-05 -0.000154179 -0.000488761 -0.000327547 -0.00026835 -2.90623e-07 -1.78495e-06 -6.32127e-07 0.000277974 3.41467e-05 0.0451827 -0.0658465 -0.00107514 -6.17369e-05 -2.15725e-06 -0.000729136 0.0330159 3.94562e-07 -0.0403453 -2.00279e-05 -0.000299772 -8.25918e-05 -0.0658273 -0.00107869 -9.33072e-05 -0.0657871 -0.0657974 -9.80069e-05 -0.000133129 -5.82917e-05 4.48294e-06 -4.14851e-05 -0.00197928 0.000230565 0.0659793 -0.0658303 -0.0001808 -0.000314619 -7.94657e-05 -3.94704e-05 -6.8001e-05 -8.98128e-06 1.18105e-06 0.0659238 -0.000305979 0.0161381 -0.000306431 -0.000359106 -0.0480243 -0.0657669 -0.0655786 0.0661627 -9.73103e-05 -2.92837e-05 -4.07983e-07 0.000347253 0.000244395 -6.77975e-07 -3.40119e-06 2.46062e-05 -3.63774e-07 -0.0616634 0.00117337 4.35351e-05 0.000210441 0.0661693 -2.82794e-05 
0.122777 -0.000317892 0.126575 -0.1229 -0.00237729 1.21477e-05 0.00553298 -0.00253079 -0.00378965 -0.000145304 -0.0478529 -0.0653651 0.131669 -2.71605e-05 0.126847 -0.00418748 -0.00257945 -0.119911 0.0154633 -0.116054 -0.00010748 0.00840331 -0.119083 0.00014974 -0.122648 -0.106325 -0.000508749 2.94726e-08 -0.000333864 -9.7422e-05 0.000409788 -0.122943 9.40254e-07 -0.000588059 -0.00231966 -0.000393799 -0.00317509 -0.00274424 -5.26933e-06 -1.62177e-05 -3.44014e-06 -0.00345492 -0.000150695 -0.0917258 0.126568 0.00821796 -0.0006144 -2.27062e-05 0.00141626 -0.0864021 -4.28263e-07 0.0640962 -0.000783027 -0.00305943 3.64994e-05 0.126164 -0.00197223 -0.00101299 0.126713 0.126729 -0.001182 -0.00297373 9.80525e-05 -3.41249e-05 -0.000681467 0.00230547 -0.00164184 -0.121296 0.125544 -0.0018613 -0.00319377 -0.00100262 -0.000421954 -0.000721781 -8.64662e-05 -2.09819e-06 -0.125443 -0.00312213 -0.0214608 -0.00317739 -0.00379288 0.0869507 0.126694 0.124894 -0.120127 -0.00132395 1.61859e-05 -2.7544e-07 -0.000476159 -0.000466245 -1.29489e-05 -6.01936e-06 -2.61392e-05 -3.82891e-06 0.119472 -0.00364514 -3.67707e-05 -0.00361241 -0.122932 -0.000462101 
-1.348e-05 -1.2675e-08 -2.0334e-05 1.01169e-05 3.72782e-06 -2.66907e-09 -1.63166e-06 8.7767e-06 1.47808e-07 -6.77023e-09 3.94877e-06 -8.92136e-07 -2.71605e-05 3.24089e-05 -2.74854e-05 8.85114e-06 5.96239e-06 1.7879e-05 1.20911e-05 1.48629e-05 -1.39398e-08 1.33678e-05 -1.64308e-06 -3.1153e-08 1.81637e-06 -2.13301e-06 1.68303e-05 -2.1089e-08 -1.81797e-08 -4.185e-09 6.20119e-07 8.02044e-07 -7.30629e-10 1.8908e-05 2.16168e-05 2.90654e-06 6.25723e-06 1.26464e-06 1.3131e-08 -7.49751e-10 -2.55499e-10 2.26439e-06 -6.44948e-09 -2.64056e-06 -1.78373e-05 -3.18224e-05 3.13576e-08 -8.71937e-10 -2.96824e-07 3.12528e-06 -1.83657e-11 -2.99176e-05 9.95325e-06 2.2486e-06 -3.33827e-08 -1.13062e-05 8.59536e-06 1.87328e-05 -2.75237e-05 -2.75227e-05 2.40782e-06 2.47873e-06 -1.37266e-08 -1.72605e-09 1.76137e-05 -8.03168e-07 -8.03345e-08 5.0507e-06 -9.28195e-06 6.38692e-06 6.2626e-06 6.1721e-07 9.86036e-06 2.37227e-06 -3.63014e-09 -1.19485e-10 8.06215e-06 6.26587e-06 -3.07464e-07 6.92026e-06 1.11746e-05 -1.94333e-05 -2.75148e-05 -1.47051e-05 -4.5253e-08 2.34843e-06 1.86148e-07 -1.83765e-10 -1.83194e-08 1.39542e-06 2.79444e-07 8.52919e-08 6.35651e-07 -1.47033e-10 -2.57412e-05 -1.40076e-07 -3.02396e-09 -1.46619e-07 1.79779e-06 1.69123e-06 
0.123408 -0.000318413 0.12734 -0.123488 -0.00247007 1.25133e-05 0.00667958 -0.0028578 -0.00380788 -0.000177153 -0.0480861 -0.0657193 0.126847 -2.74854e-05 0.128859 -0.00468734 -0.00264123 -0.12102 0.0181799 -0.116616 -0.000104563 0.00717218 -0.119661 0.0001439 -0.123242 -0.106835 -0.000514432 -0.000140193 -0.000358399 -0.00010914 0.000431336 -0.123532 -1.31213e-05 -0.000816227 -0.00261418 -0.000419283 -0.00342396 -0.00284415 -5.29468e-06 -1.94083e-05 -3.66215e-06 -0.00347254 -0.000154023 -0.0921781 0.127263 0.00884321 -0.000662188 -2.28155e-05 0.00138222 -0.0868202 -4.30564e-07 0.0648968 -0.000787042 -0.00317651 -4.94096e-05 0.127189 -0.00263569 -0.00121281 0.127749 0.127764 -0.00118761 -0.00299427 6.59432e-05 -3.53012e-05 -0.000688302 0.00285906 -0.00167968 -0.121899 0.126349 -0.00191217 -0.00332239 -0.00103244 -0.000424243 -0.000725572 -9.49876e-05 -2.11316e-06 -0.126386 -0.00324797 -0.0215646 -0.00330712 -0.004214 0.0893677 0.127785 0.125872 -0.120709 -0.0013305 1.48371e-05 -1.18513e-06 -0.000477447 -0.000468489 -1.30185e-05 -5.5516e-06 -2.61965e-05 -3.84734e-06 0.120469 -0.003661 -3.79962e-05 -0.0036377 -0.123532 -0.000576107 
-0.00160002 -2.19849e-06 -0.00415004 0.00039161 0.00289897 -4.62952e-07 -0.000273035 0.00336961 1.52152e-05 0.000164312 0.000115186 3.51562e-05 -0.00418748 8.85114e-06 -0.00468734 0.00558993 0.00309573 0.000704997 -0.000693842 -5.56435e-05 -2.32119e-06 0.00334458 2.28302e-05 -5.40351e-06 0.000409967 -0.00021015 -3.18337e-06 0.000150849 0.000437263 1.90341e-05 9.50297e-05 0.000350016 1.57933e-05 0.000257763 0.000567413 -3.58681e-05 0.00402177 0.00333489 -3.50971e-08 2.27233e-05 8.5235e-07 5.52138e-06 3.4138e-05 0.000515375 -0.00420482 -0.00458836 0.000586883 2.67521e-05 -4.78543e-05 0.000373502 2.01478e-08 -0.00499293 2.57923e-06 0.00371507 8.22975e-06 -0.00467545 0.00447472 0.000727148 -0.0046462 -0.0046593 -6.57142e-06 0.000137695 1.06246e-05 6.43728e-06 2.18382e-06 -4.28866e-05 8.77026e-05 0.000442913 -0.00424343 0.0022421 0.00387532 0.00116709 4.63566e-06 4.6477e-05 0.000111377 6.62609e-07 0.00427057 0.00380783 -0.000106663 0.00386002 0.0042554 -0.00336253 -0.00471108 -0.00455906 9.4065e-05 -8.26092e-06 -2.27259e-06 1.07146e-06 1.08025e-05 -8.66534e-07 2.86962e-07 -2.38447e-07 -1.76235e-07 4.51116e-06 -0.00444815 0.00012759 7.38826e-07 0.000168129 0.00039031 0.000177322 
-0.000485424 -1.21802e-06 -0.00264508 -0.000452976 0.00263868 -2.56487e-07 -0.000156795 0.00233805 -1.39844e-05 6.11694e-05 -0.000176614 -0.000249731 -0.00257945 5.96239e-06 -0.00264123 0.00309573 0.00310477 -0.000467872 -0.000390363 -0.000428307 -1.33955e-06 0.0022582 -0.000434531 -2.99368e-06 -0.00045197 -0.00039236 -1.77258e-06 -1.8199e-06 0.000296413 1.13451e-06 3.57702e-06 -0.000453676 1.33979e-06 -3.07702e-06 -7.23513e-06 -1.98718e-05 0.00310171 0.00255757 -1.94447e-08 1.1728e-05 8.72114e-07 -9.76174e-06 -6.19768e-07 -0.000338632 -0.00259509 -0.00307849 0.000342788 1.99995e-05 -2.85236e-05 -0.000318851 -1.76486e-09 -0.00287459 -2.89059e-06 0.00296411 6.78206e-06 -0.00264257 0.00307151 2.74635e-05 -0.00261779 -0.0026218 -4.30722e-06 8.40734e-05 4.08664e-06 2.0408e-06 -2.44644e-06 -3.58777e-06 -7.52647e-06 -0.000447863 -0.00249528 0.0017202 0.00307928 0.000830428 -1.5666e-06 4.6482e-05 4.94912e-05 6.71851e-07 0.00235449 0.00301462 -7.91956e-05 0.00306889 0.00299223 -0.00186746 -0.00264405 -0.00260577 -0.000443507 -4.95533e-06 -1.28776e-06 -1.7659e-08 -1.73709e-06 -1.6711e-06 8.9941e-08 -1.32105e-07 -9.76385e-08 2.2792e-06 -0.00247362 -1.2294e-05 -2.9059e-07 -1.40895e-05 -0.000454426 -2.12432e-06 
-0.119363 0.000315526 -0.120608 0.120769 -0.000428242 -1.26519e-05 -0.0077749 -0.000124095 0.00374092 4.01816e-05 0.0469674 0.0653346 -0.119911 1.7879e-05 -0.12102 0.000704997 -0.000467872 0.131063 -0.0185092 0.113856 8.81354e-05 -0.00838186 0.118178 -0.000148868 0.120263 0.105387 0.000512003 0.000131363 -8.63788e-05 0.000105252 -0.000522855 0.120691 1.29196e-05 0.000821531 0.00251681 -0.000901847 -0.000508496 -0.000519273 5.25149e-06 -5.19423e-08 2.42708e-06 0.00127556 6.85502e-05 0.09065 -0.120583 -0.00359465 7.98107e-05 -4.17344e-06 -0.00141529 0.084724 4.05428e-07 -0.0592854 0.000715157 -0.000580919 -0.00015671 -0.120464 -0.00150089 0.000852219 -0.121042 -0.121061 -0.00016992 0.00188079 -9.70383e-05 2.83184e-05 0.000618169 -0.00378327 0.00134986 0.120252 -0.119779 -0.000334058 -0.000608872 -0.000140695 0.000422323 -3.71727e-05 -1.73753e-05 1.4181e-06 0.120541 -0.000593054 0.0204566 -0.000593862 0.00013615 -0.0922705 -0.121033 -0.119239 0.118165 -4.99115e-05 -1.70165e-05 1.17043e-06 0.000475109 0.000462131 1.34073e-05 -1.01331e-06 2.34668e-05 -7.0376e-07 -0.115542 0.00362782 3.75994e-05 0.00362882 0.120699 0.000571354 
0.0176577 -4.85178e-05 0.0179518 -0.0176634 -0.000369361 -5.63872e-06 -0.0061968 -0.000425286 -0.000561868 4.00094e-06 -0.00688604 -0.0097058 0.0154633 1.20911e-05 0.0181799 -0.000693842 -0.000390363 -0.0185092 0.109629 -0.0164033 -5.36623e-05 -0.00932239 -0.017465 -0.000119648 -0.0179924 -0.0155903 0.000499873 -8.1097e-05 -6.99328e-05 -1.60412e-05 -0.000526287 -0.0180392 -2.82555e-06 0.000497115 0.000222902 -0.000786638 -0.000512192 -0.000420353 3.21747e-06 -2.8995e-06 -9.88086e-07 -0.000523099 -2.48586e-05 -0.0136252 0.0180201 0.000755434 8.13193e-05 -3.37203e-06 -0.00112952 -0.012814 -5.43585e-08 0.0088614 0.000527024 -0.000469475 -9.30671e-05 0.0185811 -0.00169226 0.000440369 0.0179951 0.0180122 -0.000174673 -0.000435569 -8.61675e-05 -6.67512e-06 0.000508398 -0.00310064 -0.000265606 -0.0176527 0.016024 -0.000282611 -0.000491403 -0.000127096 0.000423034 -1.9453e-05 -1.40388e-05 -4.62082e-07 -0.0184555 -0.000480036 -0.003019 -0.000488675 -0.000626563 -0.068132 0.0180751 0.018237 -0.0178174 -0.000197902 -7.36513e-06 -2.64003e-07 -6.87931e-05 -6.92104e-05 6.09461e-06 -2.49311e-06 -3.85937e-06 -5.68619e-07 0.0238524 -0.000541702 -1.16445e-05 -0.000566024 -0.0180709 -6.75876e-05 
-0.115426 -5.03958e-05 -0.116655 0.116765 -0.000402211 -1.13254e-05 -0.00687293 -0.000265262 0.00375461 7.02594e-06 0.04437 0.058388 -0.116054 1.48629e-05 -0.116616 -5.56435e-05 -0.000428307 0.113856 -0.0164033 0.11861 0.000110451 -0.0102042 0.113255 -0.000132188 0.116662 0.102148 0.000514275 -1.14179e-05 -7.57568e-05 8.60856e-05 -0.000532572 0.116744 -2.11687e-06 0.000586115 0.00230893 0.000494444 -0.000559747 -0.000461212 2.95474e-06 -3.14134e-06 2.56587e-06 0.00322665 0.00014228 0.0852596 -0.116715 -0.00451013 8.40454e-05 -3.6998e-06 -0.00125593 0.0795757 3.98738e-07 -0.0574959 0.00079882 -0.000506059 -0.000140746 -0.116208 -0.00161332 0.000678123 -0.116779 -0.116781 0.00118794 0.00268579 -9.05499e-05 2.6806e-05 0.000687236 -0.00340523 0.001094 0.115143 -0.115763 -0.000310081 -0.000520466 -0.000114035 0.000431499 0.000681243 -1.54034e-05 1.483e-06 0.115785 -0.000526144 0.0218926 -0.000521476 0.000211857 -0.0815492 -0.116748 -0.11498 0.113878 0.00134023 -1.01721e-05 -7.79749e-07 4.4205e-06 0.000182414 1.11958e-05 6.02678e-06 8.03202e-06 -6.23891e-07 -0.109162 0.00283486 -1.03146e-05 0.00325353 0.116736 0.000430546 
-0.000106875 -1.68208e-07 -0.00010515 8.74754e-05 -1.26748e-06 -3.54207e-08 -4.14673e-06 -1.45939e-06 1.00288e-05 -8.98464e-08 0.00010092 -1.42649e-05 -0.00010748 -1.39398e-08 -0.000104563 -2.32119e-06 -1.33955e-06 8.81354e-05 -5.36623e-05 0.000110451 0.000429922 4.98847e-06 9.83516e-05 3.56574e-07 0.000100581 1.35919e-05 1.89243e-06 6.98335e-05 -2.4126e-07 3.51128e-07 9.00955e-07 0.000105108 -9.69604e-09 3.5984e-06 5.89406e-06 8.03238e-06 -1.76191e-06 -1.44247e-06 -2.6853e-09 -9.9498e-09 -3.39067e-09 1.22937e-05 -8.55898e-08 -2.79216e-05 -0.000105179 2.03786e-08 -3.35872e-07 -1.15713e-08 -3.9391e-06 3.11568e-05 -2.43727e-10 -0.000115974 4.24144e-07 -1.61103e-06 -4.26349e-07 -0.000122409 -4.4189e-06 1.52684e-06 -0.000105118 -0.000105058 1.8066e-05 8.44724e-05 5.81796e-07 -2.2906e-08 3.45731e-06 -6.34535e-06 6.17231e-07 8.51264e-05 -0.000102026 -9.69796e-07 -1.60398e-06 -5.2362e-07 1.82032e-06 1.05201e-06 -4.81748e-08 -1.58566e-09 9.44297e-05 -1.64727e-06 5.56265e-05 -1.2642e-06 -2.15064e-06 -0.000122386 -0.000104953 -0.000101863 0.000103252 1.07457e-05 -4.049e-08 -2.4387e-09 3.16887e-07 -1.14349e-07 1.78263e-06 1.78423e-07 -1.34838e-08 -1.95125e-09 -0.000308552 2.24442e-06 -4.01304e-08 -1.28909e-06 0.000104401 6.533e-07 
0.00978512 -2.95901e-05 0.00789107 -0.0110815 0.00207867 -6.3412e-06 0.000266248 0.00235758 -0.000340198 0.000190655 -0.0043655 -0.00603551 0.00840331 1.33678e-05 0.00717218 0.00334458 0.0022582 -0.00838186 -0.00932239 -0.0102042 4.98847e-06 0.071071 -0.0108436 -7.33937e-05 -0.0110411 -0.00969811 0.000290445 0.000168613 0.000392225 8.50392e-06 0.000728181 -0.0112135 1.62342e-05 0.000535116 0.000514348 -0.000480751 0.0031197 0.00247961 3.97926e-06 2.05487e-05 -4.33683e-07 -0.000317395 -1.39861e-05 -0.00830484 0.00811608 -0.00387666 0.0006331 2.10951e-05 -0.000628161 -0.00787269 -2.03e-08 0.00164449 0.000205685 0.00282906 -4.4891e-05 0.00777633 0.0109982 0.000825219 0.00756276 0.00752333 -0.000107904 -0.000138825 4.18635e-05 3.62257e-06 0.000292285 -0.00135841 -6.1196e-05 -0.0109698 0.00848798 0.00150009 0.00297404 0.00104535 0.000153895 -2.00579e-06 8.38155e-05 1.9946e-07 -0.0081267 0.00291371 -0.00195733 0.00296531 0.00311744 -0.0459073 0.0074187 0.00778558 -0.0109616 -0.000117156 1.22176e-05 1.61008e-06 -4.35235e-05 -4.22445e-05 9.03996e-06 -2.79942e-06 -2.41395e-06 4.18734e-06 -0.00432792 -0.000331083 -4.37435e-06 -0.000337132 -0.0111886 0.000104257 
-0.118651 3.74345e-05 -0.11988 0.120026 -0.000414618 -1.16201e-05 -0.0070606 -0.000475669 0.00212492 -2.9455e-05 0.0473595 0.066057 -0.119083 -1.64308e-06 -0.119661 2.28302e-05 -0.000434531 0.118178 -0.017465 0.113255 9.83516e-05 -0.0108436 0.121191 -0.000135628 0.120441 0.104966 -8.54489e-05 -1.283e-05 -7.53377e-05 8.09335e-05 -0.000593076 0.120503 -2.19755e-06 -8.02377e-05 5.02418e-05 -0.000763032 -0.000561698 -0.000456902 -7.14273e-07 -3.19413e-06 2.53766e-06 0.0021989 0.000111561 0.0897342 -0.119899 -0.00152794 -8.10228e-05 -3.79608e-06 -0.00129209 0.0837002 4.13376e-07 -0.0571881 0.000146879 -0.000510524 -0.000144432 -0.119896 -0.00185239 -0.00010623 -0.119825 -0.119823 1.39613e-05 0.00198118 -0.000101097 2.80488e-05 -4.94782e-05 -0.00349669 0.00136417 0.119731 -0.119451 -0.000318151 -0.000537478 -0.000133112 -7.0308e-05 -0.000120292 -1.52342e-05 1.46981e-06 0.120042 -0.000523601 0.020972 -0.000528282 -0.000252442 -0.0841455 -0.119788 -0.118584 0.118213 0.000115505 -5.97251e-05 -8.00042e-07 0.000182421 0.000440106 -2.25894e-06 -2.96836e-06 2.64498e-05 -6.40127e-07 -0.112004 0.00160436 -1.05918e-05 0.00324845 0.120445 0.000431635 
0.000139888 -3.75916e-07 0.000144416 -0.000139978 -2.83262e-06 -7.91594e-08 -4.67217e-05 -3.2615e-06 -4.316e-06 -2.00792e-07 -5.45084e-05 -7.6102e-05 0.00014974 -3.1153e-08 0.0001439 -5.40351e-06 -2.99368e-06 -0.000148868 -0.000119648 -0.000132188 3.56574e-07 -7.33937e-05 -0.000135628 0.000960293 -0.000139698 -0.000121094 -5.83077e-07 -3.55457e-07 -4.85842e-07 -1.24119e-07 2.60815e-06 -0.000140024 -2.1669e-08 -9.4966e-07 -3.0601e-06 -4.70303e-06 -3.93757e-06 -3.22367e-06 -6.0012e-09 -2.22361e-08 -7.57759e-09 -4.02198e-06 -1.91279e-07 -0.000104512 0.000144417 5.74718e-06 -7.50617e-07 -2.58599e-08 -8.73989e-06 -9.84068e-05 -5.44689e-10 7.21817e-05 -8.92121e-07 -3.60038e-06 -8.26733e-07 0.000143424 -1.27627e-05 -1.4001e-06 0.000144917 0.000144949 -1.34991e-06 -3.39903e-06 -6.93684e-07 -5.11912e-08 -7.80764e-07 -2.1807e-05 1.67439e-07 -0.000138285 8.33715e-05 -2.16733e-06 -3.77832e-06 -1.1702e-06 -4.83498e-07 -8.22391e-07 -1.07663e-07 -3.54369e-09 -0.000143283 -3.68138e-06 -2.44421e-05 -3.74901e-06 -4.80632e-06 -0.000397154 0.000145183 0.000142703 -0.000136879 -1.52936e-06 -4.10814e-07 -5.4501e-09 -5.43318e-07 -5.31181e-07 -1.64785e-08 5.35895e-07 -3.01341e-08 -4.36072e-09 7.36214e-05 -4.15437e-06 -8.96847e-08 -4.34844e-06 -0.000140249 -6.55627e-07 
-0.122244 -3.40313e-05 -0.123437 0.123509 -0.000424771 -1.19688e-05 -0.00726885 -0.000422278 0.00376453 3.96872e-05 0.0484591 0.0658392 -0.122648 1.81637e-06 -0.123242 0.000409967 -0.00045197 0.120263 -0.0179924 0.116662 0.000100581 -0.0110411 0.120441 -0.000139698 0.124212 0.107281 -8.79804e-05 -2.17416e-05 2.57575e-05 8.43968e-05 -0.000588279 0.123976 -2.28966e-06 -8.38671e-05 0.00146945 0.000460905 -0.000459261 -0.000351321 -7.17372e-07 -3.29207e-06 2.50428e-06 0.00349649 0.000148386 0.0923131 -0.123492 -0.00383931 3.84078e-05 -3.90998e-06 -0.00133006 0.0870812 4.10977e-07 -0.0600402 0.000207386 -0.000398756 -0.000148793 -0.123478 -0.00171854 -0.000103703 -0.123411 -0.123411 0.00119572 0.0028849 -0.000103786 2.89166e-05 4.57363e-05 -0.00360149 0.00137533 0.122116 -0.122997 -0.000327687 -0.00041291 -6.02985e-06 -7.29909e-05 0.000589089 -1.37718e-05 1.4542e-06 0.123052 -0.000421293 0.021732 -0.000416281 0.000106549 -0.086224 -0.123375 -0.122124 0.121207 0.00134025 -6.15345e-05 -8.24047e-07 0.000130111 0.000467003 -2.08819e-06 3.17206e-06 2.64038e-05 -6.59334e-07 -0.115363 0.0033062 -1.07402e-05 0.00362237 0.123922 0.00042693 
-0.106274 0.000267071 -0.10703 0.107461 -0.000369244 -1.03749e-05 -0.00631429 -0.000400192 0.0032763 -2.62963e-05 0.0401361 0.0543846 -0.106325 -2.13301e-06 -0.106835 -0.00021015 -0.00039236 0.105387 -0.0155903 0.102148 1.35919e-05 -0.00969811 0.104966 -0.000121094 0.107281 0.110109 -7.63131e-05 -1.65609e-05 -6.96725e-05 8.22093e-05 -0.000541045 0.107601 -1.85667e-06 -0.000103262 0.00128725 -0.000287682 -0.000516069 -0.000422504 -6.49867e-07 -2.84433e-06 2.65686e-06 0.00176497 0.000131057 0.0814166 -0.107052 -0.00285183 -8.5518e-05 -3.38928e-06 -0.00115378 0.0705406 -1.38856e-09 -0.0567494 0.000197259 -0.000470253 -0.000128858 -0.107047 -0.00166199 -9.58347e-05 -0.106981 -0.106981 0.00025019 0.0006648 -8.97035e-05 1.50641e-05 -6.95025e-05 -0.00312185 2.43747e-05 0.106387 -0.106652 -0.000284057 -0.000494847 -0.00013742 -6.32553e-05 0.000141028 -1.41106e-05 -4.64446e-07 0.106928 -0.000481939 0.0203334 -0.000486829 -0.00023579 -0.0749789 -0.106952 -0.106892 0.105856 0.000508284 -5.37025e-05 -7.14305e-07 0.000314125 0.000359549 -1.75638e-06 3.62969e-06 1.91239e-05 -5.71528e-07 -0.0999983 0.00329742 3.1319e-05 0.00234424 0.107559 0.000420892 
-0.000358089 -2.37232e-07 -0.000500332 0.000263443 -7.27603e-07 -4.99558e-08 -2.92557e-05 -2.05827e-06 -2.72374e-06 3.77733e-05 -3.42591e-05 -4.77406e-05 -0.000508749 1.68303e-05 -0.000514432 -3.18337e-06 -1.77258e-06 0.000512003 0.000499873 0.000514275 1.89243e-06 0.000290445 -8.54489e-05 -5.83077e-07 -8.79804e-05 -7.63131e-05 0.000606235 1.21862e-06 -3.40262e-07 -7.83287e-08 7.57807e-06 -8.82229e-05 -1.36749e-08 0.000604427 0.000604272 -3.87042e-06 -4.58247e-07 -1.80772e-06 6.04955e-06 -1.40328e-08 -4.78206e-09 -2.53819e-06 -1.20712e-07 -6.07285e-05 -0.000378558 -0.000599315 0.000160686 -1.63197e-08 -1.91219e-06 -6.09458e-05 -3.43742e-10 -0.000559925 0.000539154 -2.04546e-06 -6.2481e-07 8.48045e-05 -7.78398e-06 0.00059667 -0.000515039 -0.000514223 -8.519e-07 -1.92839e-06 4.09259e-06 -3.23057e-08 0.000602731 -1.42792e-05 -1.33025e-06 0.000107708 6.92905e-05 -1.36776e-06 -2.15775e-06 9.04151e-06 0.000459922 9.00743e-05 -6.79436e-08 -2.23634e-09 -7.64464e-05 -2.09657e-06 -1.53182e-05 5.04081e-07 -2.9165e-06 -0.000363724 -0.000513728 -4.05735e-05 -8.63449e-05 -9.65148e-07 4.56874e-05 9.39894e-07 -3.42876e-07 -3.35217e-07 1.23763e-05 2.61094e-06 -1.9017e-08 -2.75196e-09 -0.000481786 -2.62173e-06 -5.65981e-08 -2.11754e-06 -8.8365e-05 -3.07085e-07 
1.90804e-05 1.18858e-07 1.29184e-06 -3.0481e-05 3.10247e-06 -5.35868e-08 -2.9252e-05 7.73255e-05 1.0115e-05 1.85574e-05 -1.15993e-05 4.73007e-05 2.94726e-08 -2.1089e-08 -0.000140193 0.000150849 -1.8199e-06 0.000131363 -8.1097e-05 -1.14179e-05 6.98335e-05 0.000168613 -1.283e-05 -3.55457e-07 -2.17416e-05 -1.65609e-05 1.21862e-06 0.00065027 -3.64993e-07 1.66726e-05 4.02408e-05 -1.6589e-05 1.65331e-07 0.000122187 0.000152762 -3.87841e-06 4.45145e-05 -2.05226e-06 -4.0625e-09 -1.50527e-08 -5.12963e-09 -1.52267e-06 -1.29486e-07 -2.9109e-05 1.73958e-05 -0.000152819 1.45854e-06 -1.75058e-08 -5.95932e-06 -6.37063e-05 -3.68726e-10 -0.000180291 -1.43919e-07 -2.19727e-06 1.97772e-08 -0.00015922 0.000138824 2.74922e-05 -0.000135558 -0.000133347 -9.13819e-07 -2.30096e-06 3.36698e-06 6.75346e-07 1.26813e-06 -1.15985e-05 6.34046e-06 -1.11647e-05 8.7335e-06 5.28283e-06 -2.42772e-06 -6.62167e-07 -3.27303e-07 -5.56716e-07 -7.2882e-08 -2.39889e-09 9.2128e-05 -2.3621e-06 1.14306e-05 -3.24549e-07 0.000142543 -0.000222148 -0.000135519 -0.000112221 -2.19334e-05 -9.38632e-07 2.23857e-06 2.49644e-07 -1.44465e-07 -3.59582e-07 -1.11551e-08 -2.76002e-08 -2.03992e-08 -2.95198e-09 -0.00042594 5.27105e-06 5.95481e-09 1.713e-06 -1.18247e-05 1.61095e-05 
-0.000294163 -2.1937e-07 -0.000355561 -7.93258e-05 0.000244104 -4.61945e-08 6.12707e-06 0.00010464 -1.40532e-06 6.67428e-05 -3.0829e-05 -4.39116e-05 -0.000333864 -1.81797e-08 -0.000358399 0.000437263 0.000296413 -8.63788e-05 -6.99328e-05 -7.57568e-05 -2.4126e-07 0.000392225 -7.53377e-05 -4.85842e-07 2.57575e-05 -6.96725e-05 -3.40262e-07 -3.64993e-07 0.000560615 -2.90977e-08 -6.07377e-07 -7.89095e-05 5.06881e-08 -5.54186e-07 6.9409e-06 -2.66567e-06 0.000434599 0.000421539 -3.50207e-09 -1.29762e-08 -4.422e-09 -9.13744e-07 3.75043e-07 -5.83892e-05 -0.000346417 -0.000468705 0.000299372 1.07382e-05 3.95994e-05 -5.57365e-05 -3.1786e-10 -0.000429311 -5.20608e-07 0.000414616 -4.54432e-07 -0.000355686 0.000441157 5.08629e-06 -0.000351758 -0.000351737 -7.37757e-07 4.59788e-07 1.09936e-06 -2.98733e-08 -4.55625e-07 -7.20068e-06 -1.39037e-06 -7.43444e-05 -0.000336939 3.66686e-05 0.000430525 0.000311917 -2.82152e-07 3.51008e-06 4.14738e-05 8.12654e-08 0.000162682 0.000424598 -1.42635e-05 0.000429862 0.000342669 -0.000335822 -0.000402773 -0.000346914 -7.81876e-05 -2.4789e-09 -2.39736e-07 -3.18047e-09 -3.1706e-07 -2.09977e-07 2.70505e-08 -2.37928e-08 -1.75852e-08 8.74122e-07 -0.0003327 -1.25767e-06 -5.23366e-08 -2.53758e-06 -7.90909e-05 5.40675e-08 
-9.18679e-05 4.86283e-06 -0.00010227 9.06892e-05 1.96948e-06 -1.0634e-08 -6.50078e-06 4.03519e-06 8.66869e-07 3.65969e-06 1.77642e-05 1.93293e-05 -9.7422e-05 -4.185e-09 -0.00010914 1.90341e-05 1.13451e-06 0.000105252 -1.60412e-05 8.60856e-05 3.51128e-07 8.50392e-06 8.09335e-05 -1.24119e-07 8.43968e-05 8.22093e-05 -7.83287e-08 1.66726e-05 -2.90977e-08 0.00012911 -5.97151e-07 9.0933e-05 -2.91095e-09 1.41858e-05 1.95322e-05 -8.23891e-07 1.26944e-05 2.28361e-06 -8.06181e-10 -2.98713e-09 -1.01795e-09 5.53034e-07 -2.56958e-08 7.17136e-05 -9.31129e-05 -1.98955e-05 1.12498e-07 -3.47394e-09 -1.1826e-06 5.17837e-05 -7.31718e-11 -0.000105843 1.80155e-07 2.23967e-06 -6.30022e-08 -0.000109355 1.72717e-05 2.45858e-06 -0.000109292 -0.000109288 -1.81342e-07 1.17339e-06 2.78803e-07 -6.87686e-09 -1.04885e-07 -3.19995e-06 -3.20065e-07 8.34866e-05 -9.58799e-05 5.21551e-06 2.40577e-06 2.5628e-06 -6.49516e-08 -1.10477e-07 -1.4463e-08 -4.76047e-10 0.000103318 2.37546e-06 1.00399e-05 2.70304e-06 1.9001e-05 -7.73688e-05 -0.000109257 -0.00010959 8.98321e-05 -2.0545e-07 -5.51874e-08 -7.32148e-10 5.04368e-06 -7.13571e-08 -2.21366e-09 -5.47712e-09 -4.04812e-09 -5.85805e-10 -0.000102247 8.66525e-06 1.01285e-07 1.45846e-07 8.9406e-05 3.11193e-06 
0.000549734 -1.65858e-06 0.000546966 -0.000560899 2.52719e-05 -3.80846e-07 -0.000162576 1.30385e-05 -2.07115e-05 6.01396e-06 -0.000215744 -0.000346006 0.000409788 6.20119e-07 0.000431336 9.50297e-05 3.57702e-06 -0.000522855 -0.000526287 -0.000532572 9.00955e-07 0.000728181 -0.000593076 2.60815e-06 -0.000588279 -0.000541045 7.57807e-06 4.02408e-05 -6.07377e-07 -5.97151e-07 0.00460315 -0.000589555 7.05747e-07 2.92844e-05 5.52941e-05 -4.69348e-06 4.69225e-05 -1.06528e-05 -1.88725e-08 -1.06981e-07 1.02099e-08 1.77764e-05 -3.20268e-07 -0.00049153 0.000571571 -0.000158934 7.63535e-06 -1.24416e-07 -3.70368e-05 -0.000434055 -2.62057e-09 0.000150868 4.71312e-05 -5.36857e-06 -4.32e-06 0.000400764 8.13531e-05 9.82439e-05 0.000513544 0.000519096 1.89487e-05 -1.12232e-05 -2.35218e-06 7.50379e-07 2.0637e-05 9.5417e-05 1.20172e-05 -0.000576829 0.000618534 -8.24399e-06 -7.93132e-06 9.56666e-06 2.69772e-05 5.3967e-06 5.95354e-07 -1.70491e-08 -0.000628159 -1.46183e-05 -7.68075e-05 -1.30736e-05 4.07562e-05 -0.00142368 0.000464565 0.000586047 -0.000584921 2.2452e-05 -1.94648e-06 2.27112e-07 -2.61397e-06 -2.48558e-06 3.072e-08 -1.96158e-07 -1.44979e-07 -2.098e-08 -0.00163159 -1.99872e-05 -3.88152e-07 -1.95642e-05 -0.000594041 4.36957e-05 
-0.122552 0.000318849 -0.123643 0.12394 -0.000427131 -1.19967e-05 -0.00728515 -0.000338943 0.00381781 -3.0337e-05 0.0484172 0.0661765 -0.122943 8.02044e-07 -0.123532 0.000350016 -0.000453676 0.120691 -0.0180392 0.116744 0.000105108 -0.0112135 0.120503 -0.000140024 0.123976 0.107601 -8.82229e-05 -1.6589e-05 -7.89095e-05 9.0933e-05 -0.000589555 0.124453 -2.29731e-06 -8.13557e-05 0.00156847 0.000457733 -0.000596724 -0.000488532 -7.1949e-07 -3.29992e-06 2.5016e-06 0.00349475 0.000152241 0.0927698 -0.123787 -0.00377828 -9.76405e-05 -3.91911e-06 -0.00133345 0.0874308 4.10785e-07 -0.0603448 0.000207818 -0.0005361 -0.000149143 -0.123774 -0.00177421 -1.90142e-05 -0.123705 -0.123705 0.00119602 0.00287555 -0.000104034 2.84086e-05 3.51573e-05 -0.00360989 0.00136385 0.122442 -0.1233 -0.000328462 -0.000550317 -0.00014575 -7.31149e-05 0.000589219 -1.63164e-05 1.45295e-06 0.12335 -0.000557345 0.021709 -0.000555684 0.000132292 -0.0864324 -0.123669 -0.122424 0.121582 0.00134048 -6.16795e-05 -8.25971e-07 0.000479599 0.000471639 -2.094e-06 3.15767e-06 2.61798e-05 -6.60874e-07 -0.115637 0.00367284 3.74615e-05 0.00364357 0.124359 0.000425595 
2.13412e-06 -8.81632e-09 9.90302e-07 -2.29622e-06 2.869e-07 -1.85652e-09 1.21174e-06 9.73684e-06 -1.01223e-07 8.81958e-07 -6.41713e-07 -1.80764e-06 9.40254e-07 -7.30629e-10 -1.31213e-05 1.57933e-05 1.33979e-06 1.29196e-05 -2.82555e-06 -2.11687e-06 -9.69604e-09 1.62342e-05 -2.19755e-06 -2.1669e-08 -2.28966e-06 -1.85667e-06 -1.36749e-08 1.65331e-07 5.06881e-08 -2.91095e-09 7.05747e-07 -2.29731e-06 2.25428e-05 1.48911e-05 1.42282e-05 -1.43837e-07 4.19432e-06 3.41062e-07 -1.40746e-10 -5.21502e-10 -1.77717e-10 -9.43272e-08 -4.48605e-09 -2.04444e-06 9.90324e-07 -1.75497e-05 2.43573e-06 -6.06491e-10 -2.06461e-07 -1.83793e-06 -1.27746e-11 -1.74331e-05 -2.09228e-08 1.32556e-06 -2.32199e-08 -1.05823e-05 1.7552e-05 9.71635e-08 -1.39879e-05 -1.41539e-05 -3.16593e-08 1.73616e-07 7.68299e-08 -1.20058e-09 -1.83112e-08 -5.58657e-07 6.74553e-08 2.45016e-06 2.87933e-07 9.42503e-07 1.32139e-06 -2.74447e-08 -1.13394e-08 -1.92875e-08 -2.525e-09 -8.31098e-11 1.03329e-05 1.32366e-06 -4.65719e-08 1.32207e-06 1.00839e-05 -1.01372e-05 -1.5485e-05 -1.12932e-05 -2.80022e-06 -3.5868e-08 -9.6348e-09 -1.27821e-10 -9.40906e-09 -1.24577e-08 -3.86468e-10 -9.56213e-10 -7.06733e-10 -1.02272e-10 -1.76547e-05 -9.7432e-08 -2.10337e-09 -1.01983e-07 -2.30259e-06 -1.53764e-08 
