0.000176642 -2.33899e-07 0.000163564 1.59732e-05 -9.47723e-08 -1.36853e-05 -5.58144e-05 -9.60326e-06 -2.77462e-06 0 -1.68277e-05 2.59914e-05 -5.01593e-08 -5.42985e-07 3.15077e-07 -6.12468e-11 -4.89921e-05 3.185e-07 -9.92433e-09 3.90495e-05 1.29269e-07 -6.42621e-05 -0.000149382 -1.6061e-06 -1.47315e-05 -2.97518e-09 0 9.744e-05 -3.5511e-05 -2.23197e-10 -1.68705e-06 -9.6956e-08 5.64308e-05 1.15805e-05 8.42967e-07 -1.36353e-05 -3.51261e-06 -2.8527e-05 -6.54009e-08 1.81515e-06 -0.000168473 -3.59236e-11 -7.86061e-08 -3.65251e-07 -1.36097e-09 -1.97344e-07 3.66861e-07 7.06464e-06 1.19965e-05 -6.01867e-10 -1.57981e-07 -1.32652e-08 -6.43514e-07 -7.49406e-06 -1.71249e-05 4.61323e-07 1.92023e-06 -1.29916e-07 -1.07058e-08 3.78412e-07 -3.01334e-08 9.3053e-06 -1.39984e-09 5.49871e-07 -1.49525e-09 -5.61185e-08 -1.04114e-08 -0.00010054 8.89737e-07 -2.26632e-06 -1.40302e-08 -6.91568e-05 5.44688e-05 -7.82082e-07 5.49604e-05 -4.32691e-07 5.46074e-06 -1.67015e-05 -3.09767e-10 2.96464e-06 -8.08575e-10 -5.18242e-10 -1.51043e-07 -3.05056e-10 -1.67286e-08 -5.05875e-09 0 -4.91152e-10 -2.40276e-10 -3.85737e-10 9.36713e-05 1.35912e-05 1.31074e-06 -0.000164232 0.00016029 -5.3002e-12 -2.18486e-10 1.36813e-07 8.89066e-07 -2.80445e-08 
-2.33899e-07 0.00132215 -1.31867e-06 1.08115e-07 -5.66846e-07 -6.039e-05 -0.000413999 -7.16823e-05 0.00106409 0 -0.000130069 -0.000875599 -3.7587e-07 9.48007e-07 3.71142e-06 -4.58954e-10 -0.000362647 1.85641e-07 -7.43683e-08 -3.90619e-06 -3.04587e-08 -0.000479455 -0.000974583 -1.20354e-05 0.00113442 -2.22946e-08 0 -0.000126655 -0.000287202 -1.67254e-09 -0.00109672 5.11012e-06 0.000420836 -5.82784e-06 -1.12678e-06 -0.000102177 -1.84518e-05 -0.00022136 -4.90084e-07 -2.36198e-07 -0.00108398 -2.69194e-10 -5.89037e-07 -0.00111288 -1.01985e-08 0.00107533 0.0010797 -0.00116046 0.00108232 -4.51011e-09 -1.18383e-06 -9.94033e-08 -0.00108451 -5.86049e-05 -0.000127116 2.99718e-06 3.20929e-06 -3.35304e-08 5.13109e-07 3.70389e-07 -2.25806e-07 6.08124e-06 1.28436e-08 0.00108306 -1.12047e-08 -3.67192e-07 -7.80178e-08 -0.00070479 0.00108289 -1.69827e-05 -1.05136e-07 -0.000402366 0.000405474 -5.86055e-06 0.00042427 -3.24238e-06 0.00106983 -0.000955971 -2.32125e-09 -2.80592e-06 -6.05908e-09 -3.88346e-09 -2.31843e-07 -2.28595e-09 -1.25356e-07 -3.79079e-08 0 -3.68046e-09 -1.80051e-09 -2.89053e-09 0.000687612 -1.86435e-06 -1.9669e-06 -0.00104144 -3.63891e-05 -3.97172e-11 -1.63723e-09 1.01469e-06 0.0010863 9.03651e-06 
0.000163564 -1.31867e-06 0.00858028 0.00024675 6.75046e-06 -0.00031336 -0.00257712 -0.000283315 -7.64969e-05 0 -0.000854588 -0.0018231 1.22704e-07 0.000105354 4.36544e-06 9.69995e-08 -0.000639259 1.15202e-05 -3.06191e-07 0.00336155 6.84206e-07 -0.00270551 -0.00582649 -7.77193e-05 -8.52867e-05 2.14425e-06 0 0.00312933 0.000569416 1.2524e-06 -0.000760089 -3.60985e-06 0.00147783 0.000402432 1.02436e-05 -7.92221e-05 -0.000127549 0.00118764 2.3146e-05 9.96249e-06 -0.00695264 -1.75989e-09 -3.8509e-06 -0.00195598 7.33262e-08 -8.11449e-06 -7.02519e-06 -0.000304516 0.000235706 -2.94854e-08 -7.72611e-06 -3.46527e-07 2.042e-05 0.0013697 -0.000827333 0.00119894 9.30783e-05 -6.36457e-06 -4.07809e-07 -3.9935e-06 -1.47623e-06 0.0011468 -6.8578e-08 -7.85103e-06 -7.32518e-08 -2.74924e-06 1.54399e-05 -0.00464086 -8.35758e-06 -9.60034e-05 7.1606e-05 -0.00318405 0.000720142 1.25969e-07 0.000777206 0.000207683 0.000104768 0.000674984 1.27816e-06 0.00199844 -3.96119e-08 -2.53886e-08 7.82971e-05 -1.49446e-08 -5.92865e-07 -2.47827e-07 0 -2.40614e-08 9.64896e-07 2.67769e-07 0.00349258 0.000118352 0.000218907 -0.00161842 0.0039562 -2.59656e-10 -1.07036e-08 5.34509e-05 -7.8038e-06 3.14828e-05 
1.59732e-05 1.08115e-07 0.00024675 0.000886902 6.23819e-07 0.000491153 -0.00027843 -4.76979e-05 2.95058e-05 0 -8.75834e-05 0.000119554 -2.52024e-07 1.42272e-05 1.06201e-06 -3.07733e-10 -0.00024521 1.65498e-06 6.90135e-07 4.32884e-05 -2.04228e-08 -0.000319689 -0.000774933 -6.06648e-06 0.000557871 -1.49487e-08 0 0.000184325 -0.000188617 -1.12145e-09 -0.000609484 -8.38191e-08 0.000281518 0.00021884 -1.48846e-07 -6.85103e-05 -1.7059e-05 -0.000109732 -3.28605e-07 3.43496e-06 -0.000847897 -1.80497e-10 -3.71621e-07 -0.000572103 3.07983e-06 -8.21344e-09 1.72624e-06 -0.000587523 2.57661e-05 -3.02406e-09 2.52623e-06 1.50016e-07 -5.53014e-06 0.000603985 -7.93933e-05 4.58808e-06 5.79814e-06 1.26057e-06 -5.37911e-08 1.44299e-06 -1.51404e-07 3.06368e-05 -7.03346e-09 4.63129e-06 -7.51282e-09 -2.81966e-07 -5.23116e-08 -0.000356122 4.86728e-06 -9.47374e-06 3.86951e-06 -0.000358633 0.00026329 -3.92955e-06 0.000280716 -2.17404e-06 6.16849e-06 2.40055e-05 -1.55642e-09 4.03536e-05 -4.06266e-09 -2.60389e-09 -6.35577e-07 -1.53274e-09 -8.40524e-08 4.03125e-06 0 -2.46778e-09 -1.20726e-09 -1.93812e-09 0.000464642 3.31994e-06 0.000424227 -0.000565974 0.000837418 -2.66307e-11 -1.09778e-09 -2.00245e-07 4.56391e-06 -5.75756e-08 
-9.47723e-08 -5.66846e-07 6.75046e-06 6.23819e-07 0.000536139 1.36349e-05 -0.000134445 -2.48113e-05 -1.13638e-05 0 -3.00827e-05 -0.000228356 -1.52297e-07 -7.42456e-06 -4.82784e-09 -1.85961e-10 0.000212107 -1.05764e-07 2.32653e-06 1.42354e-05 -1.23414e-08 -2.48311e-05 -0.000439887 -3.93321e-06 0.000307012 -9.03343e-09 0 -2.76242e-06 0.000198424 -6.77686e-10 -0.000138274 5.02283e-07 -0.000222111 -3.18658e-06 -4.56553e-07 5.48196e-05 -8.46519e-06 0.000198036 2.09143e-06 1.20763e-06 -2.77496e-05 -1.09073e-10 5.008e-06 -0.000328099 9.39201e-07 -5.99187e-07 -5.83088e-07 -0.000156698 -7.43159e-07 -1.82743e-09 4.48803e-05 -4.02767e-08 -3.22646e-05 0.000395676 2.49777e-06 4.0388e-05 -5.02997e-05 6.18722e-05 4.97749e-06 4.6605e-05 -9.14929e-08 3.74522e-05 3.99575e-06 -5.87403e-07 -4.53996e-09 1.79609e-07 -3.16116e-08 -0.000147222 -5.54476e-07 5.75518e-07 -4.25994e-08 -0.000187163 -0.000251555 9.11873e-06 -0.000228638 3.11696e-05 -6.45495e-07 -4.07794e-05 1.92393e-07 0.00033924 -2.45505e-09 -1.57352e-09 -4.58605e-07 -9.2623e-10 1.13892e-05 4.99464e-06 0 -1.49127e-09 -7.2954e-10 -1.1712e-09 0.000195963 -7.55405e-07 1.00912e-05 -6.59186e-05 2.36884e-06 -1.60928e-11 -6.63381e-10 -6.76738e-08 -3.13181e-07 5.76818e-06 
-1.36853e-05 -6.039e-05 -0.00031336 0.000491153 1.36349e-05 0.0770918 -0.024483 -0.00455106 -0.00134611 0 -0.0075012 0.0133995 -1.99922e-05 -0.000968435 7.02401e-07 -2.91816e-08 -0.0228189 -8.26008e-06 1.81461e-07 -0.000501928 -1.93665e-06 -0.0246457 -0.00758415 -0.000638315 0.0122412 2.52578e-06 0 0.00537838 -0.0180891 -1.06344e-07 -0.004586 0.000268481 0.0260265 0.000989846 -6.87369e-05 -0.006478 -0.0016449 -0.0139616 -1.22142e-05 5.72185e-05 -0.000404631 -1.71161e-08 -2.89726e-05 -0.0333958 3.69488e-06 -6.29628e-05 -9.15397e-05 -0.0253304 -0.00010371 -2.86765e-07 -8.04803e-06 -5.23034e-06 0.000173119 0.00136234 -0.00796098 -0.000136957 0.000755044 5.00669e-05 1.34391e-05 5.44188e-05 -9.60734e-06 0.00223369 -6.66968e-07 -9.19737e-05 -6.92423e-07 -3.64485e-06 1.90941e-06 0.0264885 -9.22407e-05 -0.00107755 8.88506e-07 -0.0292588 0.0243778 -0.000335163 0.0237666 -0.000186759 -9.49063e-05 0.00710333 -1.47591e-07 -0.000195802 -3.85253e-07 -2.46921e-07 -3.35357e-05 -1.12013e-07 8.89283e-06 8.82305e-06 0 -2.27347e-07 5.51841e-09 1.42879e-07 0.0130469 -0.0001093 0.00173952 -0.003359 0.00564054 -2.52533e-09 -1.041e-07 -1.17355e-05 -9.25606e-05 -8.90541e-06 
-5.58144e-05 -0.000413999 -0.00257712 -0.00027843 -0.000134445 -0.024483 0.216585 0.0138226 0.00935222 0 0.0471109 0.00104436 -5.50867e-05 -0.00408791 -2.85482e-06 -1.09963e-07 0.0597475 -6.22639e-05 3.35484e-05 -0.00174825 -6.91109e-06 0.0878419 0.0304818 0.0060919 -0.0271876 1.56832e-06 0 -0.0300262 0.0293383 -4.00731e-07 0.00250943 -0.000161509 -0.0962388 -0.00187174 -0.00018744 0.000353994 0.00118099 0.0228735 -9.98817e-05 -3.8852e-05 0.00298535 1.08836e-07 0.000271023 0.0426771 2.3649e-07 -0.000352277 -0.000346765 0.014986 -0.000430446 1.56273e-06 0.000511969 4.02001e-05 9.42933e-05 0.00790527 0.0103799 -0.000616055 -0.00691692 0.000453663 -1.89814e-05 0.000308008 5.17114e-05 -0.000761146 -2.27663e-06 -0.000347345 4.82542e-06 0.000216517 -1.44294e-05 -0.0697024 -0.000347382 -0.00357713 -2.519e-05 0.0694095 -0.0947319 0.000741874 -0.0974113 -0.000589685 -0.000377926 -0.0604097 -4.09494e-07 -0.000540289 2.12494e-06 1.89621e-06 9.42958e-05 1.17897e-06 -2.82881e-05 -8.67254e-06 0 -8.81821e-07 -4.31394e-07 2.00776e-07 -0.12655 -0.000415949 -0.000695871 -0.012321 -0.011894 2.04839e-08 7.31061e-07 3.79523e-05 -0.000348277 -4.48549e-05 
-9.60326e-06 -7.16823e-05 -0.000283315 -4.76979e-05 -2.48113e-05 -0.00455106 0.0138226 0.0514014 -0.000999265 0 0.0300955 -0.0220192 -2.37888e-06 -0.00071855 -4.89204e-07 -1.88434e-08 0.0288201 -1.06837e-05 2.24664e-06 -0.00022462 7.64945e-06 0.0331902 0.00457611 0.00268285 -0.00517729 4.11464e-06 0 -0.00513135 0.0374861 -6.86697e-08 0.000430593 -2.92565e-05 -0.0367964 -0.000313992 -1.72891e-05 -0.00352767 0.00274474 0.0099647 -9.47484e-06 -8.47432e-06 8.62719e-05 -1.10524e-08 -1.88743e-05 0.00785017 -4.18722e-07 -6.07155e-05 -5.9422e-05 0.00408871 -7.49096e-05 -1.55173e-07 1.73684e-05 4.35437e-07 2.0843e-05 -0.00272915 0.00885393 0.000341375 -0.00273863 -3.88872e-05 -3.29379e-06 -5.99955e-06 5.0799e-05 -0.000622797 1.36599e-06 -5.95215e-05 -3.83366e-07 -1.3049e-05 -3.00653e-06 -0.0240544 -5.95626e-05 -3.2372e-05 -4.31659e-06 0.000626013 -0.0369144 0.000614725 -0.0367663 0.000686413 -6.54078e-05 -0.0236114 -5.19709e-08 -9.0305e-05 2.55123e-06 -1.59444e-07 -4.64671e-05 -9.38547e-08 1.98988e-06 -1.55306e-06 0 -1.5111e-07 -7.39242e-08 -8.67727e-09 -0.0252527 0.000100328 -0.000121813 -0.00304431 -0.0020902 -1.63068e-09 -6.72203e-08 -1.15483e-05 -5.97691e-05 5.90817e-05 
-2.77462e-06 0.00106409 -7.64969e-05 2.95058e-05 -1.13638e-05 -0.00134611 0.00935222 -0.000999265 0.0213598 0 0.00177088 0.0017639 -5.87631e-06 -0.000165916 4.59347e-06 -7.57003e-09 -0.00596776 -3.52538e-06 2.77003e-06 -0.000119841 -5.02388e-07 0.00450024 -0.000621284 -2.21725e-05 0.00148532 -1.44396e-07 0 -0.00205145 -0.00396907 -2.75869e-08 -0.000993878 6.97635e-06 -0.000149332 -0.000127928 -1.85652e-05 -0.00153913 2.89758e-05 -0.00363472 -8.04348e-06 -3.89587e-06 -0.00103618 -4.44012e-09 -8.19563e-06 0.00070005 -1.68215e-07 0.001052 0.00105982 -0.00274386 0.0010975 -7.43901e-08 -1.21329e-05 2.72043e-06 -0.00106442 -0.000709153 0.00068124 -3.87627e-05 -1.8685e-05 -1.30208e-05 -7.29894e-07 -9.95423e-06 -2.82779e-06 0.00262737 -1.49686e-07 0.00106906 8.91856e-07 9.93715e-06 -1.15017e-06 -0.0108405 0.0010708 -0.000275522 1.25468e-08 0.00784401 0.00408442 -9.50078e-05 -0.00433944 -5.26734e-05 0.0010572 -0.0116259 -3.82869e-08 -7.06249e-05 -9.9939e-08 -6.40541e-08 -7.78872e-06 1.36896e-06 -1.98097e-06 -6.25256e-07 0 5.15961e-07 3.63636e-07 -4.76766e-08 -0.00824855 -2.70074e-05 -4.71929e-05 -0.000968693 -0.00070523 -6.55099e-10 7.9662e-08 -4.10924e-06 0.00107337 7.58706e-06 
0 0 0 0 0 0 0 0 0 0 0 0 0 0 0 0 0 0 0 0 0 0 0 0 0 0 0 0 0 0 0 0 0 0 0 0 0 0 0 0 0 0 0 0 0 0 0 0 0 0 0 0 0 0 0 0 0 0 0 0 0 0 0 0 0 0 0 0 0 0 0 0 0 0 0 0 0 0 0 0 0 0 0 0 0 0 0 0 0 0 0 0 0 0 0 0 0 0 0 0 
-1.68277e-05 -0.000130069 -0.000854588 -8.75834e-05 -3.00827e-05 -0.0075012 0.0471109 0.0300955 0.00177088 0 0.0898658 -0.00498542 3.22266e-05 -0.00122201 -8.9849e-07 -3.46085e-08 0.0357727 9.3834e-06 4.66209e-06 -0.000547428 2.08986e-06 0.0594296 0.00906086 0.00735978 -0.00852481 4.43216e-06 0 -0.00970408 0.0386602 -1.26121e-07 0.00074068 -3.97866e-05 -0.0645771 -0.000566632 6.29461e-05 -0.00365114 -0.00192743 -0.0116849 -2.20992e-05 -1.25577e-05 0.000984833 1.46367e-07 9.8139e-05 0.0150668 -7.59041e-07 -0.000111266 -0.000108703 0.00627273 -0.000136626 -2.00095e-07 0.00051045 4.74759e-06 6.32338e-05 -0.00266621 0.0255588 -0.000195926 -0.00894056 0.000406565 -6.0495e-06 0.000173493 4.15726e-05 -0.00100309 1.049e-06 -0.000109319 6.75175e-06 0.000220633 -3.02312e-06 -0.0144515 -0.000109395 -0.00127374 -7.92801e-06 0.0386666 -0.0603241 1.54849e-05 -0.065286 -0.000222179 -0.00012013 -0.0687285 -1.35039e-07 -0.000308262 3.4531e-06 -2.86175e-07 -8.45993e-05 -8.2377e-08 -9.18612e-06 -2.46853e-06 0 -2.77534e-07 -1.35772e-07 7.087e-07 -0.0441823 1.32712e-05 -0.000193739 -0.0197458 -0.00357866 -2.99497e-09 9.16541e-07 -9.71016e-06 -0.000109464 2.40563e-05 
2.59914e-05 -0.000875599 -0.0018231 0.000119554 -0.000228356 0.0133995 0.00104436 -0.0220192 0.0017639 0 -0.00498542 0.136292 -0.000200108 -1.90749e-05 -4.08819e-06 -1.83565e-07 -0.0981078 2.4797e-05 5.75802e-06 -0.00111498 -1.29147e-05 -0.0854721 -0.010964 0.00141648 0.00770064 -1.53855e-06 0 0.0152592 -0.0984692 -1.05767e-06 0.000607831 2.94659e-05 0.0944603 0.000800852 -0.000211939 -0.0583432 -0.00568672 -0.0988419 -0.000252524 -5.50326e-05 0.00257163 -3.56521e-09 3.02109e-05 -0.00872765 1.13739e-06 -0.00091795 -0.00091052 -0.00778575 -0.00103475 -1.74208e-06 9.25766e-05 -6.34021e-06 0.00150329 -0.00833441 -0.0306626 -0.00158726 -0.00136976 0.000108577 -5.02786e-05 7.51963e-05 5.96949e-06 -0.00145466 -3.38013e-06 -0.000914959 1.28111e-06 4.77766e-05 -1.36599e-05 0.0355751 -0.000917399 -0.0105788 -6.22553e-05 0.0257334 0.0968295 -0.00119137 0.0925804 -0.00204002 -0.000956866 -0.00671802 -1.4679e-06 -0.00224484 -1.04495e-06 3.70863e-07 -0.000230316 -1.32558e-06 -2.46422e-05 -1.95853e-05 0 -2.32077e-06 -8.91933e-07 -9.64566e-07 0.0593064 -0.000917344 7.28842e-05 -0.00435914 -0.0047461 -2.51162e-08 2.1322e-08 1.16531e-05 -0.00091973 -9.79853e-05 
-5.01593e-08 -3.7587e-07 1.22704e-07 -2.52024e-07 -1.52297e-07 -1.99922e-05 -5.50867e-05 -2.37888e-06 -5.87631e-06 0 3.22266e-05 -0.000200108 0.000283829 -4.2365e-06 -2.55519e-09 -9.84221e-11 0.000190881 -5.59766e-08 3.07185e-08 -1.15778e-06 -6.53182e-09 0.000169422 2.5382e-05 6.25698e-07 -2.61385e-05 -4.78104e-09 0 -2.52363e-05 0.000169527 -3.58673e-10 2.24916e-06 -2.5806e-08 -0.000190974 -1.53987e-06 7.25031e-07 -3.21832e-06 -5.02134e-06 0.000136604 7.41569e-07 4.93476e-08 2.79585e-07 -5.77284e-11 -6.63182e-08 2.40433e-05 -2.18705e-09 -3.17127e-07 -3.1037e-07 1.25703e-05 -4.07439e-07 -9.67187e-10 4.46129e-07 -2.13169e-08 -2.33989e-06 -1.57974e-05 0.000165877 2.32968e-06 -3.98576e-05 2.61228e-07 -1.7204e-08 -1.57894e-07 -4.84237e-08 -7.64356e-07 -2.24951e-09 -3.1089e-07 4.17597e-07 2.43152e-07 -1.67308e-08 6.35357e-06 -3.11105e-07 1.45614e-05 -2.25462e-08 -6.91801e-05 -0.000194206 -2.33454e-07 -0.000182802 3.91343e-07 2.16978e-08 -2.06103e-05 -4.97789e-10 -3.19224e-07 -1.29936e-09 -8.32803e-10 -2.42722e-07 -4.90218e-10 1.39784e-07 -8.12929e-09 0 -7.8927e-10 -3.86118e-10 -6.1987e-10 -0.000119634 -3.19807e-07 -6.36247e-07 -4.0496e-05 -8.83477e-06 -8.5173e-12 -3.51102e-10 -6.40444e-08 -3.12184e-07 2.14933e-07 
-5.42985e-07 9.48007e-07 0.000105354 1.42272e-05 -7.42456e-06 -0.000968435 -0.00408791 -0.00071855 -0.000165916 0 -0.00122201 -1.90749e-05 -4.2365e-06 0.0146993 -1.34298e-07 -5.17296e-09 -0.00374125 2.97579e-05 -7.18218e-07 -9.67306e-05 1.15336e-06 -0.00506178 -0.0103242 -0.000134346 -0.00130442 5.98538e-06 0 -0.00141038 -0.00276048 -1.88515e-08 8.08733e-05 2.94768e-06 0.00439834 0.000499108 -1.06868e-05 -0.000994912 0.000896025 -0.00227318 -2.9049e-07 3.03711e-05 -0.000147247 -3.03414e-09 -6.53248e-06 -0.00224608 -1.14949e-07 -1.66678e-05 -1.62227e-05 0.000874018 2.31921e-05 -5.08343e-08 -1.32699e-05 -8.50393e-07 3.70142e-05 -5.06455e-05 -0.00124063 4.17045e-06 0.000158341 -1.07128e-05 -9.04223e-07 -8.23205e-06 -2.5451e-06 0.00128148 5.84347e-08 -1.634e-05 -1.2629e-07 -4.49649e-06 9.44398e-06 -0.00837647 -1.63513e-05 -0.000140619 -1.21672e-07 0.00579096 0.00424661 -5.52153e-05 0.00423767 -2.88121e-05 -1.09726e-05 0.00112716 -2.61632e-08 3.80594e-05 -6.8293e-08 -4.37712e-08 2.89061e-05 -2.57653e-08 -1.5958e-07 -4.27266e-07 0 -4.14831e-08 1.10971e-06 7.07536e-08 0.00617627 3.4366e-06 -2.30038e-05 0.00014675 0.0028075 -4.4766e-10 -1.84535e-08 3.86056e-06 -1.6408e-05 -2.35533e-06 
3.15077e-07 3.71142e-06 4.36544e-06 1.06201e-06 -4.82784e-09 7.02401e-07 -2.85482e-06 -4.89204e-07 4.59347e-06 0 -8.9849e-07 -4.08819e-06 -2.55519e-09 -1.34298e-07 8.99992e-06 -3.12e-12 -1.67573e-06 -1.77447e-09 -5.0556e-10 1.13952e-06 -2.0706e-10 -3.20339e-06 -7.87199e-06 -8.18172e-08 5.71224e-06 -1.5156e-10 0 1.14086e-07 -8.60958e-07 -1.137e-11 -7.0387e-06 1.32839e-06 2.238e-06 2.63203e-07 -7.6599e-09 -6.94604e-07 -1.78937e-07 -1.46698e-07 -3.33162e-09 2.51728e-07 -8.76718e-06 -1.83e-12 -4.00431e-09 -7.56738e-06 -6.933e-11 2.56995e-06 3.71349e-06 -6.70349e-06 1.97708e-06 -3.066e-11 -8.04777e-09 -6.7575e-10 -3.70093e-06 2.69033e-06 -8.72365e-07 1.23224e-06 -1.46218e-06 -6.61812e-09 -5.4537e-10 -5.00526e-09 -1.53504e-09 2.36519e-07 -7.131e-11 3.71348e-06 -7.617e-11 -2.85876e-09 -5.3037e-10 -5.07307e-06 3.71347e-06 -1.1545e-07 -7.1472e-10 -3.61218e-06 1.55806e-06 3.56826e-07 2.12844e-06 3.74625e-07 2.52584e-06 -2.82158e-06 -1.578e-11 1.61277e-06 -4.119e-11 -2.64e-11 -7.69434e-09 -1.554e-11 -8.5218e-10 -2.577e-10 0 -2.502e-11 -1.224e-11 -1.965e-11 4.81302e-06 -1.2674e-08 2.33164e-07 -5.35602e-06 4.38691e-06 -2.7e-13 -1.113e-11 -2.03022e-09 3.71344e-06 -1.42863e-09 
-6.12468e-11 -4.58954e-10 9.69995e-08 -3.07733e-10 -1.85961e-10 -2.91816e-08 -1.09963e-07 -1.88434e-08 -7.57003e-09 0 -3.46085e-08 -1.83565e-07 -9.84221e-11 -5.17296e-09 -3.12e-12 3.46667e-07 -9.61319e-08 -6.835e-11 -1.94734e-11 -2.32948e-09 -7.97564e-12 -1.26343e-07 -3.0617e-07 -3.15148e-09 3.13627e-07 -5.83787e-12 0 -3.38673e-08 -7.55332e-08 -4.37956e-13 -2.37254e-07 -1.90246e-10 1.10728e-07 -2.05933e-09 -2.95048e-10 7.32449e-08 -6.8924e-09 1.81964e-07 -1.28329e-10 -6.18488e-11 -9.65531e-08 -7.04889e-14 -1.5424e-10 -2.92383e-07 -2.67049e-12 -3.87226e-10 -3.78976e-10 -2.11631e-07 -4.97501e-10 -1.18098e-12 -3.09988e-10 -2.60289e-11 8.63008e-10 2.20625e-07 -3.36022e-08 -6.8417e-10 3.76786e-09 -2.5492e-10 -2.10068e-11 -1.92795e-10 -5.91275e-11 -3.98592e-09 -2.74676e-12 -3.7961e-10 -2.93396e-12 -1.10115e-10 -2.04291e-11 -1.98489e-07 -3.79873e-10 -4.44695e-09 -2.753e-11 -1.42089e-07 6.87824e-09 -1.53459e-09 1.12029e-07 -8.49021e-10 -4.17152e-10 3.47343e-08 -6.07822e-13 2.38694e-07 -1.58658e-12 -1.01689e-12 -2.96375e-10 -5.98578e-13 -3.28247e-11 -9.92622e-12 0 -9.63733e-13 -4.71467e-13 -7.56889e-13 1.8539e-07 -4.88182e-10 9.92231e-08 -8.70073e-08 3.33323e-07 -1.04e-14 -4.28711e-13 -7.82011e-11 -3.8119e-10 -5.50287e-11 
-4.89921e-05 -0.000362647 -0.000639259 -0.00024521 0.000212107 -0.0228189 0.0597475 0.0288201 -0.00596776 0 0.0357727 -0.0981078 0.000190881 -0.00374125 -1.67573e-06 -9.61319e-08 0.200406 -4.97308e-05 5.32293e-06 0.00054156 1.43535e-05 0.1568 0.0271754 0.00469185 -0.0229037 6.40208e-07 0 -0.0259949 0.131354 -1.40327e-07 0.00189973 -0.000128091 -0.172364 -0.00143647 0.000100117 0.0467393 0.00772826 0.113856 0.000202991 -1.82371e-05 0.0008734 -1.97184e-08 -4.22422e-05 0.0338143 -2.12616e-06 -0.000302754 -0.000303052 0.0174244 -0.000395042 2.11199e-06 0.000157463 1.07158e-05 -0.000252774 0.0137215 0.038608 0.00104522 -0.00501699 8.31191e-05 1.2293e-05 -0.00010931 -1.08636e-05 -0.00298599 1.42616e-06 -0.000303552 -1.83691e-06 -5.80294e-05 -1.61782e-05 -0.0123642 -0.000303832 0.00903389 9.04507e-06 -0.0546548 -0.174941 0.00265321 -0.178686 0.00168199 -0.000302189 -0.0181125 7.60461e-07 0.00143281 2.17087e-06 -7.0009e-07 -0.000181904 -2.22144e-07 -2.18362e-06 9.39987e-06 0 1.42576e-06 -3.77133e-07 6.04554e-07 -0.118371 0.00079014 -0.000568632 -0.00450897 -0.00982214 2.16809e-08 -2.76265e-07 5.22659e-05 -0.000304643 7.30518e-05 
3.185e-07 1.85641e-07 1.15202e-05 1.65498e-06 -1.05764e-07 -8.26008e-06 -6.22639e-05 -1.06837e-05 -3.52538e-06 0 9.3834e-06 2.4797e-05 -5.59766e-08 2.97579e-05 -1.77447e-09 -6.835e-11 -4.97308e-05 0.000197124 -1.10753e-08 2.82513e-06 -4.53607e-09 -7.1673e-05 -0.000169725 -2.90391e-08 8.03357e-05 8.63346e-07 0 -7.66837e-06 -3.79221e-05 -2.49083e-10 -3.78055e-07 2.35218e-05 6.09121e-05 5.36088e-05 9.25528e-07 -1.51e-05 -2.95999e-06 -3.28106e-05 -7.29859e-08 2.84824e-07 -7.16163e-05 -4.00899e-11 -8.77226e-08 -0.00012123 -1.51881e-09 -2.20231e-07 -2.15539e-07 1.24248e-05 1.29804e-05 -6.7167e-10 -1.76303e-07 -1.48037e-08 4.90828e-07 -6.15922e-06 -1.77409e-05 -3.89115e-07 2.14293e-06 2.83499e-08 -1.19474e-08 -1.0965e-07 -3.36282e-08 4.2153e-05 -1.56219e-09 -2.159e-07 -1.66866e-09 -6.2627e-08 1.65048e-07 -3.11018e-05 -2.16049e-07 -2.52916e-06 4.61009e-07 2.91583e-05 6.06526e-05 -8.72785e-07 6.3442e-05 -4.82873e-07 -2.37251e-07 -0.000101642 -3.45693e-10 1.51375e-05 -9.02351e-10 -5.78346e-10 -1.6856e-07 -3.40435e-10 -1.86687e-08 -5.64544e-09 0 -5.48114e-10 -2.68142e-10 -4.30473e-10 0.000105152 2.82235e-06 1.49815e-06 -0.000154081 0.000133968 -5.9149e-12 -2.43825e-10 2.01219e-06 -2.16798e-07 1.38703e-07 
-9.92433e-09 -7.43683e-08 -3.06191e-07 6.90135e-07 2.32653e-06 1.81461e-07 3.35484e-05 2.24664e-06 2.77003e-06 0 4.66209e-06 5.75802e-06 3.07185e-08 -7.18218e-07 -5.0556e-10 -1.94734e-11 5.32293e-06 -1.10753e-08 5.61702e-05 -3.77465e-07 -1.29236e-09 9.54254e-07 -3.1748e-05 1.67493e-05 -5.32702e-06 -9.45959e-10 0 2.61255e-05 -1.10893e-05 -7.09656e-11 4.41677e-07 -2.74938e-08 -3.75211e-05 -1.07024e-07 -4.78091e-08 -1.49536e-06 3.38598e-05 -6.43069e-06 5.90587e-06 -1.00219e-08 -3.55281e-05 -1.14219e-11 1.83183e-05 2.22268e-06 -4.32722e-10 -6.27454e-08 -6.14087e-08 4.41358e-06 1.42719e-07 -1.91364e-10 4.42964e-05 3.36891e-05 -4.41202e-05 -1.31946e-06 3.85651e-05 -6.41952e-08 -3.84561e-05 1.7212e-05 -3.40392e-09 3.03121e-05 -9.58092e-09 2.29079e-06 -4.4508e-10 -6.15115e-08 -4.75414e-10 -7.8429e-09 -3.31029e-09 1.12772e-05 -6.1554e-08 1.57761e-05 -4.46091e-09 -1.99439e-05 -3.80816e-05 -2.38663e-07 -3.70904e-05 -1.37574e-07 -6.75947e-08 -4.55384e-05 -9.84906e-11 3.31781e-07 -2.57087e-10 2.67317e-06 -4.80241e-08 -9.69926e-11 1.10135e-06 -1.60843e-09 0 -1.56162e-10 -7.63957e-11 -1.22645e-10 -2.48163e-05 -7.91042e-08 -1.25885e-07 -3.71514e-05 -1.89219e-06 -1.6852e-12 -6.94677e-11 -1.26716e-08 -6.17674e-08 -8.91677e-09 
3.90495e-05 -3.90619e-06 0.00336155 4.32884e-05 1.42354e-05 -0.000501928 -0.00174825 -0.00022462 -0.000119841 0 -0.000547428 -0.00111498 -1.15778e-06 -9.67306e-05 1.13952e-06 -2.32948e-09 0.00054156 2.82513e-06 -3.77465e-07 0.0066745 -1.54597e-07 -0.00128784 -0.00395047 -6.07137e-05 -0.000426277 5.66841e-07 0 0.00228011 0.000659917 1.13818e-06 -0.000150246 -3.51099e-06 -0.00104741 -8.26394e-06 -2.94243e-06 -9.85104e-05 -0.000125946 0.00112942 6.66585e-06 3.43448e-06 -0.00336825 -1.36633e-09 6.87694e-06 -0.00071951 -5.17637e-08 -6.47583e-06 -6.89925e-06 0.000177649 -7.52004e-06 -2.28916e-08 -6.00869e-06 -5.04534e-07 -7.36512e-06 0.000484967 -0.000544716 0.000827955 6.91813e-05 -4.36461e-06 1.02361e-05 -3.37373e-06 -5.96104e-07 8.38784e-05 -5.3242e-08 -6.29489e-06 -5.68706e-08 5.98557e-06 1.85068e-06 -0.00120091 -6.59664e-06 -6.6878e-05 4.59704e-07 -0.00247994 -0.000471388 5.09274e-05 -0.000351638 0.000431623 -1.79245e-07 0.000480859 1.71552e-07 0.00110204 -3.07536e-08 -1.9711e-08 5.52719e-05 -1.16026e-08 6.23739e-07 3.15093e-06 0 -1.86806e-08 -9.13872e-09 1.18662e-07 0.0017474 6.61728e-06 -1.48822e-05 -0.000218075 0.000644244 -2.0159e-10 -8.30997e-09 2.04342e-05 -6.22217e-06 4.84633e-05 
1.29269e-07 -3.04587e-08 6.84206e-07 -2.04228e-08 -1.23414e-08 -1.93665e-06 -6.91109e-06 7.64945e-06 -5.02388e-07 0 2.08986e-06 -1.29147e-05 -6.53182e-09 1.15336e-06 -2.0706e-10 -7.97564e-12 1.43535e-05 -4.53607e-09 -1.29236e-09 -1.54597e-07 2.30061e-05 1.02919e-05 4.07551e-07 -2.09149e-07 -1.72269e-06 -3.87432e-10 0 -1.24762e-06 1.74339e-05 -2.90651e-11 -7.31073e-07 -1.26258e-08 -1.44548e-05 7.46665e-07 -1.9581e-08 1.50105e-06 4.02583e-07 1.56384e-05 6.81501e-08 -4.10462e-09 -6.54578e-07 -4.67802e-12 -1.02362e-08 2.62255e-06 -1.77228e-10 -2.56984e-08 -2.51509e-08 -4.64059e-06 8.50316e-07 -7.8376e-11 -2.05725e-08 -1.72742e-09 5.72739e-08 9.10852e-07 2.23664e-06 -4.54052e-08 -8.32782e-08 -1.69179e-08 -1.39413e-09 -1.27949e-08 -3.92402e-09 -2.64527e-07 -1.82289e-10 -2.5193e-08 -1.94713e-10 -7.30784e-09 -1.35578e-09 -8.1061e-06 -2.52104e-08 1.54282e-09 -1.82704e-09 -8.17979e-06 -1.3907e-05 -2.85105e-08 -1.54618e-05 1.17365e-06 -2.76845e-08 -2.11512e-07 -4.03384e-11 1.70022e-07 -1.05294e-10 -6.74862e-11 -1.9669e-08 -3.97248e-11 -2.17842e-09 -6.58758e-10 0 -6.39585e-11 -3.12891e-11 -5.02312e-11 -9.70983e-06 -3.23984e-08 -2.15583e-08 -1.09774e-06 2.77738e-08 -6.902e-13 -2.84516e-11 -5.18984e-09 -2.52978e-08 -3.652e-09 
-6.42621e-05 -0.000479455 -0.00270551 -0.000319689 -2.48311e-05 -0.0246457 0.0878419 0.0331902 0.00450024 0 0.0594296 -0.0854721 0.000169422 -0.00506178 -3.20339e-06 -1.26343e-07 0.1568 -7.1673e-05 9.54254e-07 -0.00128784 1.02919e-05 0.231626 0.0372155 0.0056482 -0.0206601 -1.81402e-06 0 -0.0352292 0.131338 -4.60423e-07 0.00269456 -0.000174589 -0.183413 -0.00215519 5.18393e-05 0.0462671 0.00388973 0.0928354 0.000160418 -3.23883e-05 0.00325136 1.22562e-07 -7.19426e-05 0.0383924 -2.68415e-06 -0.000406207 -0.000398418 -0.00877046 -0.000492267 1.96177e-06 0.000365536 1.00825e-05 0.000125524 0.0112058 0.0491933 -0.000323128 -0.00650107 0.000133026 -1.56312e-05 -2.55896e-06 9.9866e-05 -0.00192135 1.55669e-07 -0.000398931 3.90887e-06 -2.92708e-05 -2.01471e-05 -0.0332965 -0.000398587 0.00769978 -2.84422e-05 0.00118786 -0.177432 0.00154177 -0.186677 0.000706777 -0.000437649 -0.0534177 -1.79004e-07 -0.000698776 2.87203e-06 -9.55722e-07 -0.000129205 1.09738e-06 -1.9582e-05 -8.25544e-06 0 1.76016e-06 -4.95653e-07 1.57616e-07 -0.149306 0.000696418 -0.00080548 -0.0102171 -0.0138153 1.90665e-08 5.89296e-07 -7.15695e-05 -0.000400315 2.56516e-05 
-0.000149382 -0.000974583 -0.00582649 -0.000774933 -0.000439887 -0.00758415 0.0304818 0.00457611 -0.000621284 0 0.00906086 -0.010964 2.5382e-05 -0.0103242 -7.87199e-06 -3.0617e-07 0.0271754 -0.000169725 -3.1748e-05 -0.00395047 4.07551e-07 0.0372155 0.10317 0.00101832 -0.0208436 -1.39428e-05 0 -0.0580316 0.018854 -9.99089e-07 0.00632268 -0.000203733 -0.0295332 -0.0043236 6.35356e-05 0.00673726 -0.00130779 0.0152212 -0.000149367 -7.59488e-05 0.00764128 2.37526e-08 -6.81991e-05 0.0269249 -6.38013e-06 -0.00094489 -0.000965197 7.76622e-05 -0.00124483 3.97954e-07 -0.000149327 -3.23024e-05 0.000984662 -0.00960418 0.00587322 -0.00109988 -0.000983287 -0.000108903 5.20534e-06 -0.000178754 1.75808e-05 -0.00443834 -6.75443e-06 -0.000967013 9.41988e-07 2.74622e-05 -4.2336e-05 -0.00626818 -0.000967781 0.00116815 -6.91032e-05 0.0146361 -0.0297238 0.000461325 -0.0312242 -5.28786e-07 -0.00105649 -0.00408387 -1.28185e-06 -0.00299117 -2.55371e-07 -2.43734e-06 -7.83072e-06 2.01703e-07 -5.75757e-05 -7.1183e-07 0 3.24749e-07 -1.20113e-06 -3.81618e-07 -0.0522422 -3.37175e-05 -0.00140612 0.00717004 -0.0165113 3.50449e-09 1.44463e-07 -6.60919e-05 -0.000970827 -8.17703e-05 
-1.6061e-06 -1.20354e-05 -7.77193e-05 -6.06648e-06 -3.93321e-06 -0.000638315 0.0060919 0.00268285 -2.21725e-05 0 0.00735978 0.00141648 6.25698e-07 -0.000134346 -8.18172e-08 -3.15148e-09 0.00469185 -2.90391e-08 1.67493e-05 -6.07137e-05 -2.09149e-07 0.0056482 0.00101832 0.00900816 -0.000805296 1.13578e-07 0 -0.000830841 -0.0018118 -1.14847e-08 5.85981e-05 -3.25558e-06 -0.00612859 -5.26328e-05 6.10949e-06 -0.000660251 -0.000109063 -0.00150733 -3.36523e-06 -6.0189e-07 5.28699e-05 -1.84846e-09 0.000109622 0.00137689 -4.33628e-08 -1.01544e-05 -9.7514e-06 0.000656158 -9.72954e-06 -3.09693e-08 0.000319694 1.19741e-05 -0.000138332 -0.000503047 0.00652559 -1.79413e-05 -0.00725788 -5.42822e-06 -5.50872e-07 6.31376e-05 -1.55053e-06 -0.000100855 1.64637e-07 -9.56803e-06 1.85973e-06 3.02491e-05 -3.85721e-07 0.00340704 -8.84158e-06 -9.21345e-05 1.47359e-08 0.00245207 -0.00617387 1.3851e-05 -0.00609818 -2.21209e-05 -1.03458e-05 -0.00748824 -1.59392e-08 -3.14566e-05 -4.16056e-08 -2.66663e-08 -7.77197e-06 1.43032e-08 -8.17444e-07 -2.603e-07 0 -2.52724e-08 -1.23635e-08 -1.98482e-08 -0.00418693 -8.12182e-06 -1.13493e-05 -0.00760017 -0.000333695 -2.72724e-10 -1.12423e-08 -2.0507e-06 -9.22946e-06 3.16957e-07 
-1.47315e-05 0.00113442 -8.52867e-05 0.000557871 0.000307012 0.0122412 -0.0271876 -0.00517729 0.00148532 0 -0.00852481 0.00770064 -2.61385e-05 -0.00130442 5.71224e-06 3.13627e-07 -0.0229037 8.03357e-05 -5.32702e-06 -0.000426277 -1.72269e-06 -0.0206601 -0.0208436 -0.000805296 0.0862232 1.26504e-06 0 0.00673817 -0.019995 -1.20404e-07 -0.0070252 9.87029e-07 0.0288521 -0.000251234 -3.10387e-05 -0.0066662 -0.000904781 -0.0134703 -3.41006e-05 -7.91364e-06 -0.00177102 -1.9379e-08 -4.19074e-05 -0.066103 1.50582e-06 0.00099544 0.000987308 -0.036452 0.00112259 -3.24678e-07 -8.28361e-05 -6.65927e-06 -0.000888403 0.0124899 -0.00909471 -8.23372e-05 0.000980216 -6.99867e-05 2.88914e-05 -5.30038e-05 -1.55188e-05 -0.000624751 -4.51812e-07 0.00098984 -7.99945e-07 -2.93898e-05 -3.25308e-06 -0.00790524 0.000991318 -0.00121755 6.31714e-05 0.00774018 0.0271113 -0.000399978 0.0285556 -0.000171715 0.00100434 0.00713858 9.06229e-07 0.000965679 1.77147e-07 -2.79566e-07 -6.66535e-05 -1.64563e-07 -6.12759e-06 1.64311e-05 0 3.11714e-07 -1.29617e-07 6.85807e-08 0.0369792 -0.000133276 0.00173607 -0.00161805 0.00694791 -2.8592e-09 -1.17862e-07 -1.96026e-05 0.000994002 4.19947e-05 
-2.97518e-09 -2.22946e-08 2.14425e-06 -1.49487e-08 -9.03343e-09 2.52578e-06 1.56832e-06 4.11464e-06 -1.44396e-07 0 4.43216e-06 -1.53855e-06 -4.78104e-09 5.98538e-06 -1.5156e-10 -5.83787e-12 6.40208e-07 8.63346e-07 -9.45959e-10 5.66841e-07 -3.87432e-10 -1.81402e-06 -1.39428e-05 1.13578e-07 1.26504e-06 1.68397e-05 0 -9.41836e-07 1.58083e-06 -2.12745e-11 -3.69925e-07 -9.24157e-09 -1.50118e-06 -1.00036e-07 -1.43325e-08 -1.29968e-06 8.45188e-07 -1.22587e-06 -6.23383e-09 -3.00442e-09 -3.43256e-06 -3.42413e-12 2.59174e-07 -6.09974e-06 -1.29724e-10 -1.88102e-08 -1.84095e-08 7.81427e-07 -2.41671e-08 -5.73683e-11 2.51608e-07 -1.2644e-09 -2.24744e-07 -2.61167e-07 9.77707e-07 1.70677e-06 -6.73636e-07 2.44283e-07 -1.02045e-09 5.13968e-07 -2.87223e-09 3.90971e-06 -1.33429e-10 -1.84403e-08 -1.42523e-10 -5.34906e-09 -9.92381e-10 -8.4153e-06 -1.8453e-08 -2.16019e-07 5.01996e-07 6.55776e-06 -2.76485e-06 -7.45458e-08 -2.90132e-06 -4.12428e-08 5.29736e-07 -6.05272e-06 -2.95261e-11 3.28658e-06 -7.70711e-11 -4.93973e-11 -1.4397e-08 -2.90771e-11 -1.59452e-09 -4.82185e-10 0 -4.68152e-11 -2.29024e-11 -3.67673e-11 -5.04308e-07 -2.37144e-08 4.65595e-07 -1.02089e-05 1.5418e-06 -5.052e-13 -2.08255e-11 -3.79877e-09 -1.8517e-08 -2.67313e-09 
0 0 0 0 0 0 0 0 0 0 0 0 0 0 0 0 0 0 0 0 0 0 0 0 0 0 0 0 0 0 0 0 0 0 0 0 0 0 0 0 0 0 0 0 0 0 0 0 0 0 0 0 0 0 0 0 0 0 0 0 0 0 0 0 0 0 0 0 0 0 0 0 0 0 0 0 0 0 0 0 0 0 0 0 0 0 0 0 0 0 0 0 0 0 0 0 0 0 0 0 
9.744e-05 -0.000126655 0.00312933 0.000184325 -2.76242e-06 0.00537838 -0.0300262 -0.00513135 -0.00205145 0 -0.00970408 0.0152592 -2.52363e-05 -0.00141038 1.14086e-07 -3.38673e-08 -0.0259949 -7.66837e-06 2.61255e-05 0.00228011 -1.24762e-06 -0.0352292 -0.0580316 -0.000830841 0.00673817 -9.41836e-07 0 0.08815 -0.0203615 8.13246e-07 -0.00207706 -4.92033e-05 0.0277073 -0.00057887 -8.23275e-05 -0.00730197 -0.00165664 -0.0160501 1.88089e-05 -1.74296e-05 -0.00306297 -1.98645e-08 0.000128734 -0.00634662 3.6341e-06 -0.000108727 -0.000106449 0.00427516 -0.000140014 -3.32811e-07 0.000155879 2.27815e-05 2.61311e-05 -0.00115806 -0.0073688 -0.000165189 0.000731303 0.000129021 -5.91994e-06 0.000205322 -1.66627e-05 0.00186749 3.25594e-06 -0.000106978 -8.26818e-07 -3.79157e-06 1.90395e-05 0.0222356 -0.000107052 -0.00114231 -6.58155e-06 -0.033294 0.0285573 -0.000429667 0.0285058 -0.000238363 -9.4521e-05 0.00876206 -1.7129e-07 -0.000294039 -4.47114e-07 2.38676e-06 -3.9868e-05 -1.68685e-07 5.43597e-05 -2.79731e-06 0 -2.7159e-07 -1.22864e-07 -2.13299e-07 0.0282182 -8.95579e-05 0.000219512 -0.00241221 0.000540282 -2.93082e-09 -1.20815e-07 -2.13378e-05 -0.000107423 -1.11543e-05 
-3.5511e-05 -0.000287202 0.000569416 -0.000188617 0.000198424 -0.0180891 0.0293383 0.0374861 -0.00396907 0 0.0386602 -0.0984692 0.000169527 -0.00276048 -8.60958e-07 -7.55332e-08 0.131354 -3.79221e-05 -1.10893e-05 0.000659917 1.74339e-05 0.131338 0.018854 -0.0018118 -0.019995 1.58083e-06 0 -0.0203615 0.170411 8.71406e-07 0.00141411 -0.000115262 -0.143991 -0.000637092 -6.61979e-05 0.0477426 0.00478016 0.0984528 0.000271637 -1.57361e-05 -0.00043139 1.5903e-07 -6.15318e-05 0.0278477 -1.67843e-06 -0.000243376 -0.000237324 0.0138891 -0.000280012 -4.88926e-07 -0.000166368 -3.30614e-06 -0.000188022 0.00299308 0.0334075 0.00140747 0.001192 -0.0001528 -4.17973e-06 -0.000109104 8.08843e-05 -0.00245873 8.50297e-07 -0.00023809 -1.84403e-06 -6.72688e-05 -1.28399e-05 -0.0439382 -0.000238755 0.00962373 -2.47625e-06 -0.0360482 -0.14034 0.00134382 -0.145411 0.00181151 -0.000240375 -0.0243857 8.67976e-07 0.00176839 1.06615e-06 -5.3246e-07 -0.000163248 -8.62135e-08 3.5326e-06 -2.58542e-06 0 1.59095e-06 -2.46323e-07 8.94286e-07 -0.0974338 0.000909248 -0.000487932 0.00329199 -0.00694823 2.34635e-08 1.3055e-07 2.5433e-05 -0.000238906 5.96538e-05 
-2.23197e-10 -1.67254e-09 1.2524e-06 -1.12145e-09 -6.77686e-10 -1.06344e-07 -4.00731e-07 -6.86697e-08 -2.75869e-08 0 -1.26121e-07 -1.05767e-06 -3.58673e-10 -1.88515e-08 -1.137e-11 -4.37956e-13 -1.40327e-07 -2.49083e-10 -7.09656e-11 1.13818e-06 -2.90651e-11 -4.60423e-07 -9.99089e-07 -1.14847e-08 -1.20404e-07 -2.12745e-11 0 8.13246e-07 8.71406e-07 1.26333e-06 1.00082e-08 -6.933e-10 -7.43148e-07 -7.50468e-09 -1.07522e-09 8.39165e-07 -2.51175e-08 9.35171e-07 -4.67661e-10 -2.25391e-10 -1.25077e-06 -2.56878e-13 -5.62086e-10 -1.28845e-07 -9.73188e-12 -1.41114e-09 -1.38108e-09 -1.86616e-07 -1.81301e-09 -4.30376e-12 -1.12967e-09 -9.48553e-11 3.145e-09 1.39394e-07 -1.22454e-07 1.14417e-06 1.37309e-08 -9.28988e-10 -7.65538e-11 -7.0259e-10 -2.15474e-10 -1.45256e-08 -1.00098e-11 -1.38339e-09 -1.0692e-11 -4.01285e-10 -7.44482e-11 -7.23338e-07 -1.38434e-09 -1.62057e-08 -1.00326e-10 -4.01138e-07 -7.57178e-07 -5.59241e-09 -7.38408e-07 -3.09403e-09 -1.5202e-09 1.2658e-07 -2.21504e-12 2.05242e-07 -5.78186e-12 -3.70578e-12 7.89199e-08 -2.18136e-12 -1.19621e-10 -3.61734e-11 0 -3.51207e-12 -1.71813e-12 -2.75828e-12 -2.61061e-07 -1.77905e-09 -2.83115e-09 4.73484e-08 6.80392e-08 -3.79e-14 -1.56232e-12 -2.84983e-10 -1.38914e-09 -2.00537e-10 
-1.68705e-06 -0.00109672 -0.000760089 -0.000609484 -0.000138274 -0.004586 0.00250943 0.000430593 -0.000993878 0 0.00074068 0.000607831 2.24916e-06 8.08733e-05 -7.0387e-06 -2.37254e-07 0.00189973 -3.78055e-07 4.41677e-07 -0.000150246 -7.31073e-07 0.00269456 0.00632268 5.85981e-05 -0.0070252 -3.69925e-07 0 -0.00207706 0.00141411 1.00082e-08 0.00785933 -4.18246e-06 -0.00240667 -0.00018945 -1.63418e-06 0.000313212 0.000146306 0.00051414 2.90926e-06 -2.33995e-06 0.00249944 1.61082e-09 3.52472e-06 0.00663738 -2.05231e-06 -0.00108565 -0.00107892 0.00683195 -0.00125524 2.69879e-08 6.6839e-06 5.94817e-07 0.00109369 -0.00552617 0.000767884 -0.000172669 -7.2477e-05 5.82548e-06 -1.78799e-05 4.40579e-06 1.35119e-06 6.80237e-05 3.9436e-08 -0.00108534 6.03806e-08 2.51637e-06 -1.29315e-06 -0.000479031 -0.00108662 0.000101456 -7.77175e-05 0.00303682 -0.00198326 3.33545e-06 -0.00231188 -1.6928e-05 -0.00111791 0.000324943 -1.22611e-06 -0.000967955 3.62567e-08 2.32381e-08 -3.04386e-06 1.36788e-08 -7.83217e-07 -1.77465e-05 0 2.20234e-08 1.0774e-08 -2.5937e-07 -0.00417199 1.1076e-05 -0.00184042 0.00221834 -0.00365393 2.37663e-10 9.79698e-09 8.93731e-07 -0.00109057 -4.74591e-05 
-9.6956e-08 5.11012e-06 -3.60985e-06 -8.38191e-08 5.02283e-07 0.000268481 -0.000161509 -2.92565e-05 6.97635e-06 0 -3.97866e-05 2.94659e-05 -2.5806e-08 2.94768e-06 1.32839e-06 -1.90246e-10 -0.000128091 2.35218e-05 -2.74938e-08 -3.51099e-06 -1.26258e-08 -0.000174589 -0.000203733 -3.25558e-06 9.87029e-07 -9.24157e-09 0 -4.92033e-05 -0.000115262 -6.933e-10 -4.18246e-06 0.000548485 0.000156527 0.000181533 -4.67072e-07 -4.2231e-05 -2.3776e-06 -9.12462e-05 3.51682e-09 1.17209e-06 -6.18534e-05 -1.11587e-10 7.09165e-07 -0.000392894 6.57725e-08 1.27034e-06 5.9234e-06 -0.00013663 3.20244e-06 -1.86953e-09 9.2261e-07 -4.12047e-08 -7.22049e-06 -2.7001e-05 -3.84403e-05 -1.00307e-06 -3.58201e-06 2.61645e-06 -3.32546e-08 1.4748e-06 -9.36011e-08 -2.4132e-06 1.13565e-06 5.04906e-06 -4.64456e-09 8.3235e-07 3.14327e-07 0.000114322 5.26865e-06 -6.03637e-06 -4.3581e-08 -9.86323e-05 0.000155212 -6.29319e-07 0.000143466 -1.34403e-06 5.35297e-06 -0.000131841 -9.62206e-10 2.38657e-06 -2.51161e-09 -1.60977e-09 3.74943e-08 -9.47572e-10 -5.19628e-08 -1.57136e-08 0 -1.52563e-09 -7.4635e-10 -1.19818e-09 0.00022261 2.57052e-06 6.93493e-07 -0.000198765 0.000249656 -1.64636e-11 -6.78666e-10 3.69954e-06 5.23323e-06 8.28874e-08 
5.64308e-05 0.000420836 0.00147783 0.000281518 -0.000222111 0.0260265 -0.0962388 -0.0367964 -0.000149332 0 -0.0645771 0.0944603 -0.000190974 0.00439834 2.238e-06 1.10728e-07 -0.172364 6.09121e-05 -3.75211e-05 -0.00104741 -1.44548e-05 -0.183413 -0.0295332 -0.00612859 0.0288521 -1.50118e-06 0 0.0277073 -0.143991 -7.43148e-07 -0.00240667 0.000156527 0.217386 0.00175868 -6.20455e-05 -0.0518883 -0.0075663 -0.107455 -0.000222525 2.18222e-05 -0.00179744 -1.38387e-07 -0.000302138 -0.0446104 -1.16283e-06 0.000356381 0.000348706 -0.0213697 0.000444772 -2.31855e-06 -0.00060587 -4.99811e-05 0.000550668 -0.0114228 -0.0579331 -0.000895511 0.00736641 -0.000493938 -2.14163e-06 -0.000362921 -7.92252e-05 0.00119515 -4.67923e-06 0.000349024 -4.69675e-06 -0.00020888 4.48269e-06 0.0120758 0.000349733 -0.00872943 2.50486e-05 0.0169444 0.199746 -0.00294294 0.19854 -0.00160938 0.000382074 0.0533268 -6.33053e-08 -0.000894263 -2.84484e-06 -1.9964e-06 0.00015994 -1.12849e-06 -3.32764e-05 -1.51429e-06 0 -1.30871e-06 4.34394e-07 -6.79293e-07 0.139093 -0.000749395 0.000713945 0.0121256 0.0120217 -2.04178e-08 -1.78333e-07 -6.0098e-05 0.000349993 -5.34816e-05 
1.15805e-05 -5.82784e-06 0.000402432 0.00021884 -3.18658e-06 0.000989846 -0.00187174 -0.000313992 -0.000127928 0 -0.000566632 0.000800852 -1.53987e-06 0.000499108 2.63203e-07 -2.05933e-09 -0.00143647 5.36088e-05 -1.07024e-07 -8.26394e-06 7.46665e-07 -0.00215519 -0.0043236 -5.26328e-05 -0.000251234 -1.00036e-07 0 -0.00057887 -0.000637092 -7.50468e-09 -0.00018945 0.000181533 0.00175868 0.00590509 2.87476e-07 -0.000454688 -2.95495e-05 -0.000306821 -1.11901e-06 1.19468e-05 -0.000743998 -1.20788e-09 -2.64301e-06 -0.0030072 1.35424e-06 -6.63538e-06 -6.48069e-06 2.66582e-05 0.000103642 -2.02369e-08 -5.31187e-06 -4.46024e-07 1.39449e-05 4.43935e-06 -0.000570768 -1.00604e-05 6.34049e-05 -3.64824e-06 -3.59967e-07 4.36317e-07 -1.01319e-06 0.000124008 -4.70676e-08 -5.76156e-06 -5.02754e-08 -1.8869e-06 6.64327e-06 -2.36598e-05 -6.22606e-06 -7.62017e-05 1.05492e-06 -0.00221987 0.00167836 -2.60663e-05 0.00166287 -1.42453e-05 7.2618e-06 0.000123053 -1.04155e-08 -7.70853e-06 -2.71871e-08 -1.74251e-08 2.60141e-06 -1.02571e-08 -5.45808e-07 2.85991e-06 0 -1.65143e-08 4.19211e-08 -1.29698e-08 0.00277192 1.1688e-05 0.000128791 -0.00105943 0.0035102 -1.78211e-10 -7.34627e-09 4.35733e-05 -6.24863e-06 -9.42956e-07 
8.42967e-07 -1.12678e-06 1.02436e-05 -1.48846e-07 -4.56553e-07 -6.87369e-05 -0.00018744 -1.72891e-05 -1.85652e-05 0 6.29461e-05 -0.000211939 7.25031e-07 -1.06868e-05 -7.6599e-09 -2.95048e-10 0.000100117 9.25528e-07 -4.78091e-08 -2.94243e-06 -1.9581e-08 5.18393e-05 6.35356e-05 6.10949e-06 -3.10387e-05 -1.43325e-08 0 -8.23275e-05 -6.61979e-05 -1.07522e-09 -1.63418e-06 -4.67072e-07 -6.20455e-05 2.87476e-07 0.000850376 -8.96852e-08 -1.63582e-05 -0.000118717 -1.2506e-07 7.41489e-07 -1.72675e-05 -1.73057e-10 -3.78674e-07 1.65379e-05 -6.55631e-09 7.42599e-06 -9.30423e-07 2.4836e-05 1.10192e-06 -2.89941e-09 1.08895e-06 1.3943e-07 -6.61457e-06 -4.75403e-05 0.000256947 -1.6797e-06 -5.04296e-05 2.37415e-06 1.03751e-05 -4.73331e-07 2.91503e-07 -5.24583e-06 -6.74355e-09 -9.3198e-07 -7.20314e-09 -2.70343e-07 -5.01553e-08 -0.000370149 -9.32624e-07 -5.01437e-06 -6.75887e-08 0.000319308 -0.000132997 1.30724e-05 5.16115e-05 8.20557e-06 -1.02415e-06 -6.5464e-05 -1.49226e-09 -3.2053e-06 -3.8952e-09 -2.49656e-09 7.37904e-06 -1.46957e-09 -8.05878e-08 8.6723e-06 0 -2.36606e-09 -1.1575e-09 -1.85824e-09 -0.000238326 -4.152e-07 1.4566e-05 -3.46884e-05 -9.47006e-06 -2.5533e-11 -1.05253e-09 1.98009e-07 -9.35858e-07 2.24899e-07 
