4.32715e-05 -1.00249e-08 7.76194e-07 1.93435e-05 -4.29164e-06 1.82359e-05 -1.79296e-10 -2.40307e-08 -1.69891e-05 -1.87925e-05 2.5688e-06 -2.05938e-09 1.07934e-05 -7.90879e-08 -2.03539e-05 -2.04561e-05 -3.39333e-07 6.6945e-07 1.3672e-05 -1.93621e-05 4.45815e-06 9.47561e-07 1.949e-05 1.62842e-05 -1.05141e-05 -2.062e-07 1.90781e-05 -1.15396e-11 -3.29691e-08 1.49194e-06 1.46517e-05 -2.55457e-09 2.07438e-06 -1.79296e-10 -2.04731e-05 8.15727e-07 9.96283e-06 3.03443e-06 -2.61952e-06 -7.88569e-08 6.44804e-08 -1.57896e-06 -1.7461e-05 1.98827e-05 5.76344e-07 -2.74353e-10 -2.0309e-05 9.2758e-07 3.52334e-06 -1.51457e-11 6.90877e-08 -7.65415e-06 2.34412e-06 -1.43315e-05 2.64273e-06 -3.68709e-07 1.86896e-05 -2.33532e-10 -6.59038e-09 -2.05169e-05 -2.92635e-07 2.91647e-06 5.49147e-06 1.13967e-06 -2.3039e-07 -6.4372e-09 2.24514e-05 3.81299e-07 -2.03595e-05 -1.9627e-05 -2.04686e-05 9.03015e-07 -3.34936e-10 -9.93642e-09 -1.23328e-08 -2.88489e-13 -2.02751e-05 9.50334e-07 -1.41244e-09 -1.81604e-10 -1.94081e-09 1.03607e-06 -1.17023e-06 -1.84647e-09 -6.49677e-10 2.03759e-05 3.79481e-06 1.62724e-06 1.91089e-05 -1.79873e-10 -2.78291e-09 -1.26579e-07 -6.60123e-08 -2.03288e-05 2.56316e-07 -1.65295e-05 7.21383e-08 4.84595e-06 -4.02283e-09 6.80501e-07 
-1.00249e-08 0.000385575 4.83953e-06 0.000157986 0.000203813 -0.000171847 -1.59818e-09 -1.90868e-07 0.000147787 0.000137413 -1.79346e-06 6.16434e-08 -4.84743e-05 3.91484e-05 -0.000181428 -0.000182338 -3.02469e-06 -4.32837e-09 0.000103424 0.000132102 0.000124577 2.80979e-05 -0.000174422 -0.00016335 -9.64439e-05 0.000322138 -0.000140445 -1.0286e-10 -2.93875e-07 3.66083e-05 -0.000134123 -2.27705e-08 0.000270644 -1.59818e-09 -0.000182333 5.29152e-05 7.3389e-05 0.000233226 4.3372e-06 -7.02902e-07 -1.41596e-06 -0.000103448 -0.000183867 -0.00010358 -2.87621e-09 -2.44549e-09 -0.00018051 6.18793e-08 0.000154129 1.56532e-07 -6.02375e-07 -6.82858e-05 -3.19834e-07 -0.000185323 0.000295002 -3.28654e-06 -1.19229e-06 -2.08162e-09 -5.87444e-08 7.84037e-05 -5.34196e-06 -0.000194052 -6.3523e-07 -2.91221e-09 5.4333e-05 -5.73789e-08 -5.54357e-06 9.10844e-05 -0.000130843 -0.000181808 -0.00018245 -8.05064e-07 -2.9855e-09 1.54764e-07 -3.99299e-08 -2.57149e-12 -4.02783e-05 -1.45584e-07 -1.259e-08 -1.61875e-09 -1.72997e-08 3.77407e-06 -8.23396e-06 2.40208e-07 -5.79099e-09 -0.000189655 0.000292082 0.000272804 -0.00013116 -1.60332e-09 -2.48059e-08 -1.12828e-06 2.81849e-05 -0.000164894 -7.45932e-07 -0.000160246 2.62268e-06 -2.73135e-05 -3.58581e-08 7.51322e-06 
7.76194e-07 4.83953e-06 0.00101128 0.00045709 -6.07466e-05 0.000140022 -4.1943e-09 1.51978e-05 1.01572e-06 -0.00040494 6.54322e-06 5.92849e-06 0.000133308 -1.39678e-06 -0.00045936 -0.000460662 -1.39807e-06 -1.68825e-07 0.000473103 -0.000461557 0.000121945 -1.21589e-06 0.000248411 0.000297731 0.000558042 0.000112822 -0.00027381 -2.69947e-10 1.25208e-06 2.2129e-05 1.05487e-05 -5.97594e-08 0.000106034 -4.1943e-09 -0.000459373 5.06499e-05 0.000200323 0.000219295 0.000115251 -1.14471e-06 0.000102877 -0.000242409 -0.000420442 0.000381538 -7.54838e-09 -6.41798e-09 -0.000457931 7.37477e-05 6.00244e-05 -3.54305e-10 -1.58089e-06 -8.2054e-05 -8.32712e-07 0.000125547 2.44628e-05 -8.28527e-06 -2.70575e-06 -5.46305e-09 -1.5417e-07 -0.000444104 -1.47622e-06 -0.00015538 -2.06032e-06 -7.64286e-09 0.000101837 3.1608e-07 -1.45353e-05 2.61567e-05 -0.00043612 -0.000451966 -0.000461071 -9.32825e-07 -7.8352e-09 1.28642e-05 1.47816e-06 -6.74867e-12 -0.000382432 -2.22072e-07 1.43625e-07 -4.24829e-09 4.94598e-07 -4.37088e-06 -2.01158e-05 8.53472e-07 -1.5198e-08 0.000235553 0.00010852 0.000579233 -0.0002366 -4.20779e-09 -6.5101e-08 1.21189e-05 -1.0509e-06 -0.000465748 4.98569e-06 -0.000136658 1.23871e-06 0.000768201 -1.74401e-08 8.14933e-05 
1.93435e-05 0.000157986 0.00045709 0.24929 0.146583 0.245744 1.56792e-06 0.00024501 -0.22144 -0.240182 0.00213088 2.25268e-05 0.0918357 0.000139008 -0.247708 -0.248933 -0.00412549 7.89424e-05 0.242968 -0.24828 0.0106209 0.000816526 0.218681 0.23503 0.190229 -0.00971921 0.198216 1.26227e-07 -0.000388893 0.000130118 0.166881 -3.10265e-05 0.000940775 -1.87541e-06 -0.249116 0.000788837 0.0344567 0.125028 0.0284451 0.000862183 0.00173739 0.126881 -0.238418 0.247597 1.53962e-06 -3.33895e-06 -0.24714 0.000463835 0.0140263 1.65673e-07 0.000695939 0.0837985 0.000391974 0.232089 0.00127871 -0.00441781 0.000300518 -1.25215e-06 2.49032e-05 -0.247456 0.00654526 -0.222523 -0.000751952 -1.95299e-08 0.00249193 7.04142e-05 -0.005107 0.0141091 -0.24814 -0.248097 -0.249102 9.72004e-05 -4.07626e-06 0.000103638 5.49136e-05 3.15568e-09 -0.244677 4.8007e-05 3.23352e-06 7.63165e-07 2.04698e-05 0.0027539 0.0132746 8.13124e-06 -3.40008e-06 0.244975 0.00150953 0.0363325 0.181853 -2.08577e-06 3.01412e-05 -0.0012986 0.000711055 -0.246695 0.000912652 0.232562 1.00591e-05 0.0337351 4.40043e-05 0.00142049 
-4.29164e-06 0.000203813 -6.07466e-05 0.146583 0.213785 0.146473 -1.24985e-06 -0.000165676 -0.147703 -0.141715 0.00289077 -1.37118e-05 0.0682979 -0.000415878 -0.145668 -0.146388 -0.00242853 -1.35626e-05 0.139189 -0.145579 0.0130107 0.000642189 0.150021 0.152496 0.110031 -0.00587357 0.115056 -8.2586e-08 -0.000234909 9.78996e-05 0.0544338 -1.82825e-05 0.000811797 -1.15985e-06 -0.146521 -0.000502193 0.00114575 0.13868 0.0366055 0.00118914 0.00190611 0.0413064 -0.135867 0.146128 1.45736e-06 -1.96348e-06 -0.145343 0.000638157 -0.00350511 -5.17274e-08 0.000945106 -0.0186143 -0.000126628 0.129622 0.00168007 -0.0025856 -0.00092189 -9.80001e-08 7.01746e-06 -0.145039 0.00787684 -0.143143 -0.000577471 5.21785e-07 -0.000268426 4.27379e-06 -0.00319113 -0.00871973 -0.146662 -0.145939 -0.146489 0.000319074 -2.39706e-06 6.61873e-05 -2.22694e-05 -2.06465e-09 -0.144571 -0.000114109 8.98145e-07 -1.2997e-06 2.40867e-05 -0.000323064 0.0187897 2.23855e-06 -3.48626e-06 0.146065 0.00192056 -0.015893 0.0785305 -1.18398e-06 3.82834e-05 -0.00082055 0.000630128 -0.145181 0.00125346 0.151202 1.57839e-05 0.0154466 6.23828e-05 0.00110904 
1.82359e-05 -0.000171847 0.000140022 0.245744 0.146473 0.249631 -2.11788e-06 0.000122174 -0.22152 -0.239163 0.00191236 -1.97653e-05 0.0917307 -0.000869619 -0.244209 -0.245417 -0.00407135 5.78649e-05 0.239644 -0.246053 0.00896417 0.000788848 0.220225 0.236566 0.189274 -0.0127606 0.199207 -1.38453e-07 -0.00038746 -0.000265611 0.16654 -3.05867e-05 -0.000868846 -2.02788e-06 -0.245638 -0.000303888 0.0327409 0.122251 0.0280092 0.00086347 0.00138058 0.126439 -0.235138 0.246542 1.59518e-06 -3.29172e-06 -0.243661 0.000236558 0.0108997 -1.81719e-07 0.000706133 0.0837253 0.000270164 0.231824 -0.000399634 -0.00435878 -3.97101e-05 -1.33194e-06 1.88545e-05 -0.245696 0.00585686 -0.218917 -0.000768078 -3.40661e-06 0.00097625 6.99258e-05 -0.0050808 0.0108808 -0.246193 -0.244605 -0.245584 0.000102997 -4.0186e-06 -8.6915e-05 -0.000129993 -3.46132e-09 -0.243139 -2.93277e-05 -1.4533e-06 -5.55569e-07 1.5744e-05 0.00178632 0.0133904 -9.27753e-06 -7.60823e-06 0.24572 -0.000457236 0.0318687 0.181204 -2.0548e-06 3.05237e-05 -0.00128704 0.00064159 -0.243867 0.00092315 0.232232 8.82147e-06 0.0326149 4.28336e-05 -8.76093e-05 
-1.79296e-10 -1.59818e-09 -4.1943e-09 1.56792e-06 -1.24985e-06 -2.11788e-06 4.14332e-06 -2.30089e-09 -1.79059e-06 -1.5158e-06 -1.92648e-08 -1.97181e-10 -7.37612e-07 3.67576e-06 -1.94885e-06 -1.95863e-06 1.91751e-06 3.51264e-06 -1.49893e-06 -1.57034e-06 -5.97197e-08 -7.25507e-09 -1.92039e-06 -2.02421e-06 -1.63275e-06 -1.11661e-07 -1.73545e-06 -1.10489e-12 -3.15672e-09 4.22065e-07 2.22142e-06 -2.44595e-10 3.84497e-07 -1.71672e-11 -1.96025e-06 -7.74984e-09 -3.0325e-07 -7.03514e-07 1.29585e-06 -7.55038e-09 3.73479e-06 2.60545e-06 -1.97505e-06 1.9749e-06 -3.08955e-11 -2.62687e-11 -1.94454e-06 -4.06167e-09 2.68542e-07 -1.45017e-12 -6.47055e-09 -7.33507e-07 -3.43557e-09 1.71745e-06 -1.21858e-08 -3.53031e-08 -1.28073e-08 -2.23602e-11 -6.31016e-10 1.67491e-06 -5.73819e-08 -2.08445e-06 -9.11503e-09 3.93302e-07 3.69461e-06 -6.16348e-10 -5.95475e-08 -1.24986e-07 -1.96566e-06 -1.95361e-06 -1.95982e-06 -8.64777e-09 -3.20694e-11 -9.51392e-10 -1.18084e-09 -2.76222e-14 -1.9413e-06 -1.56382e-09 -1.35238e-10 -1.73882e-11 -1.85829e-10 4.0514e-06 -1.16196e-07 -1.76796e-10 -6.22052e-11 -2.02944e-06 3.79432e-07 2.42632e-07 2.12363e-06 -1.72225e-11 -2.66458e-10 -1.21196e-08 3.87013e-07 -1.94644e-06 -8.0126e-09 1.71349e-06 -1.14425e-10 -1.85292e-07 -3.85178e-10 -1.33567e-08 
-2.40307e-08 -1.90868e-07 1.51978e-05 0.00024501 -0.000165676 0.000122174 -2.30089e-09 0.000555015 0.000259672 -0.000238961 -1.26536e-06 2.46902e-05 -0.000106586 3.02174e-06 -0.000252144 -0.000246344 -4.35463e-06 -9.26131e-08 0.00022929 -0.00024562 0.000101575 4.92095e-06 -0.000216036 -0.000243779 0.000311425 0.000339821 -0.000166003 -1.48086e-10 -4.2309e-07 6.53245e-07 -0.000194661 2.50551e-07 -5.91007e-07 -2.30089e-09 -0.000246502 3.1828e-05 0.000490449 -9.25651e-05 1.05573e-05 -1.0053e-06 3.80145e-06 -0.000145074 -0.000203759 0.000203765 -4.14086e-09 -3.52075e-09 -0.000248353 -4.77711e-07 -5.15883e-06 -1.94363e-10 -8.67235e-07 -9.58373e-05 2.28929e-05 0.000173211 1.6401e-06 2.31839e-06 7.03013e-06 -2.99689e-09 1.87594e-08 -0.000238907 -7.38079e-06 -0.000272352 -1.205e-06 -4.19269e-09 0.000507887 -8.2608e-08 -7.95771e-06 0.000472525 -0.0002207 -0.000246882 -0.000245248 -1.15904e-06 -4.2982e-09 -1.27513e-07 -5.82653e-08 -3.70216e-12 -0.000212585 5.43738e-07 -1.81258e-08 -2.33051e-09 1.68843e-06 -2.00036e-06 -1.55303e-05 -2.36956e-08 7.49961e-08 -0.000271762 -1.58654e-06 0.000447074 -0.000183081 -2.30829e-09 -3.57128e-08 -1.62437e-06 -5.83798e-07 -0.000247758 -1.07391e-06 0.000233577 -1.53362e-08 0.000476473 -5.16247e-08 2.09982e-06 
-1.69891e-05 0.000147787 1.01572e-06 -0.22144 -0.147703 -0.22152 -1.79059e-06 0.000259672 0.249266 0.217349 -0.00123947 1.93756e-05 -0.0682808 3.7083e-05 0.22013 0.221237 0.00350269 -7.73453e-05 -0.215697 0.222029 -0.00772236 -0.000898325 -0.223465 -0.230873 -0.163214 0.0101417 -0.204177 1.26108e-07 0.000251921 0.000195943 -0.172112 2.45705e-05 0.000615537 7.69406e-07 0.221432 0.000771323 -0.00529083 -0.0932295 -0.0267249 -0.000950849 -0.00179694 -0.139856 0.219235 -0.222396 -2.82037e-06 2.90822e-06 0.219633 -0.000384709 0.00191139 1.0885e-07 -0.000777484 -0.0932864 -7.28928e-05 -0.220233 -0.000214276 0.00387614 -0.00135731 8.25447e-07 -6.9708e-05 0.221941 -0.00628605 0.194289 -0.000812462 5.33771e-07 -0.000140599 -3.15388e-05 0.00243519 0.00854632 0.221816 0.220509 0.221388 -0.00096825 -2.20304e-06 -0.000121031 9.64265e-05 -3.51396e-09 0.219156 9.35588e-05 1.33564e-06 -2.21204e-06 -1.83402e-05 -0.00175905 -0.0134018 -2.18911e-05 6.70322e-06 -0.223658 -0.000291828 0.00195938 -0.191486 1.56238e-06 -2.82574e-05 0.00116743 -0.000768032 0.219682 -0.00100972 -0.212848 6.07008e-06 -0.0058638 -4.89138e-05 -0.000517877 
-1.87925e-05 0.000137413 -0.00040494 -0.240182 -0.141715 -0.239163 -1.5158e-06 -0.000238961 0.217349 0.248461 -0.00207839 -2.11415e-05 -0.0894197 7.63158e-05 0.238692 0.239932 0.00409733 -7.58445e-05 -0.234242 0.240245 -0.010181 -0.00080674 -0.212844 -0.228766 -0.183529 0.000183754 -0.192937 -1.22873e-07 0.00036293 -5.95244e-05 -0.162389 -1.49425e-06 -0.000120737 -1.058e-07 0.240163 0.000252911 -0.0322102 -0.119376 -0.0278721 -0.00083704 -0.00168844 -0.12356 0.232189 -0.240502 -1.44582e-06 1.15204e-06 0.238297 -0.000386604 -0.0122848 1.32063e-07 -0.000678961 -0.081572 -0.00038202 -0.225951 -0.000395792 -0.000360823 -0.00135036 1.32003e-06 -6.54341e-05 0.240584 -0.00601385 0.219025 -0.000712552 1.47117e-06 -0.00237523 -6.85429e-05 -0.000302786 -0.0124571 0.240647 0.239104 0.240118 -0.000906342 -1.89304e-06 -0.000102809 0.000133908 -3.07181e-09 0.237487 -0.000137746 -1.17963e-05 -1.93371e-06 -1.99056e-05 -0.00262717 -0.0129212 -1.94045e-05 7.93227e-06 -0.238227 -0.000470942 -0.0333208 -0.176991 1.69472e-06 -2.93323e-05 0.0013113 -0.000701996 0.238516 -0.000891066 -0.226358 -9.00499e-06 -0.0328227 -4.28349e-05 -0.000161313 
2.5688e-06 -1.79346e-06 6.54322e-06 0.00213088 0.00289077 0.00191236 -1.92648e-08 -1.26536e-06 -0.00123947 -0.00207839 0.00462797 -2.21274e-07 0.00129795 -5.89776e-06 -0.00214013 -0.00212692 -3.63303e-05 -7.75428e-07 0.00139399 -0.00215062 0.00066584 2.42285e-05 0.00218233 0.00165426 0.00206324 0.000132335 0.00119107 -1.23989e-09 -3.54243e-06 0.000219383 -0.00163558 -2.74481e-07 2.39971e-05 -1.92648e-08 -0.00213158 9.27324e-06 0.000853027 0.00206283 0.00207266 0.00036222 8.80117e-05 -0.00122782 -0.000872474 0.00214168 -3.46704e-08 -2.94784e-08 -0.00216404 5.90872e-06 1.70047e-05 -1.62736e-09 1.45222e-05 -0.000776482 0.000270768 -0.00108244 0.000595812 -7.69994e-07 -5.03216e-06 -2.50923e-08 5.96188e-06 -0.00195747 0.000112737 -0.00216251 -4.96209e-06 -3.51044e-08 0.000170859 -6.91658e-07 -6.66834e-05 -0.000119545 -0.00211922 -0.00216353 -0.00213822 0.000109676 -3.59878e-08 1.45903e-06 4.91549e-07 -3.09973e-11 -0.00209129 2.95844e-06 4.15707e-08 -1.95128e-08 1.85148e-05 -2.68387e-05 0.000321726 -1.8398e-08 2.08019e-06 0.00192754 0.000307146 -0.000315506 -0.0015839 -1.93268e-08 9.26098e-06 9.69515e-07 7.27174e-07 -0.00210215 -8.99163e-06 0.0020764 8.91594e-07 0.000540631 9.31092e-07 1.91746e-05 
-2.05938e-09 6.16434e-08 5.92849e-06 2.25268e-05 -1.37118e-05 -1.97653e-05 -1.97181e-10 2.46902e-05 1.93756e-05 -2.11415e-05 -2.21274e-07 4.75877e-05 1.10321e-05 8.66356e-07 -2.23843e-05 -2.24966e-05 -3.73182e-07 -7.93674e-09 2.3024e-05 -2.24812e-05 5.14787e-06 -8.33312e-08 -2.05674e-05 -2.21595e-05 2.14702e-05 2.32675e-05 -1.81333e-05 -1.26907e-11 -3.62579e-08 1.70479e-07 -1.67214e-05 -2.8094e-09 -1.01495e-07 -1.97181e-10 -2.25153e-05 -9.01408e-09 4.36102e-05 -1.1265e-05 1.42292e-05 -8.67231e-08 1.19197e-06 -1.13567e-05 -2.23353e-05 2.07302e-05 -3.54863e-10 -3.01721e-10 -2.23349e-05 -4.6652e-08 -1.43334e-06 -1.66565e-11 -7.43202e-08 -8.42501e-06 -3.94607e-08 2.31043e-05 1.73369e-07 -4.05489e-07 1.39563e-07 -2.56827e-10 -7.2478e-09 -2.17508e-05 -6.59084e-07 -2.38518e-05 -1.04695e-07 -3.59305e-10 4.21966e-05 -7.07933e-09 -6.83958e-07 3.77144e-05 -2.17374e-05 -2.2439e-05 -2.25104e-05 -9.93276e-08 -3.68347e-10 -1.09276e-08 4.1977e-07 -3.17267e-13 -2.13209e-05 9.53714e-08 -1.55334e-09 -1.99719e-10 -2.13441e-09 3.97394e-08 -1.25129e-06 -2.03067e-09 -7.14485e-10 -2.029e-05 2.69935e-08 4.26665e-05 -1.62608e-05 -1.97816e-10 -3.06051e-09 -1.39205e-07 -7.25973e-08 -2.186e-05 -9.20321e-08 2.31521e-05 -1.31428e-09 4.13983e-05 -4.42413e-09 -1.53414e-07 
1.07934e-05 -4.84743e-05 0.000133308 0.0918357 0.0682979 0.0917307 -7.37612e-07 -0.000106586 -0.0682808 -0.0894197 0.00129795 1.10321e-05 0.156434 0.000122757 -0.0913026 -0.0917545 -0.00152217 -2.5613e-05 0.0866724 -0.0919836 0.0094963 0.00116745 0.0563359 0.0758514 0.0237974 -0.00513789 0.024057 2.14903e-07 -0.000142438 -8.25741e-05 0.00354639 -1.14592e-05 -0.000400937 -4.97612e-07 -0.0918354 4.00089e-05 0.053279 0.0806353 0.0392712 0.000893744 0.00167769 0.0117038 -0.0920778 0.0919862 3.98922e-06 -1.23068e-06 -0.0910915 0.000104185 0.0196784 -6.79399e-08 4.12835e-05 -0.0184419 -1.47187e-05 0.0835675 -0.000407486 -0.00159364 -0.000575654 -8.74235e-07 8.43538e-05 -0.0916412 -0.000883323 -0.078702 -0.00035191 -1.17889e-06 0.00207152 3.91876e-05 -0.00226734 0.0195547 -0.0920501 -0.091463 -0.0918169 -0.000183206 -1.50244e-06 -4.21858e-05 -3.66618e-05 -1.29409e-09 -0.090936 -7.81108e-06 -2.85878e-07 2.52035e-07 3.1304e-05 0.00258183 0.00272 2.68105e-05 -2.8743e-06 0.0898559 -0.000543724 0.0431019 0.0238809 -7.03534e-07 1.08799e-05 -0.000558421 0.000573824 -0.0911775 0.000519609 0.0782584 -5.28078e-06 0.0323761 1.32345e-05 -0.000447392 
-7.90879e-08 3.91484e-05 -1.39678e-06 0.000139008 -0.000415878 -0.000869619 3.67576e-06 3.02174e-06 3.7083e-05 7.63158e-05 -5.89776e-06 8.66356e-07 0.000122757 0.0018243 -0.000286176 -0.000207335 0.000345608 8.06853e-06 0.000209404 -9.73999e-06 5.0274e-05 6.27464e-05 -0.000834415 -0.000844412 -0.000715821 6.38659e-05 -0.000657251 2.66179e-07 0.000348064 1.26835e-05 0.000207613 1.42878e-06 0.000305796 2.62427e-07 -0.000248387 7.62152e-06 3.44355e-05 3.31373e-05 8.08121e-05 -3.0805e-06 5.73342e-05 0.000165343 -0.000233599 0.000176157 1.01971e-06 -1.15872e-08 -0.000210603 -1.41161e-06 0.000742034 -6.39673e-10 -2.12751e-06 -0.000310172 1.32456e-06 2.12281e-06 0.000146668 -8.65564e-06 1.1624e-05 -9.86315e-09 1.96717e-05 4.51479e-05 -1.4208e-05 -0.000266825 -2.72733e-06 -1.37987e-08 0.00039973 -2.1854e-07 -2.57999e-05 0.000641092 -0.000500851 -0.000243998 -0.000207674 -3.56122e-06 -1.41459e-08 7.67503e-05 -2.0087e-07 -1.21842e-11 -0.000569152 1.69353e-06 -5.96541e-08 1.74233e-06 -8.19695e-08 0.0007216 -5.01846e-05 9.13868e-06 -2.74389e-08 -0.00043394 0.000276688 0.000908884 0.000269072 -7.59688e-09 -1.17535e-07 0.000118104 6.02853e-05 -0.000737271 -1.95771e-06 -1.75921e-05 6.26193e-07 7.53893e-05 7.67635e-08 -5.01502e-06 
-2.03539e-05 -0.000181428 -0.00045936 -0.247708 -0.145668 -0.244209 -1.94885e-06 -0.000252144 0.22013 0.238692 -0.00214013 -2.23843e-05 -0.0913026 -0.000286176 0.249121 0.247667 0.00405959 -7.84431e-05 -0.241679 0.246966 -0.0105635 -0.000823607 -0.217853 -0.233575 -0.189136 0.00866917 -0.197011 -1.25429e-07 0.000347884 -0.00014913 -0.165955 2.04799e-05 -0.00100313 1.47782e-06 0.247776 -0.000879774 -0.0344202 -0.124509 -0.0282874 -0.000857131 -0.00172664 -0.126147 0.237139 -0.246164 -1.5173e-06 1.24793e-06 0.245889 -0.000461087 -0.0141543 -1.64625e-07 -0.000721976 -0.0832689 -0.000390011 -0.230738 -0.00133237 0.00410682 -0.00030529 4.48304e-07 -7.11805e-05 0.246145 -0.00651408 0.221443 0.000746951 -3.5512e-06 -0.00249508 -6.99688e-05 0.00507966 -0.0141882 0.246724 0.246833 0.24783 -9.72315e-05 4.09943e-06 -0.000108003 -0.00012666 -3.13572e-09 0.243245 -5.28104e-05 -3.4758e-06 -1.97393e-06 -2.10955e-05 -0.00286664 -0.0131908 -2.00702e-05 -1.70163e-06 -0.243629 -0.0015765 -0.0364044 -0.180826 1.94881e-07 -2.99487e-05 0.000669897 -0.000717518 0.245346 -0.000909602 -0.231188 -1.29897e-05 -0.033522 -4.3726e-05 -0.0015153 
-2.04561e-05 -0.000182338 -0.000460662 -0.248933 -0.146388 -0.245417 -1.95863e-06 -0.000246344 0.221237 0.239932 -0.00212692 -2.24966e-05 -0.0917545 -0.000207335 0.247667 0.249256 0.00410015 -7.87866e-05 -0.242881 0.248183 -0.0106164 -0.000827739 -0.218386 -0.234737 -0.190068 0.00930562 -0.197991 -1.26058e-07 0.000378866 -0.000142654 -0.166786 2.99773e-05 -0.00100817 1.84804e-06 0.249002 -0.000884188 -0.0345896 -0.125134 -0.0284062 -0.000861431 -0.00173505 -0.126779 0.238398 -0.247382 -1.53489e-06 1.64631e-06 0.2471 -0.0004634 -0.0142244 -1.65451e-07 -0.000695238 -0.0836866 -0.000386284 -0.231888 -0.00128914 0.00441487 -0.000308974 9.42236e-07 -6.69166e-05 0.247368 -0.00654676 0.222498 0.000691743 -3.56902e-06 -0.00250708 -7.03198e-05 0.00507779 -0.0142576 0.24794 0.248081 0.249061 -0.000100443 4.08117e-06 -0.000108545 -0.000126556 -3.15145e-09 0.244458 -5.2711e-05 -3.21282e-06 -1.98384e-06 -2.04414e-05 -0.0028808 -0.0132568 -2.01708e-05 -4.83728e-07 -0.244838 -0.0015844 -0.0365871 -0.18173 2.08841e-06 -3.01004e-05 0.0012903 -0.000720734 0.24654 -0.000914166 -0.232331 -1.30549e-05 -0.0336842 -4.39454e-05 -0.0015229 
-3.39333e-07 -3.02469e-06 -1.39807e-06 -0.00412549 -0.00242853 -0.00407135 1.91751e-06 -4.35463e-06 0.00350269 0.00409733 -3.63303e-05 -3.73182e-07 -0.00152217 0.000345608 0.00405959 0.00410015 0.00778012 1.81556e-06 -0.00402918 0.00411216 -0.000176111 -1.37308e-05 -0.00363333 -0.00389408 -0.00315321 8.13048e-05 -0.00328426 -2.0911e-09 0.000604959 7.74109e-05 -0.00276105 -4.62917e-07 -1.67238e-05 -3.24904e-08 0.0040905 -1.46672e-05 -0.00057153 -0.00207581 -0.000474686 -1.42897e-05 -2.56626e-05 -0.00209995 0.0039818 -0.00410081 9.74861e-07 -4.97158e-08 0.00412038 -7.68706e-06 -0.000235871 -2.74456e-09 -1.15194e-05 -0.00138823 -6.50211e-06 -0.00384365 -2.08593e-05 -5.27708e-05 -1.79222e-05 5.57681e-07 -1.19425e-06 0.00411648 -0.0001086 0.00383408 5.80236e-06 -5.92042e-08 -3.81626e-05 -1.16649e-06 8.58789e-06 -0.000236497 0.00365057 0.00331852 0.00410462 -1.257e-05 -5.73608e-08 -1.80059e-06 3.58183e-06 -5.22774e-11 -0.00212035 1.40003e-05 -2.5595e-07 -3.29086e-08 -3.51696e-07 -4.25408e-05 -0.000219912 -3.34602e-07 -2.10621e-08 -0.00406169 -2.63101e-05 -0.000604558 -0.00299501 4.77405e-07 -5.04294e-07 0.000971613 -1.19622e-05 0.00206572 -1.51645e-05 -0.00385115 -2.16559e-07 -0.000558865 -7.28983e-07 -2.52787e-05 
6.6945e-07 -4.32837e-09 -1.68825e-07 7.89424e-05 -1.35626e-05 5.78649e-05 3.51264e-06 -9.26131e-08 -7.73453e-05 -7.58445e-05 -7.75428e-07 -7.93674e-09 -2.5613e-05 8.06853e-06 -7.84431e-05 -7.87866e-05 1.81556e-06 0.000166746 1.75585e-05 -7.89796e-05 1.85679e-05 -2.45357e-07 5.93825e-05 7.24785e-05 -5.65782e-05 -4.43448e-06 8.24362e-05 -4.44729e-11 -1.27061e-07 -1.25222e-07 0.00010664 -9.84519e-09 2.60766e-06 -6.90998e-10 -7.89022e-05 -3.11939e-07 1.54205e-05 -3.93259e-05 -4.56883e-06 -3.0391e-07 2.39211e-05 9.09158e-05 -7.94979e-05 3.94817e-05 -1.24357e-09 -1.05734e-09 -7.82698e-05 2.76514e-07 -1.42296e-06 -5.83707e-11 1.01622e-06 6.58559e-06 4.21715e-07 8.48012e-05 -4.30489e-07 -1.42099e-06 4.44878e-05 -9.0002e-10 -2.5399e-08 -6.97667e-05 -1.68301e-06 -1.68279e-05 -3.10222e-07 -1.25914e-09 9.74209e-06 -2.48086e-08 0.000116196 -1.17416e-06 -7.91197e-05 -7.03413e-05 -7.88849e-05 -3.48082e-07 -1.29083e-09 8.51837e-06 -4.75298e-08 6.66555e-09 -7.81392e-05 1.98737e-05 -5.44348e-09 -6.99892e-10 -7.47978e-09 1.36062e-05 -9.27022e-07 -7.11622e-09 -2.50382e-09 7.49571e-05 -3.46222e-07 8.12812e-06 0.000100959 -6.93221e-10 -1.07252e-08 -4.87828e-07 -1.41075e-07 -7.83462e-05 -3.22515e-07 -7.4105e-05 -4.60572e-09 -9.03912e-06 -1.55038e-08 -5.37622e-07 
1.3672e-05 0.000103424 0.000473103 0.242968 0.139189 0.239644 -1.49893e-06 0.00022929 -0.215697 -0.234242 0.00139399 2.3024e-05 0.0866724 0.000209404 -0.241679 -0.242881 -0.00402918 1.75585e-05 0.249809 -0.242253 0.0103804 0.000741229 0.212359 0.228753 0.190479 -0.00934744 0.190767 1.29648e-07 -0.000368669 -5.77271e-05 0.160894 -3.02692e-05 0.000993058 -1.82226e-06 -0.243051 0.000875302 0.0350726 0.119755 0.0282148 0.000878784 0.0014652 0.120001 -0.233909 0.241563 -7.2805e-07 -3.25762e-06 -0.241128 0.000451804 0.0145293 1.70163e-07 0.000250843 0.0814788 -0.000233926 0.227309 0.00125185 -0.00431415 0.000125332 -2.18291e-06 6.66769e-05 -0.241705 0.00641882 -0.216318 -0.000958206 3.25399e-06 0.00222571 7.23059e-05 -0.00505115 0.0146042 -0.242009 -0.242085 -0.243039 -0.000447368 -3.97697e-06 0.00010489 6.32097e-05 -3.42547e-09 -0.238648 -8.8381e-05 -2.21442e-06 1.567e-06 2.08118e-05 0.00272347 0.0131171 2.04286e-05 -3.54748e-06 0.239078 0.00154164 0.0374139 0.175306 -2.03244e-06 3.05996e-05 -0.00126709 0.000641428 -0.240667 0.000923914 0.226494 9.24334e-06 0.033756 4.51636e-05 0.00150659 
-1.93621e-05 0.000132102 -0.000461557 -0.24828 -0.145579 -0.246053 -1.57034e-06 -0.00024562 0.222029 0.240245 -0.00215062 -2.24812e-05 -0.0919836 -9.73999e-06 0.246966 0.248183 0.00411216 -7.89796e-05 -0.242253 0.249321 -0.0099456 -0.00082987 -0.219011 -0.235341 -0.190508 0.0103899 -0.198508 -1.26383e-07 0.000376019 -7.22727e-05 -0.167152 3.07854e-05 0.000254532 1.19966e-06 0.248327 -0.000856208 -0.0345827 -0.124141 -0.0284984 -0.000863429 -0.00173952 -0.127106 0.237762 -0.247532 -1.54397e-06 3.33526e-06 0.246443 -0.000445303 -0.0133022 1.27456e-07 -0.000699412 -0.0839021 -0.00039297 -0.232489 -8.55665e-05 0.00427932 -0.000562057 9.35667e-07 -6.65553e-05 0.247997 -0.00652811 0.221846 0.000504519 1.37179e-06 -0.00248326 -7.05009e-05 0.00486106 -0.0136724 0.247301 0.247362 0.248351 -0.000217514 3.94841e-06 -0.000105338 -6.09664e-05 -3.15956e-09 0.244057 -5.07337e-05 -3.72589e-06 -1.98894e-06 -2.02593e-05 -0.00280941 -0.0132901 -1.97228e-05 -4.28669e-07 -0.245409 -0.000306754 -0.0353998 -0.182173 2.08335e-06 -3.01787e-05 0.00128974 -0.000722158 0.245918 -0.00091652 -0.232941 -1.04552e-05 -0.0337759 -4.40585e-05 -0.00151662 
4.45815e-06 0.000124577 0.000121945 0.0106209 0.0130107 0.00896417 -5.97197e-08 0.000101575 -0.00772236 -0.010181 0.00066584 5.14787e-06 0.0094963 5.0274e-05 -0.0105635 -0.0106164 -0.000176111 1.85679e-05 0.0103804 -0.0099456 0.0219541 9.62413e-05 0.00770956 0.00789918 0.000436928 0.000200668 0.0060254 2.60678e-07 -1.70507e-05 0.000384064 -0.00613232 -1.3258e-06 0.000713159 -7.63864e-08 -0.010624 -3.72839e-05 0.00284862 0.00986549 0.00278395 -3.12761e-05 0.000308617 -0.00474134 -0.00952605 0.00994166 -1.67466e-07 -1.42387e-07 -0.0105281 0.000109171 0.000338814 -7.86048e-09 -1.42029e-05 -0.00389741 0.000113085 0.00603573 0.00101828 -0.000177227 -5.21139e-05 -1.04534e-07 -2.86369e-06 -0.00948908 0.000590621 -0.00969508 -4.73704e-05 -1.69562e-07 0.00216244 -1.84752e-06 7.81922e-05 0.00167588 -0.0106508 -0.0105752 -0.010623 9.07232e-06 -1.73829e-07 1.92264e-05 -5.50727e-06 -1.49723e-10 -0.0103939 3.97235e-05 4.27029e-06 -9.42509e-08 5.98607e-06 -0.000118475 0.00271251 1.2135e-05 -2.63844e-07 0.00772047 0.000871221 0.000978866 0.000575884 -9.33525e-08 -1.41764e-06 -3.94999e-05 0.00014088 -0.0105496 -4.26481e-05 0.00949934 8.0631e-06 0.00772949 1.44888e-05 2.57479e-05 
9.47561e-07 2.80979e-05 -1.21589e-06 0.000816526 0.000642189 0.000788848 -7.25507e-09 4.92095e-06 -0.000898325 -0.00080674 2.42285e-05 -8.33312e-08 0.00116745 6.27464e-05 -0.000823607 -0.000827739 -1.37308e-05 -2.45357e-07 0.000741229 -0.00082987 9.62413e-05 0.00174796 -0.000133736 0.000781034 -0.000508014 -4.67228e-05 0.000439492 -4.6694e-10 -1.33407e-06 -1.94473e-06 -0.000187272 -1.03369e-07 -3.73441e-06 -7.25507e-09 -0.000828427 -3.27518e-06 0.000993993 -0.000328741 0.00138111 2.53024e-05 2.12547e-06 -0.000421233 -0.000829702 0.000818656 -1.30568e-08 -1.11015e-08 -0.000818607 -1.71651e-06 0.000102235 -6.12858e-10 -2.05787e-06 -0.000276796 1.60781e-05 0.00051832 -5.14985e-06 -4.2953e-07 -5.41252e-06 -9.44969e-09 1.65967e-05 -0.000807403 -2.04703e-05 -0.000852445 -2.96546e-06 1.00113e-07 0.00106229 -2.60476e-07 -2.36088e-05 -2.72074e-05 -0.000830711 -0.000825618 -0.000828246 -3.62132e-06 -1.35529e-08 2.11079e-05 -4.19036e-07 -1.16735e-11 -0.000820416 3.75778e-07 -5.71534e-08 1.21598e-06 1.14748e-05 9.63868e-05 8.59731e-06 -4.47162e-08 -2.62887e-08 -5.63705e-06 -5.37167e-06 4.95211e-05 0.000330965 -7.27842e-09 -1.12608e-07 -3.41524e-06 0.000885032 -0.00082259 -2.27289e-06 0.000886718 -4.83574e-08 -7.67239e-05 -1.62781e-07 -4.22805e-06 
1.949e-05 -0.000174422 0.000248411 0.218681 0.150021 0.220225 -1.92039e-06 -0.000216036 -0.223465 -0.212844 0.00218233 -2.05674e-05 0.0563359 -0.000834415 -0.217853 -0.218386 -0.00363333 5.93825e-05 0.212359 -0.219011 0.00770956 -0.000133736 0.248667 0.229925 0.172908 -0.0117 0.210132 -1.23597e-07 -0.000344703 -5.82944e-05 0.161218 -2.55646e-05 -0.00088713 -1.79705e-06 -0.218569 -0.000566222 0.00509512 0.105639 0.021858 0.000169583 -0.000853436 0.122431 -0.207776 0.219839 -1.30275e-06 -2.93852e-06 -0.216855 0.00025584 -0.0105627 -1.62221e-07 0.000779124 0.0843567 0.000370435 0.20799 -0.000282514 -0.00393803 -6.2514e-05 -1.20463e-06 -2.40311e-05 -0.218759 0.00547671 -0.190535 -0.000604317 -3.43267e-06 -0.00109325 1.80597e-05 -0.0041639 -0.0136891 -0.219127 -0.217676 -0.218531 0.000259719 -3.5874e-06 -9.98196e-05 -0.000125409 3.57674e-09 -0.216406 -7.13011e-05 9.51737e-07 4.8156e-07 1.52125e-05 -0.00138365 0.0144875 -8.99039e-06 -5.86184e-06 0.221526 -0.000506635 -0.00498124 0.176641 -1.92657e-06 3.39331e-05 -0.00112691 -7.12595e-06 -0.217022 0.000934848 0.206786 9.18999e-06 0.00926827 4.81826e-05 3.63177e-05 
1.62842e-05 -0.00016335 0.000297731 0.23503 0.152496 0.236566 -2.02421e-06 -0.000243779 -0.230873 -0.228766 0.00165426 -2.21595e-05 0.0758514 -0.000844412 -0.233575 -0.234737 -0.00389408 7.24785e-05 0.228753 -0.235341 0.00789918 0.000781034 0.229925 0.249988 0.180536 -0.0127412 0.20751 -1.32424e-07 -0.000367166 -0.000260403 0.170443 -2.92521e-05 -0.00103687 -1.75088e-06 -0.234942 -0.000562126 0.0132818 0.109872 0.0280794 0.00086591 0.00155422 0.130635 -0.224884 0.23621 1.61042e-06 -3.14839e-06 -0.233053 0.00026073 -0.00320014 -1.73807e-07 0.000718391 0.0885612 0.00018426 0.226101 -0.000471638 -0.00418025 0.000244319 -2.5066e-06 4.16208e-05 -0.235029 0.00606837 -0.207593 -0.000724618 -3.4626e-06 -0.000356486 6.64054e-05 -0.00469046 -0.00857113 -0.235557 -0.233939 -0.234891 0.000148274 -3.84362e-06 -0.000102494 -0.000135127 3.35606e-09 -0.23267 -2.83516e-06 -8.20768e-08 3.62638e-07 1.63179e-05 0.00126752 0.0138394 1.22404e-05 -7.36883e-06 0.236757 -0.000561079 0.0112691 0.185401 -1.96083e-06 2.98542e-05 -0.00127787 0.000714413 -0.233274 0.000855745 0.221902 -1.5442e-06 0.0208199 4.57452e-05 -5.66252e-05 
-1.05141e-05 -9.64439e-05 0.000558042 0.190229 0.110031 0.189274 -1.63275e-06 0.000311425 -0.163214 -0.183529 0.00206324 2.14702e-05 0.0237974 -0.000715821 -0.189136 -0.190068 -0.00315321 -5.65782e-05 0.190479 -0.190508 0.000436928 -0.000508014 0.172908 0.180536 0.240418 -0.00746953 0.145044 -1.0723e-07 -0.000304448 -3.60148e-05 0.115858 -2.3738e-05 -0.000216095 -1.66608e-06 -0.190211 0.00107494 0.0175384 0.109524 0.0242129 0.00107536 0.00187149 0.0894167 -0.179901 0.189236 -2.99841e-06 -2.54939e-06 -0.188718 0.000553877 0.00666716 -8.40725e-08 -0.000217959 0.0709122 1.82536e-05 0.173705 2.93376e-05 -0.00340729 7.47681e-05 -1.58006e-06 -2.00636e-05 -0.190234 0.00785253 -0.186285 -0.00084298 -2.95928e-06 -0.000483437 8.87365e-05 -0.00471684 0.00750606 -0.189026 -0.189561 -0.1902 -0.000183329 -3.11235e-06 2.63171e-05 3.19161e-05 -2.68075e-09 -0.186485 -4.86657e-05 4.0184e-06 -1.19086e-06 7.22528e-06 -0.00140066 0.0144335 -1.29648e-05 3.02961e-07 0.188796 0.000214841 0.0136006 0.111386 -1.56811e-06 3.74269e-05 -0.000998901 -0.000181431 -0.188221 0.000897885 0.19423 1.35517e-05 0.0315116 4.92817e-05 0.0018595 
-2.062e-07 0.000322138 0.000112822 -0.00971921 -0.00587357 -0.0127606 -1.11661e-07 0.000339821 0.0101417 0.000183754 0.000132335 2.32675e-05 -0.00513789 6.38659e-05 0.00866917 0.00930562 8.13048e-05 -4.43448e-06 -0.00934744 0.0103899 0.000200668 -4.67228e-05 -0.0117 -0.0127412 -0.00746953 0.0262233 -0.0111376 -7.18657e-09 -1.8369e-05 6.35158e-05 -0.00950069 2.1574e-07 0.00142192 -1.11661e-07 0.00966492 0.00130141 0.000177176 -0.00296798 -0.00136009 7.97645e-06 -5.44433e-05 -0.00708085 0.00779296 -0.0122213 -2.00954e-07 -8.08606e-08 0.00597609 0.000274228 0.00147559 4.72343e-08 -4.20866e-05 -0.00463829 -2.23461e-05 -0.0127728 0.00169725 0.00714597 0.00034369 2.71229e-07 -1.861e-06 0.0103347 0.000679462 -0.00289654 0.000715973 2.93986e-06 0.000340422 -4.00894e-06 0.00270419 0.00169915 0.0113409 0.00862464 0.00952849 3.8052e-05 5.52141e-06 0.000122658 0.000249833 -1.79664e-10 0.0117206 -8.1216e-06 6.52036e-06 -1.13099e-07 3.19798e-06 -0.000124874 -8.91037e-05 -7.96607e-07 8.1254e-06 -0.0125681 0.00178419 0.00145377 -0.010357 1.27979e-07 1.1202e-06 -6.93768e-05 -4.07443e-05 0.0100785 -4.96133e-05 -0.0123188 2.21907e-06 -0.00147553 -2.40533e-06 0.00164678 
1.90781e-05 -0.000140445 -0.00027381 0.198216 0.115056 0.199207 -1.73545e-06 -0.000166003 -0.204177 -0.192937 0.00119107 -1.81333e-05 0.024057 -0.000657251 -0.197011 -0.197991 -0.00328426 8.24362e-05 0.190767 -0.198508 0.0060254 0.000439492 0.210132 0.20751 0.145044 -0.0111376 0.243415 -1.11695e-07 -0.00030896 -0.000322696 0.180954 -2.46631e-05 -0.000736443 -1.62879e-06 -0.198163 -0.000700758 -0.00362765 0.0648013 -0.0104154 -0.000589587 -0.000767989 0.127544 -0.190361 0.199471 2.22674e-06 -2.65554e-06 -0.196575 -0.000221712 -0.0116973 -1.46599e-07 0.000850961 0.100011 0.000420851 0.190784 -0.000201864 -0.00356454 0.000544612 -9.63752e-07 4.84649e-06 -0.198136 0.00290629 -0.169998 -0.000569616 -2.98235e-06 5.20897e-05 3.91992e-05 -0.00373927 -0.0117308 -0.198704 -0.19731 -0.198121 0.000264959 -3.24194e-06 -7.49374e-05 -0.000118066 3.8743e-09 -0.196248 -1.72117e-05 -7.71808e-06 2.43887e-06 -4.3923e-06 -0.000654069 0.00265061 -9.48253e-06 -6.20174e-06 0.199742 -0.000377268 -0.00369314 0.202367 -1.74104e-06 -4.06988e-06 -0.00109143 0.000499928 -0.196766 0.00034459 0.1866 5.95596e-06 0.000388833 -2.11348e-05 -0.000420005 
-1.15396e-11 -1.0286e-10 -2.69947e-10 1.26227e-07 -8.2586e-08 -1.38453e-07 -1.10489e-12 -1.48086e-10 1.26108e-07 -1.22873e-07 -1.23989e-09 -1.26907e-11 2.14903e-07 2.66179e-07 -1.25429e-07 -1.26058e-07 -2.0911e-09 -4.44729e-11 1.29648e-07 -1.26383e-07 2.60678e-07 -4.6694e-10 -1.23597e-07 -1.32424e-07 -1.0723e-07 -7.18657e-09 -1.11695e-07 2.66667e-07 -2.03168e-10 -2.96166e-10 -9.40893e-08 -1.57422e-11 -5.68721e-10 -1.10489e-12 -1.26163e-07 -4.98783e-10 2.47149e-07 -7.05936e-08 -1.61425e-08 -4.85946e-10 -9.78912e-10 -7.15183e-08 -1.27115e-07 1.27105e-07 -1.98844e-12 -1.69067e-12 -1.25152e-07 -2.61411e-10 -8.0316e-09 -9.33333e-14 -4.16447e-10 -4.72088e-08 -2.21115e-10 1.35851e-07 -7.84281e-10 -2.27212e-09 -8.24283e-10 -1.43911e-12 -4.06124e-11 -1.26474e-07 -3.69312e-09 -1.34156e-07 -5.86647e-10 -2.01333e-12 2.65247e-07 -3.96684e-11 -3.8325e-09 2.58622e-07 -1.26511e-07 -1.25735e-07 -1.26135e-07 -5.56574e-10 -2.064e-12 -6.1232e-11 -7.59991e-11 -1.77778e-15 -1.24943e-07 -1.00648e-10 -8.704e-12 -1.11911e-12 -1.196e-11 -1.62645e-09 -7.47845e-09 -1.13787e-11 -4.00356e-12 -1.38124e-07 -8.94716e-10 2.46026e-07 -1.02528e-07 -1.10844e-12 -1.71493e-11 -7.80025e-10 -4.06793e-10 -1.25274e-07 -5.15694e-10 1.35596e-07 -7.36444e-12 2.47662e-07 -2.47902e-11 -8.59644e-10 
-3.29691e-08 -2.93875e-07 1.25208e-06 -0.000388893 -0.000234909 -0.00038746 -3.15672e-09 -4.2309e-07 0.000251921 0.00036293 -3.54243e-06 -3.62579e-08 -0.000142438 0.000348064 0.000347884 0.000378866 0.000604959 -1.27061e-07 -0.000368669 0.000376019 -1.70507e-05 -1.33407e-06 -0.000344703 -0.000367166 -0.000304448 -1.8369e-05 -0.00030896 -2.03168e-10 0.0007613 -8.46162e-07 -0.000243554 -4.49763e-08 -8.54864e-07 -3.15672e-09 0.000341437 -1.42505e-06 -5.57619e-05 -0.000191633 -4.59365e-05 -1.38837e-06 -2.7968e-06 -0.000182618 0.000337452 -0.000375874 1.02765e-06 -4.83032e-09 0.000382192 -7.46863e-07 -1.25033e-05 -2.66658e-10 3.26856e-07 -0.000126328 -6.31736e-07 -0.000351417 -2.24073e-06 -5.82824e-06 2.61516e-05 -4.11161e-09 2.56397e-06 0.000358891 -1.05514e-05 0.000352256 1.68039e-05 -5.75219e-09 -3.21963e-06 -1.13335e-07 6.28701e-06 -2.08959e-05 -0.000113297 0.000354819 0.000378539 1.40865e-05 -5.89695e-09 -1.74943e-07 -2.17133e-07 -5.0792e-12 -0.000296938 -1.67556e-07 -2.48678e-08 -3.19736e-09 -3.41703e-08 1.17231e-05 -2.13663e-05 -3.25094e-08 8.52283e-08 -0.000372271 7.40375e-06 -4.50708e-05 -0.000253798 6.68331e-08 -4.89965e-08 0.000377445 -1.16223e-06 -0.0003418 -1.3767e-06 -0.000372643 -2.10406e-08 -5.37185e-05 -7.08269e-08 -2.42271e-06 
1.49194e-06 3.66083e-05 2.2129e-05 0.000130118 9.78996e-05 -0.000265611 4.22065e-07 6.53245e-07 0.000195943 -5.95244e-05 0.000219383 1.70479e-07 -8.25741e-05 1.26835e-05 -0.00014913 -0.000142654 7.74109e-05 -1.25222e-07 -5.77271e-05 -7.22727e-05 0.000384064 -1.94473e-06 -5.82944e-05 -0.000260403 -3.60148e-05 6.35158e-05 -0.000322696 -2.96166e-10 -8.46162e-07 0.00110939 -0.000366933 7.51103e-07 0.000102685 -4.60168e-09 -0.00014026 -2.06402e-06 -5.31431e-05 0.000196199 0.000285169 5.07611e-06 0.000142483 -0.000262342 0.000200779 7.95897e-05 -8.28155e-09 -7.04135e-09 -0.000130036 2.67127e-06 2.9353e-05 -3.88718e-10 -1.73443e-06 -0.000196414 0.000144462 -0.000223643 0.000131204 2.63364e-06 -3.32967e-06 1.0673e-08 -1.69144e-07 0.000146541 0.000121122 -0.000188199 -2.16662e-06 1.99828e-06 0.000228987 -1.65213e-07 -1.55818e-05 -2.99927e-05 -0.000140076 -0.000144769 -0.000141069 -1.08804e-06 -8.59622e-09 9.44979e-07 2.18014e-06 -7.40416e-12 -0.000192043 5.97508e-05 4.59708e-06 -4.66092e-09 -1.64781e-08 1.71961e-05 -2.61265e-05 2.16928e-06 6.33258e-08 -0.000211312 0.00014259 -8.04085e-06 -0.000409343 -4.61649e-09 -7.14242e-08 3.11547e-05 6.06911e-06 -0.000496342 -2.14778e-06 9.67212e-05 1.58266e-06 0.000356694 2.63675e-06 5.26387e-07 
1.46517e-05 -0.000134123 1.05487e-05 0.166881 0.0544338 0.16654 2.22142e-06 -0.000194661 -0.172112 -0.162389 -0.00163558 -1.67214e-05 0.00354639 0.000207613 -0.165955 -0.166786 -0.00276105 0.00010664 0.160894 -0.167152 -0.00613232 -0.000187272 0.161218 0.170443 0.115858 -0.00950069 0.180954 -9.40893e-08 -0.000243554 -0.000366933 0.228342 -2.07657e-05 -0.000228559 -1.20525e-06 -0.166929 -0.000536898 -0.0036798 0.0229371 -0.0166886 -0.000554523 -0.000665158 0.126854 -0.167874 0.167726 2.52236e-06 -2.23697e-06 -0.165582 -0.000316474 0.00311022 1.36508e-07 -0.000255937 0.101458 0.000181213 0.178032 -0.000710619 -0.00300302 0.00083565 -1.90413e-06 3.57444e-05 -0.167164 -0.00327456 -0.136166 -0.000443227 -9.07236e-07 -0.000972079 1.10001e-05 -0.00340919 -0.000734755 -0.167365 -0.166176 -0.16689 -0.000376177 -2.73094e-06 1.44854e-05 -9.94234e-05 4.31443e-09 -0.165315 4.57462e-05 -8.27986e-06 2.71594e-06 -1.53213e-05 0.00267983 -0.00828236 1.08345e-05 -5.29723e-06 0.169555 -0.000734932 0.0182928 0.199498 -1.46662e-06 -1.08341e-05 -0.000931341 -0.00014048 -0.165754 -0.000569594 0.149415 -4.53079e-06 -0.0115197 -3.1964e-05 -0.0011333 
-2.55457e-09 -2.27705e-08 -5.97594e-08 -3.10265e-05 -1.82825e-05 -3.05867e-05 -2.44595e-10 2.50551e-07 2.45705e-05 -1.49425e-06 -2.74481e-07 -2.8094e-09 -1.14592e-05 1.42878e-06 2.04799e-05 2.99773e-05 -4.62917e-07 -9.84519e-09 -3.02692e-05 3.07854e-05 -1.3258e-06 -1.03369e-07 -2.55646e-05 -2.92521e-05 -2.3738e-05 2.1574e-07 -2.46631e-05 -1.57422e-11 -4.49763e-08 7.51103e-07 -2.07657e-05 5.90298e-05 -1.25901e-07 -2.44595e-10 2.96641e-05 -1.10418e-07 -4.32064e-06 -1.56276e-05 -3.57354e-06 -1.07576e-07 -2.16707e-07 -1.5769e-05 6.96986e-06 -3.08321e-05 -4.40192e-10 -3.74271e-10 2.83412e-05 -5.78698e-08 -1.77799e-06 -2.06617e-11 -9.2191e-08 -1.03875e-05 -4.89493e-08 -2.8896e-05 -1.7362e-07 -4.63247e-08 2.76419e-06 -3.18583e-10 -8.99058e-09 2.95619e-05 -8.17565e-07 2.65712e-05 2.26798e-07 -4.45702e-10 -3.14297e-07 -8.7816e-09 2.17249e-05 -1.78078e-06 3.09637e-05 3.10154e-05 3.09735e-05 8.3455e-08 -4.56918e-10 -1.35552e-08 -1.68243e-08 -3.93556e-13 3.10441e-05 -2.2281e-08 -1.92685e-09 -2.47743e-10 -2.64765e-09 -3.60056e-07 -1.65554e-06 -2.51895e-09 -8.86287e-10 -3.05139e-05 -1.98068e-07 -4.56928e-06 -2.26339e-05 -2.45382e-10 -3.79643e-09 -1.72678e-07 -9.00538e-08 2.09075e-05 -1.14162e-07 -2.90158e-05 -1.6303e-09 -4.20725e-06 -5.48794e-09 -1.90304e-07 
2.07438e-06 0.000270644 0.000106034 0.000940775 0.000811797 -0.000868846 3.84497e-07 -5.91007e-07 0.000615537 -0.000120737 2.39971e-05 -1.01495e-07 -0.000400937 0.000305796 -0.00100313 -0.00100817 -1.67238e-05 2.60766e-06 0.000993058 0.000254532 0.000713159 -3.73441e-06 -0.00088713 -0.00103687 -0.000216095 0.00142192 -0.000736443 -5.68721e-10 -8.54864e-07 0.000102685 -0.000228559 -1.25901e-07 0.00212815 -8.8365e-09 -0.00100704 2.56758e-06 -9.64657e-05 0.00152126 -0.000127732 -2.73085e-07 -4.40565e-06 -0.000470447 -0.00100461 2.67856e-05 -1.59029e-08 -1.35213e-08 -0.00100092 0.000223056 0.0014864 3.49254e-07 -3.33059e-06 -0.000372359 -1.69839e-06 -0.000604854 0.00134196 -1.77983e-05 8.14353e-07 9.18238e-08 3.40186e-06 2.13619e-05 0.000196294 -0.00107133 -3.27846e-06 7.01056e-06 -5.54132e-06 -3.17254e-07 -1.72276e-05 0.000762182 -0.000990292 -0.000996719 -0.00100871 -3.93795e-06 -1.65071e-08 0.00011504 4.24622e-05 -1.4218e-11 -0.000661207 4.0172e-07 -6.96114e-08 -8.95024e-09 9.01015e-07 0.000363032 2.68674e-06 5.85664e-07 1.68465e-06 -0.000601988 0.00170138 0.00186191 -0.000548574 -8.86494e-09 -1.37154e-07 -6.22836e-06 -2.18672e-06 -0.000950467 -4.101e-06 -0.000577927 3.07444e-06 -2.85258e-06 -1.98263e-07 0.000314495 
