3.28556e-05 -7.53009e-09 -2.62196e-10 5.40566e-06 -4.5938e-09 -1.09107e-07 -1.6058e-06 -3.17536e-08 -2.57377e-11 -3.7591e-06 3.06489e-07 5.99488e-06 -1.97852e-09 1.74799e-07 -4.43784e-10 -9.9007e-09 -1.5055e-08 3.80307e-06 2.44729e-06 -2.02788e-08 -1.91116e-09 -1.05623e-09 -8.5836e-06 2.06667e-07 3.95512e-06 -3.76404e-06 -1.19274e-08 -4.86059e-07 -1.87831e-10 7.25415e-08 -8.93501e-08 -3.0261e-10 -4.40618e-06 -9.2831e-10 4.2201e-07 5.23397e-06 -1.13512e-08 0 6.84943e-06 -6.14315e-06 -4.3327e-10 -3.36832e-08 -1.04409e-08 -8.76639e-06 -2.1083e-10 -7.22748e-09 -2.4601e-07 -7.08994e-06 -1.42828e-08 -3.85536e-08 -3.90337e-10 -1.36521e-06 -2.80333e-09 0 -4.00915e-07 -2.7292e-08 -3.24131e-09 -4.09613e-10 -3.33898e-06 -5.5129e-06 -5.37903e-08 4.4173e-06 -1.15704e-05 -1.3146e-09 -2.27219e-08 -9.27809e-07 -2.03032e-09 -5.29462e-08 -1.59347e-07 -1.19377e-06 -5.91632e-06 -8.64831e-07 -5.7934e-09 -4.43978e-07 -1.69426e-08 -3.60065e-09 -1.70009e-06 -6.11604e-07 -2.99981e-10 -1.50812e-10 4.36998e-06 -3.45762e-10 -1.75345e-10 -1.32961e-06 -2.62853e-12 -5.20159e-07 -2.88422e-08 -3.56063e-08 -1.26119e-08 -4.6256e-08 1.03443e-06 -5.47312e-07 -1.53787e-08 -6.17704e-08 -9.95557e-10 1.14276e-07 -7.29747e-10 -1.57966e-08 9.05179e-06 -4.62678e-06 
-7.53009e-09 0.000229127 -1.82886e-09 1.11778e-05 -3.20424e-08 1.92896e-06 6.15893e-05 4.25181e-07 -1.79524e-10 2.51262e-05 -7.87597e-07 -3.19871e-06 -1.38005e-08 -5.2454e-07 -3.09546e-09 -6.90588e-08 7.74989e-07 -9.02491e-05 2.62853e-06 2.45219e-07 8.66669e-07 -7.36737e-09 -2.34531e-06 2.5747e-06 -2.45727e-05 -4.46498e-05 -9.13546e-07 -1.59445e-05 -1.31015e-09 -3.74013e-07 -6.09896e-07 -2.11075e-09 4.88267e-06 4.83525e-07 -1.72088e-05 -0.000124007 -7.91763e-08 0 4.5177e-05 -2.92313e-05 -3.02212e-09 -1.84945e-07 -7.28265e-08 7.54335e-05 -1.47057e-09 -5.04127e-08 -4.55956e-07 2.85283e-05 -9.96245e-08 -2.68917e-07 -2.72266e-09 -8.71423e-06 4.7113e-08 0 1.85356e-06 -1.90365e-07 4.65072e-06 -2.85711e-09 -3.03963e-05 8.98521e-05 -3.75195e-07 1.55406e-05 4.61072e-06 -9.16949e-09 -5.51553e-08 3.3807e-05 -1.41618e-08 -3.69308e-07 1.15619e-05 -7.79953e-06 6.79166e-05 -1.87767e-06 -4.04098e-08 -1.55681e-06 7.61823e-07 -2.51151e-08 -5.78877e-06 -3.91936e-06 -2.09241e-09 -1.05194e-09 -0.000124346 1.27588e-07 -1.22306e-09 -8.58422e-06 -1.83344e-11 -2.60485e-06 -2.01179e-07 -2.48359e-07 8.25363e-07 4.66676e-06 -7.3634e-05 -2.93758e-06 7.72732e-07 -4.30858e-07 -6.94415e-09 -6.31781e-08 -5.09009e-09 -1.10184e-07 -6.53608e-05 -3.23183e-05 
-2.62196e-10 -1.82886e-09 7.97994e-06 1.1019e-06 -1.11571e-09 -2.64991e-08 -3.90007e-07 -7.71208e-09 -6.251e-12 -3.88619e-07 1.281e-06 2.53623e-06 -4.80529e-10 4.08402e-07 -1.07783e-10 -2.40461e-09 -3.65646e-09 1.71647e-06 -2.3967e-06 -4.92518e-09 -4.6417e-10 -2.5653e-10 -3.33144e-06 3.48138e-07 8.35368e-07 -2.12381e-06 -3.20416e-08 5.51171e-06 -4.5619e-11 -2.20905e-06 -2.17007e-08 -7.34958e-11 -1.3284e-06 -2.25462e-10 -2.68164e-06 1.67596e-06 -2.7569e-09 0 -8.23478e-07 8.74601e-08 -1.0523e-10 -8.18075e-09 -2.5358e-09 -2.68611e-06 -5.1205e-11 9.1578e-08 -5.97492e-08 -5.12861e-06 -3.46891e-09 2.6473e-06 -9.48024e-11 -3.47765e-07 -6.80854e-10 0 3.29295e-07 4.20038e-07 -7.87227e-10 -9.9484e-11 6.2879e-07 -1.5219e-06 4.13602e-07 -7.11463e-07 -5.18304e-06 -3.1928e-10 -5.51854e-09 -3.74302e-07 -4.93111e-10 -1.28592e-08 -3.95107e-08 1.31875e-07 -2.66692e-06 -1.9898e-07 -1.40706e-09 1.00884e-06 -4.11491e-09 -8.74502e-10 6.7345e-07 -1.48542e-07 -7.28574e-11 -3.66282e-11 1.06052e-06 -8.39762e-11 -4.25866e-11 -3.22926e-07 -6.384e-13 -1.26333e-07 1.60299e-06 -8.64782e-09 -3.0631e-09 -3.79504e-08 1.96752e-06 -1.32927e-07 -3.73507e-09 5.28331e-07 5.23092e-07 -2.19985e-09 -1.77236e-10 -3.83657e-09 3.48849e-06 -3.46807e-06 
5.40566e-06 1.11778e-05 1.1019e-06 0.0798281 8.68565e-06 -0.000240978 -0.00415129 -4.57574e-05 -6.85268e-08 -0.0189138 0.000112038 -0.0231249 -5.13449e-06 -0.000171884 2.64842e-06 -2.62973e-05 -4.00841e-05 -0.0269874 -0.00824802 -5.20758e-05 -5.08848e-06 -2.16556e-06 0.0194709 0.00112048 -0.000966012 -0.054175 -0.000239824 0.0348548 -5.001e-07 0.000190246 -0.000169588 -1.49034e-07 -0.0142852 -1.6883e-06 0.000781894 -0.0283374 -2.9916e-05 0 0.0510026 -0.0439271 -1.15358e-06 -6.82618e-05 5.90278e-05 0.0117751 3.01996e-07 6.53535e-05 -0.000555207 0.015605 -3.24347e-05 0.000454148 -1.03928e-06 0.0106208 -5.02055e-06 0 0.00720196 -3.56517e-05 3.69999e-06 -1.0906e-06 0.00189255 0.0194991 -0.00014076 0.0357703 -0.00674577 -4.13451e-07 -3.46372e-05 0.0104103 -2.16241e-06 -0.000129126 -0.000421235 -0.00284664 0.0198202 -0.000614041 8.45045e-07 -0.000532992 -4.38832e-05 -9.38343e-06 -0.00591942 -0.000726384 -9.20356e-08 1.11795e-07 -0.0375666 3.49941e-06 -4.66857e-07 -0.00230651 -6.99849e-09 -0.00114223 -7.41693e-05 -8.91221e-05 0.000125624 0.000169401 -0.0313333 0.000196949 -3.45958e-05 0.000139269 9.12657e-07 0.000220217 9.23712e-07 -1.19719e-05 -0.0130016 0.00714891 
-4.5938e-09 -3.20424e-08 -1.11571e-09 8.68565e-06 0.000139794 2.28239e-06 4.66023e-06 -3.51193e-08 -1.0952e-10 -6.64501e-05 1.48472e-07 7.14276e-07 -8.41909e-09 3.73333e-07 -1.88841e-09 -4.213e-08 6.8927e-07 -6.00799e-05 -1.09915e-05 -8.62914e-08 1.51868e-07 -4.49453e-09 4.01751e-05 3.36608e-05 -1.46613e-05 8.32888e-06 -5.48051e-07 -3.15377e-05 -7.99266e-10 -5.01318e-07 2.13126e-07 -1.28768e-09 -1.07842e-05 -3.95019e-09 -5.98553e-06 -7.26077e-05 5.03109e-09 0 1.09956e-05 -6.57956e-05 2.72149e-06 -1.43331e-07 -4.44285e-08 2.26115e-05 -8.97136e-10 3.72591e-06 -2.50168e-07 7.47206e-06 -6.07769e-08 -1.64055e-07 -1.66098e-09 -3.49967e-06 2.47378e-08 0 4.6584e-05 -5.94674e-08 -1.37926e-08 6.64924e-07 -9.38681e-06 -1.70477e-05 3.67775e-07 4.81782e-05 2.67315e-05 -5.59393e-09 3.86733e-05 -4.08461e-06 1.6136e-07 5.28034e-07 1.51087e-07 3.71118e-05 -1.02568e-05 -1.04797e-05 1.35348e-07 2.02074e-05 6.81238e-07 -1.53217e-08 -8.78767e-06 4.90414e-06 -1.2765e-09 -6.41743e-10 -3.33971e-05 -1.4713e-09 -7.46137e-10 -1.41115e-06 -1.11851e-11 -1.22674e-06 3.6106e-06 2.45153e-07 7.29998e-08 2.83176e-06 -7.47394e-05 -1.18895e-06 6.87893e-07 9.83818e-07 -4.23634e-09 -3.85423e-08 -3.10525e-09 -6.72185e-08 -3.35871e-05 2.91896e-05 
-1.09107e-07 1.92896e-06 -2.64991e-08 -0.000240978 2.28239e-06 0.00330967 0.00169284 -3.16254e-06 -2.60121e-09 0.000374093 -1.21944e-05 -0.000628992 3.67567e-05 -6.1003e-06 -4.48515e-08 -1.00062e-06 -1.52155e-06 -0.000586887 0.000318896 -2.0495e-06 -1.93154e-07 -1.06749e-07 -0.0016533 -2.01347e-05 -0.000410833 -0.000873708 -1.042e-05 -0.000570664 -1.89833e-08 7.33148e-06 -8.06693e-06 -3.05836e-08 -0.000542066 -9.38207e-08 6.58694e-05 -0.00100844 5.49445e-07 0 0.00107168 -0.00109971 -4.37889e-08 -2.61756e-06 2.74145e-06 -0.000575932 -2.13078e-08 1.79621e-06 -2.45199e-05 0.00107888 -1.44351e-06 -6.16457e-07 -3.94498e-08 -0.000141678 5.26678e-07 0 1.30478e-05 -1.27162e-06 -3.27586e-07 -4.1398e-08 -0.000479149 0.00119319 -5.43637e-06 0.00119092 9.34907e-05 4.26714e-06 -1.26308e-06 8.93947e-06 1.76648e-05 -5.3344e-06 -1.27081e-05 0.000135269 0.000644616 -8.43765e-06 -5.85516e-07 -4.40711e-05 -1.71233e-06 -3.2057e-07 -0.00023082 -5.68191e-05 -3.03179e-08 -1.5242e-08 -0.00159746 -3.49448e-08 -1.77214e-08 -5.79051e-05 -2.65655e-10 -4.42471e-05 -2.91497e-06 -2.71526e-06 -7.31304e-07 0.000195491 -0.000428438 -5.33413e-05 -1.26426e-06 -6.24289e-06 -1.00617e-07 -9.15416e-07 1.45625e-06 -4.99834e-07 -0.00109876 0.00110751 
-1.6058e-06 6.15893e-05 -3.90007e-07 -0.00415129 4.66023e-06 0.00169284 0.0464844 -4.44555e-05 -3.82839e-08 -0.00222071 -0.000181066 -0.00696128 3.4687e-05 -9.33691e-05 -6.60112e-07 0.00026054 0.000362533 -0.0292907 0.00371762 0.000147816 4.08839e-05 -1.55444e-06 0.00669159 -0.000171913 -0.00590644 -0.0208857 -0.000162374 0.00549688 -7.27241e-08 -0.00139731 0.00202105 -1.1012e-07 -0.00774253 -1.38083e-06 -0.00116791 -0.0352475 0.000117619 0 0.0108065 -0.00128646 2.24219e-06 -4.12325e-05 6.66963e-05 0.0215751 -3.13602e-07 -6.94393e-06 0.00027886 0.0148671 0.000390975 -5.73469e-05 -5.80611e-07 -0.00209112 -2.78985e-06 0 0.000179764 4.21643e-05 5.85201e-06 5.16072e-06 -0.00488533 0.0219911 -7.09443e-05 0.00236478 -0.00741924 2.76379e-05 5.29287e-05 0.0187583 2.33766e-05 0.00139585 0.00115866 -0.00142185 0.0257402 -0.000227838 -5.10079e-06 -0.000448327 0.000419598 -5.35583e-06 -0.00413406 -0.000832168 5.57712e-06 -2.24327e-07 -0.0377699 -3.44307e-07 -2.60819e-07 -0.00189597 -3.90984e-09 0.00487521 -3.4385e-05 -4.73797e-05 2.43636e-05 0.000250629 -0.0195909 0.00814273 0.000207661 -8.18878e-05 4.55814e-07 -1.33395e-05 3.1712e-06 -1.96268e-05 -0.0171545 0.0143786 
-3.17536e-08 4.25181e-07 -7.71208e-09 -4.57574e-05 -3.51193e-08 -3.16254e-06 -4.44555e-05 0.000965493 -7.57034e-10 -6.30955e-05 5.71841e-05 -0.000184311 -5.8195e-08 1.60474e-06 -1.30532e-08 -2.91213e-07 -4.4282e-07 0.000216329 5.00942e-05 5.70198e-07 -5.62138e-08 3.68933e-07 -0.000342707 -4.28367e-06 -7.40423e-05 6.99074e-05 3.35623e-06 0.00040154 -5.52474e-09 -1.36297e-06 -2.61476e-06 -8.90079e-09 0.0002334 -2.73048e-08 -7.40588e-05 0.000198564 -8.72112e-08 0 -7.69816e-05 3.97639e-05 -1.27439e-08 -9.90739e-07 2.0029e-06 -0.000264204 -6.20124e-09 7.94082e-07 -6.84266e-06 -0.000470446 -4.20106e-07 1.19493e-05 -1.14811e-08 0.000114027 -8.24555e-08 0 -8.93895e-06 2.69392e-06 -9.5338e-08 -1.20481e-08 2.64127e-05 -0.000104751 1.96118e-06 -7.70159e-05 -0.000403029 -3.86667e-08 -6.68329e-07 -4.41203e-05 -5.97187e-08 -9.13996e-07 -3.70499e-06 -9.51102e-06 -0.000254221 -1.13594e-06 1.88293e-06 -1.08389e-05 -4.98341e-07 -1.25741e-08 0.000107246 5.61506e-05 -8.82348e-09 -4.4359e-09 0.000168134 -1.017e-08 -5.1575e-09 -3.50884e-05 -7.73141e-11 -1.35896e-05 9.43165e-06 4.22603e-06 8.45571e-06 -2.76936e-06 0.000237314 -1.2745e-05 7.43274e-08 -2.73546e-07 -2.92827e-08 -2.66415e-07 2.92854e-06 2.8587e-06 -0.00011778 -0.000234091 
-2.57377e-11 -1.79524e-10 -6.251e-12 -6.85268e-08 -1.0952e-10 -2.60121e-09 -3.82839e-08 -7.57034e-10 7.83333e-07 -9.07207e-08 -3.50092e-09 3.25309e-07 -4.71697e-11 -1.79287e-09 -1.05802e-11 -2.36042e-10 -3.58926e-10 1.14283e-07 7.59084e-08 -4.83465e-10 -4.55639e-11 -2.51816e-11 3.14221e-08 -7.70857e-09 -9.73079e-08 2.36161e-08 -3.14527e-09 3.48444e-07 -4.47806e-12 1.72946e-09 -2.13019e-09 -7.2145e-12 -6.7065e-08 -2.21318e-11 1.55445e-08 1.23065e-07 -2.70623e-10 0 1.45832e-07 5.04677e-08 -1.03296e-11 -8.03039e-10 -2.4892e-10 -7.36739e-08 -5.02639e-12 -1.7231e-10 -5.86511e-09 9.02868e-08 -3.40515e-10 -9.19153e-10 -9.306e-12 8.9196e-08 -6.6834e-11 0 -9.55819e-09 -6.50665e-10 -7.72758e-11 -9.76556e-12 -1.14968e-07 -1.49393e-07 -1.28241e-09 -6.98387e-08 -5.23278e-07 -3.13412e-11 -5.41712e-10 4.65911e-08 -4.84048e-11 -1.26229e-09 -3.87846e-09 -2.89373e-08 -1.65698e-07 -2.29673e-08 -1.3812e-10 -1.05849e-08 -4.03928e-10 -8.58429e-11 -2.51849e-08 -1.45812e-08 -7.15183e-12 -3.5955e-12 -1.10681e-07 -8.24328e-12 -4.18039e-12 -3.16991e-08 -6.26667e-14 -1.24011e-08 -6.87626e-10 -8.48888e-10 -3.0068e-10 -3.72529e-09 -1.54982e-07 7.02849e-08 -3.66642e-10 -1.47266e-09 -2.3735e-11 -2.15942e-10 -1.73978e-11 -3.76606e-10 -1.68335e-07 -2.38269e-07 
-3.7591e-06 2.51262e-05 -3.88619e-07 -0.0189138 -6.64501e-05 0.000374093 -0.00222071 -6.30955e-05 -9.07207e-08 0.110677 -0.000646509 0.0175272 -5.40484e-06 -0.000638272 1.71183e-06 -0.00024289 -0.000400011 0.0602152 -0.00993342 6.9039e-05 -5.05513e-05 3.75092e-06 -0.0520099 0.000143599 0.0157312 0.0327119 -8.82804e-05 -0.0269613 -3.51547e-06 0.00120745 -0.000516329 -5.8794e-06 0.0163837 -1.19159e-05 -0.00135161 0.00931989 -8.49445e-06 0 -0.0161853 0.0168474 -1.11754e-05 0.000118658 3.33074e-05 -0.0452308 -5.55342e-06 -9.92444e-05 -0.000482067 -0.0382032 -0.000288063 -0.000683952 -4.261e-06 0.00329849 8.66008e-06 0 -0.00959221 -0.000586346 -5.01048e-06 -4.55331e-06 0.0151767 -0.00479169 -0.000441849 -0.0214403 0.0151888 -7.38582e-06 -0.000329864 -0.0127095 7.83166e-06 -0.000645128 -0.00207745 2.31677e-05 -0.0512294 0.00109804 -6.39286e-06 -0.00344806 -0.0004503 1.24623e-05 0.0100035 -6.79341e-05 -7.36953e-06 1.95068e-07 -0.00171841 -3.02294e-06 -4.09363e-06 -0.0208143 1.01392e-08 -0.00254616 -0.000547186 -0.000491017 -0.000184831 -0.000105077 0.0393742 -0.0136147 -0.000235689 -0.00098987 3.74354e-06 -0.000234615 -1.60984e-05 -6.65035e-06 0.0416526 -0.0425495 
3.06489e-07 -7.87597e-07 1.281e-06 0.000112038 1.48472e-07 -1.21944e-05 -0.000181066 5.71841e-05 -3.50092e-09 -0.000646509 0.00444928 0.0010023 -2.69124e-07 6.05509e-05 -6.03647e-08 -1.34672e-06 -2.04783e-06 0.00173569 4.76499e-05 1.07495e-06 -2.59962e-07 7.96617e-08 -0.002296 -4.39807e-05 -0.00047944 0.000578489 1.35415e-05 -0.000632795 -2.55492e-08 9.86729e-06 -1.1837e-05 2.42172e-07 0.00178984 -1.26271e-07 -0.00110046 0.0011773 1.37393e-05 0 -0.000457661 0.000267757 -5.89346e-08 -4.58168e-06 -1.42019e-06 -0.0014956 -2.86777e-08 8.00232e-07 -3.08496e-05 -0.00286367 -1.94278e-06 0.000104266 6.70239e-07 0.000934789 -3.81317e-07 0 -5.44369e-05 -3.71233e-06 2.88911e-06 -2.57167e-08 0.00169091 -0.00062536 4.84366e-05 -0.00039846 -0.00233548 1.28785e-06 -3.0907e-06 -0.000204257 -2.49503e-07 -7.07189e-06 -2.21283e-05 -0.00016114 -0.00197477 -0.000205857 2.91863e-06 0.000342596 -2.30459e-06 6.88023e-06 -0.000337324 0.00180164 2.32529e-07 1.06615e-06 0.000764377 6.63019e-08 4.94615e-06 -0.000106524 -3.5754e-10 0.000225883 -3.9232e-06 -4.4766e-06 4.76778e-05 -2.0221e-05 0.00134078 -7.34502e-05 -2.09185e-06 -7.08551e-06 -1.35418e-07 -1.23204e-06 6.80738e-07 8.60046e-05 0.000867102 -0.00277506 
5.99488e-06 -3.19871e-06 2.53623e-06 -0.0231249 7.14276e-07 -0.000628992 -0.00696128 -0.000184311 3.25309e-07 0.0175272 0.0010023 0.198957 -1.65038e-05 -0.000279933 -9.98479e-07 -8.25864e-05 -0.000125581 0.0449843 0.0257434 -0.000136452 -1.49086e-05 -8.71387e-06 0.0436245 -0.000110031 -0.0319419 0.0354995 -0.000865932 -0.0183318 -1.32678e-06 0.000605103 -0.000743578 6.42454e-07 -0.0296034 -7.18014e-06 0.00536916 0.0207624 2.55608e-05 0 -0.0175611 0.0170057 -3.37744e-06 0.000561302 -8.42888e-05 -0.0331212 1.56803e-06 3.03788e-05 0.00362913 -0.0155028 -0.000119053 -8.89269e-05 -3.25599e-06 -0.00312822 8.59943e-06 0 -0.00328562 -0.000224728 -5.0973e-06 -3.25678e-06 -0.0393377 -0.0421358 -8.1577e-05 -0.0237 -0.00969547 -1.09657e-05 -0.000158108 -0.0113314 -4.70588e-06 -0.000430796 -0.00102742 -0.00579338 -0.0668025 -2.74126e-05 7.02179e-05 0.00394266 -0.000141327 -1.36681e-05 -0.0031369 -0.00508563 -2.50229e-06 2.06534e-06 -0.00201975 -2.88416e-06 -1.1893e-06 -0.00500949 -2.19258e-08 -0.00143468 -0.000239957 -0.000240376 -9.54853e-05 0.000392611 0.0369536 -0.00440485 1.42292e-05 4.77304e-05 -8.24441e-06 -7.1277e-05 -5.54716e-06 -0.000112517 -0.0282076 -0.0196948 
-1.97852e-09 -1.38005e-08 -4.80529e-10 -5.13449e-06 -8.41909e-09 3.67567e-05 3.4687e-05 -5.8195e-08 -4.71697e-11 -5.40484e-06 -2.69124e-07 -1.65038e-05 6.0213e-05 -1.37822e-07 -8.13326e-10 -1.81451e-08 -2.75915e-08 -3.60724e-05 5.83525e-06 -3.71651e-08 -3.5026e-09 -1.93577e-09 -1.41533e-05 -5.92576e-07 -7.14696e-06 -1.38521e-06 1.36822e-06 -1.72473e-05 -3.44239e-10 1.32947e-07 -1.63753e-07 -5.54595e-10 -9.71402e-06 -1.70132e-09 8.9161e-07 -4.34604e-05 -2.08035e-08 0 -2.42059e-06 -4.56638e-05 -7.94057e-10 2.81602e-07 -1.91351e-08 8.55743e-06 -3.8639e-10 -1.32459e-08 7.91353e-08 2.06201e-05 -2.61762e-08 -7.06574e-08 -7.15374e-10 -2.62422e-06 -5.13769e-09 0 -7.3476e-07 -5.00182e-08 -5.94037e-09 -7.50701e-10 -8.53455e-06 4.09292e-05 -9.85819e-08 4.37947e-05 1.73182e-05 -2.40927e-09 -4.16426e-08 -2.56446e-06 7.19612e-07 -9.70349e-08 7.1854e-08 -1.58115e-06 2.87733e-05 -6.22287e-07 -1.06176e-08 -8.13683e-07 -3.10509e-08 -6.59894e-09 -5.95588e-06 -8.44225e-07 -5.49778e-10 -2.76394e-10 -2.83678e-05 -6.3368e-10 -3.21356e-10 -2.43012e-06 -4.81733e-12 -9.53299e-07 -5.28594e-08 -6.5256e-08 -2.3114e-08 2.13363e-06 -4.13236e-05 -1.00306e-06 -2.81846e-08 -1.13207e-07 -1.82456e-09 -1.65999e-08 2.05329e-07 -2.89506e-08 -2.03867e-05 2.18494e-05 
1.74799e-07 -5.2454e-07 4.08402e-07 -0.000171884 3.73333e-07 -6.1003e-06 -9.33691e-05 1.60474e-06 -1.79287e-09 -0.000638272 6.05509e-05 -0.000279933 -1.37822e-07 0.00228353 4.6242e-07 -6.33008e-07 -9.02055e-07 -5.27744e-05 -0.000774368 -1.41261e-06 -1.3313e-07 2.46309e-06 -0.000613364 0.000599614 0.000104346 -0.000314461 -8.76663e-06 0.000111075 -1.30841e-08 -0.000619293 -2.29739e-06 -2.10796e-08 -0.000339542 2.30553e-05 4.32252e-05 -0.000298319 -5.7405e-07 0 -0.000225828 -0.000733755 7.73315e-06 -2.34635e-06 -3.50636e-07 -0.000680498 -1.46863e-08 5.83206e-07 -1.45335e-05 -0.000960041 -9.94928e-07 1.41772e-06 2.24948e-06 -3.09869e-05 -1.95278e-07 0 0.000818536 0.000623499 -9.57872e-08 -2.85333e-08 0.000152355 -0.000427191 0.00062897 0.000160873 1.71873e-05 -9.15737e-08 0.000200211 -0.000106418 1.6619e-06 -2.55153e-06 -6.92554e-06 0.000801437 -0.000971431 -1.4441e-05 -1.73564e-07 -1.71372e-05 -5.70212e-07 1.02585e-06 -0.000193504 -3.65439e-05 -2.08965e-08 -1.05055e-08 -0.000264185 -2.40855e-08 -1.22144e-08 -1.01496e-05 -1.83102e-10 -6.96719e-06 0.000621231 0.00061669 -7.08537e-07 0.000414672 -0.000241322 -3.67986e-05 -1.07127e-06 0.00059979 -6.93497e-08 -6.30945e-07 1.30092e-05 -5.03713e-07 0.00030756 -1.53512e-05 
-4.43784e-10 -3.09546e-09 -1.07783e-10 2.64842e-06 -1.88841e-09 -4.48515e-08 -6.60112e-07 -1.30532e-08 -1.05802e-11 1.71183e-06 -6.03647e-08 -9.98479e-07 -8.13326e-10 4.6242e-07 1.35065e-05 -4.06996e-09 -6.1888e-09 5.24662e-06 -1.10445e-05 -8.33618e-09 -7.85638e-10 -4.34194e-10 -4.96816e-06 -1.32915e-07 5.70216e-06 2.74149e-08 -5.42325e-08 -3.44514e-06 -7.72131e-11 2.98202e-08 2.0327e-07 -1.24396e-10 1.78267e-07 -3.81608e-10 2.14694e-07 3.55883e-06 -4.66624e-09 0 5.12621e-06 8.70193e-07 -1.78108e-10 -1.38464e-08 -4.29201e-09 -4.35308e-06 -8.66678e-11 -2.97106e-09 -1.01129e-07 -5.96128e-06 -5.87135e-09 -1.58485e-08 -1.60459e-10 5.96472e-06 -1.15239e-09 0 -1.64808e-07 -1.12191e-08 -1.33243e-09 -1.68383e-10 8.38432e-06 -2.57591e-06 -2.2112e-08 -1.2042e-06 -9.41992e-06 -5.40402e-10 -9.34049e-09 -6.33531e-07 -8.34622e-10 1.98235e-07 -6.68745e-08 -3.9562e-07 -6.13315e-06 -5.9288e-07 -2.38154e-09 -1.8251e-07 -6.96476e-09 -1.48015e-09 3.13948e-06 -2.51417e-07 -1.23316e-10 -6.19956e-11 -4.0595e-06 -1.42135e-10 -7.20806e-11 -5.46574e-07 -1.08053e-12 -2.13826e-07 -1.18564e-08 -1.4637e-08 -5.18449e-09 -6.42335e-08 4.04898e-06 -2.24988e-07 -6.32184e-09 -2.53925e-08 -4.09252e-10 -3.72338e-09 -2.99983e-10 -6.49365e-09 6.02826e-06 -8.47648e-06 
-9.9007e-09 -6.90588e-08 -2.40461e-09 -2.62973e-05 -4.213e-08 -1.00062e-06 0.00026054 -2.91213e-07 -2.36042e-10 -0.00024289 -1.34672e-06 -8.25864e-05 -1.81451e-08 -6.33008e-07 -4.06996e-09 0.000301239 0.000143345 -0.000184233 -0.000270526 7.87736e-06 1.88858e-05 -9.68676e-09 -0.000162246 -2.96531e-06 -3.72054e-05 -0.000260182 -7.29912e-07 0.000191808 -1.7226e-09 -0.000300611 0.000299541 -2.77525e-09 -5.01612e-05 -8.51358e-09 -0.00013925 -0.000165827 -1.04102e-07 0 -1.18217e-05 1.94138e-05 9.92693e-07 -3.0891e-07 -9.57536e-08 -0.000101423 -1.93353e-09 1.41705e-06 0.000144387 -0.000194786 9.72657e-05 -3.53577e-07 -3.5798e-09 -1.24685e-05 -2.57095e-08 0 -3.61681e-06 -2.50296e-07 -2.97262e-08 5.77624e-06 0.000257098 4.43854e-05 -4.93313e-07 -2.68653e-05 -0.000212833 9.79438e-08 -2.08384e-07 0.000287189 -1.86202e-08 0.000299708 -1.49195e-06 -1.00482e-05 -7.40421e-05 -0.000187207 1.58687e-06 -4.07175e-06 0.000193568 -3.30218e-08 0.000190229 -5.60905e-06 6.30058e-06 -1.3831e-09 -0.000245166 -3.171e-09 -1.6081e-09 -1.21872e-05 -2.41064e-11 0.000296553 -2.64514e-07 -3.26547e-07 6.21002e-07 -1.43303e-06 -5.22273e-05 0.000291941 2.2839e-05 -5.66499e-07 -9.1303e-09 -1.6401e-08 -6.69254e-09 -1.44871e-07 -0.000105787 -0.000189101 
-1.5055e-08 7.74989e-07 -3.65646e-09 -4.00841e-05 6.8927e-07 -1.52155e-06 0.000362533 -4.4282e-07 -3.58926e-10 -0.000400011 -2.04783e-06 -0.000125581 -2.75915e-08 -9.02055e-07 -6.1888e-09 0.000143345 0.000457993 -0.000280186 -0.000413635 -2.82799e-07 3.46233e-05 -1.47297e-08 -0.00024676 -4.41905e-06 -5.58793e-05 -0.000395614 -1.70646e-06 0.00017087 -2.6194e-09 -0.000457162 0.000443047 1.08245e-06 -7.62752e-05 -1.29458e-08 -3.30507e-05 -0.000273989 -1.58299e-07 0 0.00016218 2.94306e-05 9.03958e-07 -4.6973e-07 -1.45603e-07 -0.000154234 -2.94014e-09 1.83254e-06 0.000440609 -0.000296202 1.33415e-06 -5.3765e-07 -5.44346e-09 -9.98497e-06 -3.90939e-08 0 -4.87097e-06 -2.906e-07 -4.52018e-08 3.78762e-06 0.000390864 -8.30159e-05 -6.60134e-07 -4.08515e-05 -0.000323515 -1.83327e-08 -3.16869e-07 0.000436591 -2.83139e-08 0.000439412 -2.26867e-06 -1.68366e-05 -0.000186682 -0.000451073 6.09254e-06 -6.19151e-06 0.000448087 -5.0213e-08 0.000410955 -8.52914e-06 7.44248e-06 -2.10315e-09 -0.000372811 1.65178e-07 -2.44528e-09 -1.85421e-05 -3.66563e-11 0.000436129 -3.1222e-07 1.20118e-07 -1.7588e-07 -2.08907e-06 -0.000275365 0.000450451 0.000234046 -8.61421e-07 -1.38836e-08 -1.2298e-07 -1.01767e-08 -2.20292e-07 -0.00016074 -0.000287468 
3.80307e-06 -9.02491e-05 1.71647e-06 -0.0269874 -6.00799e-05 -0.000586887 -0.0292907 0.000216329 1.14283e-07 0.0602152 0.00173569 0.0449843 -3.60724e-05 -5.27744e-05 5.24662e-06 -0.000184233 -0.000280186 0.237556 -0.0353786 1.41955e-05 -3.5462e-05 1.09573e-05 -0.150002 -0.00586988 0.0476161 0.0732549 -0.00162034 -0.0518152 -3.49605e-06 0.00134292 -0.00114926 -3.92907e-06 0.058512 -1.14217e-05 -0.00522154 0.15682 -0.000115794 0 -0.0342176 0.0379192 -4.70435e-06 -0.000626404 2.58343e-06 -0.200198 -3.87413e-06 4.88333e-05 -0.0030843 -0.126733 -0.000263299 -0.000199015 2.73808e-06 0.0168566 -2.15344e-05 0 -0.0072342 -0.000502928 3.20003e-05 -1.2907e-06 0.0544243 -0.0727577 -9.33919e-06 -0.0444611 -0.0271166 -2.24916e-05 -0.000173874 -0.0229884 -2.27966e-05 -0.000913432 -0.00302524 0.012445 -0.200212 -0.000463688 5.06289e-05 -0.00743022 -0.000315163 4.25686e-05 0.0378661 0.00721009 -4.52348e-06 1.73964e-06 0.0706086 -2.99224e-06 2.07301e-06 -0.0189694 3.10757e-08 -0.00414819 -0.00037755 -0.000241779 -5.55926e-05 -0.00146792 0.179144 -0.0100973 -0.000175543 -0.000231445 1.09166e-05 -0.000115894 -1.13659e-05 0.000159752 0.134393 -0.135812 
2.44729e-06 2.62853e-06 -2.3967e-06 -0.00824802 -1.09915e-05 0.000318896 0.00371762 5.00942e-05 7.59084e-08 -0.00993342 4.76499e-05 0.0257434 5.83525e-06 -0.000774368 -1.10445e-05 -0.000270526 -0.000413635 -0.0353786 0.0875139 -0.000140825 -5.10301e-05 -2.28382e-05 0.0501137 0.000315016 -0.0690724 -0.0108748 0.000347104 0.0176963 5.5397e-07 0.0014738 -0.00103941 -3.44178e-07 -0.0438241 -2.33021e-05 0.00394833 -0.023228 3.22882e-05 0 0.0061716 -0.00501114 -1.16722e-05 9.92388e-05 -5.59934e-05 0.0322889 6.21803e-07 -4.11173e-05 0.000116139 0.0588493 -0.000332536 5.36729e-05 -5.43544e-06 -0.0172358 8.11454e-06 0 0.000101771 -0.000557024 -4.81704e-05 -7.72193e-06 -0.0768351 0.0169135 -0.000529779 0.00820121 0.00582602 2.05714e-06 -0.000205773 0.00306982 5.56471e-06 -0.000796395 0.000478325 0.00240113 0.0360989 0.000340202 3.15983e-06 0.00130926 -0.000465558 9.55609e-06 -0.0212448 -0.00640162 -7.48526e-06 -2.28543e-07 -0.00560728 -2.13577e-07 -2.72854e-07 0.00391906 7.75235e-09 0.000456663 -0.000600009 -0.000813706 1.45631e-05 -0.000312303 -0.0273267 0.000657856 -0.000224324 -0.0005566 -2.29271e-05 -6.04531e-05 -1.14611e-05 -0.000124801 -0.0597161 0.0597648 
-2.02788e-08 2.45219e-07 -4.92518e-09 -5.20758e-05 -8.62914e-08 -2.0495e-06 0.000147816 5.70198e-07 -4.83465e-10 6.9039e-05 1.07495e-06 -0.000136452 -3.71651e-08 -1.41261e-06 -8.33618e-09 7.87736e-06 -2.82799e-07 1.41955e-05 -0.000140825 0.000616809 -3.58999e-08 -1.98406e-08 -0.000327755 -5.9836e-06 0.000386811 -0.000278708 -1.5515e-06 0.00020195 -3.52827e-09 -9.12807e-05 0.000127505 -5.68432e-09 0.000445959 -1.74377e-08 -0.000529946 -2.02119e-05 -1.56558e-07 0 -6.25295e-05 3.47536e-05 -8.13868e-09 -6.32716e-07 1.82388e-06 -0.000205236 -3.9603e-09 -1.35763e-07 -4.62113e-06 -0.000394738 3.29684e-05 -7.24203e-07 -7.33222e-09 -2.68969e-05 -5.26587e-08 0 -6.91092e-06 -5.12661e-07 -6.08858e-08 -7.6943e-09 0.00047306 0.00019615 -1.01041e-06 -5.47561e-05 -0.000424495 2.04864e-06 -4.26816e-07 0.000131054 -3.81382e-08 1.13421e-05 -3.05584e-06 -2.27998e-05 -5.56545e-06 -2.70192e-06 -1.08825e-07 -8.33983e-06 -3.18256e-07 2.22364e-07 -5.00914e-05 -6.68857e-06 -5.63494e-09 -2.8329e-09 1.05228e-06 -6.4949e-09 -3.29374e-09 -2.49758e-05 3.99506e-08 0.000192173 -5.41782e-07 -6.68841e-07 2.81976e-06 -2.93516e-06 0.000130965 -2.87421e-06 4.87789e-07 -1.16032e-06 1.29914e-09 -1.70141e-07 8.96255e-08 4.83272e-07 5.85953e-05 -0.000384231 
-1.91116e-09 8.66669e-07 -4.6417e-10 -5.08848e-06 1.51868e-07 -1.93154e-07 4.08839e-05 -5.62138e-08 -4.55639e-11 -5.05513e-05 -2.59962e-07 -1.49086e-05 -3.5026e-09 -1.3313e-07 -7.85638e-10 1.88858e-05 3.46233e-05 -3.5462e-05 -5.10301e-05 -3.58999e-08 5.81633e-05 -1.86986e-09 -2.99391e-05 -5.72402e-07 -5.9923e-06 -4.90584e-05 -1.06886e-07 1.29133e-05 -3.32519e-10 -5.65382e-05 4.49485e-05 1.13613e-06 -9.68277e-06 -1.6434e-09 -2.11491e-05 -4.03872e-05 2.99048e-08 0 3.4441e-05 3.7475e-06 1.0759e-06 -5.96299e-08 -1.84836e-08 -1.81892e-05 -3.73236e-10 -1.27949e-08 5.71645e-05 -3.63547e-05 4.48048e-07 -6.8252e-08 -6.9102e-10 9.86846e-06 -4.96278e-09 0 -6.49746e-07 -4.83154e-08 -5.73814e-09 7.59415e-08 4.81297e-05 -6.09655e-06 -9.52258e-08 -5.1859e-06 -4.00272e-05 9.97673e-07 -4.0225e-08 5.42717e-05 -3.59431e-09 2.66929e-05 -2.87996e-07 -2.14875e-06 -3.09158e-07 -5.64286e-05 2.47308e-06 -6.42648e-07 5.544e-05 -6.37429e-09 5.07763e-05 -1.08273e-06 7.89469e-07 -2.66985e-10 -4.72165e-05 -6.12107e-10 -3.10416e-10 -2.35383e-06 -4.65333e-12 4.55525e-05 -5.10599e-08 -6.30344e-08 -2.23271e-08 -2.76622e-07 -4.02886e-05 5.60311e-05 2.41361e-05 -1.09353e-07 -1.76245e-09 4.72985e-08 -1.29188e-09 -2.7965e-08 -2.03104e-05 -3.51141e-05 
-1.05623e-09 -7.36737e-09 -2.5653e-10 -2.16556e-06 -4.49453e-09 -1.06749e-07 -1.55444e-06 3.68933e-07 -2.51816e-11 3.75092e-06 7.96617e-08 -8.71387e-06 -1.93577e-09 2.46309e-06 -4.34194e-10 -9.68676e-09 -1.47297e-08 1.09573e-05 -2.28382e-05 -1.98406e-08 -1.86986e-09 3.21456e-05 -1.58012e-05 -3.16347e-07 1.37833e-05 4.33569e-06 -1.29077e-07 -4.98253e-06 -1.83772e-10 7.09739e-08 2.95914e-07 -2.96071e-10 9.79868e-06 -9.0825e-10 4.81254e-07 6.73023e-06 -1.11059e-08 0 -3.13397e-06 2.01778e-06 -4.23907e-10 -3.29554e-08 -1.02152e-08 -9.3074e-06 -2.06274e-10 -7.0713e-09 -2.40694e-07 -1.9101e-05 -1.39742e-08 -3.77205e-08 -3.81902e-10 -1.00938e-07 -2.74275e-09 0 -3.92252e-07 -2.67022e-08 -3.17127e-09 -4.00762e-10 2.48686e-05 -5.86749e-06 -5.2628e-08 -2.50273e-06 -4.78225e-06 -1.28619e-09 -2.22309e-08 -1.50784e-06 -1.98645e-09 -5.18021e-08 3.75014e-08 -1.18754e-06 -1.28339e-05 1.51816e-07 -5.66821e-09 -4.34384e-07 -1.65765e-08 -3.52285e-09 -3.09559e-06 -4.55055e-07 -2.93499e-10 -1.47553e-10 4.89766e-06 -3.3829e-10 -1.71556e-10 -1.30088e-06 -2.57173e-12 -3.65585e-07 -2.8219e-08 1.1183e-07 -1.23394e-08 -1.52879e-07 8.11475e-06 -5.35485e-07 -1.50464e-08 -6.04356e-08 -9.74044e-10 -8.86187e-09 -7.13977e-10 1.24545e-07 1.7151e-05 -1.83379e-05 
-8.5836e-06 -2.34531e-06 -3.33144e-06 0.0194709 4.01751e-05 -0.0016533 0.00669159 -0.000342707 3.14221e-08 -0.0520099 -0.002296 0.0436245 -1.41533e-05 -0.000613364 -4.96816e-06 -0.000162246 -0.00024676 -0.150002 0.0501137 -0.000327755 -2.99391e-05 -1.58012e-05 0.248509 0.00352255 -0.0665795 -0.0528984 0.00130232 0.0653068 2.39761e-06 0.000923042 -0.00145084 2.5594e-06 -0.0838572 -1.22109e-05 0.00909349 -0.101207 4.95095e-05 0 0.0310086 -0.0276136 -1.32914e-06 0.0004658 -7.93974e-05 0.135115 2.91059e-06 4.72786e-05 0.00230599 0.110308 -0.000208894 0.000252962 -2.36869e-06 -0.0194824 2.66891e-05 0 0.005206 6.27077e-06 -4.80839e-05 -6.71467e-06 -0.078913 0.0230496 -0.000560679 0.0265605 -0.0163982 -6.43645e-06 0.000103196 0.0156894 -1.35492e-05 -0.000854689 0.00213856 -0.0165955 0.115721 0.000323784 2.62105e-05 0.00562737 -0.000276336 -5.88545e-05 -0.0410714 -0.0100078 -4.61418e-06 -2.39889e-06 -0.0506377 1.24203e-06 -2.87438e-06 0.0159839 -4.30888e-08 0.00207568 -0.000129819 -0.000227205 -4.81137e-05 0.000855783 -0.134431 0.00578944 -0.000164518 0.000360048 -1.53832e-05 0.000123531 -8.32586e-06 -0.000210653 -0.140783 0.104776 
2.06667e-07 2.5747e-06 3.48138e-07 0.00112048 3.36608e-05 -2.01347e-05 -0.000171913 -4.28367e-06 -7.70857e-09 0.000143599 -4.39807e-05 -0.000110031 -5.92576e-07 0.000599614 -1.32915e-07 -2.96531e-06 -4.41905e-06 -0.00586988 0.000315016 -5.9836e-06 -5.72402e-07 -3.16347e-07 0.00352255 0.00974389 -0.00121196 -0.00331592 0.000483707 0.00213845 -4.62562e-08 -0.000614713 -2.31874e-05 8.27002e-08 -0.00163364 2.53286e-05 0.000191463 -0.00702654 3.64693e-06 0 0.00167935 -0.00263696 5.96023e-06 -1.44953e-07 -2.03375e-06 0.00537635 -6.31447e-08 -1.338e-06 -7.15345e-05 0.00088081 5.37557e-06 -8.64364e-06 1.74976e-06 -0.000387538 -5.52944e-07 0 0.000624967 0.000652469 -9.70788e-07 -1.22681e-07 -0.00143399 -0.000897194 0.000617846 -0.000517574 0.00223093 2.08961e-06 5.73547e-05 6.98072e-05 3.30191e-06 -1.58576e-05 1.30231e-05 0.000293758 0.00456885 2.14073e-05 2.81818e-06 0.0021089 -4.4444e-06 -1.07841e-06 -0.000986092 -0.000183178 -8.98458e-08 -4.51689e-08 -0.00738876 -1.03557e-07 -5.25167e-08 -0.000248548 -7.87258e-10 6.988e-05 0.000696888 0.000629076 -3.67733e-06 0.000674861 -0.00548579 -0.000123652 -4.60598e-06 0.000669989 -2.98174e-07 1.54005e-05 1.28414e-05 2.68884e-06 -0.00335814 0.00351093 
3.95512e-06 -2.45727e-05 8.35368e-07 -0.000966012 -1.46613e-05 -0.000410833 -0.00590644 -7.40423e-05 -9.73079e-08 0.0157312 -0.00047944 -0.0319419 -7.14696e-06 0.000104346 5.70216e-06 -3.72054e-05 -5.58793e-05 0.0476161 -0.0690724 0.000386811 -5.9923e-06 1.37833e-05 -0.0665795 -0.00121196 0.108792 0.0162799 -0.000439968 -0.0287596 -7.10141e-07 0.000116968 -4.12472e-05 -9.07426e-07 0.0542303 -3.33971e-06 -0.0104006 0.0323623 -4.14261e-05 0 -0.0123962 0.00792507 -1.63809e-06 -0.000127348 -9.01097e-06 -0.04173 -7.97097e-07 -2.10753e-05 -0.00087888 -0.0788847 -1.93264e-05 -0.000117678 -1.22577e-06 0.0132652 -8.54536e-06 0 -0.00151465 -0.000102807 2.23541e-06 1.98802e-06 0.0853417 -0.0217634 -0.000158998 -0.0110635 -0.0106845 -4.58016e-06 -2.70826e-05 -0.00566341 -7.22948e-06 -0.000140843 -0.000614952 -0.00322029 -0.0446811 -2.27167e-05 -1.77267e-05 -0.00167834 -6.28226e-05 -1.27732e-05 0.016672 0.00466584 -5.30822e-07 -5.70183e-07 0.015116 2.89428e-07 -5.19603e-07 -0.00502249 1.67288e-08 -0.00167053 -8.7132e-05 8.08046e-05 -4.61092e-05 -0.000473212 0.0371274 -0.00200925 -3.42529e-05 -0.000177549 2.2116e-05 -3.42445e-05 -2.75899e-06 6.51969e-05 0.078626 -0.0728824 
-3.76404e-06 -4.46498e-05 -2.12381e-06 -0.054175 8.32888e-06 -0.000873708 -0.0208857 6.99074e-05 2.36161e-08 0.0327119 0.000578489 0.0354995 -1.38521e-06 -0.000314461 2.74149e-08 -0.000260182 -0.000395614 0.0732549 -0.0108748 -0.000278708 -4.90584e-05 4.33569e-06 -0.0528984 -0.00331592 0.0162799 0.11789 0.000187779 -0.0708312 -4.46283e-06 0.00188756 -0.00184443 -1.89588e-06 0.0218236 -1.34592e-05 0.000262269 0.0656045 -9.78083e-05 0 -0.0664057 0.0451262 -7.78961e-06 9.38525e-05 -4.32211e-05 -0.0437611 -2.23392e-06 -5.94572e-05 -3.57532e-05 -0.0435497 -0.00037498 -0.000461263 -8.41343e-07 0.00547006 9.65884e-06 0 -0.00766595 -0.000678166 1.20521e-05 -4.43124e-06 0.0171567 -0.0537997 -0.000408572 -0.0393397 0.0292026 -3.30541e-05 -2.39896e-06 -0.0382625 -2.66566e-05 -0.00132507 -0.000112681 0.00359981 -0.064261 0.000776303 -2.8943e-05 -0.00181343 -0.000444037 1.41687e-05 0.0119765 0.00244413 -6.82347e-06 6.26678e-07 0.0563373 -5.6299e-06 7.28622e-07 -0.00461448 -2.90775e-08 -0.00894174 -0.000537744 -0.0004575 -0.000180626 -0.00014612 0.0645211 -0.014276 -0.000250923 -0.000641645 3.5269e-06 -6.58791e-05 -1.54543e-05 3.95972e-05 0.0472122 -0.0398446 
-1.19274e-08 -9.13546e-07 -3.20416e-08 -0.000239824 -5.48051e-07 -1.042e-05 -0.000162374 3.35623e-06 -3.14527e-09 -8.82804e-05 1.35415e-05 -0.000865932 1.36822e-06 -8.76663e-06 -5.42325e-08 -7.29912e-07 -1.70646e-06 -0.00162034 0.000347104 -1.5515e-06 -1.06886e-07 -1.29077e-07 0.00130232 0.000483707 -0.000439968 0.000187779 0.00399912 0.000119874 -2.29538e-08 -2.48509e-06 9.83766e-06 2.59686e-07 -0.000306597 -1.13444e-07 -1.3338e-05 -0.00207767 -1.38717e-06 0 -0.00038021 -1.83571e-05 -5.29476e-08 1.10271e-05 5.64077e-07 0.00162724 -2.57645e-08 2.33677e-06 0.000235146 0.000647408 -1.74542e-06 1.58524e-06 -4.77011e-08 -0.000166302 1.58108e-05 0 -4.80705e-06 -1.96854e-06 -3.96103e-07 -5.00567e-08 -0.000426596 -0.000309534 2.53237e-07 -0.000153375 0.000342961 -1.6065e-07 8.46607e-07 -4.42516e-05 -1.81448e-07 -6.16361e-06 1.28563e-05 -0.000133651 0.00142545 1.49858e-05 -3.87981e-07 -4.98829e-05 -8.20472e-07 2.59998e-06 -0.000222042 -4.93443e-05 -3.66591e-08 -1.843e-08 -0.00172751 7.10796e-08 -2.1428e-08 -0.000123598 -3.21219e-10 3.13675e-05 -1.64799e-06 -9.07929e-07 -1.54124e-06 0.000844671 -0.00187843 0.000126249 -7.79346e-07 1.11447e-05 -1.21662e-07 4.99312e-06 -8.91785e-08 1.11625e-06 -0.00106238 0.000781791 
-4.86059e-07 -1.59445e-05 5.51171e-06 0.0348548 -3.15377e-05 -0.000570664 0.00549688 0.00040154 3.48444e-07 -0.0269613 -0.000632795 -0.0183318 -1.72473e-05 0.000111075 -3.44514e-06 0.000191808 0.00017087 -0.0518152 0.0176963 0.00020195 1.29133e-05 -4.98253e-06 0.0653068 0.00213845 -0.0287596 -0.0708312 0.000119874 0.206464 -1.14554e-06 -0.00126105 0.00100039 -2.11665e-06 -0.016695 -8.04489e-06 0.000673623 -0.0456492 5.66194e-05 0 0.0414632 -0.0241713 6.97476e-06 -0.000254744 -4.64833e-06 0.0279399 -1.45615e-06 9.27822e-05 -0.00125774 0.0104734 0.000296671 0.000288816 1.28879e-06 -0.0115565 -1.84678e-05 0 0.0071662 0.000385312 -2.36882e-05 1.02786e-06 -0.0287319 0.00392874 9.24216e-05 0.0104698 -0.0828702 7.22983e-06 -0.000132441 0.0286904 -1.718e-05 0.000858233 -0.00109439 -0.0095168 0.0346721 -0.000537143 -5.12215e-05 -0.000559477 0.000203239 1.72755e-05 -0.00392115 -0.00531229 4.98333e-06 -1.21395e-06 -0.0185637 3.47071e-06 -1.32816e-06 0.00261021 1.66922e-08 0.00688004 0.000447072 0.000242883 -3.74263e-05 -0.000379533 -0.0491434 0.0110559 -1.49698e-05 0.00110139 8.43882e-06 0.000155364 -2.71417e-06 -0.000130982 -0.036322 0.0117539 
-1.87831e-10 -1.31015e-09 -4.5619e-11 -5.001e-07 -7.99266e-10 -1.89833e-08 -7.27241e-08 -5.52474e-09 -4.47806e-12 -3.51547e-06 -2.55492e-08 -1.32678e-06 -3.44239e-10 -1.30841e-08 -7.72131e-11 -1.7226e-09 -2.6194e-09 -3.49605e-06 5.5397e-07 -3.52827e-09 -3.32519e-10 -1.83772e-10 2.39761e-06 -4.62562e-08 -7.10141e-07 -4.46283e-06 -2.29538e-08 -1.14554e-06 5.71663e-06 1.26214e-08 -1.55458e-08 -5.26505e-11 -9.5163e-07 -1.61515e-10 1.13442e-07 -3.6704e-06 -1.97497e-09 0 -2.49919e-07 -1.93836e-06 -7.53838e-11 -5.86048e-09 -1.81659e-09 3.30574e-06 -3.66819e-11 -1.2575e-09 -4.28028e-08 2.02117e-06 -2.48503e-09 -6.70786e-09 -6.7914e-11 -2.4913e-07 -4.87746e-10 0 1.13579e-07 2.98585e-07 -5.63949e-10 -7.12678e-11 -8.39024e-07 4.37642e-06 -9.35887e-09 1.57366e-06 6.18916e-07 -2.28724e-10 -3.95334e-09 -2.6814e-07 1.63134e-08 -9.21201e-09 4.16955e-08 9.54858e-08 3.12083e-06 2.69976e-08 -1.00798e-09 -7.72469e-08 -2.94782e-09 -6.2647e-10 -5.73016e-07 -1.06412e-07 -5.21932e-11 -2.62395e-11 -2.18795e-06 -6.01584e-11 -3.05079e-11 4.09866e-06 -4.57333e-13 -9.05014e-08 -5.0182e-09 -6.19508e-09 -2.19432e-09 -2.71867e-08 -1.9882e-06 -9.52257e-08 -2.6757e-09 1.89253e-07 -1.73215e-10 -1.57591e-09 -1.26967e-10 -2.74842e-09 -2.00693e-06 2.12901e-06 
7.25415e-08 -3.74013e-07 -2.20905e-06 0.000190246 -5.01318e-07 7.33148e-06 -0.00139731 -1.36297e-06 1.72946e-09 0.00120745 9.86729e-06 0.000605103 1.32947e-07 -0.000619293 2.98202e-08 -0.000300611 -0.000457162 0.00134292 0.0014738 -9.12807e-05 -5.65382e-05 7.09739e-08 0.000923042 -0.000614713 0.000116968 0.00188756 -2.48509e-06 -0.00126105 1.26214e-08 0.00220294 -0.00154859 -1.06633e-06 0.0002994 -2.48343e-05 0.000719545 0.00153567 7.12749e-07 0 -2.80727e-05 0.000494157 -9.79755e-06 2.26336e-06 -4.33176e-06 0.000743145 1.41668e-08 -3.07101e-06 -0.000459226 0.0014267 -0.00040656 -1.26044e-07 -1.76044e-06 7.67257e-05 1.88371e-07 0 -0.000585304 -0.000632073 2.17801e-07 -6.10581e-06 -0.0012493 -0.000624088 -0.000626529 0.00019684 0.000929781 -4.17167e-06 -6.45865e-05 -0.00146681 1.36428e-07 -0.00140773 1.09314e-05 -0.00055251 -2.28515e-05 0.0005303 -5.78404e-06 2.98333e-05 -0.000513162 2.41947e-07 -0.000339634 4.1097e-05 -7.74651e-06 1.01339e-08 0.00174878 -7.43433e-07 1.17824e-08 8.93436e-05 1.76625e-10 -0.00154521 -0.000632775 -0.000620981 -3.4792e-06 -0.00037424 0.000464334 -0.00137524 -0.000268923 -0.000596409 -7.0977e-07 5.41962e-07 -1.36276e-05 8.61459e-07 0.000694187 0.000829537 
-8.93501e-08 -6.09896e-07 -2.17007e-08 -0.000169588 2.13126e-07 -8.06693e-06 0.00202105 -2.61476e-06 -2.13019e-09 -0.000516329 -1.1837e-05 -0.000743578 -1.63753e-07 -2.29739e-06 2.0327e-07 0.000299541 0.000443047 -0.00114926 -0.00103941 0.000127505 4.49485e-05 2.95914e-07 -0.00145084 -2.31874e-05 -4.12472e-05 -0.00184443 9.83766e-06 0.00100039 -1.55458e-08 -0.00154859 0.00271199 1.05162e-06 -3.14591e-05 -7.68318e-08 -0.000839833 -0.00139416 -8.89486e-07 0 9.3292e-05 0.000165239 2.02747e-06 -2.7878e-06 3.95253e-06 -0.00091509 -1.74494e-08 1.50848e-06 0.000442039 -0.00157999 0.000406711 4.59104e-07 -3.23064e-08 1.47402e-05 -2.32018e-07 0 -2.94885e-05 -2.25883e-06 2.71732e-07 6.09943e-06 0.00202702 0.00124854 -3.37197e-06 -0.000241413 -0.00188398 1.48712e-05 -1.86392e-06 0.00210531 -1.6804e-07 0.00153158 -1.34643e-05 -9.1581e-05 0.000436445 -0.000567887 5.90051e-06 -3.6746e-05 0.000499108 -2.14676e-07 0.000487746 -4.91629e-05 6.68184e-06 -1.2482e-08 -0.00168189 4.7805e-07 -1.45125e-08 -0.000109652 -2.17551e-10 0.00217558 -2.37047e-06 -1.9003e-06 9.27617e-06 -1.12126e-05 0.000316277 0.00137964 0.000261611 -4.95911e-06 -8.23975e-08 -6.82988e-07 4.92936e-07 2.17459e-05 -0.000620517 -0.00165307 
-3.0261e-10 -2.11075e-09 -7.34958e-11 -1.49034e-07 -1.28768e-09 -3.05836e-08 -1.1012e-07 -8.90079e-09 -7.2145e-12 -5.8794e-06 2.42172e-07 6.42454e-07 -5.54595e-10 -2.10796e-08 -1.24396e-10 -2.77525e-09 1.08245e-06 -3.92907e-06 -3.44178e-07 -5.68432e-09 1.13613e-06 -2.96071e-10 2.5594e-06 8.27002e-08 -9.07426e-07 -1.89588e-06 2.59686e-07 -2.11665e-06 -5.26505e-11 -1.06633e-06 1.05162e-06 9.20992e-06 -1.53315e-06 -2.60213e-10 -8.67236e-07 -2.51662e-06 -3.18184e-09 0 1.33626e-06 -8.56628e-07 -1.21449e-10 -9.44169e-09 -2.92666e-09 2.12653e-06 -5.90975e-11 -2.02592e-09 4.02104e-06 -4.23735e-07 -4.00359e-09 -1.08069e-08 -1.09415e-10 1.56197e-06 6.22548e-07 0 7.62013e-09 -7.65016e-09 -9.08566e-10 -1.14818e-10 1.81599e-07 -7.93145e-07 -1.50779e-08 3.55418e-08 -2.14513e-06 -3.68492e-10 -6.36914e-09 1.088e-06 -5.69117e-10 -1.48413e-08 -4.56007e-08 -3.40229e-07 1.66456e-06 -4.19984e-06 1.42171e-06 1.75888e-06 1.08192e-06 -1.00929e-09 1.63493e-07 -1.71438e-07 -8.40873e-11 -4.22739e-11 -4.01025e-06 -9.69199e-11 -4.91507e-11 1.77063e-06 -7.368e-13 -1.45805e-07 -8.08472e-09 -9.98075e-09 -3.53523e-09 2.9662e-06 -4.89679e-06 1.22992e-06 1.31236e-06 -1.73148e-08 -2.79063e-10 -2.53892e-09 -2.04554e-10 5.05572e-07 -2.75332e-06 1.17001e-06 
-4.40618e-06 4.88267e-06 -1.3284e-06 -0.0142852 -1.07842e-05 -0.000542066 -0.00774253 0.0002334 -6.7065e-08 0.0163837 0.00178984 -0.0296034 -9.71402e-06 -0.000339542 1.78267e-07 -5.01612e-05 -7.62752e-05 0.058512 -0.0438241 0.000445959 -9.68277e-06 9.79868e-06 -0.0838572 -0.00163364 0.0542303 0.0218236 -0.000306597 -0.016695 -9.5163e-07 0.0002994 -3.14591e-05 -1.53315e-06 0.138755 -3.31655e-06 -0.0132583 0.0426064 -4.69601e-05 0 -0.0168252 0.0105778 -2.19513e-06 -0.000170654 -2.52545e-05 -0.0515687 -1.06816e-06 -8.58751e-06 -0.00121899 -0.0993707 -6.43794e-05 -0.000164266 -3.64282e-07 -0.00624426 -1.15495e-05 0 -0.00200629 -0.000138126 2.94381e-05 2.26472e-06 0.072709 -0.0141651 -7.58514e-05 -0.0148064 -0.0272676 -7.00302e-07 -0.000100092 -0.00751293 -9.83982e-06 -0.000266142 -0.000789016 -0.00598947 -0.0546375 -0.000574499 -2.86185e-05 -0.00188231 -8.58387e-05 7.32576e-05 0.0512318 0.0117905 -4.59834e-07 -3.10745e-07 0.03085 -1.66178e-06 4.34829e-06 -0.00645707 6.66827e-08 -0.00157511 -0.000102657 -0.000163387 5.40126e-05 -0.00078728 0.0468055 -0.00277013 2.32507e-06 -0.000295275 1.51694e-05 -4.46763e-05 -1.40387e-06 0.000190391 0.0689152 -0.0977994 
