1.84333e-06 1.03164e-08 -2.55613e-09 -6.14444e-15 5.7514e-09 -5.83342e-09 -5.84914e-09 2.3902e-09 -4.58683e-11 -5.84779e-09 -5.92985e-09 -5.85381e-11 2.52433e-07 -3.34842e-10 5.36455e-08 -2.91597e-10 5.84631e-09 -4.11678e-13 -5.78024e-09 -7.60419e-07 -4.43199e-11 8.26191e-09 -1.7508e-08 -1.23436e-08 -5.84867e-09 5.86356e-09 0 -3.44089e-12 -9.83726e-12 -4.17822e-13 0 -1.61372e-09 -1.78189e-13 -5.32754e-10 -5.2278e-09 -1.21046e-12 -8.24167e-10 3.63866e-08 -2.43486e-10 -4.56202e-09 -3.71124e-11 0 -5.75102e-09 -2.45616e-07 0 -9.00223e-11 -1.81896e-08 -1.62459e-07 0 -2.27578e-10 -3.871e-13 -3.96317e-12 -1.55977e-10 5.77763e-09 -5.89856e-09 0 -3.20685e-10 1.40413e-08 5.74308e-09 -8.34508e-10 -5.81495e-09 -8.79209e-10 -1.03657e-11 0 -2.27344e-13 2.17696e-08 -6.06567e-10 -5.82273e-09 -5.33584e-11 -5.43931e-10 -1.35178e-12 -9.83111e-14 0 -9.60727e-10 0 -7.6302e-09 -5.05546e-09 -1.19817e-12 -1.2563e-08 1.11838e-08 -7.59515e-11 -2.09526e-12 -3.96624e-11 -6.96473e-11 -3.63463e-08 -2.00186e-11 -2.05943e-10 -2.76454e-08 -4.64141e-07 -9.24733e-10 -5.68976e-12 -4.31294e-07 -5.99759e-11 -1.96622e-13 -5.62094e-11 -3.61416e-11 -2.27344e-12 -4.58376e-12 -1.41322e-12 -5.71925e-10 
1.03164e-08 0.00556527 -0.00137893 1.86553e-11 0.00310264 -0.00312536 -0.00314022 0.00116372 1.39262e-07 -0.00312616 -0.0031134 -3.19894e-06 0.00258334 1.76621e-07 0.00358366 -1.71347e-05 0.00315044 -3.54168e-08 -0.0031182 0.00135804 -1.54088e-05 0.00352157 -0.00027124 -0.00317929 -0.00314211 0.00315007 0 -1.85622e-06 -5.3068e-06 -1.98731e-07 0 -0.000559814 5.41004e-10 -0.000102146 -0.00235481 3.6751e-09 2.33561e-06 -0.00181134 -0.000130331 -8.33658e-05 -2.16066e-06 0 -0.00310244 0.00317012 0 -1.12667e-05 -8.1204e-05 0.00232715 0 -0.000109606 1.17528e-09 -1.97463e-06 -2.98977e-06 0.00311423 -0.00314642 0 -9.13027e-07 0.00414375 0.00309198 1.88367e-06 -0.00313642 -0.000434431 -1.07853e-06 0 6.90247e-10 3.5109e-05 -0.000327218 -0.00314061 1.35336e-07 -2.01719e-05 -1.62562e-07 2.98485e-10 0 2.91689e-06 0 -0.000622104 1.38523e-05 -3.83029e-07 3.06829e-05 0.00385429 -2.02427e-05 -1.05697e-06 1.2042e-07 -1.82985e-05 -0.0014724 -1.03992e-05 -0.000111098 -0.00173475 -0.000172523 -1.44239e-06 1.72748e-08 -0.00028645 -3.87791e-06 -1.0607e-07 -3.42601e-06 1.09731e-07 -1.06976e-06 -4.66083e-07 -7.62376e-07 -0.00030799 
-2.55613e-09 -0.00137893 0.00138477 -4.6223e-12 -0.00138213 0.00138206 0.00138229 -0.00114405 -3.45055e-08 0.00138223 0.00138223 7.65963e-07 -0.000667939 -2.51892e-07 -0.00133913 -2.1936e-07 -0.00138229 3.6357e-08 0.00138076 1.75345e-05 -3.33406e-08 -0.00138047 -6.11747e-06 0.001367 0.00138229 -0.00138198 0 1.15408e-06 5.29927e-06 1.99686e-07 0 -9.83959e-07 -1.34047e-10 6.85589e-06 0.000704374 -9.10593e-10 -6.19998e-07 0.000674755 8.53435e-05 -3.43189e-06 2.24541e-06 0 0.00137786 -0.00135581 0 -6.77213e-08 3.12331e-05 -0.00101491 0 3.42221e-05 -2.91205e-10 1.98369e-06 4.8933e-07 -0.00138222 0.00138225 0 1.11542e-06 -0.00137613 -0.00136671 2.22223e-08 0.00138232 -8.07157e-09 -7.79782e-09 0 -1.71025e-10 -8.69909e-06 0.000290794 0.00138231 -4.01401e-08 6.35748e-06 -1.01691e-09 -7.39568e-11 0 -7.22729e-07 0 -2.05332e-06 -3.80309e-06 1.32432e-07 -9.45081e-06 -0.00137828 4.68953e-06 3.0509e-07 -2.98369e-08 1.67309e-05 -2.73423e-05 8.52827e-06 0.000107452 -2.07969e-05 -0.000542168 -6.95652e-07 -4.28025e-09 -0.000324408 4.01488e-06 1.06519e-07 -4.22848e-08 -2.71884e-08 1.0829e-07 1.46552e-07 7.65604e-07 0.000306913 
-6.14444e-15 1.86553e-11 -4.6223e-12 3.33333e-09 1.04004e-11 -1.05487e-11 -1.05771e-11 1.035e-11 -8.29444e-14 -1.05747e-11 -1.07231e-11 -1.05856e-13 1.70422e-09 -6.055e-13 -3.23633e-09 -5.273e-13 1.0572e-11 -7.44444e-16 -1.04525e-11 1.49936e-10 -8.01444e-14 1.49402e-11 -3.16601e-11 -2.23211e-11 -1.05763e-11 1.06032e-11 0 -6.22222e-15 -1.77889e-14 -7.55556e-16 0 -2.91812e-12 -3.22222e-16 -9.63389e-13 -9.45353e-12 -2.18889e-15 -1.49036e-12 -5.61085e-10 -4.403e-13 -8.24959e-12 -6.71111e-14 0 -1.03997e-11 7.42329e-11 0 -1.62789e-13 -3.28926e-11 -2.43965e-09 0 -4.11533e-13 -7e-16 -7.16667e-15 -2.82056e-13 1.04478e-11 -1.06665e-11 0 -5.799e-13 2.53911e-11 1.03853e-11 -1.50906e-12 -1.05153e-11 -1.58989e-12 -1.87444e-14 0 -4.11111e-16 -2.09109e-11 -1.09687e-12 -1.05294e-11 -9.64889e-14 -9.836e-13 -2.44444e-15 -1.77778e-16 0 -1.7373e-12 0 -1.37978e-11 -9.14188e-12 -2.16667e-15 -2.27179e-11 2.02239e-11 -1.37344e-13 -3.78889e-15 -7.17222e-14 -1.25944e-13 -6.57256e-11 -3.62e-14 -3.72411e-13 -4.99918e-11 -1.30345e-09 -1.67221e-12 -1.02889e-14 2.55342e-09 -1.08456e-13 -3.55556e-16 -1.01644e-13 -6.53556e-14 -4.11111e-15 -8.28889e-15 -2.55556e-15 -1.03422e-12 
5.7514e-09 0.00310264 -0.00138213 1.04004e-11 0.00311037 -0.00308491 -0.00311021 0.00116595 7.76387e-08 -0.00310917 -0.00310858 -7.10916e-07 0.00149565 5.66767e-07 0.00302163 4.9357e-07 0.00311021 -3.59698e-08 -0.00310644 -2.80285e-05 7.50178e-08 0.00310612 2.20682e-05 -0.00308881 -0.00310949 0.00310988 0 -1.23418e-06 -5.32002e-06 -1.99293e-07 0 2.50146e-06 3.0161e-10 -2.23716e-05 -0.00235194 2.04887e-09 1.39502e-06 -0.00210754 -0.000130588 7.66521e-06 -2.21052e-06 0 -0.0031032 0.00305062 0 -9.90096e-06 -4.74948e-05 0.00228359 0 -3.76015e-05 6.55222e-10 -1.97996e-06 -3.05932e-06 0.00310734 -0.00311012 0 -8.13862e-07 0.00309634 0.00309118 7.62524e-07 -0.00311026 8.34854e-07 1.75454e-08 0 3.84813e-10 1.95733e-05 -0.000328033 -0.00311025 9.03167e-08 -2.03727e-05 2.28808e-09 1.66406e-10 0 1.62617e-06 0 9.22854e-06 8.55709e-06 -2.04639e-07 2.12647e-05 0.00310118 -1.98481e-05 -3.0312e-07 6.71343e-08 -1.83921e-05 6.15213e-05 -1.04261e-05 -0.000111231 4.67939e-05 0.00121893 1.56524e-06 9.63073e-09 0.000729984 -3.95848e-06 -1.06334e-07 9.51425e-08 6.11749e-08 -1.07282e-06 -4.72241e-07 -7.64275e-07 -0.000308759 
-5.83342e-09 -0.00312536 0.00138206 -1.05487e-11 -0.00308491 0.00315459 0.00312244 -0.00116611 -7.87459e-08 0.00310877 0.0030959 7.09503e-07 -0.0014912 -5.7485e-07 -0.00303241 -5.00609e-07 -0.00313257 3.59599e-08 0.00310033 2.779e-05 -7.60876e-08 -0.00312867 -3.63746e-06 0.00310847 0.00312361 -0.00313175 0 1.86076e-06 5.31978e-06 1.99283e-07 0 -2.37374e-06 -3.05912e-10 4.48054e-05 0.00233428 -2.07809e-09 -1.41492e-06 0.00210943 0.000130652 -7.77534e-06 2.20962e-06 0 0.00308471 -0.00306334 0 9.89878e-06 5.16657e-05 -0.0023108 0 3.7596e-05 -6.64567e-10 1.97986e-06 1.60889e-06 -0.00309797 0.0031287 0 1.33612e-06 -0.00311742 -0.00307423 -7.82669e-07 0.00311859 -8.56077e-07 -1.77956e-08 0 -3.90301e-10 -1.98524e-05 0.000313032 0.00312248 -9.16047e-08 1.72862e-05 -2.32071e-09 -1.68779e-10 0 -1.64936e-06 0 9.0061e-07 -8.67913e-06 2.0461e-07 -2.1568e-05 -0.00312283 1.98463e-05 9.3307e-07 -6.80917e-08 1.83904e-05 -6.2162e-05 1.04256e-05 0.000110756 -4.72946e-05 -0.0012216 -6.47565e-07 -9.76808e-09 -0.000737455 3.95703e-06 1.06329e-07 -9.64993e-08 -6.20473e-08 1.07276e-06 4.72131e-07 7.6424e-07 0.000308745 
-5.84914e-09 -0.00314022 0.00138229 -1.05771e-11 -0.00311021 0.00312244 0.00316306 -0.00116608 -7.89581e-08 0.00312626 0.0031212 7.09232e-07 -0.00150382 -5.764e-07 -0.00305718 -5.01958e-07 -0.00314792 3.5958e-08 0.0031258 2.82237e-05 -7.62927e-08 -0.00314376 -1.20751e-05 0.00312224 0.00314533 -0.00314753 0 1.86074e-06 5.31973e-06 1.99281e-07 0 -2.48788e-06 -3.06736e-10 4.40796e-05 0.0023543 -2.08369e-09 -1.41873e-06 0.00212454 0.000130651 -7.79645e-06 2.20945e-06 0 0.00311 -0.00308781 0 9.89837e-06 5.03549e-05 -0.00232221 0 3.75949e-05 -6.66358e-10 1.97984e-06 3.05483e-06 -0.00312182 0.00314487 0 1.33464e-06 -0.00313708 -0.00309953 -5.79864e-07 0.00314169 -8.60145e-07 -1.78436e-08 0 -3.91353e-10 -1.99059e-05 0.000328016 0.00314536 -9.18516e-08 2.06003e-05 -2.32696e-09 -1.69234e-10 0 -1.65381e-06 0 -2.19137e-06 -8.70252e-06 2.04604e-07 -2.16261e-05 -0.00313665 1.98459e-05 1.05973e-06 -6.82753e-08 1.83901e-05 -6.25669e-05 1.04255e-05 0.000111369 -4.75892e-05 -0.00121994 -6.51845e-07 -9.7944e-09 -0.000738447 3.95676e-06 1.06328e-07 -9.67594e-08 -6.22146e-08 1.07275e-06 4.72109e-07 7.64234e-07 0.000308742 
2.3902e-09 0.00116372 -0.00114405 1.035e-11 0.00116595 -0.00116611 -0.00116608 0.00309535 7.72626e-08 -0.00116609 -0.00116595 -7.86806e-06 0.0003033 -2.62526e-05 0.00108226 4.71179e-07 0.00116609 -3.59732e-08 -0.00116587 -0.000117002 -2.34535e-06 0.00124925 2.37795e-06 -0.00114883 -0.00116622 0.00116576 0 -1.0542e-06 -4.99343e-06 -1.99296e-07 0 -3.38442e-07 3.00149e-10 -3.27261e-06 -0.000714987 2.03895e-09 1.38826e-06 -0.00124553 -4.59665e-05 -7.95552e-06 -2.30415e-06 0 -0.00116236 0.00128337 0 -4.2117e-06 -0.000100084 0.000359041 0 -3.52867e-05 -2.09348e-07 -1.97999e-06 -9.13932e-07 0.0011662 -0.00116733 0 -3.28316e-06 0.00115294 0.00115059 -0.000102344 -0.00116614 1.34098e-06 -2.1254e-07 0 3.82949e-10 -0.000282388 -0.000215922 -0.00116613 -2.93454e-07 -5.11711e-06 2.277e-09 1.656e-10 0 -0.000184048 0 -3.87736e-06 -4.2451e-05 -1.31315e-07 1.9745e-05 0.00116318 -1.99221e-05 -3.03137e-07 -1.20652e-06 -1.62993e-05 5.06633e-05 -7.08961e-06 -0.00010017 -0.000249823 0.000461994 -0.000104766 9.58408e-09 0.000719511 -4.22564e-06 -1.06335e-07 -5.3184e-09 6.08786e-08 -1.06171e-07 -2.52279e-07 -4.2762e-07 -0.00030593 
-4.58683e-11 1.39262e-07 -3.45055e-08 -8.29444e-14 7.76387e-08 -7.87459e-08 -7.89581e-08 7.72626e-08 2.48827e-05 -7.89399e-08 -8.00476e-08 -7.90212e-10 -1.84467e-06 -4.52006e-09 -2.77583e-06 -3.93629e-09 7.89199e-08 -5.55728e-12 -7.8028e-08 1.05927e-06 -5.98278e-10 1.11528e-07 -2.36342e-07 -1.4996e-07 -7.89517e-08 7.91527e-08 0 -4.64489e-11 -1.32794e-10 -5.64022e-12 0 -2.17838e-08 -2.40539e-12 -7.1917e-09 -7.05706e-08 -1.63401e-11 -1.11255e-08 -3.88183e-06 -3.28684e-09 -6.15832e-08 -5.00984e-10 0 -7.76336e-08 -4.91846e-08 0 -1.21522e-09 -2.45543e-07 -3.77864e-06 0 -3.0721e-09 -5.2255e-12 -5.34992e-11 -2.10554e-09 7.79928e-08 -7.96252e-08 0 -4.32895e-09 1.89544e-07 7.75263e-08 1.68735e-07 -7.84965e-08 -1.18685e-08 -1.39927e-10 0 -3.06894e-12 -1.561e-07 -8.18811e-09 -7.86016e-08 -7.2029e-10 -7.34257e-09 -1.82478e-11 -1.32711e-12 0 -1.29689e-08 0 -1.03001e-07 7.31756e-07 -1.61742e-11 -1.69589e-07 1.10971e-07 -1.02528e-09 -2.82841e-11 -5.35406e-10 -9.40175e-10 -4.30642e-07 -2.70233e-10 -2.78005e-09 -3.73188e-07 -9.73025e-06 -1.24831e-08 -7.68066e-11 -2.84875e-06 -8.09621e-10 -2.65422e-12 -7.58776e-10 -4.87879e-10 -3.06894e-11 -6.18766e-11 -1.90772e-11 -7.72047e-09 
-5.84779e-09 -0.00312616 0.00138223 -1.05747e-11 -0.00310917 0.00310877 0.00312626 -0.00116609 -7.89399e-08 0.00316234 0.00312016 7.09255e-07 -0.00148654 -5.76266e-07 -0.0030337 -5.01842e-07 -0.0031338 3.59582e-08 0.00311775 2.84174e-05 -7.62751e-08 -0.00312979 -6.24151e-06 0.00311839 0.00312483 -0.00313305 0 1.23408e-06 5.31974e-06 1.99281e-07 0 -2.54724e-06 -3.06665e-10 2.24798e-05 0.00235743 -2.08321e-09 -1.4184e-06 0.00213654 0.000130651 -7.79463e-06 2.20946e-06 0 0.00310897 -0.003069 0 9.8984e-06 4.59388e-05 -0.00232121 0 3.7595e-05 -6.66204e-10 1.97985e-06 3.0549e-06 -0.0031176 0.00313317 0 8.04764e-07 -0.00312167 -0.00309849 -7.86198e-07 0.00312344 -8.59796e-07 -1.78395e-08 0 -3.91263e-10 -1.99013e-05 0.000328016 0.00312371 -9.18304e-08 2.03572e-05 -2.32643e-09 -1.69195e-10 0 -1.65342e-06 0 -9.445e-06 -8.70051e-06 2.04605e-07 -2.16211e-05 -0.00313673 1.9846e-05 3.03061e-07 -6.82595e-08 1.83901e-05 -6.25524e-05 1.04255e-05 0.000111369 -4.75782e-05 -0.00123915 -1.59148e-06 -9.79214e-09 -0.000742102 3.95678e-06 1.06328e-07 -9.67371e-08 -6.22002e-08 1.07275e-06 4.72111e-07 7.64234e-07 0.000308742 
-5.92985e-09 -0.0031134 0.00138223 -1.07231e-11 -0.00310858 0.0030959 0.0031212 -0.00116595 -8.00476e-08 0.00312016 0.00320657 7.07841e-07 -0.00147592 -5.84353e-07 -0.00309887 -5.08884e-07 -0.0031212 3.59482e-08 0.00311564 3.08464e-05 -7.73454e-08 -0.00311698 -1.9911e-05 0.00309946 0.00312001 -0.00312087 0 1.234e-06 5.2895e-06 1.99271e-07 0 -2.58621e-06 -3.10969e-10 2.08569e-05 0.00235596 -2.11244e-09 -1.4383e-06 0.0021009 0.000130628 -5.86481e-06 2.20857e-06 0 0.00310796 -0.00306859 0 9.89623e-06 4.64928e-05 -0.00235036 0 3.75895e-05 -6.75552e-10 1.97975e-06 3.05113e-06 -0.00311591 0.00312111 0 9.80353e-07 -0.0031069 -0.00309748 -8.06352e-07 0.00312109 -8.81029e-07 -1.80898e-08 0 -3.96753e-10 -2.01806e-05 0.000328001 0.00312124 -9.3119e-08 2.03441e-05 -2.35907e-09 -1.71569e-10 0 -1.67662e-06 0 -9.44927e-06 -8.8226e-06 2.04576e-07 -2.13512e-05 -0.00311427 1.98441e-05 3.0301e-07 -6.92173e-08 1.83885e-05 -6.34302e-05 1.04251e-05 0.000111364 -4.82458e-05 -0.0012377 -1.61381e-06 -9.92955e-09 -0.000684385 3.95533e-06 1.06324e-07 -9.80945e-08 -6.3073e-08 1.0727e-06 4.72001e-07 7.642e-07 0.000308585 
-5.85381e-11 -3.19894e-06 7.65963e-07 -1.05856e-13 -7.10916e-07 7.09503e-07 7.09232e-07 -7.86806e-06 -7.90212e-10 7.09255e-07 7.07841e-07 3.17557e-05 -1.08572e-05 -5.7686e-09 -2.80247e-06 -5.02359e-09 -7.09281e-07 -7.09232e-12 7.10419e-07 -1.47116e-05 -7.63536e-10 -2.10767e-06 1.30171e-06 3.76068e-06 7.0924e-07 -7.08984e-07 0 -5.92791e-11 -1.69475e-10 -7.19818e-12 0 -2.7801e-08 -3.06981e-12 -9.17821e-09 -6.00638e-08 -2.08535e-11 -1.41986e-08 -5.20212e-06 -4.19474e-09 2.71406e-07 -6.39368e-10 0 7.10922e-07 -4.46116e-07 0 -1.55089e-09 -2.46701e-07 4.36414e-06 0 -3.92068e-09 -6.6689e-12 -6.82768e-11 -2.68714e-09 -7.10464e-07 7.08381e-07 0 -5.52471e-09 -5.68099e-07 -7.11059e-07 -1.43768e-08 7.09821e-07 -1.51469e-08 -1.78578e-10 0 -3.91666e-12 1.57448e-07 1.3955e-07 7.09687e-07 -9.1925e-10 -9.37076e-09 -2.32882e-11 -1.69369e-12 0 -1.65513e-08 0 -1.31452e-07 -8.70947e-08 -2.06418e-11 -2.16434e-07 -2.85066e-06 -1.30848e-09 -3.60967e-11 -6.83298e-10 -1.19987e-09 2.79717e-06 -3.44877e-10 5.59785e-07 1.5204e-06 4.3887e-06 -1.59312e-08 -9.80222e-11 -3.80027e-06 -1.03326e-09 -3.38738e-12 -9.68367e-10 -6.22642e-10 -3.91666e-11 -7.89682e-11 -2.43468e-11 -9.85304e-09 
2.52433e-07 0.00258334 -0.000667939 1.70422e-09 0.00149565 -0.0014912 -0.00150382 0.0003033 -1.84467e-06 -0.00148654 -0.00147592 -1.08572e-05 0.249873 9.62477e-06 -0.00779755 -6.90129e-05 0.00150538 -6.2484e-08 -0.00150385 0.0194144 -1.14775e-05 0.00197232 0.00120853 -0.00257308 -0.00150848 0.00150135 0 -9.12304e-07 -2.60821e-06 -1.1078e-07 0 -0.000306629 3.27557e-08 -0.000137576 -0.000998456 3.35731e-07 -0.00019882 -0.0316298 -6.45569e-05 0.000151233 -2.86985e-06 0 -0.00149611 -0.00387049 0 -4.01481e-06 -0.00329496 -0.113543 0 -5.48525e-05 -1.02634e-07 -1.04411e-06 1.92483e-05 0.00150239 -0.00148922 0 7.44749e-05 0.00124697 0.00148726 0.000142359 -0.00150969 -0.000216437 1.48502e-06 0 -6.02772e-08 -0.00297118 -0.00016021 -0.00151209 -1.31372e-05 0.000116538 -3.58405e-07 -2.60658e-08 0 -0.00024153 0 0.000692187 0.000559836 -3.17677e-07 -0.0011906 0.00136876 -1.70708e-05 -4.82194e-07 7.40074e-06 -5.23267e-06 -0.00938535 -4.97099e-06 -5.42063e-05 -0.00276446 -0.152102 -0.00022542 1.57811e-06 0.0624626 1.17716e-05 -5.21316e-08 4.49353e-06 8.89089e-06 -6.02772e-07 -9.91986e-07 -3.74696e-07 -0.000151465 
-3.34842e-10 1.76621e-07 -2.51892e-07 -6.055e-13 5.66767e-07 -5.7485e-07 -5.764e-07 -2.62526e-05 -4.52006e-09 -5.76266e-07 -5.84353e-07 -5.7686e-09 9.62477e-06 0.000181617 -1.49702e-05 -2.87352e-08 5.76121e-07 -4.05685e-11 -5.6961e-07 -1.48326e-05 -4.36747e-09 -9.45836e-07 -1.72531e-06 -1.21639e-06 -5.76353e-07 5.7782e-07 0 -3.3908e-10 -9.69406e-10 -4.1174e-11 0 -1.59023e-07 -1.75595e-11 -5.24999e-08 -5.1517e-07 -1.19284e-10 -8.12169e-08 -2.0803e-05 -2.39941e-08 -4.49561e-07 -3.65722e-09 0 -5.6673e-07 -2.6338e-05 0 -8.87118e-09 -1.01582e-06 -7.09586e-05 0 -2.24265e-08 -3.81465e-11 -3.90547e-10 1.46294e-08 5.69353e-07 -5.81269e-07 0 -3.16017e-08 -5.13298e-06 5.65948e-07 6.17764e-07 -5.7303e-07 -8.6641e-08 -1.02148e-09 0 -2.24035e-11 -2.28734e-08 -5.97737e-08 -5.73797e-07 -5.25816e-09 2.8464e-06 -1.3321e-10 -9.688e-12 0 -9.46742e-08 0 6.48142e-06 1.81813e-07 -1.18073e-10 1.28865e-06 -1.57899e-07 -7.48459e-09 -2.06476e-10 -3.9085e-09 -6.86334e-09 -1.09839e-06 -1.97272e-09 -2.02945e-08 -2.7243e-06 -9.91491e-07 2.32206e-07 -5.60693e-10 -8.99157e-06 -5.91029e-09 -1.9376e-11 -5.53911e-09 -3.56155e-09 -2.24035e-10 -4.51703e-10 -1.39265e-10 -5.63599e-08 
5.36455e-08 0.00358366 -0.00133913 -3.23633e-09 0.00302163 -0.00303241 -0.00305718 0.00108226 -2.77583e-06 -0.0030337 -0.00309887 -2.80247e-06 -0.00779755 -1.49702e-05 0.0282555 -1.09619e-07 0.00305677 -1.935e-07 -0.00303665 -0.000403836 -1.64536e-05 0.00311304 -0.00235288 -0.00298219 -0.0030665 0.00305582 0 -1.81234e-06 -5.18136e-06 -1.93403e-07 0 -0.000767786 2.81324e-09 -6.58189e-05 -0.00249939 1.91106e-08 -2.60144e-06 0.00112709 -0.000121299 -0.0012479 -3.8574e-06 0 -0.00302397 0.00396068 0 -1.25121e-05 6.82699e-05 0.0204593 0 -0.000115137 6.11151e-09 -1.93076e-06 -5.24745e-06 0.00303243 -0.00305326 0 -1.1127e-05 0.00493809 0.00301622 -1.40615e-05 -0.0030534 -0.000418142 -8.36347e-07 0 -1.19744e-07 0.000179781 -0.000319484 -0.00305716 -1.42482e-08 -0.000160022 -1.65325e-07 1.55213e-09 0 1.50612e-05 0 -0.00358422 -0.000467615 -1.8775e-07 1.7114e-05 0.00421129 -1.90975e-05 -1.10359e-06 -1.30271e-05 -1.80804e-05 -5.93606e-05 -7.84395e-06 -0.000108252 -0.00204852 -0.00982028 1.0933e-05 -3.93504e-07 -0.01851 -2.84398e-05 -1.03562e-07 -1.38226e-05 -1.01273e-06 -1.11744e-06 -6.20965e-07 -7.44355e-07 -0.000300507 
-2.91597e-10 -1.71347e-05 -2.1936e-07 -5.273e-13 4.9357e-07 -5.00609e-07 -5.01958e-07 4.71179e-07 -3.93629e-09 -5.01842e-07 -5.08884e-07 -5.02359e-09 -6.90129e-05 -2.87352e-08 -1.09619e-07 0.000158165 5.01715e-07 -3.53291e-11 -4.96045e-07 -0.000145148 6.19659e-09 3.52349e-07 -1.50249e-06 -8.92625e-07 -5.01917e-07 5.03195e-07 0 -2.95288e-10 -8.44207e-10 -3.58564e-11 0 4.66818e-06 -1.52917e-11 -4.57195e-08 -4.48636e-07 -1.03878e-10 -7.07278e-08 -2.53507e-05 -2.08953e-08 -3.91501e-07 -3.18489e-09 0 -4.93538e-07 -2.34713e-06 0 -7.72547e-09 2.71568e-06 1.7505e-05 0 -1.95301e-08 -3.32199e-11 -3.40108e-10 -1.33855e-08 4.95821e-07 -5.06199e-07 0 -2.75203e-08 -3.79502e-06 4.92856e-07 -5.16152e-08 -4.99024e-07 4.77882e-07 -8.89555e-10 0 -1.95101e-11 -8.09036e-07 -5.2054e-08 -4.99692e-07 -4.57907e-09 4.33213e-08 -1.16006e-10 -8.4368e-12 0 -8.2447e-08 0 5.7352e-06 -4.33846e-07 -1.02823e-10 -8.74791e-07 -6.8969e-06 -6.51796e-09 -1.79809e-10 -3.40372e-09 -5.97695e-09 0.000108691 -1.71794e-09 -1.76735e-08 4.20754e-06 -7.55781e-06 -7.93581e-08 -4.8828e-10 -1.69725e-05 -5.14698e-09 -1.68736e-11 -4.82374e-09 -3.10158e-09 -1.95101e-10 -3.93366e-10 -1.21279e-10 -4.90811e-08 
5.84631e-09 0.00315044 -0.00138229 1.0572e-11 0.00311021 -0.00313257 -0.00314792 0.00116609 7.89199e-08 -0.0031338 -0.0031212 -7.09281e-07 0.00150538 5.76121e-07 0.00305677 5.01715e-07 0.00316154 -3.59583e-08 -0.00312581 -2.81546e-05 7.62558e-08 0.00315392 4.31054e-06 -0.00313217 -0.00314938 0.00315723 0 -1.86075e-06 -5.31974e-06 -1.99281e-07 0 2.54653e-06 3.06588e-10 -4.69634e-05 -0.00235877 2.08268e-09 1.41804e-06 -0.00213501 -0.000130651 7.79264e-06 -2.20948e-06 0 -0.00311001 0.00308883 0 -9.89844e-06 -5.35734e-05 0.00231808 0 -3.76118e-05 6.66035e-10 -1.97985e-06 -3.05496e-06 0.00312183 -0.00315418 0 -1.3349e-06 0.00314193 0.00309953 7.85835e-07 -0.00314406 8.59413e-07 1.78349e-08 0 3.91164e-10 1.98963e-05 -0.000328016 -0.00314825 9.18072e-08 -2.06008e-05 2.32584e-09 1.69152e-10 0 1.653e-06 0 -5.04995e-07 8.6983e-06 -2.04605e-07 2.16156e-05 0.00314625 -1.9846e-05 -1.05973e-06 6.82422e-08 -1.83902e-05 6.21699e-05 -1.04256e-05 -0.000111369 4.75661e-05 0.00122476 6.51074e-07 9.78966e-09 0.000740164 -3.95681e-06 -1.06328e-07 9.67126e-08 6.21844e-08 -1.07276e-06 -4.72113e-07 -7.64235e-07 -0.000308743 
-4.11678e-13 -3.54168e-08 3.6357e-08 -7.44444e-16 -3.59698e-08 3.59599e-08 3.5958e-08 -3.59732e-08 -5.55728e-12 3.59582e-08 3.59482e-08 -7.09232e-12 -6.2484e-08 -4.05685e-11 -1.935e-07 -3.53291e-11 -3.59583e-08 2.23333e-07 3.59663e-08 1.00457e-08 -5.36968e-12 -3.56657e-08 -2.12122e-09 3.51712e-08 3.59581e-08 -3.59563e-08 0 -4.16889e-13 -1.19186e-12 -5.06222e-14 0 -1.95514e-10 -2.15889e-14 -6.45471e-11 -6.33387e-10 -1.46656e-13 -9.98538e-11 -3.75927e-08 -2.95001e-11 -5.52722e-10 -4.49644e-12 0 3.59699e-08 -1.01693e-07 0 -1.09069e-11 -2.20381e-09 -1.63456e-07 0 -2.75727e-11 -4.69e-14 -4.80167e-13 -1.88977e-11 -3.59667e-08 3.5952e-08 0 -3.88533e-11 -3.49655e-08 -3.59709e-08 -1.01107e-10 3.59621e-08 -1.06523e-10 -1.25588e-12 0 -2.75444e-14 -1.40103e-09 -7.34901e-11 3.59612e-08 -6.46476e-12 -6.59012e-11 -1.63778e-13 -1.19111e-14 0 -1.16399e-10 0 -9.24454e-10 -6.12506e-10 -1.45167e-13 -1.5221e-09 -3.53117e-08 -9.20208e-12 -2.53856e-13 -4.80539e-12 -8.43828e-12 -4.40362e-09 -2.4254e-12 -2.49515e-11 -3.34945e-09 9.93355e-08 -1.12038e-10 -6.89356e-13 1.34412e-07 -7.26652e-12 -2.38222e-14 -6.81018e-12 -4.37882e-12 -2.75444e-13 -5.55356e-13 -1.71222e-13 3.65974e-08 
-5.78024e-09 -0.0031182 0.00138076 -1.04525e-11 -0.00310644 0.00310033 0.0031258 -0.00116587 -7.8028e-08 0.00311775 0.00311564 7.10419e-07 -0.00150385 -5.6961e-07 -0.00303665 -4.96045e-07 -0.00312581 3.59663e-08 0.00312592 2.74756e-05 -7.5394e-08 -0.0031217 -1.68334e-05 0.00310058 0.0031247 -0.00312549 0 1.86081e-06 5.31993e-06 1.99289e-07 0 -2.51515e-06 -3.03123e-10 3.0467e-05 0.00234913 -2.05914e-09 -1.40202e-06 0.00211532 0.000130656 -7.70394e-06 2.2102e-06 0 0.0031053 -0.00306592 0 9.90019e-06 4.91337e-05 -0.00229504 0 3.75995e-05 -6.58508e-10 1.97992e-06 3.058e-06 -0.00311631 0.00312308 0 8.1114e-07 -0.00311187 -0.00309437 -7.69608e-07 0.00312299 -8.42316e-07 -1.76334e-08 0 -3.86743e-10 -1.96714e-05 0.000324735 0.00312585 -9.07696e-08 2.06114e-05 -2.29955e-09 -1.6724e-10 0 -1.63432e-06 0 -7.74664e-06 -8.6e-06 2.04628e-07 -2.13713e-05 -0.00311464 1.98475e-05 4.29769e-07 -6.7471e-08 1.83915e-05 -6.18298e-05 1.04259e-05 0.00011126 -4.70285e-05 -0.00122069 -6.33092e-07 -9.67903e-09 -0.000732605 3.95797e-06 1.06332e-07 -9.56196e-08 -6.14817e-08 1.0728e-06 4.72202e-07 7.64263e-07 0.000308754 
-7.60419e-07 0.00135804 1.75345e-05 1.49936e-10 -2.80285e-05 2.779e-05 2.82237e-05 -0.000117002 1.05927e-06 2.84174e-05 3.08464e-05 -1.47116e-05 0.0194144 -1.48326e-05 -0.000403836 -0.000145148 -2.81546e-05 1.00457e-08 2.74756e-05 0.0429576 -2.11018e-05 3.39734e-05 0.000371059 9.961e-05 2.78855e-05 -2.80188e-05 0 -4.27024e-08 2.10048e-07 1.01957e-08 0 -0.000648469 4.34815e-09 -0.000135013 8.88185e-05 2.95374e-08 -0.000313562 0.00466166 -5.87451e-05 6.29855e-05 -9.24385e-07 0 2.87027e-05 2.58713e-05 0 -1.16533e-05 -0.000137288 -0.00961952 0 -7.52567e-05 9.44599e-09 9.67089e-08 3.66947e-06 -2.5652e-05 2.86095e-05 0 3.12866e-06 0.00091603 -2.91388e-05 2.43596e-07 2.73893e-05 -0.000425752 2.52943e-07 0 5.54764e-09 6.59907e-05 -1.08591e-07 2.75392e-05 -1.4508e-05 -2.20937e-05 -1.47014e-07 2.39898e-09 0 2.04136e-05 0 -0.000754155 8.28292e-06 -5.14096e-07 -0.000750215 0.00078655 -4.34664e-06 -5.78872e-07 -3.53883e-06 1.99528e-07 -0.0150647 -9.63151e-06 -3.28125e-06 -0.00325787 -0.0153775 -0.000103731 1.38841e-07 -0.0235231 -3.22981e-06 4.79796e-09 -9.69172e-06 5.11925e-07 -1.04452e-06 -1.72815e-06 -2.75515e-07 7.40607e-06 
-4.43199e-11 -1.54088e-05 -3.33406e-08 -8.01444e-14 7.50178e-08 -7.60876e-08 -7.62927e-08 -2.34535e-06 -5.98278e-10 -7.62751e-08 -7.73454e-08 -7.63536e-10 -1.14775e-05 -4.36747e-09 -1.64536e-05 6.19659e-09 7.62558e-08 -5.36968e-12 -7.5394e-08 -2.11018e-05 2.40428e-05 -1.26224e-06 -2.28364e-07 -1.61002e-07 -7.62865e-08 7.64807e-08 0 -4.48809e-11 -1.28311e-10 -5.44982e-12 0 1.78023e-05 -2.32419e-12 2.49718e-07 -6.81883e-08 -1.57885e-11 7.59167e-08 -3.93377e-06 -3.17588e-09 -5.95043e-08 -4.84072e-10 0 -7.50129e-08 -2.33246e-05 0 -1.1742e-09 -2.37254e-07 -6.42385e-06 0 9.53698e-07 -5.0491e-12 -5.16932e-11 -2.03447e-09 7.536e-08 -7.69372e-08 0 -4.18282e-09 -1.75702e-05 7.49092e-08 -1.08848e-08 -7.58467e-08 1.46619e-05 -1.35204e-10 0 -2.96534e-12 9.82503e-07 -7.9117e-09 -7.59482e-08 -6.95974e-10 -7.09471e-09 -1.76318e-11 -1.28231e-12 0 1.1208e-06 0 1.77238e-05 -6.59404e-08 -1.56282e-11 -1.63864e-07 -1.75341e-05 -9.90665e-10 -2.73293e-11 -5.17332e-10 -9.08437e-10 1.64659e-05 -2.61111e-10 -2.6862e-09 2.09494e-05 1.32749e-05 1.33127e-06 -7.42138e-11 8.65446e-06 -7.8229e-10 -2.56462e-12 -7.33161e-10 -4.7141e-10 -2.96534e-11 -5.97878e-11 -1.84332e-11 -7.45984e-09 
8.26191e-09 0.00352157 -0.00138047 1.49402e-11 0.00310612 -0.00312867 -0.00314376 0.00124925 1.11528e-07 -0.00312979 -0.00311698 -2.10767e-06 0.00197232 -9.45836e-07 0.00311304 3.52349e-07 0.00315392 -3.56657e-08 -0.0031217 3.39734e-05 -1.26224e-06 0.00446196 -0.000467896 -0.00312855 -0.0031458 0.00315279 0 -1.8583e-06 -5.31275e-06 -1.98984e-07 0 -3.24958e-06 4.33265e-10 -9.99079e-05 -0.00236741 2.94321e-09 2.00395e-06 -0.00194856 -0.000130478 -5.07241e-05 -2.18309e-06 0 -0.00310592 0.00317934 0 -9.83444e-06 -4.10221e-05 0.00214803 0 -3.939e-05 -2.09059e-07 -1.97703e-06 -3.14408e-06 0.00311772 -0.00314972 0 -1.55026e-06 0.00315271 0.00309679 1.3791e-06 -0.00313993 3.94455e-07 -2.04796e-07 0 5.52786e-10 -2.93262e-05 -0.000327585 -0.00314413 -4.3026e-07 -2.07141e-05 3.28684e-09 2.39043e-10 0 -5.03607e-05 0 -6.63391e-06 1.02923e-05 -2.03753e-07 1.82702e-05 0.00315803 -2.0202e-05 -1.05824e-06 9.64388e-08 -1.83407e-05 -7.70577e-05 -1.04113e-05 -0.000111223 -0.000893697 0.000622798 -3.50282e-05 1.38346e-08 0.000658298 -3.91417e-06 -1.06189e-07 1.36673e-07 8.78781e-08 -1.07114e-06 -4.68855e-07 -7.6323e-07 -0.000308336 
-1.7508e-08 -0.00027124 -6.11747e-06 -3.16601e-11 2.20682e-05 -3.63746e-06 -1.20751e-05 2.37795e-06 -2.36342e-07 -6.24151e-06 -1.9911e-05 1.30171e-06 0.00120853 -1.72531e-06 -0.00235288 -1.50249e-06 4.31054e-06 -2.12122e-09 -1.68334e-05 0.000371059 -2.28364e-07 -0.000467896 0.0094078 -2.81418e-05 -1.16327e-05 2.95275e-06 0 6.08937e-07 -5.06877e-08 -2.15288e-09 0 2.38421e-07 -9.18142e-10 4.22382e-05 -1.18236e-05 -6.23703e-09 1.99671e-06 -0.00151181 -7.87926e-07 7.79036e-05 -4.78934e-08 0 -2.20662e-05 -0.00036845 0 -4.63851e-07 -9.11444e-05 -0.00558959 0 3.20404e-06 -1.99458e-09 -2.04207e-08 -5.90357e-07 1.88067e-05 -8.39975e-06 0 -1.0857e-06 -3.04106e-05 1.93653e-05 -3.22324e-06 -1.8209e-05 -4.53024e-06 1.44992e-06 0 -1.17142e-09 -5.71137e-05 8.12493e-08 -1.43057e-05 1.2384e-06 -4.06008e-07 9.70145e-09 -5.06561e-10 0 -2.44694e-06 0 -1.40689e-05 9.52109e-06 -6.17371e-09 -6.26226e-05 -5.24606e-05 -3.9135e-07 -1.07961e-08 -2.04366e-07 -3.58867e-07 -0.000160286 -1.03148e-07 2.48218e-06 0.000155893 -0.000882323 6.7186e-07 -2.93172e-08 0.000757695 -3.09034e-07 -1.01312e-09 -2.89626e-07 -5.28911e-08 -1.17142e-08 -2.36184e-08 -7.28181e-09 -2.94692e-06 
-1.23436e-08 -0.00317929 0.001367 -2.23211e-11 -0.00308881 0.00310847 0.00312224 -0.00114883 -1.4996e-07 0.00311839 0.00309946 3.76068e-06 -0.00257308 -1.21639e-06 -0.00298219 -8.92625e-07 -0.00313217 3.51712e-08 0.00310058 9.961e-05 -1.61002e-07 -0.00312855 -2.81418e-05 0.00665149 0.00312319 -0.00313138 0 1.2275e-06 5.30093e-06 1.98482e-07 0 1.74145e-05 -6.47312e-10 3.98146e-05 0.00234742 -4.39725e-09 -2.99397e-06 0.00188931 0.000128149 -9.54925e-06 2.33518e-06 0 0.00308941 -0.00310544 0 9.75964e-06 4.84087e-05 -0.00207833 0 2.85099e-05 -1.40623e-09 1.97227e-06 2.96338e-06 -0.00309957 0.00313855 0 8.11707e-07 -0.00319397 -0.00307875 -2.23154e-06 0.00312105 8.66075e-07 -3.76557e-08 0 -8.2588e-10 -4.01046e-05 0.0003259 0.00312211 -1.93836e-07 2.04607e-05 -4.91064e-09 -3.57137e-10 0 -3.44339e-06 0 1.15349e-05 7.41567e-07 2.02314e-07 -4.19247e-05 -0.00341473 1.97308e-05 9.29055e-07 -1.44083e-07 1.8257e-05 -5.87394e-05 8.35061e-06 0.000110655 -6.82817e-05 -0.00254717 -3.3593e-06 2.366e-06 -0.00147087 2.19212e-06 1.05952e-07 -2.04193e-07 -1.31293e-07 9.58408e-07 4.63348e-07 7.61533e-07 0.000301622 
-5.84867e-09 -0.00314211 0.00138229 -1.05763e-11 -0.00310949 0.00312361 0.00314533 -0.00116622 -7.89517e-08 0.00312483 0.00312001 7.0924e-07 -0.00150848 -5.76353e-07 -0.0030665 -5.01917e-07 -0.00314938 3.59581e-08 0.0031247 2.78855e-05 -7.62865e-08 -0.0031458 -1.16327e-05 0.00312319 0.00316281 -0.00314868 0 1.86074e-06 5.31973e-06 1.99281e-07 0 -2.54765e-06 -3.06711e-10 4.79197e-05 0.00235346 -2.08352e-09 -1.41861e-06 0.00212554 0.000130648 -7.79581e-06 2.20945e-06 0 0.00310905 -0.00309562 0 9.89838e-06 5.23941e-05 -0.00232149 0 3.76116e-05 -6.66304e-10 1.97984e-06 3.05486e-06 -0.00312087 0.00314582 0 1.34468e-06 -0.00313748 -0.00309857 -7.86414e-07 0.00314288 -8.60023e-07 -1.78421e-08 0 -3.91321e-10 -1.97643e-05 0.000328016 0.00314708 -9.18442e-08 2.06004e-05 -2.32678e-09 -1.6922e-10 0 -1.51367e-06 0 1.31636e-06 -8.70182e-06 2.04604e-07 -2.16243e-05 -0.00313741 1.98459e-05 1.05973e-06 -6.82697e-08 1.83901e-05 -6.25618e-05 1.04255e-05 0.000111369 -4.7272e-05 -0.00121439 -6.51716e-07 -9.79361e-09 -0.000728814 3.95677e-06 1.06328e-07 -9.67516e-08 -6.22095e-08 1.07275e-06 4.7211e-07 7.64234e-07 0.000308742 
5.86356e-09 0.00315007 -0.00138198 1.06032e-11 0.00310988 -0.00313175 -0.00314753 0.00116576 7.91527e-08 -0.00313305 -0.00312087 -7.08984e-07 0.00150135 5.7782e-07 0.00305582 5.03195e-07 0.00315723 -3.59563e-08 -0.00312549 -2.80188e-05 7.64807e-08 0.00315279 2.95275e-06 -0.00313138 -0.00314868 0.00317083 0 -1.86073e-06 -5.31969e-06 -1.99279e-07 0 2.55472e-06 3.07492e-10 -4.65907e-05 -0.00235874 2.08883e-09 1.42223e-06 -0.00213856 -0.00013065 7.75247e-06 -2.20929e-06 0 -0.00310968 0.00308795 0 -9.89799e-06 -5.27677e-05 0.00231962 0 -3.75939e-05 6.68e-10 -1.97983e-06 -3.05417e-06 0.0031215 -0.00315385 0 -1.33328e-06 0.00314147 0.00309931 7.90071e-07 -0.00314374 8.63875e-07 1.78876e-08 0 3.92318e-10 1.9955e-05 -0.000328003 -0.00314755 9.2078e-08 -2.0598e-05 2.3327e-09 1.69651e-10 0 1.65788e-06 0 -1.52931e-07 8.72397e-06 -2.04599e-07 2.16794e-05 0.00314547 -1.98456e-05 -1.05972e-06 6.84435e-08 -1.83898e-05 6.17811e-05 -1.04255e-05 -0.000111368 4.47364e-05 0.00122741 6.55768e-07 9.81854e-09 0.000736624 -3.9565e-06 -1.06327e-07 9.69979e-08 6.23679e-08 -1.07274e-06 -4.7209e-07 -7.64228e-07 -0.00030874 
0 0 0 0 0 0 0 0 0 0 0 0 0 0 0 0 0 0 0 0 0 0 0 0 0 0 0 0 0 0 0 0 0 0 0 0 0 0 0 0 0 0 0 0 0 0 0 0 0 0 0 0 0 0 0 0 0 0 0 0 0 0 0 0 0 0 0 0 0 0 0 0 0 0 0 0 0 0 0 0 0 0 0 0 0 0 0 0 0 0 0 0 0 0 0 0 0 0 0 0 
-3.44089e-12 -1.85622e-06 1.15408e-06 -6.22222e-15 -1.23418e-06 1.86076e-06 1.86074e-06 -1.0542e-06 -4.64489e-11 1.23408e-06 1.234e-06 -5.92791e-11 -9.12304e-07 -3.3908e-10 -1.81234e-06 -2.95288e-10 -1.86075e-06 -4.16889e-13 1.86081e-06 -4.27024e-08 -4.48809e-11 -1.8583e-06 6.08937e-07 1.2275e-06 1.86074e-06 -1.86073e-06 0 1.86666e-06 -9.96178e-12 -4.23111e-13 0 -1.63415e-09 -1.80444e-13 6.26127e-07 -5.29398e-09 -1.22578e-12 -8.34599e-10 1.89126e-07 1.2642e-07 -4.61977e-09 -3.75822e-11 0 1.23418e-06 -1.8251e-06 0 -9.11618e-11 1.6158e-07 -1.3662e-06 0 -2.30459e-10 -3.92e-13 -4.01333e-12 -1.57951e-10 -1.84748e-06 1.23403e-06 0 -3.24744e-10 -1.85245e-06 -1.23418e-06 -8.45071e-10 1.23411e-06 -8.90338e-10 -1.04969e-11 0 -2.30222e-13 -1.17101e-08 -6.14245e-10 1.86077e-06 -5.40338e-11 -5.50816e-10 -1.36889e-12 -9.95556e-14 0 -9.72888e-10 0 -7.72678e-09 -5.11945e-09 -1.21333e-12 -1.2722e-08 -1.22867e-06 -7.69129e-11 -2.12178e-12 -4.01644e-11 -7.05289e-11 -3.68064e-08 -2.0272e-11 -2.0855e-10 -2.79954e-08 -1.03265e-07 6.12397e-07 -5.76178e-12 -4.36753e-07 -6.07351e-11 -1.99111e-13 -5.69209e-11 -3.65991e-11 -2.30222e-12 -4.64178e-12 -1.43111e-12 4.59421e-07 
-9.83726e-12 -5.3068e-06 5.29927e-06 -1.77889e-14 -5.32002e-06 5.31978e-06 5.31973e-06 -4.99343e-06 -1.32794e-10 5.31974e-06 5.2895e-06 -1.69475e-10 -2.60821e-06 -9.69406e-10 -5.18136e-06 -8.44207e-10 -5.31974e-06 -1.19186e-12 5.31993e-06 2.10048e-07 -1.28311e-10 -5.31275e-06 -5.06877e-08 5.30093e-06 5.31973e-06 -5.31969e-06 0 -9.96178e-12 5.33664e-06 -1.20964e-12 0 -4.67191e-09 -5.15878e-13 2.84576e-08 1.15153e-06 -3.50441e-12 -2.38606e-09 -7.74964e-07 -7.0492e-10 -1.32076e-08 -1.07445e-10 0 5.32002e-06 -5.21782e-06 0 -2.60625e-10 -2.26611e-08 -3.90588e-06 0 -6.58865e-10 -1.1207e-12 -1.14738e-11 -4.51571e-10 -5.31994e-06 5.31959e-06 0 -9.2842e-10 -5.29602e-06 -5.32004e-06 -2.416e-09 5.31983e-06 -2.54541e-09 -3.00099e-11 0 -6.58189e-13 -3.34784e-08 -1.75608e-09 5.31981e-06 -1.54479e-10 -1.57474e-09 -3.91356e-12 -2.84622e-13 0 -2.78142e-09 0 -2.20903e-08 -1.46361e-08 -3.46883e-12 -3.63714e-08 -5.30429e-06 -2.19888e-10 -6.06601e-12 -1.14827e-10 -2.01637e-10 -1.05227e-07 -5.79562e-11 3.99404e-07 -8.00368e-08 -2.08682e-06 -2.67721e-09 -1.64725e-11 -1.24865e-06 -1.73637e-10 -5.69244e-13 -1.62733e-10 -1.04634e-10 -6.58189e-12 -1.32705e-11 -4.09144e-12 3.34834e-06 
-4.17822e-13 -1.98731e-07 1.99686e-07 -7.55556e-16 -1.99293e-07 1.99283e-07 1.99281e-07 -1.99296e-07 -5.64022e-12 1.99281e-07 1.99271e-07 -7.19818e-12 -1.1078e-07 -4.1174e-11 -1.93403e-07 -3.58564e-11 -1.99281e-07 -5.06222e-14 1.99289e-07 1.01957e-08 -5.44982e-12 -1.98984e-07 -2.15288e-09 1.98482e-07 1.99281e-07 -1.99279e-07 0 -4.23111e-13 -1.20964e-12 2.26667e-07 0 -1.98432e-10 -2.19111e-14 -6.55104e-11 -6.4284e-10 -1.48844e-13 -1.01344e-10 -3.81538e-08 -2.99404e-11 -5.60972e-10 -4.56356e-12 0 1.99293e-07 -1.94952e-07 0 -1.10696e-11 -2.2367e-09 -1.39229e-07 0 -2.79843e-11 -4.76e-14 -4.87333e-13 -1.91798e-11 -1.9929e-07 1.99275e-07 0 -3.94332e-11 -1.98273e-07 -1.99294e-07 -1.02616e-10 1.99285e-07 -1.08112e-10 -1.27462e-12 0 -2.79556e-14 -1.42194e-09 -7.45869e-11 1.99284e-07 -6.56124e-12 -6.68848e-11 -1.66222e-13 -1.20889e-14 0 -1.18136e-10 0 -9.38252e-10 -6.21648e-10 -1.47333e-13 -1.54482e-09 -1.98625e-07 -9.33942e-12 -2.57644e-13 -4.87711e-12 -8.56422e-12 -4.46934e-09 -2.4616e-12 1.99975e-07 -3.39944e-09 -8.86346e-08 -1.1371e-10 -6.99644e-13 -5.30343e-08 -7.37498e-12 -2.41778e-14 -6.91182e-12 -4.44418e-12 -2.79556e-13 -5.63644e-13 -1.73778e-13 -7.03271e-11 
0 0 0 0 0 0 0 0 0 0 0 0 0 0 0 0 0 0 0 0 0 0 0 0 0 0 0 0 0 0 0 0 0 0 0 0 0 0 0 0 0 0 0 0 0 0 0 0 0 0 0 0 0 0 0 0 0 0 0 0 0 0 0 0 0 0 0 0 0 0 0 0 0 0 0 0 0 0 0 0 0 0 0 0 0 0 0 0 0 0 0 0 0 0 0 0 0 0 0 0 
-1.61372e-09 -0.000559814 -9.83959e-07 -2.91812e-12 2.50146e-06 -2.37374e-06 -2.48788e-06 -3.38442e-07 -2.17838e-08 -2.54724e-06 -2.58621e-06 -2.7801e-08 -0.000306629 -1.59023e-07 -0.000767786 4.66818e-06 2.54653e-06 -1.95514e-10 -2.51515e-06 -0.000648469 1.78023e-05 -3.24958e-06 2.38421e-07 1.74145e-05 -2.54765e-06 2.55472e-06 0 -1.63415e-09 -4.67191e-09 -1.98432e-10 0 0.00087467 -8.46255e-11 4.03175e-08 -2.48279e-06 -5.7487e-10 1.11192e-06 -0.000118782 -1.15636e-07 5.5034e-06 -1.76255e-08 0 -2.50128e-06 -9.21241e-05 0 5.9058e-07 -6.47862e-06 -0.000512547 0 7.32119e-05 -1.83842e-10 -1.88219e-09 -7.40765e-08 2.51392e-06 -2.57134e-06 0 -1.523e-07 -0.000712205 2.4975e-06 -3.96325e-07 -2.53164e-06 0.000417152 2.45077e-07 0 -1.07971e-10 -5.49185e-06 -2.88071e-07 -2.53534e-06 -2.5341e-08 -2.58324e-07 -6.41987e-10 -4.669e-11 0 -4.56269e-07 0 0.000700583 6.54573e-06 -5.69034e-10 -5.72976e-06 -0.000741192 -3.60709e-08 -9.9508e-10 -1.88365e-08 -3.30769e-08 0.000641288 -9.50724e-09 -9.78067e-08 0.000735551 0.000430537 2.24083e-06 -2.70218e-09 0.000566023 3.2485e-07 -9.33799e-11 3.40997e-06 -1.71644e-08 -1.07971e-09 -2.17692e-09 -6.71168e-10 -4.16188e-08 
-1.78189e-13 5.41004e-10 -1.34047e-10 -3.22222e-16 3.0161e-10 -3.05912e-10 -3.06736e-10 3.00149e-10 -2.40539e-12 -3.06665e-10 -3.10969e-10 -3.06981e-12 3.27557e-08 -1.75595e-11 2.81324e-09 -1.52917e-11 3.06588e-10 -2.15889e-14 -3.03123e-10 4.34815e-09 -2.32419e-12 4.33265e-10 -9.18142e-10 -6.47312e-10 -3.06711e-10 3.07492e-10 0 -1.80444e-13 -5.15878e-13 -2.19111e-14 0 -8.46255e-11 9.66667e-08 -2.79383e-11 -2.74152e-10 -6.34778e-14 -4.32203e-11 -1.62715e-08 -1.27687e-11 -2.39238e-10 -1.94622e-12 0 -3.01591e-10 2.15275e-09 0 -4.72088e-12 -9.53886e-10 -5.40831e-08 0 -1.19345e-11 -2.03e-14 -2.07833e-13 -8.17961e-12 3.02986e-10 -3.09328e-10 0 -1.68171e-11 7.36341e-10 3.01174e-10 -4.37626e-11 -3.04943e-10 -4.61068e-11 -5.43589e-13 0 -1.19222e-14 -6.06416e-10 -3.18091e-11 -3.05351e-10 -2.79818e-12 -2.85244e-11 -7.08889e-14 -5.15556e-15 0 -5.03817e-11 0 -4.00137e-10 -2.65114e-10 -6.28333e-14 -6.5882e-10 5.86493e-10 -3.98299e-12 -1.09878e-13 -2.07994e-12 -3.65239e-12 -1.90604e-09 -1.0498e-12 -1.07999e-11 -1.44976e-09 -3.78e-08 -4.84941e-11 -2.98378e-13 -2.26176e-08 -3.14521e-12 -1.03111e-14 -2.94769e-12 -1.89531e-12 -1.19222e-13 -2.40378e-13 -7.41111e-14 -2.99924e-11 
-5.32754e-10 -0.000102146 6.85589e-06 -9.63389e-13 -2.23716e-05 4.48054e-05 4.40796e-05 -3.27261e-06 -7.1917e-09 2.24798e-05 2.08569e-05 -9.17821e-09 -0.000137576 -5.24999e-08 -6.58189e-05 -4.57195e-08 -4.69634e-05 -6.45471e-11 3.0467e-05 -0.000135013 2.49718e-07 -9.99079e-05 4.22382e-05 3.98146e-05 4.79197e-05 -4.65907e-05 0 6.26127e-07 2.84576e-08 -6.55104e-11 0 4.03175e-08 -2.79383e-11 0.000288933 1.09537e-05 -1.89788e-10 -1.29221e-07 -1.76989e-05 2.80182e-06 1.58053e-07 -5.81887e-09 0 2.06016e-05 -0.00016882 0 -1.41146e-08 7.23471e-06 1.32803e-05 0 6.76513e-08 -6.06935e-11 -6.21386e-10 -2.44556e-08 -2.66541e-05 4.34852e-05 0 5.16386e-07 -5.28685e-05 -2.18795e-05 -1.30843e-07 4.30449e-05 -1.24518e-07 -1.62524e-09 0 -3.56454e-11 -1.81308e-06 4.0249e-06 4.69871e-05 -8.36607e-09 1.5805e-07 -2.11946e-10 -1.54142e-11 0 -1.50633e-07 0 1.3037e-05 -7.92647e-07 -1.87861e-10 -1.96976e-06 -4.37465e-05 -1.19085e-08 7.56338e-07 -6.21868e-09 -1.092e-08 2.98513e-05 3.66861e-07 -3.22899e-08 5.78021e-05 0.000114178 1.35501e-06 -8.92098e-10 -6.37935e-06 2.70596e-07 -3.08284e-11 -8.81308e-09 -5.66665e-09 -3.56454e-10 -7.18688e-10 -2.21579e-10 2.74033e-06 
-5.2278e-09 -0.00235481 0.000704374 -9.45353e-12 -0.00235194 0.00233428 0.0023543 -0.000714987 -7.05706e-08 0.00235743 0.00235596 -6.00638e-08 -0.000998456 -5.1517e-07 -0.00249939 -4.48636e-07 -0.00235877 -6.33387e-10 0.00234913 8.88185e-05 -6.81883e-08 -0.00236741 -1.18236e-05 0.00234742 0.00235346 -0.00235874 0 -5.29398e-09 1.15153e-06 -6.4284e-10 0 -2.48279e-06 -2.74152e-10 1.09537e-05 0.00282802 -1.86235e-09 -1.26802e-06 0.00177807 3.92538e-06 -6.66223e-06 8.6234e-08 0 0.00235192 -0.00238006 0 8.67816e-06 -1.34256e-05 -0.00206097 0 2.35319e-06 -5.95573e-10 5.03902e-07 1.47336e-06 -0.00235246 0.0023583 0 -4.93389e-07 -0.00237004 -0.00235597 -1.28393e-06 0.00235419 -1.35271e-06 -1.59481e-08 0 -3.49781e-10 -1.76947e-05 0.000146733 0.00235454 -8.20945e-08 1.58331e-05 -2.07978e-09 -1.51257e-10 0 -1.47813e-06 0 -4.71277e-06 -5.67141e-06 -1.84344e-09 -1.49922e-05 -0.00235066 1.15298e-05 -3.22365e-09 -6.10226e-08 1.86618e-06 -5.59206e-05 -3.07996e-08 7.26479e-07 -3.94972e-05 -0.00100574 -1.42275e-06 -8.75397e-09 -0.000422527 5.10574e-08 -3.02513e-10 -8.64809e-08 -5.56057e-08 3.76502e-07 4.69614e-07 -2.17431e-09 7.70673e-06 
-1.21046e-12 3.6751e-09 -9.10593e-10 -2.18889e-15 2.04887e-09 -2.07809e-09 -2.08369e-09 2.03895e-09 -1.63401e-11 -2.08321e-09 -2.11244e-09 -2.08535e-11 3.35731e-07 -1.19284e-10 1.91106e-08 -1.03878e-10 2.08268e-09 -1.46656e-13 -2.05914e-09 2.95374e-08 -1.57885e-11 2.94321e-09 -6.23703e-09 -4.39725e-09 -2.08352e-09 2.08883e-09 0 -1.22578e-12 -3.50441e-12 -1.48844e-13 0 -5.7487e-10 -6.34778e-14 -1.89788e-10 -1.86235e-09 6.56666e-07 -2.936e-10 -4.72004e-08 -8.67391e-11 -1.62517e-09 -1.32209e-11 0 -2.04874e-09 -4.22043e-07 0 -3.20694e-11 -6.47985e-09 -4.80611e-07 0 -8.10721e-11 -1.379e-13 -1.41183e-12 -5.55649e-11 2.05822e-09 -2.10129e-09 0 -1.1424e-10 5.00204e-09 2.04591e-09 -2.97284e-10 -2.07151e-09 -3.13208e-10 -3.69266e-12 0 -8.09889e-14 -4.11945e-09 -2.16083e-10 -2.07428e-09 -1.90083e-11 -1.93769e-10 -4.81556e-13 -3.50222e-14 0 -3.42248e-10 0 -2.71817e-09 -1.80095e-09 -4.26833e-13 -4.47543e-09 3.98411e-09 -2.70569e-11 -7.46411e-13 -1.41293e-11 -2.48111e-11 -1.29479e-08 -7.1314e-12 -7.3365e-11 -9.84838e-09 -2.5678e-07 -3.29426e-10 -2.02691e-12 2.1969e-07 -2.13657e-11 -7.00444e-14 -2.0024e-11 -1.2875e-11 -8.09889e-13 -1.63291e-12 -5.03444e-13 -2.03742e-10 
