6.81995e-06 -7.28231e-09 7.24778e-07 -4.71191e-08 1.00796e-07 5.97896e-06 -3.5667e-09 -3.51003e-11 1.32396e-07 -1.7692e-06 -1.40701e-06 -3.19078e-07 -2.95261e-10 -4.50383e-08 -7.72933e-12 -3.04789e-07 -3.35287e-07 -5.79658e-08 8.46524e-07 -8.46427e-08 -5.4997e-06 -5.82121e-06 -5.8652e-11 9.0294e-08 -1.4096e-06 -3.15325e-09 -4.34715e-08 1.08612e-06 -2.15898e-10 -1.29944e-10 5.97548e-08 -5.03658e-08 -1.0167e-07 4.1765e-08 -8.03669e-10 6.74832e-07 -1.95507e-07 -1.92073e-08 1.77967e-06 3.55231e-07 -7.34059e-11 -1.38884e-07 -9.40711e-08 -1.57447e-09 -4.06599e-08 -4.85373e-07 -4.50877e-09 -7.09369e-08 -1.66181e-10 -1.25513e-09 -3.34112e-10 1.77406e-07 -2.63524e-07 -1.54034e-08 -4.57583e-09 -1.92172e-08 3.11488e-07 -2.11443e-10 4.53464e-07 -1.2165e-08 1.83218e-06 -1.36218e-10 -1.04201e-08 -3.25357e-09 -1.02292e-07 -8.77432e-09 -1.01711e-08 -1.94052e-06 -1.32822e-07 -3.27315e-08 0 -2.04952e-07 -5.57171e-08 -3.86467e-12 -4.12395e-08 -1.03282e-07 -1.17607e-08 -1.63781e-08 -7.73222e-09 -5.5367e-10 -1.06843e-08 -1.24107e-08 4.47546e-06 -6.3003e-08 -2.96395e-09 1.06522e-06 -6.97867e-09 1.7589e-06 8.82489e-08 -2.39688e-07 -5.49876e-06 -1.69548e-06 2.71241e-07 -8.84169e-08 -1.18795e-07 -1.14712e-10 -1.60932e-09 1.44877e-07 -1.35876e-07 -3.26865e-08 
-7.28231e-09 0.00106665 -5.08986e-06 0.00102131 -6.21405e-06 -5.86147e-05 3.34824e-06 -5.49554e-09 -0.00102744 -0.00100577 -0.000817333 0.000913078 -4.6228e-08 3.12152e-05 -1.21016e-09 -3.87899e-05 0.000802679 0.000654604 -6.54733e-05 -9.59461e-05 -0.00101596 1.49702e-05 -9.18297e-09 -0.000937664 -0.00096203 0.000175786 -6.8062e-06 0.000888726 -3.38026e-08 -2.03449e-08 -3.8394e-08 2.6641e-05 0.00102534 -0.00100604 6.12642e-05 5.5882e-06 -2.76567e-05 -3.00723e-06 0.000915494 -0.000956849 -1.14929e-08 -1.18446e-05 0.000870805 6.80349e-06 -3.26933e-06 0.000961045 -7.05924e-07 -9.6797e-06 4.03982e-07 7.57682e-06 -5.23109e-08 1.16059e-06 -5.42312e-05 -1.885e-06 -7.16424e-07 3.48789e-06 -0.000959001 -3.31049e-08 -2.16702e-05 2.25869e-06 0.000664236 7.53394e-08 3.80386e-05 -2.62735e-07 0.00102555 -1.37377e-06 -1.34579e-06 -0.000918864 -5.95491e-05 5.062e-06 0 0.000310201 -8.47679e-06 -6.05079e-10 -6.45675e-06 0.0010239 -0.000833456 -2.56427e-06 0.000326126 -8.66865e-08 4.9372e-06 4.2769e-06 -6.73907e-06 -9.86419e-06 3.34959e-05 -7.47953e-07 1.09887e-05 0.000753997 -4.23519e-06 -4.89193e-05 -0.000884409 -0.00082357 -0.000985917 0.00011126 -5.72396e-05 3.28706e-07 -2.51966e-07 1.64714e-07 -1.86137e-05 1.5713e-08 
7.24778e-07 -5.08986e-06 0.00562135 -0.000100646 -6.56245e-05 -0.000236014 -2.78988e-06 -2.90957e-08 3.42538e-05 0.000171848 -0.00395065 -0.000339187 8.98583e-07 -9.29026e-06 -6.40708e-09 -0.000252649 -0.000201242 4.7447e-05 0.000958222 -0.000136199 -0.000131594 -0.000639719 -4.86184e-08 3.2562e-05 0.000463994 -6.70492e-07 -6.49152e-06 -0.000403347 -2.29818e-09 1.28952e-07 1.05006e-06 -4.17498e-05 -1.57975e-05 9.47844e-05 -2.86186e-07 -1.44496e-05 -0.000154805 -1.52649e-05 -9.54596e-06 0.000419614 -6.08484e-08 -6.31829e-06 -3.38318e-05 -4.65122e-07 -3.32576e-05 -0.000467078 2.47992e-05 -1.81217e-05 -1.37752e-07 2.06292e-06 7.97112e-08 -2.14993e-06 -0.000343897 -1.20484e-05 -3.67638e-06 0.00011903 0.000474142 1.13953e-08 -0.000125647 -7.36064e-06 -7.33881e-05 2.77708e-06 -8.67518e-07 -2.01365e-06 -2.22832e-05 3.14667e-05 3.95514e-07 0.000583797 -0.000385522 -2.68121e-05 0 -0.000102951 5.51177e-05 -3.20354e-09 -3.3098e-05 -2.15073e-05 0.0001382 -1.34963e-05 -4.90281e-06 -3.72288e-07 -8.74651e-06 -1.02876e-05 -6.2065e-05 0.000440588 -1.99024e-06 2.548e-05 -0.000145139 -0.000482926 -4.02753e-05 -0.000330799 -0.000622413 0.000675568 0.000301917 4.48189e-06 -0.000391205 -9.50886e-08 -1.33401e-06 -1.72648e-05 -0.000112632 -2.51548e-05 
-4.71191e-08 0.00102131 -0.000100646 0.0321929 0.0107683 -0.00182676 0.000275294 -1.28061e-07 -0.0178462 -0.0295337 -0.0252927 0.025988 3.71825e-06 0.00507218 1.52258e-07 -0.00125609 0.0129057 0.00776168 -0.0021072 -0.00244134 -0.0142193 -0.0101327 3.4136e-06 -0.0273428 -0.0291588 0.000422316 -0.000209927 0.0272325 -9.30894e-07 -5.07846e-07 -1.19743e-06 0.000985645 0.0141326 -0.0237611 0.000103046 -0.00070267 0.00992399 -8.96689e-05 0.0139821 -0.0293386 -3.5844e-07 0.00685086 0.0130065 1.81719e-05 -0.000185045 0.0285029 -1.81829e-05 -0.000310737 1.48419e-05 2.11123e-06 2.36485e-05 0.000219275 0.00723648 0.000993369 -2.15604e-05 0.000275186 -0.0292837 4.1753e-07 -0.000778117 0.000502355 0.0123132 1.61148e-05 0.000534676 5.42529e-05 0.0142224 -4.19315e-05 -2.03254e-05 -0.0164506 0.00620893 0.00269298 0 0.0122314 -0.000252972 2.61129e-07 0.00245812 0.0143598 -0.0261901 -7.99739e-05 0.00108241 -2.64356e-06 0.00110706 0.00156538 -0.000353187 -0.000292819 0.000388287 -1.54703e-05 0.0170565 0.0127609 0.00245425 0.00323107 -0.0271343 -0.0220445 -0.0144505 0.0070206 0.00803943 6.93195e-07 0.000153948 -5.18372e-05 0.0126954 0.000272826 
1.00796e-07 -6.21405e-06 -6.56245e-05 0.0107683 0.0114786 -0.000635596 -5.14691e-06 -5.97707e-08 8.78046e-05 -0.00914864 -0.00882869 0.0105718 3.37388e-06 0.000584336 -1.31619e-08 -0.000111172 -0.000661372 -9.37308e-05 -0.00065572 -0.000940854 0.000273407 -0.00950746 -8.65425e-08 -0.0102472 -0.0102197 -4.36619e-06 -6.54223e-05 0.00963655 -2.44311e-07 -2.21275e-07 -4.17582e-07 0.000249131 -0.00017107 -0.00948299 -1.36853e-06 -0.000252427 0.00820486 -3.27073e-05 -0.000173859 -0.0104052 2.01667e-07 0.00285078 -0.00015723 -2.50775e-06 -4.48846e-05 0.0103578 -3.21778e-06 -0.000120795 1.49837e-05 -1.7073e-06 2.18611e-05 0.000242687 0.00838448 -1.23665e-05 -7.53198e-06 0.000129783 -0.0104246 -3.60056e-07 -0.000245837 8.0358e-05 -0.000220791 1.01374e-07 0.000127253 -3.30703e-06 -0.000170092 -1.43114e-05 -6.69328e-06 -0.0043988 0.00792226 0.000200356 0 -0.00020701 -9.25749e-05 -6.58097e-09 0.000629548 -0.000167298 -0.0103562 -2.72562e-05 7.96598e-05 -9.4282e-07 5.80363e-05 3.1193e-05 -0.000132607 -0.000106928 -2.83051e-06 1.0511e-07 0.0109977 0.000365898 0.00116606 0.00484125 -0.00961871 -0.00842097 -0.00108319 -0.000118128 0.00945107 2.31328e-07 0.000157926 -4.64766e-05 0.00789246 7.1393e-05 
5.97896e-06 -5.86147e-05 -0.000236014 -0.00182676 -0.000635596 0.0518803 -2.66714e-05 -2.82519e-07 0.000889255 0.00158331 0.00223937 -0.0033728 -2.73195e-07 -0.000360306 -6.22128e-08 -0.00182335 -0.0031338 -0.000466562 0.0107987 -0.00382206 -0.00353861 -0.0134177 -4.72085e-07 -0.00154932 0.00391908 -2.53803e-05 0.000281398 -0.0016368 7.82558e-06 6.61076e-06 3.17362e-05 -0.000403037 -0.000816005 0.00178342 -6.32866e-06 0.00216001 -0.00154753 3.27186e-05 -0.000467418 0.00451481 1.71249e-06 -0.00109197 -0.000730258 2.56573e-05 -0.000208135 -0.0052564 -1.29407e-05 -0.000372838 -1.33757e-06 8.20089e-06 -1.57924e-06 -2.06792e-05 -0.000597123 -0.000118141 0.000610373 -6.99478e-05 0.00456606 1.69811e-06 0.00375362 -5.92654e-05 0.00329295 -1.09641e-06 -6.8887e-05 -2.61877e-05 -0.000823222 4.72329e-05 -8.09299e-05 -0.00506901 -0.000517656 -0.000262956 0 -0.0015595 -0.000116513 -3.11064e-08 -0.000329334 -0.000831192 -0.00055336 0.0022495 -6.17627e-05 7.23969e-05 -8.51301e-05 -9.98927e-05 0.00656709 -0.000475683 -2.37166e-05 0.000135839 -0.0015046 0.00709023 -0.00070494 -0.00280668 -0.0108014 -0.0355261 0.00291266 -0.000711307 0.000686937 -9.23311e-07 -1.29532e-05 -3.36509e-05 -0.00109254 -0.000263091 
-3.5667e-09 3.34824e-06 -2.78988e-06 0.000275294 -5.14691e-06 -2.66714e-05 0.000522703 -2.69159e-09 -0.000304841 -0.000304645 -0.000398587 -1.97073e-05 5.70692e-07 0.000316046 1.89407e-07 -2.33721e-05 -2.5484e-05 3.89784e-05 -3.19524e-05 -3.85625e-05 1.95223e-06 5.10045e-05 -4.4976e-09 -3.03577e-06 -0.000276067 -2.418e-07 -3.27685e-06 0.000115317 -1.65557e-08 -9.96445e-09 -1.88045e-08 3.94475e-07 -4.89635e-06 -0.000302844 3.01706e-07 -1.28678e-05 -6.36205e-06 -1.47287e-06 -7.63218e-06 -0.000270665 -5.62897e-09 0.000206993 -6.97697e-06 2.95932e-07 -3.11792e-06 1.4024e-05 -3.45745e-07 -5.43964e-06 4.17257e-07 -9.62469e-08 -2.56206e-08 -1.98886e-07 -3.19973e-05 -1.17451e-06 -3.50888e-07 5.68397e-05 -0.000274913 -1.6214e-08 -1.22592e-05 7.91338e-05 -9.60064e-06 -1.04456e-08 5.3941e-05 -2.49493e-07 -7.60739e-06 6.73828e-07 -7.7995e-07 -8.13827e-05 -3.72797e-05 0.00026951 0 -1.50463e-05 -2.96255e-06 -2.96353e-10 1.45743e-05 -7.45332e-06 -0.000293786 -1.25592e-06 -1.82928e-07 -4.2457e-08 0.000239967 0.000266215 -2.74155e-06 -4.14458e-06 5.22994e-05 -3.66329e-07 0.000307975 -4.67558e-05 1.35427e-06 -3.21829e-05 -0.000206469 4.56295e-05 -9.96427e-06 3.65299e-05 -3.61341e-05 -8.79647e-09 -1.23407e-07 -1.31876e-06 0.000232554 9.16844e-07 
-3.51003e-11 -5.49554e-09 -2.90957e-08 -1.28061e-07 -5.97707e-08 -2.82519e-07 -2.69159e-09 5.14664e-06 5.65784e-08 6.86345e-08 -1.89497e-07 -2.23292e-07 -2.22816e-10 -3.39878e-08 1.09994e-07 -2.30007e-07 2.45851e-07 -4.37435e-08 -3.29635e-07 4.46164e-07 -1.04061e-06 3.54248e-07 -4.42613e-11 4.28906e-07 4.50003e-07 -2.37958e-09 -3.28055e-08 -7.16757e-07 -1.62926e-10 -9.80612e-11 -1.85057e-10 -3.80082e-08 -3.33913e-08 1.40201e-08 -6.06483e-10 1.06284e-06 -1.47538e-07 -1.44947e-08 -3.48921e-08 2.08046e-07 -5.53953e-11 5.19235e-09 -2.76568e-08 -1.18816e-09 -3.06837e-08 -4.58786e-07 -3.40251e-09 -5.3532e-08 -1.25407e-10 -9.47175e-10 -2.52135e-10 -1.95726e-09 -3.34702e-07 -1.16241e-08 -3.45312e-09 -1.45021e-08 2.41009e-07 -1.59564e-10 -1.20644e-07 2.44153e-07 -5.56416e-08 -1.02796e-10 -7.86344e-09 -2.45529e-09 -3.38608e-08 -6.62148e-09 2.23244e-08 -2.82851e-06 -3.66874e-07 8.52994e-08 0 -1.11332e-07 -4.20466e-08 -2.91644e-12 -3.11211e-08 -3.46081e-08 -1.1745e-06 -1.23596e-08 -5.83507e-09 -4.17824e-10 -8.0628e-09 -9.36565e-09 2.979e-07 -4.75448e-08 -2.23672e-09 -3.60509e-09 -1.41102e-07 -4.66197e-07 4.07607e-08 -3.16715e-07 -8.42795e-07 6.59382e-07 2.97192e-07 -2.33899e-08 -2.46288e-07 -8.65669e-11 -1.21446e-09 -2.14742e-08 1.06746e-06 -2.46666e-08 
1.32396e-07 -0.00102744 3.42538e-05 -0.0178462 8.78046e-05 0.000889255 -0.000304841 5.65784e-08 0.019036 0.0183129 0.0146281 -0.0131223 -1.77288e-06 -0.00371789 -1.67999e-07 0.000815355 -0.0139509 -0.00794368 0.00120516 0.00168638 0.0148079 0.00069111 -3.76638e-06 0.0154669 0.0173069 -0.000449404 0.000106854 -0.0156902 -2.25545e-06 -1.11368e-05 6.98023e-07 4.86746e-05 -0.0146182 0.0126332 -0.000111246 0.000347048 -0.000879398 1.15696e-05 -0.014454 0.0171635 2.08948e-07 -0.00256784 -0.0134781 -2.64517e-05 9.59704e-05 -0.0164047 1.15274e-05 0.000164373 -2.69723e-08 -4.20065e-06 -1.23896e-06 6.866e-06 0.00120006 -0.000905648 1.25583e-05 -0.000135282 0.0171953 -1.88281e-05 0.000423952 -0.000450126 -0.0128605 -1.70689e-05 -0.00039122 -6.46588e-05 -0.0147069 2.30225e-05 2.03318e-05 0.0128882 0.00137575 -0.00185971 0 -0.0126917 0.000154177 -2.68999e-07 -0.00143121 -0.0148469 0.0139566 4.06464e-05 -0.00098241 1.10267e-06 -0.00134505 -0.00161763 0.000102864 0.000169619 -0.000420133 1.21815e-05 -0.00387932 -0.0128384 -0.000738134 0.00119416 0.0156388 0.0140378 0.0140778 -0.00730399 0.00127571 -5.60142e-07 -3.6858e-06 -7.30306e-05 -0.00292439 -0.000235362 
-1.7692e-06 -0.00100577 0.000171848 -0.0295337 -0.00914864 0.00158331 -0.000304645 6.86345e-08 0.0183129 0.0412684 0.0329902 -0.03312 -6.25616e-06 -0.00552742 -1.08445e-06 0.00139825 -0.0125498 -0.00774596 0.00261421 -0.00114163 0.0143228 0.0134487 -7.98243e-06 0.0321429 0.0374638 -0.000440756 0.000259636 -0.0360507 -1.3698e-05 -5.57159e-06 -1.43959e-05 -0.00701865 -0.0142624 0.0292782 -0.000109328 0.000795328 -0.0148916 0.00011763 -0.0143255 0.0366454 2.64206e-07 -0.0137657 -0.0131474 -2.467e-05 0.000187149 -0.0368368 -1.65707e-05 0.000413035 -1.38558e-05 -1.46611e-06 -2.95205e-05 -0.000141092 -0.00839064 -0.00125382 2.76734e-05 -0.000117127 0.0375714 -1.83362e-05 0.000967353 -0.00056134 -0.0137055 -1.90652e-05 -0.000528309 -0.000193088 -0.0143515 4.92472e-05 2.03104e-05 0.0146253 -0.00522007 -0.00420605 0 -0.0127741 9.08685e-05 -2.55561e-07 -0.00497952 -0.0144905 0.0316647 0.000103572 -0.00104604 3.44131e-06 -0.00140406 -0.00173901 -0.00146961 0.0002897 -0.00040969 2.05635e-05 -0.0224352 -0.0151745 -0.00937695 -0.00179605 0.0354506 0.0269787 0.0135185 -0.00700971 -0.00712109 -1.45146e-05 -0.000153106 -0.000595129 -0.0185394 -0.00449836 
-1.40701e-06 -0.000817333 -0.00395065 -0.0252927 -0.00882869 0.00223937 -0.000398587 -1.89497e-07 0.0146281 0.0329902 0.179538 -0.0544028 -3.11321e-05 -0.00501785 -8.67506e-07 -0.0317593 -0.0051836 -0.00650575 -0.0254955 -0.0520729 0.0112312 0.0640221 -6.58284e-06 0.0767731 0.072346 -0.000353907 -0.00326886 -0.109802 -9.48148e-06 -1.24643e-05 -6.96623e-06 -0.00565212 -0.0114088 0.0248897 -8.93735e-05 -0.0114427 -0.0219163 0.000454401 -0.0116179 0.0757594 -2.55421e-07 -0.0108378 -0.010512 -0.000176181 -0.00448867 -0.0733238 -0.000503744 -0.00520179 -1.80714e-05 -1.50835e-05 -3.70326e-05 -0.000273797 -0.0451776 -0.00170775 8.89489e-05 -0.00150692 0.0762341 -1.75281e-05 -0.00935936 -0.00132177 -0.0146172 -1.52885e-05 -0.00112125 -0.000365166 -0.0114808 -0.000928757 -0.000247068 0.0479621 -0.0476825 -0.00360023 0 -0.0229791 -0.0060082 -4.33753e-07 -0.00461962 -0.011592 0.030877 0.000558959 -0.000867523 1.10152e-05 -0.00119883 -0.0013915 -0.000184719 -0.00376215 -0.000326914 9.36311e-05 -0.0209691 -0.0557074 -0.00899393 -0.0434659 0.079311 0.0615922 0.0490732 -0.00992004 -0.0469265 -1.25715e-05 -0.000178772 -0.00288133 -0.0151369 -0.00366617 
-3.19078e-07 0.000913078 -0.000339187 0.025988 0.0105718 -0.0033728 -1.97073e-05 -2.23292e-07 -0.0131223 -0.03312 -0.0544028 0.0678234 9.58852e-06 0.00383207 7.30398e-07 0.0205072 0.00776931 0.00565697 -0.00140771 -0.00241093 -0.0108094 -0.0375278 1.22066e-06 -0.055128 -0.055651 0.000362386 -0.000424759 0.058117 -2.16326e-06 -1.57629e-07 -2.36459e-06 0.00568227 0.0105439 -0.0252533 4.31566e-05 0.000124445 0.0184589 -0.000200631 0.0105789 -0.0574019 -5.09784e-08 0.0113238 0.00954978 1.52127e-05 -0.000346694 0.0609853 -1.32824e-05 -0.000124972 1.36235e-05 -3.88087e-06 2.8965e-05 0.00026187 0.0345738 0.00119882 -4.13787e-05 2.98561e-05 -0.0588947 -2.21122e-08 0.00101747 0.000147216 0.00968136 3.77171e-06 0.000177443 0.000305409 0.0107128 -5.09717e-05 7.26306e-05 -0.035983 0.0325183 0.00255106 0 0.0225707 8.15757e-05 2.38532e-07 0.00234344 0.0108432 -0.0271191 -0.000175737 0.00100988 -5.84088e-06 0.000295268 0.000730197 0.00120365 -0.000588182 2.64635e-05 -3.91527e-05 0.0209663 0.0368033 0.00787721 0.0284819 -0.0593038 -0.0463681 -0.0318643 0.00400915 0.0329845 1.44591e-05 0.000135962 0.00083787 0.0155005 0.0026519 
-2.95261e-10 -4.6228e-08 8.98583e-07 3.71825e-06 3.37388e-06 -2.73195e-07 5.70692e-07 -2.22816e-10 -1.77288e-06 -6.25616e-06 -3.11321e-05 9.58852e-06 4.32915e-05 2.41743e-06 6.29951e-07 -1.9348e-06 1.4429e-06 -2.64634e-07 -2.44286e-06 2.73249e-05 1.05785e-06 -2.44089e-05 -3.72323e-10 -6.32872e-06 -2.46677e-06 -2.00168e-08 -2.75957e-07 -1.81048e-06 -1.37052e-09 -8.24882e-10 -1.55668e-09 1.71028e-06 -6.45402e-07 -1.25522e-05 -5.10169e-09 -3.22982e-07 1.26225e-06 -1.21928e-07 -6.58026e-07 -9.10537e-06 -4.65981e-10 2.80837e-06 -5.97163e-07 -9.9947e-09 -2.58109e-07 2.50955e-06 5.37805e-06 -3.46974e-07 -1.05491e-09 -7.96756e-09 -2.12094e-09 -1.64643e-08 -3.05489e-07 -9.7781e-08 -2.90474e-08 9.13425e-08 -1.52226e-05 -1.34224e-09 -9.28181e-07 2.43611e-06 -8.32569e-07 -8.64712e-10 -6.61466e-08 5.28268e-06 -6.49351e-07 -5.56993e-08 4.90877e-06 -1.5285e-05 -2.17278e-06 3.94889e-06 0 -7.27701e-07 5.31964e-06 -2.45329e-11 1.48154e-06 -6.55637e-07 -1.1091e-05 -1.03968e-07 -4.90841e-08 -3.5147e-09 2.54551e-06 2.53455e-06 -4.4434e-07 -6.32761e-08 1.57118e-06 -3.03257e-08 5.83639e-06 -3.75161e-06 7.51423e-06 2.24864e-08 -5.21161e-06 5.41186e-07 2.86447e-06 -5.6127e-07 -5.03998e-08 -7.28194e-10 -1.02159e-08 -1.80639e-07 6.95079e-06 8.39173e-07 
-4.50383e-08 3.12152e-05 -9.29026e-06 0.00507218 0.000584336 -0.000360306 0.000316046 -3.39878e-08 -0.00371789 -0.00552742 -0.00501785 0.00383207 2.41743e-06 0.00656024 1.82516e-07 -0.000295129 -4.22963e-05 0.000182451 -0.000267872 -0.000525836 -7.57687e-05 0.000435811 4.13654e-06 -0.00401505 -0.00517384 4.60021e-07 -3.95571e-05 0.00440363 6.17611e-07 4.06417e-06 -2.37452e-07 0.000454447 4.61922e-05 -0.0045685 7.21802e-07 -0.000161905 0.00150715 -1.75119e-05 -9.29302e-05 -0.00512792 -7.10794e-08 0.0045661 -7.8463e-05 -5.21231e-07 -3.93713e-05 0.00413697 -3.2092e-06 -6.86886e-05 2.95753e-07 -1.21535e-06 2.30648e-06 -1.89476e-06 -0.000278331 0.000907628 -3.60081e-06 0.000146225 -0.00514271 -2.04741e-07 -0.000154529 0.000417207 -0.000126615 1.46148e-05 0.00036522 7.36695e-05 -6.44069e-05 -8.43289e-06 2.45457e-06 0.000405126 -0.00046959 0.00243777 0 -0.000129253 -5.12879e-05 -3.74218e-09 0.00185339 -5.49557e-05 -0.00520264 -1.5859e-05 9.14062e-05 -4.99456e-07 0.00138446 0.00176633 -1.55386e-05 -5.55995e-05 0.00037747 -5.91321e-08 0.00559714 -0.000564509 0.00071883 -0.000405424 -0.004495 -0.00109156 0.000161539 0.000150325 -0.000434598 -1.11077e-07 -9.8831e-07 -1.30376e-05 0.00479976 0.000195359 
-7.72933e-12 -1.21016e-09 -6.40708e-09 1.52258e-07 -1.31619e-08 -6.22128e-08 1.89407e-07 1.09994e-07 -1.67999e-07 -1.08445e-06 -8.67506e-07 7.30398e-07 6.29951e-07 1.82516e-07 1.13333e-06 -5.06492e-08 -6.62418e-08 -9.63264e-09 -7.25881e-08 8.41193e-07 2.99611e-08 -6.88348e-07 -9.74667e-12 1.31883e-07 -8.13638e-08 -5.24e-10 -7.224e-09 2.26227e-08 -3.58776e-11 -2.15938e-11 -4.07509e-11 -8.36969e-09 -1.68953e-08 -1.09648e-06 -1.33552e-10 -2.80013e-08 -3.2489e-08 -3.19183e-09 -1.72258e-08 -1.01559e-06 -1.21984e-11 9.20254e-07 -1.56325e-08 -2.61641e-10 -6.75678e-09 -1.1057e-07 -7.49258e-10 -1.17881e-08 -2.76156e-11 -2.08575e-10 -5.5522e-11 -4.31003e-10 -7.37039e-08 -2.55971e-09 -7.60402e-10 -3.19348e-09 -1.01787e-06 -3.51371e-11 -2.65667e-08 3.27978e-07 -2.1795e-08 -2.26364e-11 -1.73159e-09 -5.40672e-10 -1.69987e-08 -1.4581e-09 -1.69022e-09 -9.76659e-07 -8.07882e-08 1.12789e-06 0 -3.40585e-08 -9.25896e-09 -6.42222e-13 -6.8531e-09 -1.71633e-08 -1.06826e-06 -2.72168e-09 -1.28492e-09 -9.20078e-11 1.88225e-07 1.87938e-07 -1.29408e-08 -1.04697e-08 -4.92543e-10 -7.93866e-10 1.58928e-07 -1.0266e-07 9.28086e-07 -6.97429e-08 -9.38698e-07 -3.52569e-08 7.49862e-08 -1.46929e-08 8.64876e-07 6.33143e-08 -2.67433e-10 -4.72878e-09 1.11075e-06 -5.43177e-09 
-3.04789e-07 -3.87899e-05 -0.000252649 -0.00125609 -0.000111172 -0.00182335 -2.33721e-05 -2.30007e-07 0.000815355 0.00139825 -0.0317593 0.0205072 -1.9348e-06 -0.000295129 -5.06492e-08 0.0426932 -0.0025481 -0.000334038 0.0199446 -0.00401867 0.00059537 -0.0396953 -3.84338e-07 -0.0390041 -0.0384824 -2.03928e-05 0.00290042 0.0350561 -1.16475e-06 -3.68169e-07 -1.27359e-06 -0.000328917 -0.00062231 0.00123088 -4.37632e-06 0.00427505 0.00806115 -0.000125863 -0.000630804 -0.0398808 7.05231e-06 -0.000910085 -0.000600331 0.000146766 0.00545938 0.0338561 -2.6532e-05 0.000922288 1.57377e-05 -4.00135e-06 -1.94605e-06 0.000137161 0.0396012 0.000329137 -2.78981e-05 -0.000120291 -0.0386786 -9.1222e-07 0.00621867 2.42343e-05 -0.000124971 -8.92618e-07 -5.44879e-05 -1.41968e-05 -0.000622433 0.000102113 -6.66499e-05 -0.0383366 0.0407761 -0.000214484 0 0.0134863 -0.000364116 2.61342e-07 -0.00021433 -0.000628915 -0.000745828 -7.47199e-05 -3.48381e-05 -2.81479e-06 -6.40157e-05 -8.13255e-05 -0.000409733 -0.000366189 -1.93723e-05 -3.1271e-05 -0.000657517 0.0402906 -0.000415645 0.0405192 -0.0370107 -0.0385695 -0.0386969 7.92371e-05 0.0404895 -3.4836e-07 -7.02894e-06 0.000620245 -0.000883144 -0.00021369 
-3.35287e-07 0.000802679 -0.000201242 0.0129057 -0.000661372 -0.0031338 -2.5484e-05 2.45851e-07 -0.0139509 -0.0125498 -0.0051836 0.00776931 1.4429e-06 -4.22963e-05 -6.62418e-08 -0.0025481 0.0550324 0.00753248 -0.00277778 0.00596222 -0.0146621 0.00142801 -5.02659e-07 -0.00923169 -0.00946704 0.000143023 -0.000362389 0.00629067 1.18638e-06 -1.11364e-06 -8.58286e-07 -0.000405298 0.0136042 -0.00836744 8.45057e-05 -0.000453455 -0.0016724 -0.0001539 0.0136127 -0.00915037 -6.05769e-07 -0.000275893 0.0128356 6.93654e-06 -0.00032943 0.00938327 0.000265256 -0.000103586 -1.19087e-06 1.098e-05 -2.13007e-06 -2.22278e-05 -0.00377137 -0.00012891 -3.80758e-05 0.000323678 -0.0095769 1.64412e-05 -0.00088108 -0.000100703 0.0119938 -5.34082e-07 -3.1262e-05 -2.78837e-05 0.0138152 -7.50509e-05 -4.43718e-05 -0.0476255 -0.00415305 -0.000264575 0 0.011338 -0.000477486 -3.31209e-08 -0.000352787 0.0139121 -0.0119421 -0.000125093 0.000664887 -4.42173e-06 -8.06561e-05 -9.8782e-05 -0.000624443 8.57691e-05 4.23317e-05 0.000434012 -0.000966542 0.00924544 0.000340803 -0.00356399 -0.0128088 -0.00676067 -0.0109625 0.00687591 -0.00404333 6.35598e-08 -6.33547e-06 -0.000231341 -0.000984774 -0.000269516 
-5.79658e-08 0.000654604 4.7447e-05 0.00776168 -9.37308e-05 -0.000466562 3.89784e-05 -4.37435e-08 -0.00794368 -0.00774596 -0.00650575 0.00565697 -2.64634e-07 0.000182451 -9.63264e-09 -0.000334038 0.00753248 0.00842715 -0.000414565 -0.000399175 -0.00770335 -0.000334686 7.02386e-08 -0.0075044 -0.00730599 0.000174654 -1.19761e-05 0.00679538 -8.23957e-08 -1.61942e-07 -3.0561e-07 -5.42715e-05 0.00779963 -0.00806465 8.05851e-05 -0.000198698 -0.000227053 -2.3937e-05 0.00754182 -0.00728147 -9.14818e-08 -0.000162853 0.00641475 1.01378e-05 -4.62622e-05 0.00728858 0.000360688 0.000311155 -2.07102e-07 5.32247e-06 -4.16385e-07 -2.67229e-06 -0.000539023 5.83353e-06 -5.23594e-06 0.000516124 -0.0076223 -2.63509e-07 -0.000199039 4.7676e-05 0.0064558 1.72136e-05 0.000256534 -3.69475e-06 0.00771752 -1.09349e-05 -7.47237e-06 -0.00707362 -0.000585438 -3.97914e-05 0 0.00616828 -6.71338e-05 2.75184e-07 -1.40512e-05 0.00774171 -0.00734887 -2.04111e-05 0.00051088 -6.30009e-07 6.74881e-05 -1.52401e-05 -9.25893e-05 -7.85172e-05 0.000161596 9.4131e-06 0.000215155 0.00679742 -9.9301e-05 -0.000505274 -0.00646584 -0.00678589 -0.00753552 0.00485911 -0.000569387 5.90374e-07 -2.0056e-06 2.99701e-05 -0.000140451 -7.82534e-06 
8.46524e-07 -6.54733e-05 0.000958222 -0.0021072 -0.00065572 0.0107987 -3.19524e-05 -3.29635e-07 0.00120516 0.00261421 -0.0254955 -0.00140771 -2.44286e-06 -0.000267872 -7.25881e-08 0.0199446 -0.00277778 -0.000414565 0.0599461 -0.00235788 -0.00797179 -0.0451513 -5.50815e-07 -0.032895 -0.0208447 -2.93796e-05 0.00548952 0.0218031 2.99244e-06 7.07633e-06 1.1727e-05 -0.000472031 -0.000949902 0.00193348 -6.41412e-06 0.0192747 0.00142127 -0.000136724 -0.000882885 -0.0260007 6.98729e-06 -0.000723961 -0.000835662 0.000175734 0.00542907 0.0165422 0.000224347 0.00931932 6.23602e-06 -5.77057e-06 -1.25439e-06 5.92626e-05 0.0206214 0.000189092 0.000576054 0.000241433 -0.0226404 1.29429e-06 0.0187488 0.000722362 0.00335944 -1.27926e-06 2.18225e-05 -2.92584e-05 -0.000956459 0.000102575 -9.10362e-05 -0.0344151 0.0302379 -0.000302242 0 -0.000551521 -0.00029949 2.50373e-07 -0.000347101 -0.000965861 -0.0109794 0.00223295 -6.08885e-05 7.22403e-05 -8.16185e-05 -0.000116552 0.00146838 0.00506663 -2.78352e-05 0.000139263 -0.00160264 0.0372142 -0.00073111 0.0245165 -0.048787 -0.0367011 -0.0236791 0.00428908 0.0286714 1.52708e-07 -9.05348e-06 0.00178088 -0.00127584 -0.000304813 
-8.46427e-08 -9.59461e-05 -0.000136199 -0.00244134 -0.000940854 -0.00382206 -3.85625e-05 4.46164e-07 0.00168638 -0.00114163 -0.0520729 -0.00241093 2.73249e-05 -0.000525836 8.41193e-07 -0.00401867 0.00596222 -0.000399175 -0.00235788 0.0820013 0.00186512 -0.00320926 3.2116e-06 -0.0016452 0.00381754 -4.16589e-05 -0.000360208 -0.00699673 1.44003e-05 -1.71715e-06 -3.16388e-06 0.00321997 -0.00134353 -0.00250971 -9.88349e-06 0.00160957 0.00216195 -0.000200147 -0.00129629 0.00240462 -2.66967e-08 0.00251836 -0.00123935 -2.08059e-05 -0.000537048 -0.00327241 0.000421518 -0.000414362 -1.07601e-06 -9.05937e-06 1.19348e-05 -3.2027e-05 -0.00580983 0.000263566 -5.96345e-05 0.000443556 0.00218296 -2.58413e-06 -0.00189596 -0.000107343 -0.00165196 -3.33401e-07 -0.000123574 0.000338132 -0.00135076 0.000609548 0.000350196 -0.00189892 -0.00640464 0.00031858 0 -0.00257359 0.00620753 -5.107e-08 0.00241481 -0.00136419 -0.00540642 -0.00021572 -0.000101715 -6.0232e-06 -0.000139185 -0.000160299 -0.0010037 0.00442659 -3.85574e-05 0.000127841 0.00148221 -0.00734529 0.0056931 -0.00545635 -0.00749762 0.00842614 0.0059588 -0.000811677 -0.00604455 7.31412e-06 -1.25931e-05 -0.000298346 0.00252848 0.00182103 
-5.4997e-06 -0.00101596 -0.000131594 -0.0142193 0.000273407 -0.00353861 1.95223e-06 -1.04061e-06 0.0148079 0.0143228 0.0112312 -0.0108094 1.05785e-06 -7.57687e-05 2.99611e-08 0.00059537 -0.0146621 -0.00770335 -0.00797179 0.00186512 0.0257374 0.0103837 -3.15981e-07 0.0206568 0.0130065 -0.000442957 -0.00165365 -0.011657 -4.98645e-06 5.03699e-07 -2.48994e-05 -9.32756e-06 -0.0144511 0.0092998 -0.000110418 -0.00695618 0.00071633 6.01397e-05 -0.014371 0.0161905 1.97876e-07 1.75367e-05 -0.0134243 -2.51969e-05 0.000134506 -0.0138102 3.75063e-06 -0.00350885 -5.07584e-06 -2.26514e-05 6.68447e-07 7.23363e-06 -0.000349536 2.38749e-05 -0.000572359 -0.000117332 0.0148592 -2.24471e-05 -0.00825349 -0.000663568 -0.0127992 -6.45198e-06 -8.34121e-05 1.08485e-05 -0.0146017 1.28251e-05 3.60929e-05 0.0219512 -0.00525212 7.65432e-05 0 -0.0124134 0.000215586 -2.65019e-07 5.65397e-05 -0.0147267 0.0173397 -0.00232791 -0.000932041 -6.96571e-05 -5.80547e-05 4.07744e-06 -0.000940854 -0.00284736 -0.000105721 -0.000470926 0.00013319 -0.0217894 4.31804e-05 6.21234e-05 0.0215783 0.0206419 0.014577 -0.00704645 -0.00331313 -7.45342e-07 -6.9085e-06 -0.0010955 0.000427724 0.000114896 
-5.82121e-06 1.49702e-05 -0.000639719 -0.0101327 -0.00950746 -0.0134177 5.10045e-05 3.54248e-07 0.00069111 0.0134487 0.0640221 -0.0375278 -2.44089e-05 0.000435811 -6.88348e-07 -0.0396953 0.00142801 -0.000334686 -0.0451513 -0.00320926 0.0103837 0.0981193 -3.05158e-06 0.0726704 0.0616174 -0.000105338 -0.00555606 -0.0611762 -2.02322e-05 -1.03021e-05 -3.17613e-05 -0.00236432 -0.00108937 0.0100622 -2.75478e-05 -0.0211958 -0.0213785 0.000248321 -0.00145572 0.0673411 -8.15301e-06 -0.00386343 -0.00131644 -0.000181894 -0.00528744 -0.0577111 -0.000579212 -0.00922 -2.12228e-05 -8.73087e-06 -3.4224e-05 -0.000333257 -0.056316 -0.000943835 -0.000593908 -0.000766772 0.0643547 -1.64176e-05 -0.0208086 -0.00101918 -0.00664098 1.14269e-06 -0.000135315 -0.000227862 -0.00113606 -0.0009819 -5.19035e-05 0.0647841 -0.0634191 -0.00015238 0 -0.0152719 -0.00222338 -2.24174e-07 -0.00357931 -0.0011238 0.0238852 -0.0021354 -2.69452e-06 -6.88403e-05 6.07341e-05 0.000187638 -0.00541289 -0.00739451 4.59779e-05 -0.000536465 -0.0138819 -0.0680017 -0.00374878 -0.0526229 0.0842958 0.0773876 0.0462857 -0.00454448 -0.0612028 -1.36584e-05 -0.000209004 -0.00332733 -0.00840524 -0.00227922 
-5.8652e-11 -9.18297e-09 -4.86184e-08 3.4136e-06 -8.65425e-08 -4.72085e-07 -4.4976e-09 -4.42613e-11 -3.76638e-06 -7.98243e-06 -6.58284e-06 1.22066e-06 -3.72323e-10 4.13654e-06 -9.74667e-12 -3.84338e-07 -5.02659e-07 7.02386e-08 -5.50815e-07 3.2116e-06 -3.15981e-07 -3.05158e-06 8.59993e-06 -7.59924e-06 -7.62898e-06 -3.97624e-09 -5.48174e-08 6.93657e-06 -2.72247e-10 -1.63859e-10 -3.09227e-10 4.51982e-06 1.51276e-08 -7.40369e-06 -1.01342e-09 -2.1248e-07 6.24347e-06 -2.42204e-08 -1.30713e-07 -7.7065e-06 -9.25647e-11 3.13487e-06 -1.18623e-07 -1.9854e-09 -5.1272e-08 7.40763e-06 4.24314e-07 -8.94512e-08 -2.09553e-10 -1.58272e-09 -4.21314e-10 -3.27055e-09 -4.52616e-07 1.15391e-06 -5.77011e-09 -2.42329e-08 -7.72383e-06 -2.66629e-10 -2.01594e-07 -1.53401e-08 -1.65386e-07 -1.71771e-10 1.30194e-07 4.89231e-07 -1.2899e-07 -1.10644e-08 8.57174e-07 1.16555e-06 -5.99707e-07 1.18539e-06 0 -2.58444e-07 5.89741e-07 -4.87333e-12 7.34133e-06 -1.30239e-07 -8.10623e-06 -2.06527e-08 -9.75031e-09 -6.98177e-10 1.48319e-06 7.47683e-07 -9.81981e-08 -7.94466e-08 5.76262e-07 -6.02404e-09 6.82755e-06 -3.65675e-07 5.38097e-06 -3.65892e-07 -6.97973e-06 -6.58577e-06 4.12346e-07 -1.11493e-07 -4.62019e-07 -1.44652e-10 -2.02934e-09 -3.58831e-08 6.54866e-06 3.51545e-06 
9.0294e-08 -0.000937664 3.2562e-05 -0.0273428 -0.0102472 -0.00154932 -3.03577e-06 4.28906e-07 0.0154669 0.0321429 0.0767731 -0.055128 -6.32872e-06 -0.00401505 1.31883e-07 -0.0390041 -0.00923169 -0.0075044 -0.032895 -0.0016452 0.0206568 0.0726704 -7.59924e-06 0.102826 0.0797911 -0.000407807 -0.00484471 -0.0762883 -2.03629e-05 -9.27281e-06 -7.40581e-06 -0.00539645 -0.0129758 0.0269024 -9.33672e-05 -0.0175179 -0.0250075 0.000313655 -0.0128466 0.08552 -5.01416e-06 -0.00987719 -0.0119678 -0.000199925 -0.00525661 -0.0778025 -0.000438705 -0.00914198 -2.05545e-05 9.92477e-08 -3.23258e-05 -0.000336042 -0.0516622 -0.00195265 -0.000587217 -0.00101483 0.0828724 -3.36221e-06 -0.0194288 -0.0013206 -0.0124442 -1.68624e-05 -0.000347792 -0.000414839 -0.0130511 -0.000708736 -0.00022322 0.0675987 -0.0621826 -0.00259629 0 -0.0254399 -0.00428809 -5.00725e-07 -0.00518926 -0.0131476 0.0429652 -0.00210185 -0.00100118 -6.57196e-05 -0.000737608 -0.0008026 -0.000741236 -0.00428136 -0.000173184 -7.61913e-05 -0.0219516 -0.0709504 -0.00901948 -0.0515147 0.0884822 0.0821134 0.0580827 -0.011452 -0.0599687 -1.3446e-05 -0.000205374 -0.00353567 -0.016362 -0.004225 
-1.4096e-06 -0.00096203 0.000463994 -0.0291588 -0.0102197 0.00391908 -0.000276067 4.50003e-07 0.0173069 0.0374638 0.072346 -0.055651 -2.46677e-06 -0.00517384 -8.13638e-08 -0.0384824 -0.00946704 -0.00730599 -0.0208447 0.00381754 0.0130065 0.0616174 -7.62898e-06 0.0797911 0.0866672 -0.000417831 -0.002721 -0.0789008 -1.21089e-05 -1.25636e-05 -8.42002e-06 -0.00641155 -0.0134764 0.0278872 -0.000103348 -0.00921865 -0.0246539 0.000267233 -0.0135263 0.0846411 -1.38828e-06 -0.0121944 -0.0124192 -0.000203684 -0.00529155 -0.0792389 3.92432e-06 -0.00483927 -1.80443e-05 4.11425e-06 -3.2794e-05 -0.000341033 -0.0522916 -0.00191192 6.13969e-05 -0.000178488 0.0848687 -1.72848e-05 -0.0107147 -0.0009593 -0.0136925 -1.80588e-05 -0.000498509 -0.000187101 -0.0135611 -0.000110353 8.88123e-05 0.0593549 -0.0549212 -0.00371894 0 -0.0266312 0.000317974 -5.12349e-07 -0.00533596 -0.0136905 0.036803 0.000225162 -0.00102293 7.72186e-06 -0.00140825 -0.00163536 -0.00111507 0.000733877 -0.000386832 5.93872e-05 -0.024441 -0.0631948 -0.00877664 -0.0498059 0.0791441 0.0738319 0.0580515 -0.0113112 -0.0549633 -1.3731e-05 -0.000207211 -0.00233124 -0.0177835 -0.00431952 
-3.15325e-09 0.000175786 -6.70492e-07 0.000422316 -4.36619e-06 -2.53803e-05 -2.418e-07 -2.37958e-09 -0.000449404 -0.000440756 -0.000353907 0.000362386 -2.00168e-08 4.60021e-07 -5.24e-10 -2.03928e-05 0.000143023 0.000174654 -2.93796e-05 -4.16589e-05 -0.000442957 -0.000105338 -3.97624e-09 -0.000407807 -0.000417831 0.00046214 -6.33762e-07 0.000390527 -1.46366e-08 -8.80937e-09 -1.66247e-08 3.42988e-05 0.000445277 -0.000287579 2.67455e-05 2.41833e-05 -4.86417e-06 -1.30213e-06 0.000312266 -0.000414317 -4.97646e-09 -7.44878e-06 0.000278539 4.69993e-06 2.93018e-06 0.000417212 -3.05666e-07 -4.02908e-06 -1.1266e-08 1.34824e-06 -2.26507e-08 1.08352e-08 -2.50848e-05 1.41157e-05 -3.10213e-07 2.12539e-05 -0.000415249 5.35666e-07 -9.09478e-06 3.9942e-05 0.000246579 1.7841e-06 9.73025e-06 -2.10572e-07 0.000424512 -5.94844e-07 -6.89538e-07 -0.00038309 -3.02083e-05 -2.18565e-06 0 0.000311629 -3.77727e-06 -2.62e-10 -1.15245e-06 0.000446608 -0.00027681 -1.11033e-06 0.000207592 -3.75354e-08 -7.24326e-07 -8.41367e-07 -2.686e-06 -4.27121e-06 5.4024e-06 -3.23865e-07 -9.07598e-06 0.000402009 4.94985e-06 -2.69289e-05 -0.00038295 -0.000367158 -0.000427442 1.68159e-05 -3.0094e-05 -7.77678e-09 1.24757e-06 3.67042e-05 -7.7482e-06 3.24062e-07 
-4.34715e-08 -6.8062e-06 -6.49152e-06 -0.000209927 -6.54223e-05 0.000281398 -3.27685e-06 -3.28055e-08 0.000106854 0.000259636 -0.00326886 -0.000424759 -2.75957e-07 -3.95571e-05 -7.224e-09 0.00290042 -0.000362389 -1.19761e-05 0.00548952 -0.000360208 -0.00165365 -0.00555606 -5.48174e-08 -0.00484471 -0.002721 -6.33762e-07 0.00633349 0.000755719 -2.01783e-07 7.08189e-06 3.03747e-06 -4.7073e-05 -9.27098e-05 0.000160976 -3.8446e-07 0.00133733 0.000308138 -1.79516e-05 -9.68818e-05 -0.00421057 7.54727e-07 -0.000126334 -8.79209e-05 4.07751e-05 0.00241855 -0.000287395 3.07627e-05 0.00103278 4.54802e-06 -7.59738e-07 -1.62268e-07 3.68293e-05 0.00499731 -1.39697e-05 1.63567e-05 0.000147826 -0.00382927 8.22381e-07 0.00191943 0.000766214 1.56033e-05 -1.27312e-07 1.79978e-05 -3.04086e-06 -9.56046e-05 0.000169669 -9.46615e-06 -0.00504638 0.00483713 -3.05149e-05 0 -0.000165309 1.68656e-05 -3.612e-09 -3.85434e-05 -9.42167e-05 -0.000727781 7.48268e-06 -7.21337e-06 -5.17472e-07 3.55759e-06 -1.15993e-05 9.84845e-05 0.000940223 -2.77017e-06 6.84535e-08 -0.000174754 0.00518594 -8.52726e-05 0.0028429 -0.00507402 -0.00490504 -0.00370517 -4.26597e-05 0.00347272 1.36121e-07 2.47257e-06 0.00175745 -0.000126992 -3.05495e-05 
1.08612e-06 0.000888726 -0.000403347 0.0272325 0.00963655 -0.0016368 0.000115317 -7.16757e-07 -0.0156902 -0.0360507 -0.109802 0.058117 -1.81048e-06 0.00440363 2.26227e-08 0.0350561 0.00629067 0.00679538 0.0218031 -0.00699673 -0.011657 -0.0611762 6.93657e-06 -0.0762883 -0.0789008 0.000390527 0.000755719 0.125875 9.79142e-06 5.06609e-06 7.83304e-06 0.0062918 0.012552 -0.0264698 9.00734e-05 0.00852062 0.0228507 -0.000406164 0.0126882 -0.0798922 4.51374e-06 0.011591 0.0115486 0.000147085 0.00402062 0.0805491 0.00013483 0.00409906 1.21014e-05 -1.64463e-05 3.03482e-05 0.000261476 0.047853 0.00189424 -9.48789e-05 -0.000137005 -0.0799019 1.44879e-05 0.00919498 0.000410565 0.016024 1.65169e-05 0.000331355 0.000216094 0.0126298 -5.11063e-05 -0.00013152 -0.054328 0.0505565 0.00324359 0 0.0249841 -0.000580521 4.82978e-07 0.00493374 0.0127453 -0.0345087 -0.000353825 0.000951897 -1.03763e-05 0.000857804 0.00110922 0.000788002 -0.00122097 0.00021313 -9.82362e-05 0.0227046 0.0609198 0.00916449 0.0463849 -0.0836352 -0.0709932 -0.0528031 0.0106009 0.0508062 1.27193e-05 0.000195794 0.00127081 0.0163544 0.00407145 
-2.15898e-10 -3.38026e-08 -2.29818e-09 -9.30894e-07 -2.44311e-07 7.82558e-06 -1.65557e-08 -1.62926e-10 -2.25545e-06 -1.3698e-05 -9.48148e-06 -2.16326e-06 -1.37052e-09 6.17611e-07 -3.58776e-11 -1.16475e-06 1.18638e-06 -8.23957e-08 2.99244e-06 1.44003e-05 -4.98645e-06 -2.02322e-05 -2.72247e-10 -2.03629e-05 -1.21089e-05 -1.46366e-08 -2.01783e-07 9.79142e-06 3.16557e-05 -6.03165e-10 -1.13827e-09 -1.77118e-07 -4.71926e-07 -1.38906e-05 -3.73042e-09 2.20786e-06 1.35358e-05 -8.91553e-08 -4.81157e-07 -1.18544e-05 -3.40731e-10 8.38671e-07 -4.36654e-07 -7.30826e-09 -1.88733e-07 -1.08849e-06 1.31057e-05 -3.92705e-08 -7.71367e-10 -5.82599e-09 -1.55086e-09 -1.20389e-08 -2.01539e-06 -7.14988e-08 8.20935e-08 4.77465e-07 -1.21615e-05 -9.81462e-10 3.10793e-06 4.302e-07 -4.58786e-07 -6.32289e-10 -4.83673e-08 -1.51022e-08 -4.74814e-07 8.99272e-07 1.49279e-06 -6.52372e-06 -1.26661e-06 1.38914e-05 0 -9.51334e-07 1.43647e-05 -1.79388e-11 1.47386e-05 -4.7941e-07 -1.74791e-05 1.93977e-07 1.07757e-08 -2.56999e-09 4.5374e-07 7.39059e-07 2.58532e-07 2.24756e-06 -1.37579e-08 1.02449e-06 3.1876e-07 1.7958e-06 1.38841e-05 -1.85808e-06 -1.60334e-05 -2.0461e-05 1.65787e-06 -4.10408e-07 1.34184e-06 -5.32465e-10 -7.47002e-09 -1.32086e-07 1.1926e-05 1.41049e-05 
-1.29944e-10 -2.03449e-08 1.28952e-07 -5.07846e-07 -2.21275e-07 6.61076e-06 -9.96445e-09 -9.80612e-11 -1.11368e-05 -5.57159e-06 -1.24643e-05 -1.57629e-07 -8.24882e-10 4.06417e-06 -2.15938e-11 -3.68169e-07 -1.11364e-06 -1.61942e-07 7.07633e-06 -1.71715e-06 5.03699e-07 -1.03021e-05 -1.63859e-10 -9.27281e-06 -1.25636e-05 -8.80937e-09 7.08189e-06 5.06609e-06 -6.03165e-10 1.9053e-05 -6.85094e-10 -1.40709e-07 -2.8404e-07 6.19555e-07 -2.24524e-09 5.05916e-07 3.7338e-06 -5.36603e-08 -2.89596e-07 -1.25905e-05 -2.05077e-10 4.64199e-06 -2.62811e-07 6.47893e-06 5.51307e-06 5.32778e-06 -1.25963e-08 -1.98179e-07 -4.64266e-10 -3.50651e-09 4.25733e-07 -7.24592e-09 5.96424e-06 3.82363e-06 2.57216e-07 -5.3688e-08 -1.24488e-05 -5.90717e-10 -4.46633e-07 -3.3986e-08 4.53692e-06 -3.80559e-10 -2.9111e-08 -9.08965e-09 -2.85778e-07 -2.45132e-08 -2.84155e-08 -4.64603e-06 5.98181e-06 -9.14433e-08 0 -2.4925e-07 1.43406e-08 -1.07969e-11 3.19145e-06 -2.88545e-07 -2.21271e-06 -4.57562e-08 -2.16018e-08 -1.54681e-09 -2.98491e-08 -3.46723e-08 2.40244e-06 -1.76014e-07 -8.28052e-09 -1.33463e-08 6.22763e-06 8.02744e-06 2.25367e-06 -6.69169e-07 -1.45045e-05 -9.93516e-06 -6.26602e-06 -2.47014e-07 -1.319e-06 -3.20477e-10 1.32171e-07 9.64383e-06 1.06373e-06 3.21535e-06 
5.97548e-08 -3.8394e-08 1.05006e-06 -1.19743e-06 -4.17582e-07 3.17362e-05 -1.88045e-08 -1.85057e-10 6.98023e-07 -1.43959e-05 -6.96623e-06 -2.36459e-06 -1.55668e-09 -2.37452e-07 -4.07509e-11 -1.27359e-06 -8.58286e-07 -3.0561e-07 1.1727e-05 -3.16388e-06 -2.48994e-05 -3.17613e-05 -3.09227e-10 -7.40581e-06 -8.42002e-06 -1.66247e-08 3.03747e-06 7.83304e-06 -1.13827e-09 -6.85094e-10 3.59554e-05 -2.65541e-07 -5.36029e-07 1.1692e-06 -4.23713e-09 7.16188e-08 -1.03076e-06 -1.01265e-07 3.12349e-06 3.29572e-06 -3.87014e-10 -2.22803e-09 -4.95966e-07 -8.30096e-09 -2.14369e-07 -3.50467e-06 -2.37713e-08 -3.73996e-07 -8.76144e-10 -6.61735e-09 -1.76152e-09 -1.36742e-08 2.65497e-06 -8.12106e-08 4.79208e-07 -1.01318e-07 3.64326e-06 -1.11478e-09 1.58638e-05 -6.4137e-08 1.20385e-05 -7.18174e-10 -5.49371e-08 -1.71536e-08 -5.39309e-07 -4.62603e-08 -5.36246e-08 -1.73159e-05 -1.95979e-06 -1.72568e-07 0 -1.08056e-06 2.95794e-08 -2.03754e-11 -2.17425e-07 -5.4453e-07 6.17798e-07 1.06032e-06 -4.07661e-08 -2.91908e-09 -5.633e-08 -6.54321e-08 2.62528e-05 -3.32167e-07 -1.56266e-08 1.48148e-06 -9.85796e-07 3.00396e-05 -4.83734e-07 -1.72936e-06 -2.95783e-05 -2.76572e-05 2.37571e-06 -4.66155e-07 -1.30917e-06 -6.04791e-10 -8.48469e-09 -9.33607e-08 -7.1637e-07 -1.72331e-07 
-5.03658e-08 2.6641e-05 -4.17498e-05 0.000985645 0.000249131 -0.000403037 3.94475e-07 -3.80082e-08 4.86746e-05 -0.00701865 -0.00565212 0.00568227 1.71028e-06 0.000454447 -8.36969e-09 -0.000328917 -0.000405298 -5.42715e-05 -0.000472031 0.00321997 -9.32756e-06 -0.00236432 4.51982e-06 -0.00539645 -0.00641155 3.42988e-05 -4.7073e-05 0.0062918 -1.77118e-07 -1.40709e-07 -2.65541e-07 0.00733048 -5.40432e-05 -0.00633922 -7.53584e-07 -0.000146885 0.00423668 -2.01719e-05 -5.90033e-05 -0.00645836 1.20513e-07 0.00541148 -6.6418e-05 -1.2649e-06 -4.40285e-05 0.00661309 1.22769e-06 -7.67604e-05 -1.79948e-07 1.03755e-06 3.50821e-06 4.08817e-06 0.000838781 0.00014561 -4.86493e-06 -2.08093e-05 -0.00662645 -2.2896e-07 -0.000173114 4.05905e-05 -5.47871e-05 1.96916e-06 -1.06033e-05 6.25902e-05 -5.44502e-05 -8.28791e-06 -6.1471e-06 0.000933826 -0.000511912 0.000537627 0 -0.000165515 4.87735e-05 -4.18484e-09 0.00195675 -4.99824e-05 -0.00623378 -1.7735e-05 5.29105e-05 -5.9954e-07 8.07058e-06 4.00112e-06 0.000566035 1.36072e-06 -2.8295e-06 -5.17298e-06 0.00582377 0.000246981 0.00540002 -0.000431072 -0.00611544 -0.0035671 0.000407918 -9.25786e-05 -0.000462306 1.04125e-05 5.70402e-06 5.02364e-05 0.00573545 0.00300775 
-1.0167e-07 0.00102534 -1.57975e-05 0.0141326 -0.00017107 -0.000816005 -4.89635e-06 -3.33913e-08 -0.0146182 -0.0142624 -0.0114088 0.0105439 -6.45402e-07 4.61922e-05 -1.68953e-08 -0.00062231 0.0136042 0.00779963 -0.000949902 -0.00134353 -0.0144511 -0.00108937 1.51276e-08 -0.0129758 -0.0134764 0.000445277 -9.27098e-05 0.012552 -4.71926e-07 -2.8404e-07 -5.36029e-07 -5.40432e-05 0.0146854 -0.00959432 0.000110453 -0.000242773 -0.000426764 -4.19847e-05 0.0142107 -0.0133561 -1.60456e-07 -0.000303582 0.0132311 2.17151e-05 -7.3724e-05 0.01345 -9.54893e-06 -0.000120039 -3.6325e-07 5.02978e-06 -7.30325e-07 -5.66933e-06 -0.000967557 -9.69329e-06 -9.91218e-06 2.00436e-05 -0.0133864 1.88545e-05 -0.000334886 2.83755e-05 0.0126566 6.28224e-06 0.00014841 -7.11189e-06 0.0144583 -1.91795e-05 -2.02128e-05 -0.0127318 -0.00106267 -6.18801e-05 0 0.0123917 -0.00012179 2.71552e-07 -4.8471e-05 0.0145643 -0.010397 -3.35904e-05 0.000948345 -1.15025e-06 3.49589e-05 -2.71282e-05 -0.000160315 -0.000137656 0.000157088 -1.04424e-05 -4.6138e-05 0.0129009 6.81572e-05 -0.000917272 -0.0122479 -0.0127086 -0.0139183 0.00706219 -0.00103201 6.3592e-07 4.05224e-06 -2.52781e-05 -0.000297007 -6.15651e-05 
