4.53333e-07 -1.22957e-07 -3.83561e-08 -3.19134e-09 -5.18235e-09 1.30322e-07 -2.84834e-08 -2.41246e-07 -3.02314e-10 -2.87413e-12 -3.0458e-09 -1.46259e-07 -4.70024e-09 -4.64228e-11 -4.05721e-10 9.01603e-08 2.82744e-07 8.14036e-09 -1.22715e-08 -1.47406e-09 -6.41381e-09 -8.99982e-10 -5.23071e-11 -9.45848e-08 -1.19247e-07 -4.61841e-11 -2.49028e-07 -4.85108e-09 1.58975e-08 -4.20906e-08 -1.11839e-10 -7.70667e-13 -2.99291e-11 -8.42524e-09 -3.64178e-13 2.13139e-07 -1.12053e-10 -1.25962e-08 -1.83388e-11 2.97453e-07 -1.05541e-08 -3.64466e-08 9.50481e-10 -3.60584e-09 -5.82276e-11 -1.06216e-11 -1.02756e-13 -4.93302e-11 -1.40646e-07 2.73925e-07 -1.65835e-10 -8.40818e-09 -8.00889e-14 1.52365e-07 -3.59306e-08 -1.22826e-08 -9.73082e-09 -3.71505e-10 -1.81143e-08 -3.3736e-07 -1.52003e-07 0 -5.29207e-09 2.60289e-07 -7.14e-12 -2.68373e-12 -2.81784e-09 -1.31052e-08 -3.28062e-12 -7.75729e-11 -4.58471e-12 -4.48316e-08 -1.07124e-07 4.91904e-08 -6.8006e-11 -2.18014e-09 -1.29956e-13 3.16427e-07 -3.24166e-08 -6.70715e-08 -5.13022e-11 -3.38913e-09 -1.41736e-08 -2.17365e-07 -3.76267e-13 -9.63663e-09 -4.27743e-10 1.81931e-08 8.53911e-08 -7.89102e-12 -1.56105e-07 -9.76176e-09 -2.27422e-12 -2.13905e-10 -1.00994e-08 -3.4194e-08 -5.24971e-09 -2.93488e-11 -3.98435e-11 -3.50578e-13 
-1.22957e-07 0.197664 -0.016513 0.00410456 -0.00298985 -0.00347168 0.0253064 0.0689789 -0.000157294 -1.51626e-06 -0.00173096 -0.081716 -0.00265502 -1.95047e-05 -0.000234733 0.101864 -0.050363 -0.00480735 -0.00247108 -0.00083243 -0.00342325 -0.000508185 -1.79086e-05 -0.0815831 -0.123027 -1.39586e-05 -3.79705e-05 -0.00211027 0.0632083 -0.0250805 0.00013614 -4.61089e-07 -8.48986e-06 -0.0040193 -2.04554e-07 -0.0356145 -4.70448e-05 -0.00701457 2.69979e-05 -0.0529409 -0.00454949 -0.0169465 -0.000136778 0.00362534 -2.18509e-05 -6.35489e-06 -6.14785e-08 9.16911e-06 0.177274 -0.0552245 -9.90291e-05 -0.00495507 -4.79171e-08 0.0885981 -0.0212716 -0.00715051 -0.0240902 -9.35645e-05 0.00808126 0.0272805 0.162123 0 -0.00316579 -0.0627832 7.83481e-06 -1.59901e-06 -0.00163117 0.0164493 -1.28279e-06 -4.00451e-05 -2.71636e-06 -0.0150544 -0.0599363 0.024379 3.69687e-05 -0.0012982 -7.77523e-08 -0.0675233 -0.0193486 -0.08896 -2.55841e-05 -0.00181544 -0.0203677 0.0340431 3.18213e-07 -0.00576015 -0.000252278 -0.00106428 -0.127272 2.59881e-06 0.163268 -0.00203545 -1.36066e-06 -5.4426e-05 -0.00592932 -0.0423025 -0.0018481 -1.33194e-05 -2.3545e-05 -2.0975e-07 
-3.83561e-08 -0.016513 0.0774503 0.00473726 0.00220534 -0.00162459 0.0121108 -0.057213 6.87679e-06 -5.36421e-07 -5.82939e-05 -0.0270961 -0.000873208 -8.63424e-06 0.000115524 0.0322155 0.0435715 -0.00706879 -0.00219903 8.4189e-05 -0.0153833 0.00020802 -8.1658e-06 -0.0263323 -0.0382015 -8.61968e-06 -0.0371167 -0.000844141 0.0195763 -0.0077004 -1.65633e-05 -7.71687e-08 -4.41255e-06 -0.000459909 -6.79692e-08 -0.00686132 -1.914e-05 -0.00203495 -3.31605e-06 0.0318622 -0.00193308 0.0328894 -0.000521411 0.00648422 2.11059e-05 -1.01906e-06 -1.9178e-08 -9.20687e-06 -0.0131618 0.0496849 -2.97944e-05 -0.00141865 -1.49476e-08 0.0282788 -0.00670467 -0.00227964 -0.0142235 -6.52635e-05 -0.0019125 -0.054789 0.0143276 0 -0.000987698 0.0444031 4.19074e-06 -5.00885e-07 0.00553511 0.000248129 2.97713e-07 -1.41513e-05 2.94765e-06 0.0073148 -0.0199356 0.00880693 3.82675e-05 -0.000393336 -2.42546e-08 0.0573268 -0.00587346 -0.0273948 3.45175e-06 -0.000613505 -0.00635469 -0.053743 -7.02255e-08 -0.00179856 -7.98328e-05 -0.000329564 0.00250061 4.01391e-06 -0.0269267 0.0171022 -4.24455e-07 -3.72061e-05 -0.00112738 -0.00800451 -0.000809105 4.99908e-06 -1.98629e-06 -6.5431e-08 
-3.19134e-09 0.00410456 0.00473726 0.00699016 -3.01523e-05 -0.000150293 0.00652123 -0.00446794 -4.66457e-06 -4.46318e-08 2.01491e-05 -0.00227003 -6.77424e-05 -7.2089e-07 -6.30036e-06 0.00265275 -0.000343115 -0.00667334 -0.000189655 6.3193e-05 -0.00678364 -1.39723e-05 1.8844e-06 -0.00219296 -0.00319355 -7.17183e-07 -0.00476081 8.84753e-05 0.00159964 -0.000652778 1.71066e-05 -1.19675e-08 3.9419e-06 -0.000129327 -5.65524e-09 -0.000926603 -1.74005e-06 -0.000194697 2.23855e-06 -0.00138003 -7.64657e-05 0.00618673 -0.000617737 0.00538185 1.9658e-06 -1.6494e-07 -1.59567e-09 -4.86038e-07 0.00454857 -0.00148518 -1.50189e-06 -0.000130562 -1.24368e-09 0.00236554 -0.000557958 -0.00018975 -0.00118443 3.37043e-05 -0.000275186 -0.00595835 0.00462108 0 -8.21493e-05 -0.00167721 3.45912e-06 -3.50084e-08 -3.86342e-05 0.000539783 -5.09441e-08 -1.09461e-06 -7.1195e-08 -0.000848271 -0.00121607 0.000611328 6.04106e-05 -3.38549e-05 -2.01805e-09 0.00434935 -0.000503389 -0.00226635 2.23339e-07 6.07143e-05 -0.000472702 -0.0028335 -5.84296e-09 -0.000149645 -6.64232e-06 -1.07596e-05 -0.00330213 3.15746e-06 -0.00139235 0.00545922 -3.53159e-08 2.14164e-06 -0.000154757 -0.00105101 -8.09149e-05 3.07758e-06 -6.1872e-07 -5.44404e-09 
-5.18235e-09 -0.00298985 0.00220534 -3.01523e-05 0.011301 -4.62112e-05 5.39231e-05 -0.00766513 -3.69676e-06 -7.24767e-08 -7.3639e-05 -0.00367039 -0.000116362 -1.15731e-06 3.68856e-05 0.00432588 0.00689528 4.74145e-05 -0.000289073 -3.61778e-05 8.40748e-05 0.000277412 -1.6569e-07 -0.00354427 -0.00522426 -1.16462e-06 -0.00753538 -3.09859e-05 0.00262373 -0.00105089 -2.80023e-06 -1.94338e-08 -7.54718e-07 -0.000126445 -9.18343e-09 7.9871e-05 -2.82564e-06 -8.36337e-05 -4.62449e-07 0.00168437 -0.000229862 -0.00112274 1.14615e-05 -5.75514e-05 1.85013e-07 -2.67844e-07 -2.59118e-09 -1.07396e-06 -0.00344325 0.00809252 -4.07852e-06 -0.000185462 -2.01959e-09 0.00381586 -0.000888968 -0.000309728 -0.0018211 7.51261e-08 -0.000444686 -0.00261023 0.00352234 0 -0.000122726 0.00843467 4.53285e-07 -6.76754e-08 -4.83138e-05 -0.000301332 -8.27271e-08 -1.92615e-06 -1.15612e-07 0.00550188 -0.00269259 0.00114557 -1.0049e-06 -3.4983e-05 -3.27708e-09 0.00427913 -0.000799072 -0.00372179 4.27965e-06 -8.32966e-05 -0.0008301 -0.00729583 -9.48828e-09 -0.000226796 -1.07863e-05 -4.50822e-05 0.000936969 -1.98987e-07 -0.00354642 7.21428e-05 -5.73488e-08 -5.39403e-06 -0.000213858 -0.0016939 -0.000117195 3.77991e-06 1.43194e-06 -8.84048e-09 
1.30322e-07 -0.00347168 -0.00162459 -0.000150293 -4.62112e-05 0.0208935 -0.00125309 -0.00943834 2.97628e-05 -1.35355e-07 -0.000143439 -0.00611372 -0.000220297 -1.41291e-06 -1.13237e-05 0.00734298 0.0136837 0.000345522 0.000150711 -6.8916e-05 0.000542925 0.000177526 1.73665e-06 -0.00576647 -0.00768819 -1.925e-06 -0.0122033 -0.000219897 0.00402085 -0.00197645 4.93639e-06 -3.62938e-08 4.71339e-05 -0.000131858 -1.71506e-08 0.00217499 -4.22371e-06 -0.000575972 -7.96984e-07 0.0127784 0.000302081 -0.00236495 3.50887e-05 -0.000167747 5.87116e-06 -4.86881e-07 -4.83917e-09 -1.97316e-06 -0.00424171 0.00809898 -7.79652e-06 -0.000383368 -3.77171e-09 0.0062396 -0.00168275 -0.000575203 -0.00339806 -1.6739e-05 -0.000673742 0.000233008 -0.00566202 0 -0.000228858 0.0121344 -3.36251e-07 -1.26388e-07 -0.0001324 -0.000546692 -1.54498e-07 -3.65322e-06 -2.15913e-07 0.00729457 -0.00450509 0.00211561 -2.61268e-06 -9.52082e-05 2.80547e-07 0.00428002 -0.00150557 -0.00634371 -1.93621e-08 0.000474296 -0.00160254 -0.0120811 -1.77199e-08 -0.000453531 -2.01441e-05 -8.48596e-05 -0.0022553 -3.7162e-07 0.00104366 -0.000453674 -1.07102e-07 -1.00203e-05 -0.000294836 -0.00331243 -0.000240387 -1.24215e-06 1.20803e-05 -1.65101e-08 
-2.84834e-08 0.0253064 0.0121108 0.00652123 5.39231e-05 -0.00125309 0.0588833 -0.00828122 -3.96935e-05 -3.98349e-07 4.67829e-06 -0.0201346 -0.000631534 -2.36745e-06 -3.84721e-05 0.024025 -0.00643122 -0.0113881 -0.0016084 -5.76347e-05 -0.0194787 -8.35889e-05 5.43367e-06 -0.0195714 -0.0288591 -5.75435e-06 -0.0377432 -0.000486844 0.0146699 -0.00583367 9.4586e-05 -1.06813e-07 4.85189e-06 -0.00111076 -3.7141e-08 -0.0066423 -1.33704e-05 -0.00168859 8.55827e-06 -0.00538562 -0.00120054 0.0175325 -0.000610259 0.00743469 2.85331e-05 -1.47213e-06 -1.42417e-08 -3.6304e-06 0.0304692 -0.00520738 -1.70778e-05 -0.00116447 -1.11002e-08 0.0211148 -0.00497991 -0.00170092 -0.00638132 6.32347e-06 -0.00191466 -0.0199712 0.0313807 0 -0.00073347 -0.00269357 1.11571e-05 -3.65293e-07 0.00438287 0.00364508 -3.71354e-07 -9.41478e-06 -6.35432e-07 -0.00547723 -0.0130921 0.00710703 9.63512e-05 -0.000301776 -1.80116e-08 0.0073944 -0.00448761 -0.0204677 1.42629e-05 -0.000140489 -0.00466686 -0.0182455 3.94517e-07 -0.00133562 -5.92843e-05 -0.000241512 -0.00520596 6.90632e-06 0.0174203 0.0146625 -3.08536e-07 5.50298e-05 -0.00127508 -0.0066663 0.000571101 5.41565e-06 -4.41222e-06 -4.85894e-08 
-2.41246e-07 0.0689789 -0.057213 -0.00446794 -0.00766513 -0.00943834 -0.00828122 0.217881 -0.00045095 -4.30624e-06 -0.00293803 0.071405 -0.00623132 3.12291e-05 -0.000563392 -0.0906599 -0.124522 0.00604022 0.00517352 -0.00188497 0.0126593 -0.000998944 -3.99005e-05 0.0702569 0.0499614 3.07402e-05 0.0811854 0.00267064 -0.0411712 0.0199832 2.86679e-05 -9.61338e-07 -4.0342e-05 -0.0100689 2.57695e-07 -0.0149187 2.18331e-05 -0.0115549 -1.99664e-06 -0.104597 0.00341131 -0.0578989 0.00131023 -0.00539627 -4.47544e-05 -1.48308e-05 7.27105e-08 2.55164e-05 0.0724519 -0.129748 9.27162e-05 -0.00941962 -1.19995e-07 -0.0768222 -0.00161911 -0.00924397 0.0511859 3.17662e-05 0.00920604 0.0819993 0.0259526 0 0.000777412 -0.131933 -7.74355e-07 -3.88097e-06 -0.00421266 7.79309e-05 -3.79194e-06 2.70443e-06 -4.48249e-06 -0.0517781 0.0546638 -0.00543665 -9.68218e-05 -0.000601969 -1.94709e-07 -0.146298 0.010611 0.0773499 -3.81849e-05 -0.000141879 0.0232958 0.127605 -5.63751e-07 -0.0123237 0.000237704 0.00117978 -0.0370992 -1.07229e-05 0.079301 -0.0204793 1.49925e-06 0.000137724 -0.00682613 -0.0213345 -0.000567897 -4.31059e-05 -5.96898e-05 -5.01929e-07 
-3.02314e-10 -0.000157294 6.87679e-06 -4.66457e-06 -3.69676e-06 2.97628e-05 -3.96935e-05 -0.00045095 0.000666425 2.55772e-07 5.00795e-05 -0.000214646 0.000153552 -4.95638e-09 4.93984e-06 0.000142482 0.000364874 1.17681e-05 -1.39852e-05 -1.43173e-06 1.70291e-05 1.18943e-06 1.43054e-07 -2.95661e-05 -0.00013589 -6.79385e-08 1.80252e-05 -7.13612e-06 3.77292e-05 2.19099e-05 -1.64519e-07 -1.13368e-09 5.05973e-07 -3.16383e-06 -5.35719e-10 9.10658e-05 1.45718e-05 0.000184477 -2.69771e-08 0.00045045 -1.38055e-05 -7.63083e-05 -9.35451e-05 -5.30432e-06 5.21012e-07 -2.29143e-09 -1.51157e-10 1.21743e-06 -0.000198196 0.000336537 -2.4395e-07 0.000185681 -1.17814e-10 3.89006e-05 9.39048e-05 -1.40548e-05 -0.000111177 -5.46498e-07 -2.24968e-05 -4.01672e-06 -0.000212792 0 -7.68149e-06 0.000254354 -1.05032e-08 -3.94787e-09 -4.14514e-06 5.26485e-05 -4.82592e-09 -1.14113e-07 -6.74428e-09 -7.97526e-05 -0.00015706 -0.000123602 1.83294e-07 -2.90706e-06 -1.91169e-10 0.000120696 3.75941e-05 -0.000220751 2.81787e-06 -4.98553e-06 -5.0144e-05 -0.000437771 7.61132e-08 -1.36525e-05 3.77441e-07 -2.65808e-06 -0.000390166 -1.1608e-08 -8.31724e-05 4.63985e-06 -3.34546e-09 -3.14663e-07 2.14435e-05 -2.0652e-05 -5.16918e-06 -4.31732e-08 -4.52779e-08 -5.15713e-10 
-2.87413e-12 -1.51626e-06 -5.36421e-07 -4.46318e-08 -7.24767e-08 -1.35355e-07 -3.98349e-07 -4.30624e-06 2.55772e-07 6.33996e-06 8.10737e-07 -2.04548e-06 4.8176e-06 -6.49237e-10 -5.67413e-09 -3.91364e-06 -1.2203e-06 -4.73615e-06 -1.71621e-07 9.42718e-07 1.90007e-07 -1.25865e-08 -7.3153e-10 4.36456e-06 -1.43052e-07 -6.45898e-10 1.97154e-06 -6.78438e-08 -4.61899e-06 7.91351e-07 -1.5641e-09 -1.0778e-11 -4.18567e-10 -1.17829e-07 -5.09313e-12 -8.41831e-07 1.84329e-08 1.44384e-06 -2.56474e-10 -1.12768e-06 2.99906e-06 -7.42805e-07 -2.82004e-06 -5.04287e-08 -8.14331e-10 -1.48546e-10 -1.43707e-12 -6.89898e-10 -1.96698e-06 -1.34364e-06 -2.31926e-09 6.22241e-06 -1.12007e-12 -4.20914e-06 5.8375e-06 8.54891e-07 -9.35108e-07 -5.19561e-09 -2.53334e-07 -2.44739e-06 -2.12581e-06 0 4.64599e-06 -1.53435e-06 -9.9855e-11 -3.75328e-11 -3.94083e-08 2.10054e-07 -4.58805e-11 -1.08488e-09 -6.41185e-11 -7.66836e-07 1.76184e-06 -5.55882e-06 -9.51085e-10 4.68951e-06 -1.81747e-12 -1.91467e-06 6.23312e-07 -2.10346e-06 -7.17477e-10 -4.73979e-08 -4.77928e-07 1.09465e-06 -5.2622e-12 4.99856e-06 -5.98211e-09 -2.52706e-08 -3.57392e-06 -1.10358e-10 -1.56984e-06 -2.29756e-07 -3.18057e-11 -2.99153e-09 -1.41242e-07 5.12566e-06 -7.34187e-08 -4.10452e-10 -5.57223e-10 -4.90293e-12 
-3.0458e-09 -0.00173096 -5.82939e-05 2.01491e-05 -7.3639e-05 -0.000143439 4.67829e-06 -0.00293803 5.00795e-05 8.10737e-07 0.00667354 -0.000545334 0.00405065 -6.64682e-07 4.29363e-06 -0.00355265 -0.00128634 -1.77283e-05 -0.000180825 6.06136e-05 -0.000323301 -1.33383e-05 4.83811e-06 0.00372375 -0.00112203 1.55236e-08 0.00146549 -6.9546e-05 -0.00451009 0.00362012 -1.20419e-06 1.40524e-06 -4.43567e-07 -0.000124867 -5.39734e-09 -0.000861755 5.993e-07 0.00405792 -2.71793e-07 -0.000799355 -6.46916e-05 -0.000253065 -0.00042749 4.65626e-05 -8.62969e-07 -1.57419e-07 -1.5229e-09 -7.31104e-07 -0.00198907 -0.0014129 5.56222e-06 0.00429297 -1.18697e-09 -0.00389143 0.00544995 -0.000169045 -0.000925784 -2.59331e-08 -0.000264908 0.000456573 -0.00216656 0 -3.5695e-05 -0.00162558 -1.05819e-07 1.53356e-06 0.000392578 0.00018043 -4.86208e-08 -6.73011e-07 -6.79482e-08 -0.000812524 -0.000957902 -0.00534777 3.62109e-07 -2.21766e-06 -1.92602e-09 -0.00153107 0.00473442 -0.00202499 -7.6033e-07 -5.01089e-05 -0.000436091 0.000992884 7.10902e-08 0.000408526 -5.74274e-06 -1.52934e-05 -0.00154013 4.9305e-07 -0.00157948 -0.000185836 -3.37054e-08 -3.17021e-06 -5.34553e-05 0.00550326 -7.47772e-05 -4.34967e-07 -5.90504e-07 2.68138e-07 
-1.46259e-07 -0.081716 -0.0270961 -0.00227003 -0.00367039 -0.00611372 -0.0201346 0.071405 -0.000214646 -2.04548e-06 -0.000545334 0.21854 -0.00183192 4.80815e-05 -0.000276126 -0.169015 -0.0594253 0.00576126 0.00269663 0.00154986 0.00940311 -0.000575077 -2.11595e-05 0.154633 0.139826 2.16981e-05 0.0872512 0.00559359 -0.0878409 0.0200947 -7.52107e-05 -3.91805e-07 -2.13001e-05 -0.00522479 -2.5918e-07 0.0296387 7.36166e-05 0.000638352 -9.60148e-06 -0.0273511 -0.00737313 -0.0356621 0.000268867 -0.00256599 -3.32431e-05 6.1041e-06 1.53537e-07 5.45724e-05 -0.0876798 -0.0643657 0.000132591 -0.00328287 -5.69981e-08 -0.171143 0.0409438 0.0152419 0.0126997 0.000381435 -0.0102909 0.0474435 -0.107262 0 0.00106796 -0.0626408 -2.93143e-06 -9.4664e-07 -0.00200112 -0.00917058 -3.58104e-07 9.28559e-05 5.52046e-06 -0.0386531 0.14786 -0.0514714 -4.77456e-05 -0.000734359 -9.24874e-08 -0.0656243 0.0187807 0.0924461 -1.0277e-06 0.00113869 0.00433556 0.0768697 -2.67783e-07 0.00965788 3.1752e-06 -0.00109143 0.0821803 -3.84592e-06 -0.0814073 -0.0110026 3.26814e-06 -0.000122023 -0.00678787 0.00989776 0.00521649 -2.08871e-05 -2.83027e-05 -2.26168e-07 
-4.70024e-09 -0.00265502 -0.000873208 -6.77424e-05 -0.000116362 -0.000220297 -0.000631534 -0.00623132 0.000153552 4.8176e-06 0.00405065 -0.00183192 0.0102607 4.6616e-06 2.51041e-05 -0.00616704 -0.00199275 -0.000746825 -0.000209232 0.000519387 0.000304803 -1.60168e-05 3.22368e-06 0.00601076 -0.00298738 -1.05628e-06 0.00315562 -9.10691e-05 -0.00763245 0.0062272 -2.35453e-06 -1.76259e-08 7.45493e-07 -0.000192324 -8.32911e-09 -0.00137242 3.00639e-05 0.00751449 -4.19428e-07 0.000582867 0.000644684 -0.0012003 -0.00105602 -7.83791e-05 -1.33172e-06 1.63041e-06 -2.35012e-09 5.08177e-06 -0.00315182 -0.00218348 2.31718e-06 0.00883663 -1.83171e-09 -0.00678557 0.00822068 0.0012636 -0.00115461 -5.02669e-06 -0.000413645 0.000798609 -0.00338824 0 0.00100422 -0.00249716 -1.63299e-07 4.42529e-06 -6.37367e-05 -0.000152808 -7.50311e-08 -1.77417e-06 2.78514e-06 -0.00124669 -0.000529409 -0.00894576 -1.55537e-06 0.000987078 -2.97221e-09 -0.00291979 0.00652601 -0.00343257 9.23334e-07 -6.8916e-05 -0.000671165 0.000546235 6.80611e-08 0.00215801 -2.9529e-06 -4.13199e-05 -0.00498766 5.48286e-06 0.00107778 -0.000373051 2.77986e-07 -4.89223e-06 1.02077e-05 0.00833186 0.000122354 -6.71236e-07 -9.1126e-07 6.55315e-07 
-4.64228e-11 -1.95047e-05 -8.63424e-06 -7.2089e-07 -1.15731e-06 -1.41291e-06 -2.36745e-06 3.12291e-05 -4.95638e-09 -6.49237e-10 -6.64682e-07 4.80815e-05 4.6616e-06 0.000102393 -9.16483e-08 -1.40362e-05 -1.68968e-05 1.75882e-06 1.53013e-05 -3.32974e-07 1.20898e-06 9.86703e-07 -1.18156e-08 -2.32073e-05 -1.58101e-05 -1.04325e-08 1.23042e-05 6.39419e-06 -2.44822e-05 2.45822e-05 -2.52632e-08 -1.74086e-10 -6.76067e-09 -5.36507e-07 -8.2264e-11 -6.00387e-06 2.70469e-06 2.5858e-05 7.58574e-08 5.69754e-06 -1.48406e-06 -1.11277e-05 -4.8853e-06 -8.14522e-07 -1.3153e-08 -2.39931e-09 -2.32114e-11 -1.11432e-08 1.78942e-06 -1.60891e-05 -3.74605e-08 -1.63265e-06 -1.80913e-11 -2.04324e-05 -7.79968e-06 5.85216e-06 3.12993e-05 -8.39192e-08 -1.00516e-06 1.32691e-05 -2.44526e-05 0 2.72124e-06 -2.73934e-06 -1.61285e-09 -6.06228e-10 -6.3652e-07 -2.19032e-06 -7.41059e-10 1.42477e-07 -1.03564e-09 -6.90589e-06 -2.33216e-05 -3.21091e-05 -1.53619e-08 4.60862e-07 -2.93556e-11 -2.87324e-05 3.37974e-05 -2.44216e-05 -1.15886e-08 1.53443e-06 -2.25614e-06 -5.24246e-05 -8.49948e-11 -2.17682e-06 -9.66227e-08 -4.0817e-07 1.45279e-05 -1.7825e-09 2.25442e-05 -3.35435e-06 -5.13723e-10 -4.8319e-08 2.76866e-06 -1.05467e-05 4.26415e-06 -6.62959e-09 -9.00023e-09 -7.91919e-11 
-4.05721e-10 -0.000234733 0.000115524 -6.30036e-06 3.68856e-05 -1.13237e-05 -3.84721e-05 -0.000563392 4.93984e-06 -5.67413e-09 4.29363e-06 -0.000276126 2.51041e-05 -9.16483e-08 0.000894172 0.000311526 0.000519073 1.59541e-05 3.04346e-06 -2.35343e-06 1.15193e-06 2.26585e-07 -1.03265e-07 -0.000233353 -0.000409854 1.42156e-07 -0.000444879 -3.27704e-06 0.000177757 -7.11721e-05 7.4254e-07 -1.52145e-09 1.80914e-07 4.66102e-05 -7.18962e-10 -8.41087e-05 2.07545e-06 6.01958e-05 -3.62047e-08 0.000519554 -1.7226e-05 -8.16866e-05 -2.18802e-05 -6.61534e-06 -1.14953e-07 -2.09692e-08 -2.02861e-10 -9.7388e-08 -0.000231505 0.000447765 -3.27393e-07 3.80405e-05 -1.58112e-10 0.000249712 -4.18077e-05 -2.23783e-05 -0.000119138 3.61657e-06 4.6672e-05 -0.00016421 -0.000203882 0 -8.74096e-06 0.00058535 -1.40958e-08 -5.29824e-09 1.40903e-05 1.49443e-05 -6.47662e-09 -1.53145e-07 -9.05116e-09 0.000216988 -0.000210522 6.01663e-06 -1.34258e-07 -3.89071e-06 -2.56559e-10 0.000233586 -3.45103e-05 -0.000289423 1.98719e-07 -4.62083e-06 -6.74658e-05 -0.00057761 -7.42828e-10 -1.83714e-05 -8.44452e-07 -3.56728e-06 0.000154677 -1.55785e-08 -0.000132099 -6.95643e-06 -4.48978e-09 -4.22293e-07 -1.80615e-05 -9.53836e-05 1.2636e-05 -5.79406e-08 -7.86592e-08 -6.92113e-10 
9.01603e-08 0.101864 0.0322155 0.00265275 0.00432588 0.00734298 0.024025 -0.0906599 0.000142482 -3.91364e-06 -0.00355265 -0.169015 -0.00616704 -1.40362e-05 0.000311526 0.236242 0.0736267 -0.00156525 0.00167379 -0.00179486 -0.00808796 0.000627533 -6.98705e-07 -0.181212 -0.180013 -1.46378e-05 -0.101939 -0.00564122 0.139874 -0.0571477 9.38683e-05 -9.82732e-07 2.42663e-05 0.00638564 -3.45892e-07 -0.021 -0.000100097 -0.00629528 1.54051e-05 0.0457578 -0.00888637 0.0340778 0.000304535 0.00304383 4.42128e-05 -1.41599e-05 -1.3992e-07 -5.09651e-05 0.117814 0.0779233 -0.000200521 -0.0106078 6.76115e-08 0.205075 -0.0487071 -0.0164713 -0.0507404 -9.03266e-05 0.0152518 -0.0457216 0.12824 0 -0.00720483 0.0920803 3.06096e-06 -3.64771e-06 0.00237769 0.0107883 -1.63048e-06 -8.45459e-05 -5.79623e-06 0.0459052 -0.142865 0.0628026 5.65144e-05 -0.00273445 1.09709e-07 0.0727323 -0.0392435 -0.148568 9.2863e-06 -0.00127874 -0.0457031 -0.112391 2.4098e-07 -0.0131206 -0.000582414 -0.00224462 -0.0754956 -2.56835e-06 0.0986275 0.0135875 -2.96676e-06 -8.42532e-05 0.00464762 -0.0503676 -0.00495124 2.47764e-05 3.27827e-05 -4.77374e-07 
2.82744e-07 -0.050363 0.0435715 -0.000343115 0.00689528 0.0136837 -0.00643122 -0.124522 0.000364874 -1.2203e-06 -0.00128634 -0.0594253 -0.00199275 -1.68968e-05 0.000519073 0.0736267 0.155429 0.00187777 -0.00465175 -0.000551627 0.0024105 0.000621283 1.82048e-05 -0.0598224 -0.0659216 -1.96088e-05 -0.0902795 -0.00200801 0.0444894 -0.0178633 -3.73678e-05 -3.27209e-07 4.77761e-05 0.0125904 -1.54622e-07 0.0310847 -3.12789e-05 -0.000450198 -7.28629e-06 0.101733 -0.00377194 0.00185813 0.000295518 -2.13712e-05 3.40544e-05 -4.35971e-06 -4.36279e-08 -2.07979e-05 -0.0544142 0.138213 -6.91036e-05 -0.00290862 1.42663e-07 0.0646064 -0.0152482 -0.00520688 -0.0324018 -0.000157593 -0.00682354 -0.055168 -0.00641815 0 -0.0022469 0.138081 -3.0315e-06 -1.13946e-06 -0.000985508 -0.0051074 -1.07622e-06 -3.23558e-05 -1.74324e-06 0.0656566 -0.0454777 0.0223325 2.36694e-05 -0.000716115 2.3149e-07 0.0891214 -0.0133852 -0.0626646 2.60848e-05 -0.000484603 -0.0144581 -0.127424 4.35783e-08 -0.00409127 -0.000180561 -0.000767078 0.0188635 -3.35036e-06 -0.0568745 0.0103617 -9.65588e-07 -9.08198e-05 -0.00288617 -0.0297617 -0.00220713 4.61824e-05 2.98033e-05 -6.21814e-08 
8.14036e-09 -0.00480735 -0.00706879 -0.00667334 4.74145e-05 0.000345522 -0.0113881 0.00604022 1.17681e-05 -4.73615e-06 -1.77283e-05 0.00576126 -0.000746825 1.75882e-06 1.59541e-05 -0.00156525 0.00187777 0.0176342 0.000475462 -0.000180212 0.0104665 -4.64515e-05 -2.88143e-06 0.000354763 0.00324662 -1.85397e-06 0.00560826 1.41662e-05 0.00108387 -0.000444384 -6.10767e-05 3.05263e-08 -7.36783e-06 0.000312179 -2.65575e-07 0.00208909 4.43847e-06 0.000486742 -3.81026e-06 0.00335297 -0.0048088 -0.00914273 0.00100966 -0.00739917 -1.14236e-05 8.73914e-08 4.07018e-09 1.09732e-06 -0.00659746 0.00286732 6.37545e-06 -0.00320844 3.17234e-09 -0.000743999 -0.000324056 -0.000374864 -0.00063574 -2.75412e-05 0.000442199 0.0088387 -0.0065589 0 -0.00425808 0.00226812 -1.17605e-05 -3.70363e-07 -9.31247e-05 -0.000720127 1.29946e-07 2.74935e-06 -9.50649e-08 0.00216978 0.00230822 0.002945 -8.53563e-05 -0.00293022 5.14758e-09 -0.00483162 0.0012279 0.00255216 -1.77124e-06 -6.12091e-05 -0.00223452 0.00242642 1.4904e-08 -0.00149525 -0.000580904 7.09336e-05 0.00755683 -1.05708e-05 0.00240339 -0.00884635 9.00826e-08 -1.42371e-05 0.000388819 0.00013457 0.000183382 -7.48082e-06 1.57821e-06 1.38865e-08 
-1.22715e-08 -0.00247108 -0.00219903 -0.000189655 -0.000289073 0.000150711 -0.0016084 0.00517352 -1.39852e-05 -1.71621e-07 -0.000180825 0.00269663 -0.000209232 1.53013e-05 3.04346e-06 0.00167379 -0.00465175 0.000475462 0.0263368 0.0012386 0.000306232 0.000502143 -2.73671e-06 -0.00248517 -0.011243 1.66222e-05 -0.00987509 4.29474e-05 -0.00214457 0.00498861 1.34518e-05 -2.26849e-08 4.76201e-07 -0.00042411 -2.17459e-08 -0.0015616 9.8499e-05 0.00682289 3.27495e-06 0.00290756 0.000318724 -0.00317088 -0.000113718 -0.000215313 7.1531e-06 1.75909e-06 -6.13577e-09 1.31047e-07 0.00923508 -0.00557067 -4.44241e-06 5.47318e-05 -4.78229e-09 0.000883229 -0.00187735 -0.000704624 0.0144311 0.0003575 0.0125217 0.00402869 -0.00818603 0 -0.000277061 -0.00117718 2.01032e-06 7.06415e-07 -0.000168069 0.00176646 3.67077e-06 -2.92539e-06 3.0957e-07 -0.00310715 -0.00635324 -0.00529348 -2.29746e-06 -7.3011e-05 7.55734e-08 -0.00657563 0.00627432 -0.00858699 -1.79004e-06 -0.000195829 -0.00186701 -0.0147684 3.41989e-08 -0.000575335 8.06652e-05 -3.74301e-05 -0.0140058 -4.71191e-07 0.0168085 -8.37486e-05 4.14753e-06 5.78272e-05 -0.000550252 -0.0018813 0.0046757 -1.43248e-06 -2.37914e-06 -2.09338e-08 
-1.47406e-09 -0.00083243 8.4189e-05 6.3193e-05 -3.61778e-05 -6.8916e-05 -5.76347e-05 -0.00188497 -1.43173e-06 9.42718e-07 6.06136e-05 0.00154986 0.000519387 -3.32974e-07 -2.35343e-06 -0.00179486 -0.000551627 -0.000180212 0.0012386 0.00324102 -6.07145e-05 -6.13191e-06 -3.7518e-07 0.000325504 -0.000740905 -3.31262e-07 0.000756992 -3.46151e-05 -0.00228459 0.00185509 -5.78846e-07 -5.52771e-09 3.18663e-07 -1.02785e-06 -2.61212e-09 -0.000317413 5.82948e-07 0.00165463 -1.31538e-07 0.00138638 -1.29774e-05 -0.000201893 -0.000240416 0.000105723 2.12354e-07 1.97382e-06 -7.37029e-10 -3.53828e-07 -0.000867726 -0.000641909 -2.69477e-07 0.000544884 -5.74449e-10 -0.0019404 0.0009553 0.000520112 -0.000356998 3.1862e-05 -0.000129737 0.000205438 -0.000928224 0 0.000231142 -0.000748397 2.75454e-07 -1.92495e-08 -1.7338e-05 -8.97687e-05 1.64693e-08 -5.56402e-07 4.36045e-06 -0.000385594 -7.69028e-05 -0.00261689 3.57888e-06 0.000137166 -9.32124e-10 1.77774e-05 0.00186613 -0.00104065 -3.67972e-07 -1.52923e-05 -0.000242952 -0.00100943 -2.69883e-09 0.000596107 -1.39804e-06 -1.18572e-05 -0.00165441 1.13401e-07 0.000382314 8.67482e-05 -1.63122e-08 -1.53427e-06 -5.8649e-05 0.00232724 0.00139543 -2.10508e-07 -2.85783e-07 -2.51457e-09 
-6.41381e-09 -0.00342325 -0.0153833 -0.00678364 8.40748e-05 0.000542925 -0.0194787 0.0126593 1.70291e-05 1.90007e-07 -0.000323301 0.00940311 0.000304803 1.20898e-06 1.15193e-06 -0.00808796 0.0024105 0.0104665 0.000306232 -6.07145e-05 0.0290714 -0.000138673 -2.35535e-06 0.00932836 0.00842075 -4.59347e-06 0.0185556 5.49882e-05 -0.00390253 0.00248172 -7.04864e-05 -1.57185e-08 -8.21808e-06 0.000532913 1.07422e-08 0.00382093 6.8911e-06 0.000654799 -2.23097e-06 -0.000657897 0.000578387 -0.0241136 0.000710311 -0.00766934 -2.98939e-05 7.02186e-07 6.79309e-09 1.76785e-06 -0.00628652 0.00293022 -0.000150887 0.000553059 5.29462e-09 -0.00981749 0.00237509 0.000744589 0.00166016 -2.16034e-05 -0.000198598 0.0226112 -0.00731698 0 0.000349855 -1.3138e-05 -1.19813e-05 1.70753e-07 -0.00598079 -0.00278378 2.1688e-07 3.05162e-06 3.03092e-07 0.00355899 0.00642503 -0.00304557 -0.000105041 0.000143711 8.59127e-09 -0.0175524 0.00181668 0.00403132 -1.89418e-05 -0.000784424 -0.00124278 0.00761567 -2.21792e-07 0.000637071 2.82778e-05 -0.00215751 -0.000666275 -7.47833e-06 0.00448984 -0.0158122 1.4368e-07 -7.85655e-05 -0.00175606 -0.00475599 0.000320511 -7.94977e-06 2.10402e-06 2.31764e-08 
-8.99982e-10 -0.000508185 0.00020802 -1.39723e-05 0.000277412 0.000177526 -8.35889e-05 -0.000998944 1.18943e-06 -1.25865e-08 -1.33383e-05 -0.000575077 -1.60168e-05 9.86703e-07 2.26585e-07 0.000627533 0.000621283 -4.64515e-05 0.000502143 -6.13191e-06 -0.000138673 0.00198131 -1.55732e-07 -0.000472517 -0.000884723 -2.02251e-07 -0.00123078 1.28596e-06 0.00033775 -0.000125538 -3.86435e-07 -3.37493e-09 3.78934e-07 -1.69528e-05 -1.59482e-09 -0.00024372 -3.24042e-07 0.000389655 -8.03101e-08 0.000374386 5.90144e-05 -0.000207026 -2.56443e-05 -6.05748e-06 1.45834e-06 -4.65145e-08 -4.49991e-10 -2.16029e-07 -0.00020017 0.000655531 -7.26232e-07 6.65686e-05 -3.50728e-10 0.00053648 -0.000128445 -5.36183e-05 0.000120317 1.82631e-05 0.000428357 8.43721e-05 7.1456e-06 0 4.40146e-06 0.00119161 -3.12677e-08 -1.17527e-08 -1.234e-05 -4.6404e-05 -1.43666e-08 -9.63766e-08 -2.00775e-08 0.00024116 -0.000468815 0.000100631 1.15552e-06 8.17293e-05 -5.69106e-10 0.000219009 -4.22697e-05 -0.000641651 9.86688e-08 -1.42118e-05 -0.000148784 -0.00124003 -1.64776e-09 -1.66011e-05 4.32015e-06 -7.91303e-06 -0.000657172 -3.45566e-08 2.88476e-05 0.000155626 -9.95935e-09 -9.36742e-07 9.08587e-06 -0.000281079 5.97403e-05 3.21475e-07 -1.74484e-07 -1.53526e-09 
-5.23071e-11 -1.79086e-05 -8.1658e-06 1.8844e-06 -1.6569e-07 1.73665e-06 5.43367e-06 -3.99005e-05 1.43054e-07 -7.3153e-10 4.83811e-06 -2.11595e-05 3.22368e-06 -1.18156e-08 -1.03265e-07 -6.98705e-07 1.82048e-05 -2.88143e-06 -2.73671e-06 -3.7518e-07 -2.35535e-06 -1.55732e-07 0.00011537 4.25505e-06 2.88528e-06 -1.17549e-08 -3.83862e-05 3.16196e-06 8.99326e-06 -1.06396e-05 7.88201e-07 -1.96152e-10 -7.61761e-09 -1.12441e-06 -9.26913e-11 2.4293e-06 -2.85201e-08 -2.31934e-06 -1.33431e-09 7.11648e-06 -1.64292e-06 -4.21838e-07 -3.44475e-06 -5.17766e-07 -1.48202e-08 -2.70343e-09 -2.61536e-11 -1.25556e-08 -1.68376e-05 4.83401e-05 -2.22088e-08 2.75327e-06 -2.03844e-11 1.72468e-05 7.91488e-06 1.17715e-06 -8.23485e-06 2.44878e-06 -7.00486e-07 -8.41731e-05 -3.74483e-06 0 -1.30361e-06 1.9046e-05 -1.81729e-09 -6.83069e-10 1.06132e-07 5.36111e-06 -8.34991e-10 -1.9744e-08 -1.16691e-09 1.37142e-05 -3.12545e-06 -6.76485e-07 1.82691e-07 -2.78227e-07 -3.30766e-11 3.06434e-06 -6.88739e-06 1.85533e-06 -1.30575e-08 -5.75941e-07 -4.59461e-06 -2.20143e-05 -9.57682e-11 1.06706e-05 -1.0887e-07 -4.59907e-07 8.30613e-06 -2.00844e-09 -2.75954e-05 -2.1314e-06 -5.7884e-10 -5.44436e-08 1.96195e-05 -2.16228e-06 -1.33617e-06 -7.46992e-09 -1.0141e-08 -8.92298e-11 
-9.45848e-08 -0.0815831 -0.0263323 -0.00219296 -0.00354427 -0.00576647 -0.0195714 0.0702569 -2.95661e-05 4.36456e-06 0.00372375 0.154633 0.00601076 -2.32073e-05 -0.000233353 -0.181212 -0.0598224 0.000354763 -0.00248517 0.000325504 0.00932836 -0.000472517 4.25505e-06 0.214499 0.149352 2.72768e-05 0.0944405 0.00609078 -0.0815503 0.0128384 -7.63222e-05 9.90307e-07 -1.91541e-05 -0.00569586 4.03027e-07 0.0318892 0.000140547 0.00615946 -1.26046e-05 -0.0433922 0.0111324 -0.0359651 -0.00032864 -0.00247815 -3.59042e-05 4.32625e-06 1.56041e-07 5.11011e-05 -0.0955082 -0.0638841 -1.9585e-05 0.0117551 -5.50465e-08 -0.170867 0.0535364 0.0152555 0.00905717 0.000123268 -0.0124274 0.0436428 -0.103056 0 0.00764852 -0.0742234 -3.39412e-06 2.50542e-06 -0.00193675 -0.00872602 1.12517e-06 -3.42806e-05 -2.57782e-06 -0.0376861 0.157271 -0.0516266 -4.67351e-05 0.00303559 -8.93208e-08 -0.0788645 -0.000204813 0.111541 -2.92427e-06 -0.000594624 0.0137578 0.0972722 -1.81948e-07 0.0143966 0.000637711 -0.00123222 0.0465928 3.80636e-06 -0.0827367 -0.0112335 -1.56311e-06 -9.26343e-05 -0.00624265 -0.00327313 0.000597043 -2.0172e-05 -2.73851e-05 5.32375e-07 
-1.19247e-07 -0.123027 -0.0382015 -0.00319355 -0.00522426 -0.00768819 -0.0288591 0.0499614 -0.00013589 -1.43052e-07 -0.00112203 0.139826 -0.00298738 -1.58101e-05 -0.000409854 -0.180013 -0.0659216 0.00324662 -0.011243 -0.000740905 0.00842075 -0.000884723 2.88528e-06 0.149352 0.248524 1.2283e-05 0.0989122 0.00415368 -0.100469 0.0266251 -0.000112939 7.48656e-07 -3.00832e-05 -0.00656027 1.58681e-08 0.0320037 -3.32722e-06 -0.0122973 -1.86722e-05 -0.0427275 0.00699671 0.0056966 0.000562408 -0.00366615 -2.52062e-05 -4.62803e-06 1.22043e-07 3.47063e-05 -0.140302 -0.0622082 0.000168456 -0.000332611 -8.15449e-08 -0.153232 0.0346811 0.0134657 0.0280284 -7.06324e-05 -0.0184247 0.0232896 -0.153616 0 0.00618537 -0.0807991 -5.17314e-06 -2.64252e-06 -0.00277823 -0.0130893 -2.5736e-06 6.53902e-05 -3.72806e-06 -0.0522029 0.122887 -0.0303734 -6.83257e-05 0.00229024 -1.32318e-07 -0.0187935 0.0136095 0.163482 -1.95582e-05 0.00289936 0.0373388 0.119237 -3.83107e-07 0.0106137 0.000211558 0.00196575 0.097145 9.65519e-07 -0.145139 -0.0103807 -2.31557e-06 3.59259e-05 0.00585845 0.0610223 -0.00132915 -2.98824e-05 -2.49778e-05 -3.33618e-07 
-4.61841e-11 -1.39586e-05 -8.61968e-06 -7.17183e-07 -1.16462e-06 -1.925e-06 -5.75435e-06 3.07402e-05 -6.79385e-08 -6.45898e-10 1.55236e-08 2.16981e-05 -1.05628e-06 -1.04325e-08 1.42156e-07 -1.46378e-05 -1.96088e-05 -1.85397e-06 1.66222e-05 -3.31262e-07 -4.59347e-06 -2.02251e-07 -1.17549e-08 2.72768e-05 1.2283e-05 0.000101866 2.42704e-06 -3.60174e-07 -1.55885e-05 -8.94559e-06 7.81533e-07 -1.7319e-10 -6.7259e-09 -1.28005e-06 -8.18409e-11 -2.0306e-06 2.78152e-07 -2.83072e-06 -4.12125e-09 -1.88555e-05 -2.12847e-06 -1.0666e-05 2.136e-07 -8.10333e-07 -1.30854e-08 -2.38697e-09 -2.3092e-11 -1.10859e-08 3.36949e-06 -2.15908e-05 -3.72678e-08 -1.69289e-06 -1.79982e-11 -2.35428e-05 -1.63127e-06 -1.35357e-06 8.94135e-06 -8.34876e-08 1.92559e-05 1.54452e-05 -2.6206e-05 0 -1.05261e-06 -2.29652e-05 -1.60456e-09 -6.0311e-10 -6.33247e-07 -2.9451e-06 -7.37247e-10 2.19234e-07 -1.03031e-09 -1.16255e-05 3.00795e-05 -3.74736e-06 -1.52829e-08 -4.89938e-07 -2.92046e-11 -2.991e-05 -6.93157e-06 3.28651e-06 -1.1529e-08 -7.61631e-07 -7.03977e-06 1.61114e-05 -8.45576e-11 -2.16562e-06 -9.61257e-08 -4.06071e-07 5.3959e-06 -1.77333e-09 7.44225e-06 -3.15859e-06 -5.11081e-10 -4.80705e-08 -2.25961e-06 -1.27144e-05 -7.06422e-07 -6.5955e-09 -8.95394e-09 -7.87846e-11 
-2.49028e-07 -3.79705e-05 -0.0371167 -0.00476081 -0.00753538 -0.0122033 -0.0377432 0.0811854 1.80252e-05 1.97154e-06 0.00146549 0.0872512 0.00315562 1.23042e-05 -0.000444879 -0.101939 -0.0902795 0.00560826 -0.00987509 0.000756992 0.0185556 -0.00123078 -3.83862e-05 0.0944405 0.0989122 2.42704e-06 0.214267 0.00103796 -0.0573713 0.0199028 -0.000168473 4.61979e-07 -4.33932e-05 -0.0103257 1.13144e-07 -0.0153928 5.91673e-05 0.00234297 -2.78736e-05 -0.0480631 0.00254344 -0.0170812 0.000297956 -0.0054773 -8.02016e-05 3.83264e-06 7.04861e-08 2.91752e-05 -0.0297489 -0.0856593 -0.000116744 0.00515073 -1.21729e-07 -0.0944077 0.0246453 0.00829725 -0.00741314 -0.000233843 -0.0271149 0.058426 -0.0481592 0 0.00356537 -0.107679 -6.26892e-06 1.83426e-06 -0.00425309 -0.0164573 1.6037e-06 4.37585e-05 2.72492e-06 -0.0761621 0.0697221 -0.025685 -0.000101204 0.00125324 -1.97523e-07 -0.0526457 0.0120756 0.0771256 -4.08988e-05 -0.000543603 0.0072003 0.147851 -4.9523e-07 0.00661028 0.00029126 -0.000884291 -0.00686831 -2.00042e-06 -0.0174455 -0.02356 -3.04998e-06 -0.00014268 0.00162645 0.025547 0.00135776 -4.07413e-05 -3.4879e-05 2.40482e-07 
-4.85108e-09 -0.00211027 -0.000844141 8.84753e-05 -3.09859e-05 -0.000219897 -0.000486844 0.00267064 -7.13612e-06 -6.78438e-08 -6.9546e-05 0.00559359 -9.10691e-05 6.39419e-06 -3.27704e-06 -0.00564122 -0.00200801 1.41662e-05 4.29474e-05 -3.46151e-05 5.49882e-05 1.28596e-06 3.16196e-06 0.00609078 0.00415368 -3.60174e-07 0.00103796 0.0105864 -0.00365548 -0.00071705 -1.04995e-06 -1.81916e-08 2.87686e-06 -0.000198451 -8.59641e-09 -0.000466154 4.49823e-08 4.47971e-05 -4.32888e-07 -0.00194275 1.22874e-05 -0.00100671 -0.000191101 8.00709e-05 -1.36446e-06 -2.50723e-07 -2.42554e-09 1.69223e-06 -0.00305318 -0.00218052 -3.90121e-06 -0.000197915 -1.8905e-09 -0.00373463 -0.000554407 1.86868e-07 0.00269705 0.000306531 -0.000341587 0.000820059 -0.0031177 0 -0.000115682 -0.00198915 -1.68539e-07 -6.33494e-08 -5.93683e-05 -0.000282031 -7.7439e-08 3.24556e-06 -1.08222e-07 -0.000834304 0.00632833 -0.00245573 -1.71947e-07 -2.44988e-05 -3.0676e-09 -0.0029333 -0.000691475 0.00361806 -1.19432e-06 -7.73169e-05 0.000679936 0.00264976 -8.88176e-09 -0.000207909 -6.36019e-06 -3.88829e-05 -0.000532201 -1.82934e-07 -0.00225093 -0.000313472 -5.36829e-08 5.77438e-07 -0.000231935 -0.00152542 -0.000104339 -6.92778e-07 -8.53837e-07 -8.27538e-09 
1.58975e-08 0.0632083 0.0195763 0.00159964 0.00262373 0.00402085 0.0146699 -0.0411712 3.77292e-05 -4.61899e-06 -0.00451009 -0.0878409 -0.00763245 -2.44822e-05 0.000177757 0.139874 0.0444894 0.00108387 -0.00214457 -0.00228459 -0.00390253 0.00033775 8.99326e-06 -0.0815503 -0.100469 -1.55885e-05 -0.0573713 -0.00365548 0.17903 -0.0709324 5.71326e-05 -1.19955e-06 1.44221e-05 0.00359471 -4.65677e-07 -0.0396234 -0.000127047 -0.0104458 9.37313e-06 0.0179442 -0.0114844 0.0165186 0.000640284 0.0018563 1.56107e-05 -1.78068e-05 -1.73718e-07 -3.41774e-05 0.0724282 0.0490374 -0.000251847 -0.0132466 4.12689e-08 0.129247 -0.0309379 -0.0197627 -0.055364 8.14524e-05 0.00932803 -0.0265345 0.0783146 0 -0.00840616 0.0560696 7.25827e-07 -4.53044e-06 0.00144744 0.00649311 -3.07953e-06 -9.92609e-05 -7.30422e-06 0.0281022 -0.048379 0.0770686 3.38327e-05 -0.00327989 6.69646e-08 0.0372529 -0.0485239 -0.0858753 -8.88788e-06 -0.00205021 -0.0527236 -0.0619793 1.17219e-07 -0.0161898 -0.000721259 -0.00257144 -0.0354752 -5.16385e-06 0.0518902 0.00806575 -3.71479e-06 -4.6377e-05 0.0025075 -0.0744392 -0.00665561 1.51064e-05 1.78276e-05 -5.92685e-07 
-4.20906e-08 -0.0250805 -0.0077004 -0.000652778 -0.00105089 -0.00197645 -0.00583367 0.0199832 2.19099e-05 7.91351e-07 0.00362012 0.0200947 0.0062272 2.45822e-05 -7.11721e-05 -0.0571477 -0.0178633 -0.000444384 0.00498861 0.00185509 0.00248172 -0.000125538 -1.06396e-05 0.0128384 0.0266251 -8.94559e-06 0.0199028 -0.00071705 -0.0709324 0.0842263 -2.29056e-05 -5.78396e-08 -6.12975e-06 -0.00122343 -7.45869e-08 -0.00474867 1.54971e-05 0.0125249 -3.58263e-06 -0.00146827 0.0076992 -0.0108327 -0.000338219 -0.000738509 -1.06556e-05 1.46179e-05 -2.10453e-08 -4.54328e-06 -0.0287849 -0.0196722 0.000154189 0.00712954 -1.64029e-08 -0.0608471 -0.000241854 -0.00240573 0.0559306 2.14023e-05 -0.00370807 0.0140657 -0.0311302 0 0.00134061 -0.0224329 -4.89004e-07 4.78035e-06 -0.000577119 -0.00254524 3.34477e-06 2.77236e-06 8.40768e-06 -0.0112205 -0.0183694 -0.04412 -1.32816e-05 0.000189631 -2.66161e-08 -0.0224037 0.0485584 0.0395119 -7.02383e-06 -0.000689597 0.0451159 0.0162966 -7.70629e-08 -0.00191704 0.000507394 -4.91354e-05 0.00303775 -1.61615e-06 -0.00837796 -0.00327768 4.42089e-06 -8.1531e-06 -0.00122714 0.0329642 0.00506362 -6.0109e-06 -8.16031e-06 -7.18015e-08 
-1.11839e-10 0.00013614 -1.65633e-05 1.71066e-05 -2.80023e-06 4.93639e-06 9.4586e-05 2.86679e-05 -1.64519e-07 -1.5641e-09 -1.20419e-06 -7.52107e-05 -2.35453e-06 -2.52632e-08 7.4254e-07 9.38683e-05 -3.73678e-05 -6.10767e-05 1.34518e-05 -5.78846e-07 -7.04864e-05 -3.86435e-07 7.88201e-07 -7.63222e-05 -0.000112939 7.81533e-07 -0.000168473 -1.04995e-06 5.71326e-05 -2.29056e-05 0.000246642 -4.19396e-10 -1.62874e-08 -3.27833e-06 -1.98185e-10 -2.96708e-05 1.54569e-06 -5.79817e-06 9.86687e-07 -3.19266e-05 -2.19353e-06 -4.31751e-06 -2.15942e-06 5.42771e-06 -3.16874e-08 -5.78026e-09 -5.59194e-11 1.13155e-07 0.00014369 -2.55606e-05 -9.02474e-08 -4.23905e-06 -4.35843e-11 8.20099e-05 -1.92167e-05 -6.62083e-06 1.57113e-05 -1.48839e-07 2.26989e-05 -3.36565e-05 7.22634e-05 0 -2.54327e-06 -2.98781e-05 -3.88558e-09 -1.46048e-09 -9.86796e-07 2.31748e-05 -1.78531e-09 -4.22151e-08 -2.49499e-09 2.73874e-05 -4.39868e-05 2.00873e-05 6.86325e-07 -7.79762e-07 -7.07216e-11 -5.49842e-05 -1.7641e-05 -8.10301e-05 -2.79186e-08 -1.84436e-06 -1.85972e-05 -8.14561e-05 -2.04764e-10 -4.90757e-06 -2.32777e-07 -6.80003e-07 -6.06271e-05 -4.29428e-09 0.000143728 5.12634e-06 -1.23763e-09 -1.16407e-07 -4.70939e-06 -3.66056e-05 1.08978e-06 -1.59716e-08 -2.16828e-08 -1.90784e-10 
-7.70667e-13 -4.61089e-07 -7.71687e-08 -1.19675e-08 -1.94338e-08 -3.62938e-08 -1.06813e-07 -9.61338e-07 -1.13368e-09 -1.0778e-11 1.40524e-06 -3.91805e-07 -1.76259e-08 -1.74086e-10 -1.52145e-09 -9.82732e-07 -3.27209e-07 3.05263e-08 -2.26849e-08 -5.52771e-09 -1.57185e-08 -3.37493e-09 -1.96152e-10 9.90307e-07 7.48656e-07 -1.7319e-10 4.61979e-07 -1.81916e-08 -1.19955e-06 -5.78396e-08 -4.19396e-10 1.7e-06 -1.12234e-10 -3.15946e-08 -1.36567e-12 -2.25727e-07 -4.202e-10 -2.39024e-08 -6.87707e-11 -3.11218e-07 -3.95779e-08 -9.58415e-08 3.56431e-09 -1.35219e-08 -2.18354e-10 -3.9831e-11 -3.85333e-13 -1.84988e-10 -5.27424e-07 -3.60282e-07 -6.21883e-10 1.40847e-06 -3.00333e-13 -1.0253e-06 1.28193e-06 -4.60597e-08 -2.09824e-07 -1.39314e-09 -6.79286e-08 -5.56765e-07 -5.70012e-07 0 -1.98453e-08 -4.11418e-07 -2.6775e-11 -1.0064e-11 5.60998e-08 -4.91444e-08 -1.23023e-11 -2.90898e-10 -1.71927e-11 -2.05618e-07 3.91618e-07 -1.3072e-06 -2.55023e-10 -8.17552e-09 -4.87333e-13 -4.10065e-07 1.3951e-06 -3.04018e-07 -1.92383e-10 -1.27092e-08 -5.14845e-08 4.72382e-07 -1.411e-12 1.38053e-06 -1.60403e-09 -6.77604e-09 -7.44783e-07 -2.95913e-11 -4.85392e-07 -6.16066e-08 -8.52833e-12 -8.02145e-10 -3.78726e-08 1.21761e-06 3.64694e-09 -1.10058e-10 -1.49413e-10 -1.31467e-12 
-2.99291e-11 -8.48986e-06 -4.41255e-06 3.9419e-06 -7.54718e-07 4.71339e-05 4.85189e-06 -4.0342e-05 5.05973e-07 -4.18567e-10 -4.43567e-07 -2.13001e-05 7.45493e-07 -6.76067e-09 1.80914e-07 2.42663e-05 4.77761e-05 -7.36783e-06 4.76201e-07 3.18663e-07 -8.21808e-06 3.78934e-07 -7.61761e-09 -1.91541e-05 -3.00832e-05 -6.7259e-09 -4.33932e-05 2.87686e-06 1.44221e-05 -6.12975e-06 -1.62874e-08 -1.12234e-10 6.60156e-05 -8.66987e-07 -5.30361e-11 -8.76619e-06 -1.63186e-08 9.22253e-07 -2.67073e-09 3.51609e-05 3.38631e-06 9.54986e-07 -3.95491e-06 6.93821e-06 -8.47983e-09 -1.54685e-09 -1.49645e-11 -7.18408e-09 -1.97393e-05 -1.2855e-05 -2.4151e-08 1.92164e-07 -1.16635e-11 2.02159e-05 -3.81599e-06 -1.68874e-06 -1.11259e-05 1.91923e-06 -2.30136e-06 -1.26331e-06 -1.28199e-05 0 -3.80696e-07 3.69358e-05 -1.03982e-09 -3.90838e-10 -2.70349e-08 -1.90854e-06 -4.77765e-10 -1.12971e-08 -6.67682e-10 3.72114e-05 -1.22307e-05 4.25793e-06 -9.90388e-09 7.25012e-08 -1.89257e-11 -7.31465e-06 -4.7209e-06 -2.19038e-05 -7.47126e-09 -4.93566e-07 -4.97679e-06 -3.7288e-05 -5.47966e-11 -4.03405e-07 -6.22932e-08 -2.6315e-07 -2.55844e-05 -1.14919e-09 3.76194e-05 -1.63918e-06 -3.312e-10 -3.11515e-08 -1.05413e-06 -9.21961e-06 -7.4786e-07 -4.27413e-09 -5.8025e-09 -5.10555e-11 
