0.00753888 -5.27237e-05 -2.12759e-06 -5.96993e-06 -6.69429e-05 -0.000289934 -0.000838788 -0.000367913 1.70189e-05 -5.92604e-05 -0.000293391 -2.27477e-05 -0.00256018 -0.00113724 -3.15737e-05 -1.84105e-05 -0.000889046 0.000322126 -0.000735486 -0.00314751 -1.73041e-05 0.00163796 -0.000158134 0.00178278 -0.00414879 -4.39353e-07 -0.000277453 0.00505122 -2.79168e-05 0.00072572 0.00416389 0.00416174 -0.00106489 0.00129857 0.000928777 -0.00117344 -0.000231955 0.00467123 -0.000766167 -0.000331172 2.08015e-05 4.18727e-05 -4.08714e-05 -0.000659783 9.41543e-06 -0.000477058 0.000702494 0.000572919 -0.0039801 -5.944e-06 -0.00083282 -2.82151e-06 -5.29031e-05 -0.000583763 0.00499222 1.29048e-05 4.23612e-05 -0.000151009 -0.000858848 -1.5494e-05 -0.00082814 -0.00313639 1.14864e-05 -7.10048e-05 1.33975e-05 4.83943e-05 -0.000171833 -3.36717e-05 -1.20255e-05 -0.000591964 2.82226e-05 0.0002939 0.000567201 0.00025378 -1.03239e-06 -0.000628276 -2.33236e-05 -0.00299491 -1.09973e-07 -0.000143883 -3.43707e-06 -0.000400821 -0.000172371 -1.88157e-06 -0.000722826 -0.000858031 9.69016e-05 -0.000312036 -0.000645114 -0.000810569 0.00224263 0.00450646 -0.000461702 -0.000732253 -1.40319e-06 -1.68272e-05 -0.003114 -0.00302065 -0.0004441 -2.43589e-05 
-5.27237e-05 0.00991347 -2.50896e-06 -7.75617e-06 0.00383071 0.00224636 0.00789847 0.00465794 -0.00137426 -5.10668e-06 0.000711119 -1.31258e-05 -0.00578156 0.00797631 -0.00147142 -1.95737e-05 0.00591634 -0.00101098 -0.00178381 -0.00762228 -2.10079e-05 -0.00012291 0.00204659 -0.00597989 -0.00713864 -2.21371e-06 0.00548042 -0.000833658 0.00013952 -0.00576478 -0.000419755 0.00295097 0.00539503 -0.00608755 0.000190644 -0.00155219 -0.00563019 -0.00120619 0.00371768 -0.00057241 0.00251228 -9.51707e-05 -4.77094e-05 0.00341515 0.00191073 -0.000644143 -0.00683376 -0.000618623 -0.00525454 5.45748e-05 0.00794883 -3.7852e-06 0.00151429 -0.000424061 -0.00073285 0.000122966 0.000102069 6.01115e-05 -0.00113001 0.00182609 0.00558769 -0.00650402 5.75189e-05 -0.000116954 0.000144775 0.000848343 -0.000182635 -4.22575e-05 -4.18817e-05 -0.00071601 -0.00587053 0.00262932 0.000232608 0.000702602 -1.66846e-06 -0.000830661 7.83249e-06 -0.00413519 5.21701e-07 -0.000184676 0.000211261 0.00346825 -0.00168725 0.000244121 -0.000957084 0.00690962 -0.00753858 -0.000460949 -0.00112992 0.00800656 -0.000722695 -0.000864567 -0.00153934 0.00579646 7.06037e-05 0.000424481 -0.00661498 -0.00695857 -0.000485231 -3.44475e-05 
-2.12759e-06 -2.50896e-06 0.000290079 4.98636e-07 -2.45393e-06 3.8029e-05 -3.13439e-05 -5.57214e-05 0.000133971 6.82121e-05 -1.24242e-05 7.7944e-06 -0.000161751 -2.20608e-05 0.000147573 8.62421e-08 1.67601e-05 1.08428e-06 -5.70446e-05 -4.90424e-05 1.84129e-06 -3.91171e-06 -1.17108e-06 -3.68871e-05 -0.000178937 -6.41454e-08 3.20157e-05 3.90537e-05 6.86001e-05 -0.000171011 -1.23215e-05 -1.3561e-05 -2.21441e-05 -6.16564e-05 7.19893e-05 -4.44545e-05 -0.000160231 -4.22385e-05 -2.90179e-05 0.000111223 -9.59821e-07 4.02117e-07 1.99743e-05 2.69666e-05 -8.24074e-07 -1.867e-05 -0.000122275 -1.84051e-05 2.25117e-05 5.67222e-05 -3.1733e-05 5.40318e-07 -3.99908e-05 -8.19295e-06 2.8761e-05 -1.15552e-07 -4.94806e-08 1.37946e-05 0.000218369 -5.91815e-07 -3.32143e-05 -0.000178646 4.35837e-05 3.05125e-05 -2.01135e-07 -1.18727e-06 0.000109015 1.85617e-05 1.46308e-06 -1.83073e-05 -9.95892e-05 -2.05394e-05 2.29166e-05 1.56521e-06 -4.8346e-08 0.000163637 6.67557e-05 -0.000119541 2.26247e-06 4.72008e-05 3.28741e-06 -1.531e-05 -4.8214e-05 2.03858e-05 -1.35825e-05 -2.40656e-05 -0.000103037 -1.30578e-05 0.000153779 -3.02547e-05 0.000164971 0.000219163 -3.213e-05 -3.01943e-05 2.59736e-07 -7.76826e-07 -0.000188187 -0.000205888 0.00010633 -6.37135e-07 
-5.96993e-06 -7.75617e-06 4.98636e-07 0.000785252 -8.31312e-06 -2.29397e-05 -8.642e-05 -0.000137995 -9.58036e-05 0.00024706 -3.47973e-05 -2.73258e-06 -0.000203534 -0.000112682 -0.000106488 -2.23424e-06 -9.17404e-05 -6.22836e-05 0.000438585 -0.000144586 -1.34862e-06 -1.15874e-05 -3.1812e-05 -0.00014689 -0.000120725 -1.7373e-07 -9.81189e-05 0.000201338 0.000271933 -9.83507e-05 -3.2148e-05 -2.17648e-05 -6.39404e-05 -9.851e-05 1.95043e-05 -8.35253e-05 -0.000446623 -0.000109834 -7.86758e-05 -5.32762e-05 -2.59955e-06 -1.06813e-05 -4.31264e-06 -7.25051e-05 -2.09523e-06 0.000306558 0.000171821 -4.69659e-05 -0.000342842 -1.46562e-06 -8.64641e-05 -2.97059e-07 0.000200444 -5.87302e-05 0.000194162 1.27038e-06 7.12655e-07 -1.55393e-05 -7.44133e-05 -1.60286e-06 -9.28346e-05 -2.16334e-05 0.000177693 -9.39138e-06 2.95019e-05 -3.39377e-06 -1.29694e-05 -3.43692e-06 -3.28684e-06 -2.41499e-05 -8.25584e-05 0.000310844 -1.47276e-05 -2.00621e-06 1.61824e-05 -6.17729e-05 0.000287484 -0.00029985 4.19566e-08 -1.48848e-05 -3.48555e-07 -4.14651e-05 0.000217309 -2.11009e-06 0.000322367 -8.79543e-05 0.000155884 -2.09449e-05 -8.71483e-05 -8.40857e-05 -5.70842e-05 -6.82252e-05 0.000257307 -8.35029e-05 -1.45161e-07 -2.24838e-06 -0.000121335 8.17354e-05 -4.59817e-05 -1.92075e-06 
-6.69429e-05 0.00383071 -2.45393e-06 -8.31312e-06 0.0106614 0.00220583 0.00849137 0.00496146 -0.000917302 -0.000413522 0.000854738 -1.35585e-05 -0.0062058 0.00846445 -0.00101487 -1.43037e-05 0.00648746 -0.000938646 -0.00307866 -0.00751702 -2.46409e-05 -0.000114359 0.00179764 -0.00626422 -0.00673852 -1.47257e-06 0.00482941 -0.00141525 -0.000336001 -0.0066614 -0.000387231 0.00278292 0.00552221 -0.00698435 -0.000257849 -0.00168711 -0.00614455 -0.0013029 0.00514613 -0.000608916 0.00267137 -0.000146207 -2.79145e-05 0.0041906 0.0021515 -0.000691694 -0.00772812 -0.000706829 -0.00506873 -1.31698e-05 0.00863054 -4.07393e-06 0.000943936 -0.000889411 -0.000754068 0.000139585 1.95521e-05 -0.000151314 -0.000690007 0.00193649 0.00497539 -0.00698593 -9.10584e-05 -0.000124779 8.78959e-05 0.00095957 0.000311713 5.47268e-05 -4.46398e-05 -0.000837133 -0.00668952 0.00244471 -0.000156843 0.000228075 -1.10906e-06 -0.000305086 -0.000344999 -0.0044441 2.25064e-06 -0.000163423 0.000187743 0.00488982 -0.00179705 3.80791e-06 -0.00103542 0.00801335 -0.008132 -0.000487834 -0.000632181 0.00847061 -0.000236386 -0.000383447 -0.00160534 0.00610361 8.64559e-05 0.000576555 -0.00666757 -0.00679508 -0.000139443 -2.35382e-05 
-0.000289934 0.00224636 3.8029e-05 -2.29397e-05 0.00220583 0.0369321 -0.00184615 -0.00711224 -0.00333622 -0.00132825 -0.00169146 -6.94103e-05 -0.0208969 0.0203733 -0.00322267 -8.20044e-05 -0.00250667 -0.00366867 0.000285843 0.00537438 8.46276e-06 -0.000508306 0.0151008 -0.0227466 -0.0166983 -8.28055e-06 0.0135965 -0.00600762 -0.00133258 -0.0205264 -0.00160259 0.000608281 0.00871856 0.00365138 -0.000967975 0.0088403 0.00836588 -0.00454416 -0.0038798 -0.00177422 0.00258317 -0.000625571 0.000622002 -0.0044514 0.00170206 -0.000110192 -0.0104474 -0.00252196 -0.0171377 -6.10945e-05 -0.00182099 8.63542e-06 0.0217063 0.00593848 -0.00268117 0.000147512 -6.47611e-06 -0.000688777 -0.00290248 0.00177716 0.00870165 -0.00180908 -0.000402382 2.01697e-05 0.000115257 0.000587813 0.00113192 0.000409186 -2.57551e-05 -0.00281139 -0.0218177 -0.00141876 -0.00084308 0.000157108 1.26207e-05 -0.00105139 -0.00127977 -0.0152582 -2.36008e-07 -0.000181669 0.000380145 -0.00177485 -0.00570016 -0.000113901 0.027343 -0.000958035 0.000416821 0.0110952 -0.00220534 2.64927e-05 -0.00125908 -0.000653772 0.0252435 -0.00397965 0.000165109 0.0020019 -0.00612027 -0.000129881 0.00016986 0.00111091 
-0.000838788 0.00789847 -3.13439e-05 -8.642e-05 0.00849137 -0.00184615 0.0987302 0.0839247 -0.0146308 -0.00440707 0.0377616 0.00197869 -0.0639219 0.0930968 -0.0162398 0.000838085 0.0914371 -0.00899214 -0.0294536 -0.0797634 -0.000186528 -0.00163429 -0.00243327 -0.0679758 -0.074445 -2.4553e-05 0.0864439 -0.0186607 -0.00392043 -0.0696592 -0.00304796 0.000337111 0.0911022 -0.075253 -0.00319148 -0.0165606 -0.0691121 -0.0158669 0.0900249 -0.00647436 0.00193438 -0.00169561 -0.000604473 0.0748153 0.00210423 -0.00681525 -0.0823581 -0.00677919 -0.057989 0.000138327 0.0974906 -4.19829e-05 0.0205275 -0.00331613 -0.00799714 -2.94309e-06 -1.11397e-05 -0.00220697 -0.0127552 0.0017489 0.0821301 -0.0712178 -0.00116072 -0.00132609 8.81414e-05 0.00220234 -0.00241425 -0.000519211 -0.000464384 -0.00799399 -0.0690828 0.0344032 -0.000346658 0.00140247 -1.78188e-05 -0.00806819 -0.00375379 -0.045806 1.66547e-06 -0.000942253 -5.10328e-05 0.046622 -0.0186399 -0.000190148 -0.0100851 0.0946159 -0.0848305 -0.00486183 -0.0113883 0.0937436 -0.00814671 -0.00882196 -0.0170841 0.0951916 5.3778e-05 4.96932e-05 -0.0730439 -0.0534135 -0.00638667 -4.07338e-05 
-0.000367913 0.00465794 -5.57214e-05 -0.000137995 0.00496146 -0.00711224 0.0839247 0.155589 0.0607543 -0.00689711 0.0347249 0.00152306 -0.0240662 0.0761486 0.0551649 -6.1291e-05 0.0800489 0.0692185 0.0275771 -0.0561148 -0.00037747 -0.00284071 -0.00815269 -0.118141 -0.0473787 -3.29374e-05 0.0730116 -0.0328265 -0.00680821 -0.120958 -0.0067429 -0.00677772 0.0799645 -0.130955 -0.0055613 -0.0301552 -0.120527 0.0453868 0.0803051 -0.00825571 -0.000545816 -0.00322454 -0.00105575 0.0645952 -0.000512535 -0.0123537 -0.145662 0.049567 -0.0920946 -9.5424e-05 0.0847007 0.000149896 0.0744625 0.0527491 -0.0139898 0.00010114 -2.55165e-05 -0.00374805 0.00263626 -0.000362162 0.072115 -0.122246 -0.00202468 -0.00230215 2.11663e-05 4.67949e-05 -0.00442747 0.00313823 -0.000805961 -0.0141068 -0.119878 0.026877 -0.00298749 0.000710437 -2.01596e-05 0.00294801 -0.00636063 -0.0795153 -1.96683e-06 -0.000264729 -8.48953e-05 0.0423342 0.0547488 -0.000551023 -0.0185929 0.0806072 -0.147667 -0.0088278 0.0263822 0.0823565 -0.0124398 -0.0162102 0.0147125 0.0845444 -3.42708e-05 -0.000536638 -0.130094 -0.0373817 -0.0107692 -0.000361148 
1.70189e-05 -0.00137426 0.000133971 -9.58036e-05 -0.000917302 -0.00333622 -0.0146308 0.0607543 0.122252 -0.00450931 -0.00477904 0.00165751 0.0113865 -0.0206517 0.112295 -0.000410863 -0.00288728 0.0803819 0.044128 0.0172371 -0.000224454 -0.00207461 -0.00614931 -0.0579268 0.0224914 -1.91933e-05 -0.0112424 -0.017289 -0.00492633 -0.0889959 -0.00604843 -0.00646367 -0.0170013 -0.0914248 -0.00313821 -0.0223412 -0.089121 0.0577854 -0.0144502 0.0312717 -0.000466379 -0.00238219 0.00209175 -0.0165627 -0.000396752 -0.00743657 -0.0819721 0.0552281 -0.0147854 0.00124152 -0.0138121 0.000179101 0.0473989 0.0554461 -0.0084256 0.000101893 -1.68539e-05 -0.00178693 0.0527439 -0.000250251 -0.0169147 -0.0877666 -0.00141953 0.00566644 0.000192662 -0.000583689 0.0179882 0.00416687 -0.000594265 -0.00775708 -0.0884028 -0.00957193 0.000866069 -0.000480111 5.50436e-05 0.0577075 -0.00428696 -0.0588925 -1.54077e-06 0.0162098 -3.76222e-05 -0.00748214 0.0797823 -0.000417185 -0.0122154 -0.01626 -0.0749037 -0.00642535 0.0834781 -0.0152431 0.0373548 0.0313967 0.0265719 -0.0142175 8.18767e-05 -0.000225996 -0.0834831 -0.0220836 0.033166 -0.000517787 
-5.92604e-05 -5.10668e-06 6.82121e-05 0.00024706 -0.000413522 -0.00132825 -0.00440707 -0.00689711 -0.00450931 0.0387107 -0.00160318 -0.00014026 -0.0212301 -0.00595024 -0.00545529 0.00138051 -0.00464342 -0.00283305 0.0193129 -0.0292892 -6.62898e-05 -0.000591117 0.018044 -0.00216931 -0.0273076 3.69931e-06 -0.0054857 0.0226299 0.0335505 0.00748419 -0.00133429 -0.00151303 -0.00553702 0.0109093 0.0236352 -0.00620863 -0.0238186 -0.00360625 -0.00400268 0.00903294 -0.000122992 0.000412954 0.00212092 0.0264227 -7.80209e-05 -0.00240668 0.00852843 -0.00264872 -0.0210172 0.000145238 -0.00441066 -1.12544e-05 -0.0072651 -0.00234005 0.0100198 -5.84376e-06 1.89813e-05 0.0177552 -0.00276342 -8.20229e-05 0.00360281 -0.0247029 0.00972826 0.00241658 7.44553e-05 -0.000177428 -0.000270861 -8.41495e-05 0.00275885 0.00880203 0.0136304 0.00567105 -0.000344044 0.000781713 -6.42763e-06 -0.00319303 0.0321843 -0.0163978 7.65938e-06 -0.000758524 -1.3583e-05 -0.00211832 -0.00549377 0.00185517 -0.00295574 -0.0045759 0.00761739 -0.00177187 -0.00449295 -0.00427187 -0.0029696 0.00276861 -0.0050295 -0.00386992 -7.45094e-06 -0.00011194 -0.0269908 -0.0189038 0.000759967 -2.36006e-05 
-0.000293391 0.000711119 -1.24242e-05 -3.47973e-05 0.000854738 -0.00169146 0.0377616 0.0347249 -0.00477904 -0.00160318 0.0423374 0.000408527 -0.0240382 0.0360036 -0.00533429 0.000675766 0.0353903 -0.00210306 -0.0103291 -0.0284962 -7.87204e-05 -0.000653132 -0.00190054 -0.0271133 -0.0285639 -7.91655e-06 0.0338714 -0.00750152 -0.00155987 -0.0278186 -0.00132023 -0.0017118 0.0364972 -0.0300647 -0.0012635 -0.0069293 -0.0277082 -0.00490649 0.0360662 -0.00302713 -0.000144131 -0.000736141 -0.000241296 0.0248617 -0.000125713 -0.0028241 -0.03353 -0.00283111 -0.0232454 -8.26174e-05 0.037735 -1.29687e-05 0.0108224 0.00129858 -0.00322007 1.86518e-05 -7.94306e-07 -0.00087933 -0.00504 -7.97437e-05 0.0285394 -0.0287438 -0.00046777 -0.000526123 4.98289e-05 -0.000137033 -0.00102583 -1.68728e-06 -0.000182381 -0.00322226 -0.0275468 0.00767106 -0.000846775 5.31408e-05 -7.38109e-06 -0.00367173 -0.00148088 -0.0182939 -2.07981e-07 -0.000838296 -2.22788e-05 0.0130419 -0.00591946 -4.5158e-06 -0.00428695 0.0371748 -0.0343918 -0.00203758 -0.0049707 0.0369051 -0.00330166 -0.00393501 -0.00567142 0.0378913 -8.18277e-06 -0.000126429 -0.0294164 -0.0237408 -0.00259367 -0.000108676 
-2.27477e-05 -1.31258e-05 7.7944e-06 -2.73258e-06 -1.35585e-05 -6.94103e-05 0.00197869 0.00152306 0.00165751 -0.00014026 0.000408527 0.00346505 -0.00133288 0.000730711 0.000596705 0.000692386 0.00202378 0.0017228 -0.000692956 -0.00120709 4.59102e-05 -5.03761e-05 -0.000144363 -0.00208773 -0.000355226 -7.68679e-07 0.00083034 -0.000598404 -0.000122989 -0.00218395 0.000175103 3.85339e-05 0.000824028 -0.00235806 -9.99191e-05 -0.000544939 -0.00217495 -0.000413933 0.000843988 0.00143574 -1.56856e-06 -5.81739e-05 -1.28316e-05 -0.000115288 -3.17185e-06 -0.000223503 -0.00263618 0.000862146 -0.000786755 0.000640009 0.00188792 -1.31436e-06 -0.000511506 0.000275293 -0.000249875 -1.23137e-06 -5.92945e-07 -6.62415e-05 0.000672771 3.51389e-07 9.13985e-05 -0.00225929 -3.67343e-05 -4.03028e-05 3.08639e-06 8.65882e-05 8.27697e-05 3.63609e-05 -1.45429e-05 -0.000262904 -0.00216355 0.000469895 0.000268962 0.000164149 -5.79349e-07 0.00179993 -0.000116192 -0.00143391 -5.03373e-08 0.00130493 5.45798e-06 0.000211322 0.000148797 3.42672e-05 -0.000336142 0.000917601 -0.00270614 -0.000160471 0.00160491 0.000179583 0.00025719 0.00107549 -0.000459209 0.0019004 -3.0894e-07 0.000112225 -0.00225784 -0.0025302 -2.53533e-05 7.84856e-06 
-0.00256018 -0.00578156 -0.000161751 -0.000203534 -0.0062058 -0.0208969 -0.0639219 -0.0240662 0.0113865 -0.0212301 -0.0240382 -0.00133288 0.243982 -0.0843537 0.00426061 -0.00146558 -0.0678996 0.0375922 0.0278105 0.081574 0.000646343 0.00394003 -0.0210865 0.0589957 0.112286 1.35545e-05 -0.0738811 0.00324114 -0.0199208 0.0948254 0.0107218 0.0060047 -0.0772985 0.0645031 -0.0163024 -0.0862029 0.101717 0.034935 -0.0586077 -0.0331677 -0.00187286 0.00385322 -0.00316613 -0.0687668 -0.00155387 -0.0113849 0.0482962 0.026662 0.0532187 -0.000891598 -0.0629613 5.08064e-06 -0.0260289 0.0170646 -0.00524357 -7.79603e-05 -9.66716e-05 -0.0113881 -0.00393656 -0.00117689 -0.0688541 0.077847 -0.00608994 -0.00689485 -0.000394879 -0.0021501 -0.0133601 0.0013262 -0.00239909 -0.0110987 0.0887196 -0.0264564 -0.0108947 -0.00190671 -4.909e-05 -0.02678 -0.0187001 0.0608391 -6.39467e-06 -0.00675073 -0.000199947 -0.0304564 0.0350656 -0.000930195 -0.0325139 -0.0600148 0.0387906 -0.0255633 -0.0140332 -0.0620042 -0.0325477 -0.0493509 -0.00657114 -0.0621474 -0.000103255 -0.00135225 0.0847488 0.0859334 -0.0306928 -0.000407247 
-0.00113724 0.00797631 -2.20608e-05 -0.000112682 0.00846445 0.0203733 0.0930968 0.0761486 -0.0206517 -0.00595024 0.0360036 0.000730711 -0.0843537 0.127531 -0.0214724 0.000668363 0.0860002 -0.01298 -0.0228268 -0.0710751 -0.000240359 -0.00215869 0.00793561 -0.0900761 -0.0854109 -3.23799e-05 0.0980848 -0.0232626 -0.00529658 -0.0916542 -0.00450495 -0.000300656 0.111738 -0.0796347 -0.00433069 0.00049982 -0.0661767 -0.018787 0.0861537 -0.0102298 0.00258883 -0.00234635 -0.000778171 0.0704561 0.00210064 -0.000563527 -0.0882679 -0.00989411 -0.0786993 -0.00027978 0.0923228 -1.62169e-05 0.0478617 0.00376893 -0.0102435 0.000132328 -1.77333e-05 -0.0030128 -0.0173027 0.00166861 0.0883927 -0.0688679 -0.00157057 -0.00179262 5.69988e-05 0.00306026 -0.00341889 -0.000559391 -0.00062734 -0.0108561 -0.0929603 0.0319853 -0.00120998 0.00143243 -2.30766e-05 -0.0123752 -0.00507083 -0.0618995 1.10119e-06 -0.00281983 0.000326951 0.0448252 -0.0239698 -0.000286774 0.0220007 0.0917169 -0.0797856 0.0104392 -0.0168604 0.0914804 -0.0111498 -0.0132147 0.0136827 0.0901428 4.82814e-05 0.0016862 -0.0740684 -0.0483116 -0.00853967 0.000755725 
-3.15737e-05 -0.00147142 0.000147573 -0.000106488 -0.00101487 -0.00322267 -0.0162398 0.0551649 0.112295 -0.00545529 -0.00533429 0.000596705 0.00426061 -0.0214724 0.125446 -0.000428835 -0.00480021 0.0740538 0.0374369 0.00817312 -0.000213188 -0.00186716 -0.00635748 -0.0493865 0.0127169 6.53922e-06 -0.0127473 -0.00671283 -0.0051929 -0.092359 -0.00619588 -0.00679068 -0.0180062 -0.0834418 -0.0034533 -0.0227047 -0.0906351 0.0643886 -0.0149263 0.0406705 -0.000482728 -0.00200907 0.00211543 -0.0175291 -0.000415104 -0.00907123 -0.0752843 0.0531266 -0.0164183 0.000994868 -0.0154508 0.000127481 0.0426043 0.0513878 -0.00125631 -3.22743e-05 -2.41374e-05 -0.00160919 0.0497101 -0.00023531 -0.0175147 -0.0906431 -0.00153051 0.00569072 0.000163815 -0.000638735 0.0183463 0.0035249 -0.000596937 -0.00801532 -0.089799 -0.0100782 0.0124403 -0.000477212 4.8431e-05 0.0650018 -0.00496444 -0.060579 -2.1292e-06 0.0143954 -3.03638e-05 -0.007748 0.072607 -0.000439633 -0.0142512 -0.0168076 -0.0692834 -0.00673951 0.0903928 -0.0157945 0.0472478 0.0401191 0.0202254 -0.0157931 8.15493e-05 -0.000386789 -0.0871918 -0.0301999 0.0447108 -0.000529469 
-1.84105e-05 -1.95737e-05 8.62421e-08 -2.23424e-06 -1.43037e-05 -8.20044e-05 0.000838085 -6.1291e-05 -0.000410863 0.00138051 0.000675766 0.000692386 -0.00146558 0.000668363 -0.000428835 0.00291084 0.000767326 -0.000157422 0.000414708 -0.00170963 0.000139624 -4.01551e-05 0.00140461 -0.0015043 -0.00189189 4.40129e-06 0.000673628 -8.91076e-05 0.00114645 -0.000283836 0.000189765 1.16486e-05 0.000728376 -0.000236009 0.00135341 -0.000429477 -0.0015237 -0.000365235 0.000702956 3.44805e-05 -8.93684e-06 3.83713e-05 0.000176559 0.00108436 8.94225e-06 -0.000185274 -0.000411394 -0.000193185 -0.00145669 -5.44449e-06 0.000834606 -2.33518e-07 -0.000534898 0.000356926 -0.000145358 4.82742e-06 -4.97829e-07 0.0012299 -0.000299899 -5.95097e-06 1.99333e-05 -0.00171833 2.51997e-05 0.000169899 1.56636e-06 0.000137979 -6.0967e-05 -1.4303e-05 0.00018944 7.24859e-05 -0.000113455 0.000284752 0.000215463 0.000167068 -4.86414e-07 -0.000242167 0.00113196 -0.000987818 7.44041e-08 -5.48442e-05 -1.46818e-06 9.28836e-06 -0.000490091 0.000773434 -0.000223222 0.00090653 -0.000483309 -0.000132233 -0.000329411 2.32172e-05 -0.000215386 -0.000249434 -0.000435813 0.000838371 -5.39245e-07 -1.20231e-06 -0.00164319 -0.00211437 5.41395e-05 9.44271e-07 
-0.000889046 0.00591634 1.67601e-05 -9.17404e-05 0.00648746 -0.00250667 0.0914371 0.0800489 -0.00288728 -0.00464342 0.0353903 0.00202378 -0.0678996 0.0860002 -0.00480021 0.000767326 0.103753 -0.00977674 -0.0323767 -0.0767533 -0.00021076 -0.00172288 -0.00471538 -0.0623754 -0.0719475 -2.39357e-05 0.0904921 -0.0199034 -0.00414845 -0.0738439 -0.00331509 -0.00303843 0.0867739 -0.0792604 -0.00292645 -0.0184233 -0.0731996 -0.0167815 0.0883532 -0.00238236 0.000125924 -0.00196668 -0.000281969 0.0741779 -0.000330403 -0.0075644 -0.0892365 -0.00712223 -0.0487484 0.00016336 0.0911789 -4.40309e-05 0.0129158 -0.00320719 -0.00860342 7.36739e-05 -1.05034e-05 -0.00226684 -0.00156596 -0.000115346 0.0814978 -0.0763976 -0.00122395 -0.000795829 0.000235264 0.000789409 0.0092412 -0.000240589 -0.000490021 -0.0079228 -0.0731581 0.0319246 -0.000701946 0.00141957 -5.26997e-07 0.0040661 -0.00396651 -0.048537 -8.3546e-07 0.00204109 7.91992e-05 0.0463383 -0.0197658 -0.000171504 -0.011403 0.088158 -0.0900718 -0.00542565 0.000551052 0.0889285 0.00374259 0.00190074 -0.0185595 0.0916435 -2.08648e-05 0.000106291 -0.0773773 -0.0630247 0.00249643 -9.23349e-05 
0.000322126 -0.00101098 1.08428e-06 -6.22836e-05 -0.000938646 -0.00366867 -0.00899214 0.0692185 0.0803819 -0.00283305 -0.00210306 0.0017228 0.0375922 -0.01298 0.0740538 -0.000157422 -0.00977674 0.0908335 0.0574754 0.0223214 -0.000140363 -0.00148469 -0.00435153 -0.0618025 0.0278953 -1.23573e-05 -0.0141768 -0.0173812 -0.00356993 -0.0634498 -0.00428534 -0.00441034 -0.00987587 -0.0686443 -0.00291502 -0.015823 -0.063047 0.0608129 -0.0096122 0.00236871 -0.000109871 -0.00168913 -0.000328635 -0.0115564 -0.000174273 -0.0021258 -0.0696567 0.0576374 -0.0385246 0.00113967 -0.00791815 0.000202186 0.0609172 0.0574275 -0.00669625 0.000104125 -1.72306e-05 -0.00183619 0.019249 -0.000205977 -0.0117715 -0.0579909 -0.00106859 -0.00116702 -6.33745e-05 5.55127e-07 -0.00212187 0.00380973 -0.000422606 -0.00778671 -0.062854 -0.00701609 -0.0022663 -0.000276434 -6.12883e-06 0.0157275 -0.00295571 -0.0417205 -1.46277e-06 0.0051103 -1.09235e-06 -0.00531732 0.0795569 -0.000239092 -0.00568795 -0.0103327 -0.0690993 -0.00442366 0.0426724 -0.0103169 -0.00338482 -0.00565394 0.0354609 -0.00851594 6.6546e-05 9.29545e-05 -0.0610996 0.0105389 -0.00244238 -0.000365124 
-0.000735486 -0.00178381 -5.70446e-05 0.000438585 -0.00307866 0.000285843 -0.0294536 0.0275771 0.044128 0.0193129 -0.0103291 -0.000692956 0.0278105 -0.0228268 0.0374369 0.000414708 -0.0323767 0.0574754 0.207113 0.0225698 -0.00043803 -0.00430212 0.010654 -0.0893884 0.0316286 5.67944e-05 -0.0283212 0.0135944 0.018928 -0.0502785 -0.0112832 -0.0125925 -0.0148812 -0.0594327 0.0115299 0.000414655 -0.0637536 0.044819 -0.0278253 -0.0128054 -0.000945205 -0.00133098 -0.00159508 -0.00661332 -0.00046782 0.0392077 -0.0215772 0.0396767 -0.10249 -0.000348543 -0.0289475 0.000227281 0.0832109 0.0438761 -0.0115935 3.59684e-05 7.53646e-05 0.00965027 -0.00485417 -0.000597318 -0.0168477 -0.0156291 0.00297771 -0.00343916 1.40017e-05 -0.00110455 -0.00640307 0.00272274 -0.00101621 0.000626446 -0.0538202 -0.000999973 -0.00655132 -0.00089515 4.69656e-06 -0.0107496 0.0184117 -0.103518 -1.03034e-06 -0.00546216 -0.00014146 -0.014716 0.0954187 0.00177473 0.0430955 -0.031954 -0.022717 0.014146 0.0102308 -0.0286481 -0.0182843 -0.0217871 0.0853978 -0.0285949 -5.41041e-05 -0.000516463 -0.0321164 0.033285 -0.015329 -0.000962315 
-0.00314751 -0.00762228 -4.90424e-05 -0.000144586 -0.00751702 0.00537438 -0.0797634 -0.0561148 0.0172371 -0.0292892 -0.0284962 -0.00120709 0.081574 -0.0710751 0.00817312 -0.00170963 -0.0767533 0.0223214 0.0225698 0.180605 -0.000248552 -0.01123 -0.0181214 0.0368665 0.144444 -4.57554e-05 -0.0730256 -0.0708964 -0.0269517 0.0545365 -0.03198 -0.0351994 -0.0687678 0.043679 -0.0214667 0.0365769 0.0871896 -0.0236641 -0.0754316 -0.0267356 -0.00245637 -0.00916905 -0.00250896 -0.0911833 -0.00196554 0.0151899 0.0509376 0.0150768 0.103497 -0.000401231 -0.0795541 8.34672e-05 0.010764 0.0141246 -0.0452332 -0.00010352 -0.000127448 -0.0150317 0.0156274 -0.00155374 -0.0773359 0.130198 -0.00806625 -0.00654114 -0.00048378 -0.00325445 -0.000449011 0.000970732 -0.00318805 0.00336541 0.0537643 -0.0364334 -0.016846 -0.00259672 -6.107e-05 -0.00927905 -0.0252897 0.079672 -8.98191e-06 -0.0028217 -0.000162373 -0.0402028 0.0356434 -0.00154376 0.021537 -0.0787789 0.0570443 0.0106933 -0.00200463 -0.0775238 -0.0218476 -0.0209199 0.0372947 -0.0781025 -3.51988e-05 -0.000478222 0.110094 0.120456 -0.0170352 5.1211e-05 
-1.73041e-05 -2.10079e-05 1.84129e-06 -1.34862e-06 -2.46409e-05 8.46276e-06 -0.000186528 -0.00037747 -0.000224454 -6.62898e-05 -7.87204e-05 4.59102e-05 0.000646343 -0.000240359 -0.000213188 0.000139624 -0.00021076 -0.000140363 -0.00043803 -0.000248552 0.0023679 -3.46937e-05 -1.73693e-05 0.000218445 -0.000878444 2.95529e-06 -2.16165e-05 0.00018898 -6.59234e-05 0.000531568 0.00019113 -6.0385e-05 -0.000218318 0.000520831 -6.832e-05 -8.19875e-05 0.000675393 -0.000305067 -0.00019874 -0.000126947 -7.81131e-06 3.89499e-05 -1.25286e-05 -0.000283819 -6.7409e-06 -0.000152664 0.000316785 -0.000106144 0.000291831 -2.57987e-06 -0.000189598 -8.97194e-07 -0.000436015 0.000156457 -1.20424e-05 -6.78544e-07 -4.0475e-07 -4.16916e-05 7.66952e-05 -4.5977e-06 -0.000281779 4.36351e-05 -2.48893e-05 -2.3881e-05 -9.68617e-07 -5.97765e-06 -4.60472e-05 -1.06521e-05 -9.92711e-06 -0.000150299 0.000624779 -0.000157249 -5.94869e-06 3.56672e-05 1.1012e-06 -0.000123822 -6.77993e-05 0.000103168 -3.43608e-08 -1.21992e-05 1.10633e-06 -0.000124102 -0.000282218 2.86282e-05 -0.000200566 0.000346154 0.000295245 -8.30494e-05 -0.000156915 -0.000203538 -0.000132165 -0.00016284 -0.000378345 -0.000183123 -4.38423e-07 -6.61402e-06 0.000531607 0.000267859 -3.70472e-05 -1.57008e-06 
0.00163796 -0.00012291 -3.91171e-06 -1.15874e-05 -0.000114359 -0.000508306 -0.00163429 -0.00284071 -0.00207461 -0.000591117 -0.000653132 -5.03761e-05 0.00394003 -0.00215869 -0.00186716 -4.01551e-05 -0.00172288 -0.00148469 -0.00430212 -0.01123 -3.46937e-05 0.0145273 0.000675883 0.00563402 -0.0105171 2.62904e-05 0.00139896 0.0121397 -0.000507904 0.00475115 0.0137922 0.0135006 -0.00208107 0.00465835 -0.000313441 -0.00231068 0.00449377 0.01236 -0.0014964 -0.000553524 0.000108717 0.000522792 -7.98217e-05 -0.0017644 -3.89788e-05 -0.000947898 0.00345448 -0.000974343 -0.00770745 -9.31634e-07 -0.00162966 -5.5735e-06 -0.00318784 -0.00129833 0.013214 -2.93512e-06 7.71897e-06 -0.000283988 -0.00168381 -2.94432e-05 -0.00171559 -0.00945998 -0.000134646 -0.00016762 -9.68074e-06 1.67251e-05 -0.000329566 -5.64396e-05 -5.2102e-05 -0.00114858 1.30508e-05 -0.000866434 0.00219524 0.000159918 4.81662e-06 -0.000961174 -0.000487136 -0.00608761 -2.13454e-07 -0.000256943 -7.41526e-06 -0.000776309 -0.002482 -3.99301e-05 -0.00142506 -0.00167692 0.00301172 -0.000679841 -0.00139625 -0.00156918 0.00326933 -0.000212077 -0.00236382 -0.00158957 -2.72355e-06 -1.55981e-05 -0.00301567 -0.0112436 -0.000552387 0.000128478 
-0.000158134 0.00204659 -1.17108e-06 -3.1812e-05 0.00179764 0.0151008 -0.00243327 -0.00815269 -0.00614931 0.018044 -0.00190054 -0.000144363 -0.0210865 0.00793561 -0.00635748 0.00140461 -0.00471538 -0.00435153 0.010654 -0.0181214 -1.73693e-05 0.000675883 0.0416465 -0.0141986 -0.0308615 1.39942e-05 0.00703967 0.00948802 0.0155925 -0.00229409 0.0027584 0.00510037 0.00166265 0.0109291 0.0180049 -0.000268825 -0.00608577 0.000627419 -0.00420927 0.00519012 0.0025685 -0.000163879 0.00215549 0.0126083 0.00180293 -0.00268936 -0.00114999 -0.00289824 -0.0219709 -5.69082e-05 -0.00233256 -5.06904e-06 0.00279383 0.00437738 0.00193916 -1.05466e-05 -5.95848e-06 0.0142872 -0.00400433 0.00181528 0.011207 -0.021735 0.00121551 0.00216398 3.79306e-05 0.00139442 -0.000966088 -0.000211123 0.0024933 0.00497036 -0.0027038 -0.00115337 -0.000877642 -6.30665e-05 -7.25489e-06 -0.00353449 0.0140924 -0.0166294 -6.00349e-07 -0.00082466 0.000154215 -0.00222734 -0.00732219 0.00119305 0.00953862 -0.00165496 0.00381175 0.00168027 -0.00481236 -0.000934924 -0.00195362 -0.00100736 0.00666682 -0.00439678 6.84371e-05 0.000387088 -0.0210405 -0.0215534 0.000337145 0.000963575 
0.00178278 -0.00597989 -3.68871e-05 -0.00014689 -0.00626422 -0.0227466 -0.0679758 -0.118141 -0.0579268 -0.00216931 -0.0271133 -0.00208773 0.0589957 -0.0900761 -0.0493865 -0.0015043 -0.0623754 -0.0618025 -0.0893884 0.0368665 0.000218445 0.00563402 -0.0141986 0.237064 0.0446066 -7.413e-05 -0.0688996 0.0562881 -0.000260224 0.176011 0.0145782 0.0117723 -0.0863889 0.16928 -0.00485105 -0.000720977 0.148884 -0.0290031 -0.062209 -0.00269432 -0.00182807 0.00413516 -0.0030668 -0.0553328 -0.00171408 -0.0394442 0.12926 -0.040748 0.135523 -0.000808364 -0.0680302 -0.000231256 -0.128715 -0.0484574 0.0261238 -0.000216798 -5.38184e-05 -0.0043656 -0.012155 -0.00119422 -0.069581 0.108408 0.00158028 -0.00525984 -0.000341423 -0.00141144 0.00468747 -0.00293866 -0.0011127 -0.00024334 0.176426 -0.0226628 0.0063575 -0.000881894 -8.59872e-06 -0.00812287 -0.000635728 0.145026 -2.60152e-06 -0.0086406 -0.000301878 -0.0323786 -0.100412 -0.0011881 -0.0580802 -0.0641239 0.122201 -0.0250085 -0.0266414 -0.0660241 0.0102629 0.0126283 -0.0975193 -0.0657289 -0.000113249 -0.00162397 0.120623 0.037538 0.000842822 -0.00183374 
-0.00414879 -0.00713864 -0.000178937 -0.000120725 -0.00673852 -0.0166983 -0.074445 -0.0473787 0.0224914 -0.0273076 -0.0285639 -0.000355226 0.112286 -0.0854109 0.0127169 -0.00189189 -0.0719475 0.0278953 0.0316286 0.144444 -0.000878444 -0.0105171 -0.0308615 0.0446066 0.204227 -3.94496e-05 -0.0893965 -0.0650774 -0.0252309 0.0617066 -0.0286184 -0.0306537 -0.0759452 0.0308723 -0.0202641 0.0157487 0.0726271 -0.0157047 -0.07208 -0.0221371 -0.00222852 -0.00735357 -0.00353593 -0.0852269 -0.00127513 0.0181889 0.0567765 0.0186952 0.104265 -7.96165e-05 -0.0742761 8.08419e-05 -0.00299274 0.00391789 -0.045902 -0.000100718 -0.000120403 -0.0139072 0.0149445 -0.0014128 -0.0841315 0.124907 -0.00754704 -0.00797715 -0.000450576 -0.00189437 -0.00181866 0.00125434 -0.00297862 -0.0136608 0.0626687 -0.0366842 -0.0152554 -0.00232731 -0.000103102 -0.00677978 -0.0236409 0.0920867 -9.17222e-06 -0.00224756 -0.00025595 -0.037651 0.0435956 -0.00159979 0.00242531 -0.0785476 0.0539311 0.0031865 0.00194571 -0.0755895 -0.0214464 -0.0227955 0.0218263 -0.0736512 -6.06119e-05 -0.000531506 0.112695 0.116574 -0.0166671 -0.000773524 
-4.39353e-07 -2.21371e-06 -6.41454e-08 -1.7373e-07 -1.47257e-06 -8.28055e-06 -2.4553e-05 -3.29374e-05 -1.91933e-05 3.69931e-06 -7.91655e-06 -7.68679e-07 1.35545e-05 -3.23799e-05 6.53922e-06 4.40129e-06 -2.39357e-05 -1.23573e-05 5.67944e-05 -4.57554e-05 2.95529e-06 2.62904e-05 1.39942e-05 -7.413e-05 -3.94496e-05 0.000221018 -2.83887e-05 6.36325e-05 -7.62595e-06 -5.45992e-05 3.74259e-05 5.2985e-05 -2.77968e-05 -4.08535e-05 3.31709e-05 -1.9189e-05 -4.86042e-05 5.9179e-05 -2.21688e-05 4.12208e-05 -7.31258e-07 1.00715e-05 2.20702e-05 -2.1954e-05 -6.27837e-07 6.68925e-05 4.0964e-05 -1.3639e-05 -0.000104668 -4.1228e-07 -2.45101e-05 1.31035e-08 9.33025e-06 -1.24714e-05 3.18002e-05 -8.80354e-08 9.85636e-07 -3.50759e-06 -1.74015e-05 -4.50886e-07 -2.41504e-05 -3.22844e-05 -2.33864e-06 3.74015e-05 -1.53239e-07 -9.40414e-07 -2.12328e-06 -1.04642e-06 3.70321e-05 -8.94004e-06 -3.45157e-05 -1.40528e-05 2.33256e-05 1.96718e-06 -3.68334e-08 -3.96126e-06 -7.34545e-06 -8.88728e-05 -3.20031e-09 -3.80379e-06 -1.11177e-07 -1.16642e-05 3.93283e-05 -6.68587e-07 6.00188e-05 -2.51947e-05 3.28613e-05 -8.80232e-06 -1.50744e-05 -2.35378e-05 7.25154e-07 2.3477e-05 5.69378e-05 -2.34922e-05 -4.0834e-08 1.75268e-08 -2.0764e-05 -4.9336e-05 4.49459e-05 1.93714e-06 
-0.000277453 0.00548042 3.20157e-05 -9.81189e-05 0.00482941 0.0135965 0.0864439 0.0730116 -0.0112424 -0.0054857 0.0338714 0.00083034 -0.0738811 0.0980848 -0.0127473 0.000673628 0.0904921 -0.0141768 -0.0283212 -0.0730256 -2.16165e-05 0.00139896 0.00703967 -0.0688996 -0.0893965 -2.83887e-05 0.130632 -0.0160979 -0.00507137 -0.0741836 0.00122553 0.00123196 0.0948567 -0.0647002 -0.00428898 -0.0193893 -0.0599658 -0.0141097 0.0848868 -0.0105248 0.00021914 -0.00258179 -0.000581462 0.0698072 -0.000409649 -0.0094493 -0.0906926 -0.0101138 -0.060766 -0.000287231 0.0862334 -2.88553e-05 0.021544 0.00576854 -0.00478389 0.000186842 -2.75014e-06 -0.00295642 -0.00733641 -0.000304546 0.0905618 -0.0783519 -0.00160612 -0.00182961 1.55242e-07 0.00180927 0.00628407 -0.000685759 -0.000638672 -0.00638371 -0.0874543 0.0310263 -0.000374065 0.00153794 3.6524e-05 -0.00264783 -0.00492087 -0.0603144 -7.60016e-07 -0.002862 0.000295319 0.0445352 -0.0224238 -0.00028276 0.00393395 0.0859994 -0.0803794 -0.00456389 -0.00746085 0.0868085 0.00384453 -0.00688798 -0.00237044 0.0869763 -2.8032e-05 0.000912387 -0.0876934 -0.0589941 -0.0030798 0.0015249 
0.00505122 -0.000833658 3.90537e-05 0.000201338 -0.00141525 -0.00600762 -0.0186607 -0.0328265 -0.017289 0.0226299 -0.00750152 -0.000598404 0.00324114 -0.0232626 -0.00671283 -8.91076e-05 -0.0199034 -0.0173812 0.0135944 -0.0708964 0.00018898 0.0121397 0.00948802 0.0562881 -0.0650774 6.36325e-05 -0.0160979 0.143592 0.0201642 0.0350607 0.0329093 0.0329599 -0.0240627 0.0497724 0.0137988 -0.0271663 0.00847256 0.0351108 -0.0172876 0.0216652 -0.000261368 0.0101545 0.00146899 0.00135896 -0.000333121 -0.0111358 0.0404079 -0.0114699 -0.0749435 8.06446e-05 -0.0187015 -6.55721e-05 -0.0342793 -0.0137689 0.0575958 -4.07847e-05 0.000130733 0.00843613 -0.0144393 -0.00031857 -0.0163719 -0.0302539 0.00766823 0.0023935 0.00020261 0.000594646 -0.000152389 -0.000836036 0.00328393 -0.00298704 0.0335893 0.00830268 0.0159578 0.000792268 3.70458e-05 0.00542393 0.0185015 -0.034447 2.16732e-06 -0.00315455 -5.35245e-05 -0.009075 -0.0290253 0.000352175 -0.0144499 -0.0138074 0.0360538 -0.00785915 5.72648e-06 -0.0180531 0.0193478 0.0282681 -0.0263403 -0.0177612 -3.21027e-05 -0.000308459 -0.00964349 -0.0416284 0.0125272 -0.00030155 
-2.79168e-05 0.00013952 6.86001e-05 0.000271933 -0.000336001 -0.00133258 -0.00392043 -0.00680821 -0.00492633 0.0335505 -0.00155987 -0.000122989 -0.0199208 -0.00529658 -0.0051929 0.00114645 -0.00414845 -0.00356993 0.018928 -0.0269517 -6.59234e-05 -0.000507904 0.0155925 -0.000260224 -0.0252309 -7.62595e-06 -0.00507137 0.0201642 0.0341196 0.0100685 -0.00120919 -0.00103739 -0.00498697 0.0106597 0.020517 -0.00548012 -0.020992 -0.00480198 -0.0035828 0.00583806 -0.000109475 2.20371e-05 -7.26316e-05 0.0252796 2.9306e-05 -0.00227381 0.00850742 -0.00235426 -0.0185546 0.000152588 -0.00392042 -1.13035e-05 -0.00774667 -0.00266064 0.0104675 -4.15678e-07 0.000117062 0.0160836 -0.00247343 -7.09952e-05 0.00352526 -0.0219742 0.00998502 -0.00012238 0.000175225 -0.00015152 -0.000110293 -0.000172674 0.000400601 0.00908553 0.0130533 0.00627984 -0.000330677 0.000591722 -5.76668e-06 -0.00292954 0.0315323 -0.0144924 8.16128e-06 -0.00066994 -1.1825e-05 -0.00186622 -0.00594506 0.00191621 -0.00264245 -0.00403796 0.00726362 -0.00159334 -0.00399018 -0.00380237 -0.00260328 0.00035262 -0.00556721 -0.00347584 -6.53344e-06 -9.72525e-05 -0.024087 -0.0164216 -0.0011654 -2.26077e-05 
0.00072572 -0.00576478 -0.000171011 -9.83507e-05 -0.0066614 -0.0205264 -0.0696592 -0.120958 -0.0889959 0.00748419 -0.0278186 -0.00218395 0.0948254 -0.0916542 -0.092359 -0.000283836 -0.0738439 -0.0634498 -0.0502785 0.0545365 0.000531568 0.00475115 -0.00229409 0.176011 0.0617066 -5.45992e-05 -0.0741836 0.0350607 0.0100685 0.233582 0.0132778 0.00932437 -0.0886261 0.190898 0.00237484 0.00237278 0.185847 -0.04618 -0.0637448 -0.0355289 -0.00185301 0.00298078 -0.0034336 -0.0476543 -0.00159088 -0.0327744 0.151148 -0.0415146 0.125613 -0.000991166 -0.0696807 -0.000236101 -0.133472 -0.0510328 0.0141367 -0.000225525 4.388e-05 0.00317522 -0.0340754 -0.00127667 -0.0638033 0.148201 0.00285283 -0.00715462 -0.000222136 -0.0014604 -0.0137297 -0.00307225 -0.00250641 0.023996 0.207897 -0.0181063 -0.0114323 -0.00154584 -1.13241e-05 -0.0520407 0.00921738 0.15073 8.73398e-07 -0.0118965 -0.000299914 -0.0331347 -0.0886318 0.000866508 -0.0466972 -0.0658799 0.136768 -0.0276106 -0.0707644 -0.0676123 -0.0341036 -0.0325357 -0.0799005 -0.0673986 -0.000116024 -0.00154287 0.150846 0.0730069 -0.036437 -8.16532e-05 
0.00416389 -0.000419755 -1.23215e-05 -3.2148e-05 -0.000387231 -0.00160259 -0.00304796 -0.0067429 -0.00604843 -0.00133429 -0.00132023 0.000175103 0.0107218 -0.00450495 -0.00619588 0.000189765 -0.00331509 -0.00428534 -0.0112832 -0.03198 0.00019113 0.0137922 0.0027584 0.0145782 -0.0286184 3.74259e-05 0.00122553 0.0329093 -0.00120919 0.0132778 0.040661 0.0364374 -0.00433377 0.0118937 4.22952e-05 -0.00665164 0.0118721 0.0322959 -0.00268632 -0.00240299 2.37744e-05 0.00874991 -0.000233032 -0.00409824 -0.000107636 -0.00273228 0.00846472 -0.00281473 -0.0214426 -7.2944e-05 -0.00304043 -1.60515e-05 -0.00919286 -0.00368397 0.0355445 3.76166e-07 1.97221e-05 -0.000765857 -0.00476825 -8.63296e-05 -0.00365899 -0.0256936 -0.000307364 -0.000505629 -2.0442e-05 0.000611039 -0.000964738 -0.00020263 -0.000165243 -0.00297902 0.00694899 -0.00155169 0.00298671 0.000631972 1.87476e-06 -0.0035116 -0.00120944 -0.0167644 -6.14739e-07 -0.000803547 -2.00223e-05 -0.00182226 -0.00714468 -2.8154e-05 -0.00407314 -0.00289267 0.00715931 -0.00195763 -0.004788 -0.00338128 0.00835683 0.000365065 -0.00681203 -0.00280346 -7.8437e-06 -7.25869e-05 -0.000543931 -0.0286577 -0.00239122 0.000117664 
0.00416174 0.00295097 -1.3561e-05 -2.17648e-05 0.00278292 0.000608281 0.000337111 -0.00677772 -0.00646367 -0.00151303 -0.0017118 3.85339e-05 0.0060047 -0.000300656 -0.00679068 1.16486e-05 -0.00303843 -0.00441034 -0.0125925 -0.0351994 -6.0385e-05 0.0135006 0.00510037 0.0117723 -0.0306537 5.2985e-05 0.00123196 0.0329599 -0.00103739 0.00932437 0.0364374 0.0445514 -0.00397578 0.00895056 0.00111491 -0.00722186 0.0079006 0.0335891 -0.00297025 -0.00158476 0.00252114 0.0096949 -0.000222292 -0.00554201 0.00248199 -0.00296997 0.00619537 -0.00306325 -0.0244781 -8.05967e-05 0.000542638 -1.44761e-05 -0.00638214 -0.00289516 0.0348658 3.80085e-05 0.000127934 -0.000902531 -0.00536063 0.00183855 -0.0034517 -0.0300905 0.000140062 0.000553956 0.00012492 0.00345868 -0.00101587 -0.000169368 0.000912269 -0.0036558 0.00339247 0.00114772 0.00309931 0.000851189 1.6404e-08 -0.00386161 -0.00114585 -0.0191641 1.86009e-06 -0.000873197 5.31262e-05 -0.00203847 -0.00753498 -2.49824e-05 -0.00448639 0.000407798 0.00448204 -0.00200566 -0.00526387 -0.00118141 0.00748965 0.00114728 -0.00708772 -0.00213393 6.66606e-05 0.000428636 -0.00320489 -0.0304248 -0.0024516 6.92078e-05 
-0.00106489 0.00539503 -2.21441e-05 -6.39404e-05 0.00552221 0.00871856 0.0911022 0.0799645 -0.0170013 -0.00553702 0.0364972 0.000824028 -0.0772985 0.111738 -0.0180062 0.000728376 0.0867739 -0.00987587 -0.0148812 -0.0687678 -0.000218318 -0.00208107 0.00166265 -0.0863889 -0.0759452 -2.77968e-05 0.0948567 -0.0240627 -0.00498697 -0.0886261 -0.00433377 -0.00397578 0.121237 -0.0840536 -0.00407559 -0.00227854 -0.0715479 -0.0168401 0.0869514 -0.00967991 -9.50599e-05 -0.00234825 -0.000772017 0.0714272 -0.000331529 0.00378441 -0.0880034 -0.00925082 -0.0739912 -0.000263236 0.0902804 0.000108173 0.044073 0.00576123 -0.0101999 -1.49793e-05 -1.62957e-05 -0.00284219 -0.016062 -0.000266988 0.0872721 -0.0676248 -0.0014789 -0.00168614 1.20275e-05 0.00114933 -0.0031982 -0.000545492 -0.00059027 -0.0103072 -0.0874572 0.031301 -0.00107798 0.00126054 -2.3477e-05 -0.0116645 -0.00476283 -0.0582691 -1.17693e-06 -0.00265453 0.00017386 0.0450947 -0.0174144 -0.000245357 0.0167015 0.0890735 -0.0811301 0.00220499 -0.0158797 0.0892267 -0.0104918 -0.0126142 0.0112579 0.0908804 -2.6055e-05 0.00057456 -0.0739402 -0.0460976 -0.00822994 -7.8905e-05 
0.00129857 -0.00608755 -6.16564e-05 -9.851e-05 -0.00698435 0.00365138 -0.075253 -0.130955 -0.0914248 0.0109093 -0.0300647 -0.00235806 0.0645031 -0.0796347 -0.0834418 -0.000236009 -0.0792604 -0.0686443 -0.0594327 0.043679 0.000520831 0.00465835 0.0109291 0.16928 0.0308723 -4.08535e-05 -0.0647002 0.0497724 0.0106597 0.190898 0.0118937 0.00895056 -0.0840536 0.217511 0.00797339 0.0048999 0.180746 -0.0370367 -0.0690194 -0.0164182 -0.00153884 0.00478604 -0.00102217 -0.0509274 -0.00186604 -0.03991 0.148459 -0.0451948 0.109012 -0.000920786 -0.075265 -0.00023166 -0.116939 -0.0462993 0.0211597 -0.000165159 -6.04171e-05 0.00552371 -0.0301325 -0.00134949 -0.0588157 0.131054 0.00276476 -0.00358435 -0.000364211 -0.00154344 -0.0121724 -0.00332012 0.00130857 0.0193329 0.189908 -0.0218618 0.000720376 -0.000921217 -1.9204e-05 -0.038243 0.009863 0.130253 -1.35439e-06 -0.0128611 -3.32703e-05 -0.0358104 -0.0993095 0.000626961 -0.0332289 -0.0705349 0.143554 -0.0188279 -0.0587327 -0.0714941 -0.0193915 -0.0113097 -0.0672868 -0.073001 -0.000124231 -0.000353928 0.13139 0.055948 -0.0199133 0.00081742 
