0.00142558 -9.36906e-05 -8.71921e-07 -0.000137878 -3.81359e-05 1.13127e-05 -0.000436741 -6.18635e-11 -2.65566e-06 -2.44283e-06 0.000237569 -1.13871e-05 -5.022e-07 0.000359715 0.000179233 -4.18977e-05 -0.000322454 1.27117e-06 -0.000114608 -3.1105e-05 3.47418e-07 2.31624e-07 0.000231634 6.02677e-07 1.3927e-07 0.000167571 -0.000464586 7.23633e-05 -9.9318e-05 0.000213893 -0.000434359 0.000328366 -3.52146e-09 -8.16054e-05 -3.4395e-06 -0.000238305 0.00014399 -2.94439e-07 -3.34561e-07 -1.36011e-05 2.91515e-06 -3.42827e-06 1.04854e-06 -6.39115e-05 6.53097e-06 -3.58923e-07 -3.86017e-06 -1.24032e-07 -1.53843e-06 -8.28909e-07 0.000156976 -4.67028e-05 -0.000373403 0.000224172 3.11306e-06 -0.000138463 8.8085e-05 6.34164e-06 2.73864e-05 -4.32364e-05 -6.89493e-08 3.37864e-07 0.00020644 -6.71814e-07 -0.000334558 -1.4419e-08 -2.10426e-06 -3.97507e-05 -2.45979e-08 -3.23594e-10 1.57782e-07 2.43906e-06 -2.46205e-06 6.48224e-05 9.90171e-05 0.000419545 -1.93914e-07 -5.4524e-06 6.2132e-05 0.000329272 0.000152816 1.66044e-05 -0.000281958 -4.12626e-05 6.85877e-06 -2.08905e-06 0 -9.20567e-07 -3.86904e-07 -2.34546e-05 -0.000332651 -3.89417e-07 -0.00043146 -1.26499e-05 0 -0.000266298 2.4679e-05 -0.000119075 -1.49412e-06 -0.00013005 
-9.36906e-05 0.0640547 -0.000261586 0.029249 -0.00186305 0.000141509 -0.020739 -2.98074e-09 -8.96424e-07 -0.000164702 -0.019311 0.00913962 -3.87684e-05 -0.0292951 0.0376214 -0.00159371 -0.0125498 -5.11764e-06 4.56347e-05 -0.00161843 -5.83817e-06 2.03872e-06 0.000576023 0.0347115 -1.96213e-05 0.015943 0.000356753 0.0327655 -0.0127531 -0.0286804 -0.0222987 0.0235323 -1.69673e-07 0.0414774 0.00169874 -0.0201751 -0.0309212 -5.6241e-06 0.000306536 -0.000650963 3.85086e-05 -0.000262103 -7.87333e-06 -0.00590199 -0.000371279 -1.36371e-05 -0.000188453 7.54905e-05 -3.63412e-05 -3.55422e-05 0.00114118 -0.00197146 -0.0260208 -0.027348 -3.51922e-06 -0.00691576 0.00257702 -1.55602e-05 -0.00987038 -0.00248936 7.77853e-07 -8.77575e-06 -0.0283272 -2.47697e-05 -0.0110861 -6.94741e-07 -0.000105937 -0.00756758 -1.18519e-06 2.11075e-07 -1.23148e-05 1.4353e-05 0.003068 -0.00399728 -0.0441111 -0.00150555 -8.72657e-06 0.00154243 -0.000611274 0.018986 0.00355005 0.0476714 -0.0230926 -0.00571017 -1.45997e-05 -9.91421e-05 0 -3.23219e-05 9.21467e-06 0.00733419 0.0334926 0.0016314 -0.026918 0.00122333 0 -0.0155184 0.0494789 -0.00853753 -7.99407e-05 -0.00158766 
-8.71921e-07 -0.000261586 0.0162997 -0.000375461 -0.000353174 1.27109e-05 -0.00568632 -7.18223e-10 -3.02451e-05 -2.6591e-05 0.00351899 -4.68292e-05 -1.03473e-05 0.00622028 -0.000564382 -0.000579812 -0.00376274 -1.15219e-06 7.59318e-05 -0.000434178 -2.30063e-06 -1.27425e-06 0.00438949 -0.00118444 -4.81061e-06 0.00153785 -0.00228082 -0.000811572 0.000200127 0.000441563 -0.00610485 -0.00134918 -4.08835e-08 -0.000504853 4.94114e-05 -0.00182979 0.00466303 -3.57944e-06 -0.000201449 0.00702726 0.00012777 -6.63841e-05 -8.46514e-07 -0.000125652 -8.68541e-05 -4.01702e-06 -4.54708e-05 -1.26998e-06 0.000146837 -9.62347e-06 0.0040923 -0.000447649 -0.00119999 -0.00632435 -1.24153e-06 -0.0016528 -0.00012005 4.1297e-06 0.00568544 -0.000597061 4.83618e-06 -2.11456e-06 -0.000294901 -5.7463e-06 -0.00641526 1.47593e-06 0.00021184 -0.00230766 -2.85577e-07 -3.75686e-09 -3.36065e-06 -2.82799e-06 0.00220211 0.00601909 0.000919214 -0.0011646 -2.2513e-06 -8.28846e-05 -0.000538232 0.00146178 -0.000520712 -0.00039036 -0.0024206 0.000208634 -3.652e-06 -2.31201e-05 0 8.94891e-05 -2.22521e-06 -0.00126077 -0.00221153 -1.93359e-05 -0.00578407 -0.000126359 0 -0.003936 0.00113353 -0.00211135 -1.72847e-05 -1.38908e-06 
-0.000137878 0.029249 -0.000375461 0.206936 -0.00913304 0.000458133 0.131078 -1.26742e-08 -0.000542653 -0.000857034 -0.135353 0.00591112 -0.00015285 -0.145514 0.0112722 -0.0108065 0.160488 -2.27726e-05 0.00116695 -0.00737898 -4.05331e-05 -2.79545e-05 0.0059768 0.0319607 -0.000100107 0.00321099 0.00676992 0.010442 0.170101 -0.147269 0.125896 -0.119343 -7.21452e-07 -0.017402 -0.000647876 0.134103 -0.154538 8.85892e-05 -0.00262105 -0.00289468 -6.94902e-05 -0.00118376 -3.0941e-05 0.0622439 -0.0016117 9.69835e-07 -0.000831455 5.09326e-05 0.00107602 -0.000166978 0.00769089 -0.00980431 -0.113615 -0.142004 -3.79541e-06 -0.0294016 -0.00462598 -6.90499e-05 -0.0451256 -0.0104941 4.04167e-07 -3.6568e-05 -0.145342 -0.00013125 0.127646 -7.1072e-07 -8.64066e-05 -0.0408032 -5.03944e-06 -6.62956e-08 -9.02641e-05 -4.43445e-05 0.0432234 -0.0139093 -0.182796 -0.0243417 -3.9511e-05 -0.00139318 -0.00937845 -0.131796 -0.00904475 0.0163236 0.122824 -0.019827 -6.32652e-05 -0.000404915 0 -0.000183989 -5.95561e-05 0.0379227 -0.0536176 -0.00053587 0.103151 -0.00129146 0 0.0381008 0.0155617 -0.0375034 -0.000338376 0.176338 
-3.81359e-05 -0.00186305 -0.000353174 -0.00913304 0.0330291 0.000132599 0.00338407 -1.48194e-09 8.57403e-05 -9.60392e-05 0.000418524 -0.000419982 0.000107306 -0.0174509 0.00410858 0.00897697 -0.00769463 3.94931e-05 -0.00108064 -0.000517837 -3.89269e-06 -4.273e-06 -0.000298819 -0.000460833 -1.16188e-05 -0.0008654 -0.00171653 -0.00170342 -0.0078206 -0.0172019 0.00338828 -0.0153358 1.68564e-06 0.0195406 -7.52798e-05 0.0026092 -0.00640362 1.90252e-05 -0.000412534 -0.000238974 -2.10041e-05 0.000503076 4.37991e-05 -0.00300751 0.00478501 -8.29132e-06 4.8908e-06 -6.11744e-08 -5.51386e-05 -1.36665e-05 -0.000493513 -0.00106645 0.00418106 -0.0166009 -2.5617e-06 0.00521682 0.00493472 3.19815e-05 -0.00520992 0.000880053 -1.51168e-06 -4.36306e-06 -0.0169261 -1.09e-05 0.00340384 8.71261e-07 -4.68106e-05 0.0168173 1.43608e-05 -7.75168e-09 -1.20306e-05 -5.93141e-06 -0.0204974 0.0032661 0.0101016 -0.00285495 2.04181e-05 -0.00016316 0.0112776 -0.0035094 -0.000990931 0.0141704 -0.0104754 -0.00159203 -7.31865e-06 -4.77964e-05 0 -4.6055e-06 2.11839e-06 -0.0141207 0.00604971 -7.96159e-05 0.000623366 0.000866833 0 0.00749931 0.0132882 0.0114834 0.000112509 -0.00638952 
1.13127e-05 0.000141509 1.27109e-05 0.000458133 0.000132599 0.000954524 0.000246117 -4.14023e-11 1.71603e-06 1.49242e-06 -0.000305427 0.000198673 -3.71645e-07 -0.000374155 0.000199695 8.66215e-05 0.000243899 1.64935e-07 -4.76632e-05 4.46334e-07 -7.11423e-08 -1.19379e-07 0.000132372 -7.52673e-05 -3.28422e-07 -2.39456e-05 8.9587e-06 -4.12935e-05 0.000347475 -0.000476366 9.34687e-05 -0.000530036 -2.35674e-09 9.17774e-05 4.31281e-05 0.000248869 -0.000454683 1.61762e-08 -7.01723e-06 -9.45728e-06 3.68691e-06 -7.31628e-07 9.79714e-07 -6.45828e-05 4.7856e-05 -2.4021e-07 -2.59605e-07 -8.30083e-08 1.30621e-06 1.15251e-07 0.000110539 -3.12033e-05 -0.000212353 -0.000463962 -7.15686e-08 -6.83388e-05 -1.1718e-05 -2.28677e-07 -0.000147453 -2.81156e-05 6.43856e-07 -5.52279e-08 -0.000474949 1.14039e-06 5.9093e-05 -9.64991e-09 -8.08989e-08 6.66215e-05 7.73538e-07 -2.16566e-10 -3.3611e-07 -1.59044e-07 -0.000101468 1.39915e-05 -0.000434084 -7.98717e-05 -1.29777e-07 7.55989e-05 -2.94692e-05 -0.000347776 -2.68678e-05 0.000127969 0.000224778 -8.01533e-05 -1.77188e-07 -1.3981e-06 0 3.40576e-07 5.25106e-06 -1.04027e-05 -9.58197e-06 -2.05711e-06 8.88734e-05 0.000168029 0 -0.000183706 0.000224274 -8.45718e-05 6.40518e-06 0.000358906 
-0.000436741 -0.020739 -0.00568632 0.131078 0.00338407 0.000246117 0.226144 -1.16403e-08 0.00119389 0.00128822 -0.178292 -0.00251553 0.000406954 -0.181352 -0.0148416 -0.0115936 0.147799 -2.67617e-05 -0.00108801 0.0133591 8.99064e-05 -4.23614e-05 -0.00282244 -0.00474998 7.23564e-06 -0.00765895 0.00924934 -0.0181213 0.147692 -0.173582 0.215434 -0.195673 6.50989e-07 0.00867162 -0.000382303 0.210482 -0.191469 8.45981e-05 -0.00415587 -0.00342004 -3.5262e-06 -0.00059304 -1.04696e-05 0.0556498 -0.00199165 0.000157869 0.000100628 -3.0021e-05 0.000793032 0.000353532 0.00142113 -0.0115601 -0.137308 -0.167733 -2.43403e-05 0.047308 0.00631778 -8.25106e-05 -0.0533309 0.00521443 -1.57868e-06 7.01553e-05 -0.171577 0.000278566 0.20886 -3.47667e-06 -0.000462105 0.0581492 -5.95374e-06 1.48343e-07 -0.000120195 -5.93647e-05 -0.0561258 -0.0261034 -0.123599 -0.028861 6.42013e-05 0.00166765 0.0163198 -0.213182 -0.00851952 -0.0365615 0.179505 0.0400069 -7.43908e-05 0.000452158 0 -0.00022161 -2.89873e-05 -0.061975 -0.118997 -0.000615342 0.183637 0.00376948 0 0.135782 -0.0378811 0.0628207 -0.000400957 0.151383 
-6.18635e-11 -2.98074e-09 -7.18223e-10 -1.26742e-08 -1.48194e-09 -4.14023e-11 -1.16403e-08 4.33333e-08 -8.06088e-11 -1.45176e-10 1.76077e-08 -5.35652e-10 -2.81944e-11 -2.28788e-08 4.04953e-08 -1.60563e-09 -9.85754e-09 -3.40456e-12 2.1e-10 2.19432e-09 -6.25026e-12 -5.41436e-12 -3.8e-10 -3.51182e-09 -1.48954e-11 -1.21137e-09 1.28438e-09 -2.27287e-09 -1.07557e-08 -2.20202e-08 -1.26357e-08 1.41623e-08 -1.06889e-13 3.03169e-08 -1.04401e-10 -1.30802e-08 1.59428e-08 -1.01514e-11 -5.32034e-10 -4.2893e-10 -3.7482e-11 -1.762e-10 -5.00197e-12 -3.81913e-09 -2.4978e-10 -1.08946e-11 -1.24556e-10 -3.7648e-12 -6.98666e-11 -2.51603e-11 -6.3412e-10 -1.4527e-09 2.27587e-08 -2.10455e-08 -3.24596e-12 -4.35685e-09 -7.46748e-10 -1.03715e-11 -6.68963e-09 1.76487e-09 -2.09286e-12 -5.52847e-12 -2.15531e-08 -2.03919e-11 -1.34559e-08 -4.37667e-13 -6.8526e-11 -6.08439e-09 -7.46633e-13 -9.82222e-15 -1.52441e-11 -7.51573e-12 3.1479e-09 -3.3285e-09 -2.81679e-08 -3.62254e-09 -5.88597e-12 -2.29546e-10 -1.42878e-09 1.30751e-08 -1.39334e-09 3.53712e-08 -1.46126e-08 -4.42947e-09 -9.54807e-12 -6.341e-11 0 -2.79425e-11 -1.17439e-11 3.03794e-09 2.48512e-08 -1.01161e-10 -1.67492e-08 2.93975e-09 0 -7.15638e-09 3.52026e-08 -2.2449e-09 -5.04107e-11 -1.16844e-08 
-2.65566e-06 -8.96424e-07 -3.02451e-05 -0.000542653 8.57403e-05 1.71603e-06 0.00119389 -8.06088e-11 0.00185674 4.56213e-05 -0.0009549 -2.17843e-05 1.67797e-05 -0.000982137 -0.000101395 -6.29196e-05 -0.000421366 -1.4615e-07 6.49148e-06 0.00142578 2.64502e-06 -2.32426e-07 -1.56226e-05 -0.000143085 -3.3276e-07 -5.18013e-05 4.95156e-05 -9.41294e-05 -0.000458886 -0.000942664 0.00116558 -0.00104107 3.85411e-07 0.000349757 2.33083e-05 0.00112791 -0.00103119 -4.22444e-07 -2.28357e-05 -1.8413e-05 0.000198284 -7.56389e-06 -2.14723e-07 -0.000163817 -9.72585e-06 8.1232e-07 -3.03357e-06 -1.61614e-07 -2.99922e-06 -1.08008e-06 0.000525969 -6.23613e-05 -0.000738308 -0.000903435 -1.39342e-07 0.000184147 4.19471e-05 -4.45227e-07 -0.000287171 0.000249893 2.01584e-08 -4.39914e-08 -0.000925228 6.02462e-06 0.00113298 -1.87881e-08 -2.94167e-06 0.000906741 -3.20513e-08 -4.21646e-10 -6.54395e-07 -3.22634e-07 -0.00155863 -0.000142885 -0.000859171 -0.000155507 1.774e-06 -9.76055e-06 0.000126756 -0.00114977 0.000590957 -0.000191417 0.000813017 0.000881933 -4.09877e-07 4.18129e-06 0 -9.52842e-07 4.74919e-06 -0.00157816 -0.000642914 -3.55927e-06 0.000970363 -3.94223e-06 0 0.00140075 -0.000200992 0.00159764 -2.16402e-06 -0.000439095 
-2.44283e-06 -0.000164702 -2.6591e-05 -0.000857034 -9.60392e-05 1.49242e-06 0.00128822 -1.45176e-10 4.56213e-05 0.00333899 -0.000951299 0.000970651 2.59669e-05 -0.00119323 3.29455e-05 0.00108027 -0.000753045 1.81568e-05 -4.46311e-05 0.00242661 1.29011e-06 -3.85976e-08 -2.90921e-05 0.000752519 8.78751e-05 -1.61173e-05 -0.000977805 -0.000168728 -0.000826175 -0.000451814 0.000319751 -0.00113473 -8.26385e-09 -0.000520149 5.08885e-05 0.000198448 -0.0012731 -6.98165e-07 0.00035969 7.165e-06 5.76755e-05 0.000899387 -2.33814e-08 -0.000293676 -1.17212e-05 4.14771e-06 0.00107919 -2.91066e-07 -5.40157e-06 0.000528508 -4.54654e-05 -0.000109139 -0.000728061 -0.00140836 8.39047e-07 0.000233821 1.05837e-05 -8.0185e-07 -0.000422412 0.00106785 2.27486e-06 -4.2742e-07 -0.00144304 0.000121737 0.000264579 -3.38371e-08 -3.10792e-06 -2.27562e-05 -4.43908e-08 -7.59381e-10 -1.17856e-06 -5.8106e-07 -0.000526193 -0.000239258 -0.00185347 -0.000156528 8.16076e-08 -1.29668e-05 0.000264117 -0.000901189 -5.02459e-05 0.000210727 0.000103989 -2.91436e-05 2.00551e-05 8.22476e-05 0 1.70997e-05 1.41054e-05 -0.00191001 0.000479999 1.80157e-05 6.52504e-05 0.000853398 0 0.000741527 -3.83031e-05 0.00110105 -3.87404e-06 0.000456357 
0.000237569 -0.019311 0.00351899 -0.135353 0.000418524 -0.000305427 -0.178292 1.76077e-08 -0.0009549 -0.000951299 0.24972 -0.00594552 -0.000334001 0.188521 -0.00944028 0.0109565 -0.117436 3.59111e-05 0.00128867 -0.0122076 -7.31035e-05 -6.35488e-05 -0.00438917 -0.0317504 -0.000162016 -0.00637197 -0.00723941 -0.00278316 -0.127402 0.185705 -0.190384 0.163019 -5.14636e-07 -0.0432291 -0.00109969 -0.195507 0.203278 -8.67676e-05 0.000263684 0.00469634 -0.000443949 0.000907122 -3.82078e-05 -0.0455374 0.00274588 -0.00012954 4.82185e-05 4.91857e-06 -0.000832601 -0.000288094 -0.00744686 -0.00418377 0.16673 0.177572 -3.79643e-05 -0.0518686 -0.00701739 -3.0696e-05 0.068956 -0.017679 -9.6437e-06 -6.59263e-05 0.182451 -0.000238578 -0.196712 4.55755e-06 0.000220262 -0.0631465 7.90983e-06 -1.17129e-07 -0.000132727 -5.17908e-05 0.0653933 0.0167832 0.14586 0.0296176 -7.01894e-05 -0.00273314 -0.0165276 0.194717 -0.0037278 0.00905174 -0.184136 -0.0527152 -7.33282e-06 -0.000717622 0 0.000270956 -0.000125755 0.0717658 0.105285 -0.00101647 -0.177183 -0.00421033 0 -0.125048 0.00943018 -0.0664439 0.000546559 -0.138399 
-1.13871e-05 0.00913962 -4.68292e-05 0.00591112 -0.000419982 0.000198673 -0.00251553 -5.35652e-10 -2.17843e-05 0.000970651 -0.00594552 0.0122084 -8.04269e-06 -0.00638994 0.00642621 0.00182431 -0.0018931 7.62156e-07 5.67174e-05 0.000701969 -1.7696e-06 1.16884e-06 0.000533062 0.00898421 0.000100624 -0.000169893 -0.00214292 0.000159954 -0.00153376 -0.00473009 -0.00394426 0.00281733 -3.04909e-08 0.00619017 0.000108092 -0.0028071 -0.00635924 -2.23244e-06 -8.84571e-05 -0.000122349 3.88579e-05 0.000914027 -1.42685e-06 -0.0010742 -6.80619e-05 -3.06777e-06 0.00121404 1.05794e-05 9.289e-05 0.000557603 0.000564389 -0.000414119 -0.00478011 -0.00600334 3.0574e-06 -0.00123638 -0.000180276 -6.15236e-07 -0.00190683 -0.000446113 -4.50338e-07 -1.57704e-06 -0.00612008 -3.48364e-06 -0.00450775 -1.24848e-07 -1.84743e-05 -0.0013494 -2.12983e-07 -2.80187e-09 -1.3285e-06 -3.37259e-07 0.00163717 -0.000932345 -0.00796076 -0.000907022 -1.67902e-06 0.000103877 -0.000309392 0.00192914 -0.000344188 0.007968 -0.00346262 -0.00108611 1.863e-06 9.94751e-05 0 1.85325e-05 6.33285e-07 0.000455742 0.006361 4.9163e-05 -0.00380516 0.000907124 0 -0.00282717 0.00760527 -0.00154384 -1.28934e-05 0.00359971 
-5.022e-07 -3.87684e-05 -1.03473e-05 -0.00015285 0.000107306 -3.71645e-07 0.000406954 -2.81944e-11 1.67797e-05 2.59669e-05 -0.000334001 -8.04269e-06 0.000650217 -0.00034214 4.08715e-06 -2.41082e-05 -0.000121792 -5.11186e-08 -2.70669e-05 0.000439138 5.47362e-05 -8.12953e-08 -3.77895e-06 -5.04226e-05 -2.23651e-07 -1.75951e-05 1.6878e-05 -3.41267e-05 -4.24846e-05 -0.000330628 0.000323805 -0.000385223 -1.60491e-09 -0.00014102 -1.56756e-06 0.000402581 -0.000361 2.38091e-06 -7.98836e-06 -6.22695e-06 -1.66117e-07 -2.64561e-06 2.5149e-06 -5.57867e-05 -3.7504e-06 -1.6358e-07 -1.87018e-06 -5.65276e-08 -6.90312e-08 -3.77777e-07 -6.31783e-06 -2.15987e-05 -0.000258661 -0.000315993 -4.87373e-08 0.000202 -1.11589e-05 -1.55726e-07 -0.000100003 0.0004298 -3.14237e-08 -8.30087e-08 -0.000323615 2.17382e-06 0.000396161 -6.57146e-09 1.2311e-06 -3.31124e-05 -1.12105e-08 -1.47478e-10 -2.28886e-07 -1.12847e-07 -0.000503846 3.45067e-05 -0.000231914 -5.43282e-05 -8.83764e-08 -3.16324e-06 7.55383e-06 -0.000404245 0.000420663 -6.95001e-05 0.000310076 0.000285306 -1.43362e-07 1.75458e-06 0 -3.32883e-07 3.67001e-07 -0.000527823 -0.000227456 -1.51891e-06 0.000347596 1.30047e-06 0 0.000338679 -7.2032e-05 0.000525624 -7.56905e-07 -8.25517e-05 
0.000359715 -0.0292951 0.00622028 -0.145514 -0.0174509 -0.000374155 -0.181352 -2.28788e-08 -0.000982137 -0.00119323 0.188521 -0.00638994 -0.00034214 0.249218 -0.031722 0.00232672 -0.119337 -2.57411e-05 0.00215621 -0.0133122 -7.55197e-05 5.06515e-05 0.00308551 -0.0341913 6.00979e-05 -0.0130929 -0.00763092 -0.00986251 -0.120535 0.227897 -0.194244 0.175733 -1.04233e-06 -0.0884699 -0.00102846 -0.191308 0.228509 -8.22347e-05 0.00391107 0.00348591 -0.000336841 -0.000472505 -6.09373e-05 -0.044528 -0.00301891 -0.000128209 -0.00056249 -4.58703e-05 -0.000705964 -0.00030245 -0.000591373 0.015664 0.155729 0.219191 -3.95487e-05 -0.0530466 -0.00902447 6.06698e-05 0.0644666 -0.0171428 -5.30934e-06 -6.73021e-05 0.22477 -0.000242252 -0.20409 3.27472e-07 0.000484316 -0.0734091 -7.40698e-06 -1.19674e-07 0.000146229 5.9875e-05 0.0781435 0.027539 0.148981 0.0320813 -7.17146e-05 -0.00277083 -0.0173796 0.192447 0.00946913 -0.0379197 -0.155183 -0.0510648 6.25464e-05 -0.000736307 0 -0.000285861 -0.000142874 0.0738497 0.0722927 -0.00116103 -0.155395 -0.00458805 0 -0.127794 -0.0357142 -0.0679415 0.000118417 -0.1333 
0.000179233 0.0376214 -0.000564382 0.0112722 0.00410858 0.000199695 -0.0148416 4.04953e-08 -0.000101395 3.29455e-05 -0.00944028 0.00642621 4.08715e-06 -0.031722 0.0612043 0.00587912 -0.0147667 5.98144e-05 -0.00421282 0.00157519 4.10267e-05 -5.12656e-06 -0.00052325 0.0211558 -1.86028e-05 0.0169319 0.000329701 0.0168893 -0.0156872 -0.0326677 -0.0157751 0.0150139 8.01782e-07 0.0468424 0.00166903 -0.0171747 -0.0321124 -1.42278e-06 -0.000255206 -0.000614709 -5.00701e-05 0.00150358 -7.55994e-06 -0.00576273 0.000573873 -1.21127e-05 0.000230401 8.02932e-05 -6.85127e-05 -3.09872e-05 -0.000195132 -0.00219495 -0.015156 -0.031806 2.46007e-05 -0.0051895 0.00736149 -1.41988e-05 -0.0100703 -0.000582654 -1.52646e-06 1.41176e-05 -0.0325455 -2.78669e-05 -0.00445165 -6.61487e-07 -9.86265e-05 0.00747963 -8.28457e-07 -1.48452e-08 -2.29198e-05 1.05508e-05 -0.0109082 -0.00442884 -0.031511 -0.00545897 -4.65602e-06 0.00372042 0.00503225 0.0147167 -0.00207575 0.0477943 -0.0226282 -0.00477947 -1.44309e-05 1.39059e-05 0 2.26012e-05 -4.60301e-06 -0.00272634 0.0340883 0.00187173 -0.0219865 0.00223529 0 -0.00764514 0.0472239 -0.00261364 -3.34171e-05 -0.00584043 
-4.18977e-05 -0.00159371 -0.000579812 -0.0108065 0.00897697 8.66215e-05 -0.0115936 -1.60563e-09 -6.29196e-05 0.00108027 0.0109565 0.00182431 -2.41082e-05 0.00232672 0.00587912 0.0356802 -0.00840113 7.08255e-05 -0.000951855 0.00135267 -5.34441e-06 -2.89299e-06 -0.000291067 0.00402367 0.000141297 -0.000942513 -0.0118781 -0.00188568 -0.00904787 0.00169438 -0.0136208 0.00178135 8.71936e-07 0.0100213 0.000225433 -0.013696 0.00667763 9.21982e-06 0.000429283 -0.000360212 -3.17165e-05 0.00388921 -4.17037e-06 -0.00326546 0.00494739 -8.95897e-06 0.00264703 3.07416e-06 -5.97409e-05 0.000556266 -0.000529161 0.00176659 0.0169956 -0.00621241 -2.12552e-06 -0.00371918 -0.000186233 -6.09174e-06 -0.00520225 -0.00133579 2.87379e-06 -4.72723e-06 -0.00367783 -1.61799e-05 -0.0141314 1.3391e-06 -5.77798e-06 0.00148918 1.41382e-05 -8.3987e-09 7.06486e-05 -6.38982e-06 -0.00399273 -0.0008147 0.00321227 -0.00235544 -5.03292e-06 4.46221e-05 -0.000770101 0.0128174 -0.000920858 0.0140416 -0.0137098 -0.00375818 -7.91761e-06 0.000125723 0 0.000402614 -2.71881e-07 0.00122813 0.0171628 1.17936e-05 -0.0126661 0.000893737 0 -0.00894102 0.00960404 -0.00475319 0.000128879 -0.00840857 
-0.000322454 -0.0125498 -0.00376274 0.160488 -0.00769463 0.000243899 0.147799 -9.85754e-09 -0.000421366 -0.000753045 -0.117436 -0.0018931 -0.000121792 -0.119337 -0.0147667 -0.00840113 0.175734 -1.78725e-05 0.00108896 -0.00583583 -3.23545e-05 -2.83964e-05 -0.00191168 0.00303913 -7.75846e-05 -0.00607195 0.00663953 -0.0118288 0.170413 -0.114783 0.142517 -0.131404 -5.61122e-07 -0.0507275 -0.000547498 0.140956 -0.126069 1.42327e-05 -0.00274588 -0.00224713 -0.000196602 -0.000905974 -2.57715e-05 0.065518 -0.00131118 3.07214e-05 -0.000631522 -1.97636e-05 0.000969563 -0.000132081 -0.00287703 -0.00762231 -0.0904771 -0.110376 -1.70399e-05 -0.022863 -0.00390521 -5.44429e-05 -0.0350997 -0.00822582 -8.83328e-06 -2.86621e-05 -0.113042 -0.000105429 0.137797 -2.29757e-06 -0.000349739 -0.0319008 -3.91951e-06 -5.15625e-08 -8.0025e-05 -3.94544e-05 0.0337772 -0.0173481 -0.143423 -0.018959 -3.07355e-05 -0.00114973 -0.0073584 -0.141146 -0.0072805 -0.024242 0.132568 -0.0201247 -5.01067e-05 -0.000332142 0 -0.000146216 -6.15739e-05 0.0331947 -0.0793484 -0.000530828 0.121741 -0.00107365 0 0.0494602 -0.0250032 -0.0292246 -0.000264528 0.165202 
1.27117e-06 -5.11764e-06 -1.15219e-06 -2.27726e-05 3.94931e-05 1.64935e-07 -2.67617e-05 -3.40456e-12 -1.4615e-07 1.81568e-05 3.59111e-05 7.62156e-07 -5.11186e-08 -2.57411e-05 5.98144e-05 7.08255e-05 -1.78725e-05 7.85605e-05 -5.88726e-05 3.48149e-05 -1.13322e-08 -9.81664e-09 -6.8897e-07 3.46126e-07 3.72993e-07 4.2937e-06 -2.6678e-05 2.91058e-08 -1.95009e-05 -2.8761e-05 -2.89531e-05 -4.1889e-05 -1.93798e-10 4.0917e-05 2.87738e-06 -2.9759e-05 -3.62942e-05 7.17159e-06 -9.64618e-07 -7.77683e-07 -6.79578e-08 5.79205e-05 -9.06895e-09 -6.92437e-06 3.30171e-05 -1.97527e-08 1.20342e-05 -6.82587e-09 -1.26674e-07 1.40105e-06 -1.14971e-06 -2.34053e-06 3.63302e-05 -3.47171e-05 -5.88517e-09 -7.8993e-06 -1.24391e-06 -1.88044e-08 -1.02155e-05 -2.40374e-06 -3.79451e-09 -1.00235e-08 -3.56108e-05 -3.69722e-08 -3.04201e-05 -7.93523e-10 -1.24243e-07 3.50785e-05 -1.3537e-09 -1.78084e-11 -2.76387e-08 -1.36266e-08 -2.70457e-05 -5.88482e-06 -2.59472e-05 -6.00127e-06 -1.06717e-08 -4.16184e-07 -9.57159e-07 5.44968e-06 -4.92898e-07 6.24577e-05 -3.22341e-05 -8.03097e-06 -1.73114e-08 2.2617e-06 0 1.08327e-05 -2.12926e-08 -3.76117e-05 4.82141e-05 -1.83412e-07 -3.63245e-05 2.63974e-06 0 -1.90187e-05 3.39653e-05 -1.01138e-05 1.85268e-07 -2.10847e-05 
-0.000114608 4.56347e-05 7.59318e-05 0.00116695 -0.00108064 -4.76632e-05 -0.00108801 2.1e-10 6.49148e-06 -4.46311e-05 0.00128867 5.67174e-05 -2.70669e-05 0.00215621 -0.00421282 -0.000951855 0.00108896 -5.88726e-05 0.00482266 -0.00103993 -6.14434e-06 -8.06345e-05 3.34003e-05 0.000249545 -1.84187e-07 -0.00166333 -7.66411e-06 0.000193341 0.00116208 0.00243736 -0.00133849 0.000858706 -9.5138e-07 -0.00222025 3.29225e-06 -0.00024255 0.00229923 -1.20447e-05 -0.000154657 4.73223e-05 -2.63823e-06 -0.000746661 3.9939e-07 0.000416899 -0.000389013 -1.88495e-06 -6.94238e-05 -5.43897e-06 1.54347e-06 -4.44955e-06 -0.000130824 0.000153385 0.000614634 0.00217555 -1.15366e-06 0.000196111 -0.00220566 1.15989e-06 0.000726532 -0.000708663 2.34053e-07 -1.61784e-05 0.0022034 -7.97949e-06 -0.0013118 -1.41054e-07 6.46021e-06 -0.00343888 -7.73168e-07 1.09846e-09 1.31148e-06 -2.19428e-05 0.00288127 0.000285256 0.00120263 0.000311997 -7.78415e-07 -0.00165801 -0.00247362 0.00147463 -6.43939e-05 -0.000995321 0.000813839 0.000163579 -9.97555e-05 6.16139e-06 0 -4.65284e-05 -6.78996e-06 0.00273615 7.63141e-05 -1.11168e-05 -0.000853365 -1.82542e-05 0 -0.00192589 -0.00056374 -0.00126703 2.88096e-06 -0.00100371 
-3.1105e-05 -0.00161843 -0.000434178 -0.00737898 -0.000517837 4.46334e-07 0.0133591 2.19432e-09 0.00142578 0.00242661 -0.0122076 0.000701969 0.000439138 -0.0133122 0.00157519 0.00135267 -0.00583583 3.48149e-05 -0.00103993 0.0255941 0.000125182 -2.93756e-06 -0.000230173 -0.00101037 7.57481e-05 -0.000625575 -0.000279314 -0.0013679 -0.00609788 -0.0116351 0.0142157 -0.0148517 3.28497e-07 0.00487639 -3.38373e-05 0.0136474 -0.014572 -2.84428e-06 -0.00031636 -0.000260179 0.000370418 0.00183098 -9.00746e-07 -0.00228479 -9.97444e-05 0.000115445 0.00178414 -2.28364e-06 -1.67595e-05 0.000539895 0.000368064 -0.000880884 -0.00960796 -0.0127629 -1.31892e-06 0.0108304 -0.0004388 -6.07448e-06 -0.00405591 0.0143867 1.02339e-05 5.12656e-06 -0.0129965 0.000396684 0.0137407 -8.81197e-09 -4.04997e-05 0.0164081 -4.52891e-07 -5.95794e-09 -8.03338e-06 -4.55887e-06 -0.0182494 -0.0019968 -0.00481277 -0.00218891 3.85164e-05 0.000286673 0.00334826 -0.0145877 0.00105501 -0.00156917 0.0127559 0.00523609 -5.38497e-06 0.00013775 0 0.000198381 8.28597e-05 -0.0207298 -0.00682272 -5.32184e-06 0.0117934 0.00249808 0 0.0173109 -0.00273574 0.018447 -2.97213e-05 -0.00322242 
3.47418e-07 -5.83817e-06 -2.30063e-06 -4.05331e-05 -3.89269e-06 -7.11423e-08 8.99064e-05 -6.25026e-12 2.64502e-06 1.29011e-06 -7.31035e-05 -1.7696e-06 5.47362e-05 -7.55197e-05 4.10267e-05 -5.34441e-06 -3.23545e-05 -1.13322e-08 -6.14434e-06 0.000125182 0.000144216 -1.80219e-08 -1.26485e-06 -1.11226e-05 3.70868e-08 -3.95208e-06 4.27511e-06 -6.83201e-06 -3.56175e-05 -7.26617e-05 8.5893e-05 -7.31617e-05 -3.55784e-10 3.81759e-05 2.95831e-07 8.72736e-05 -7.9442e-05 -3.37894e-08 -1.7709e-06 -1.42771e-06 7.80857e-06 -5.8649e-07 8.33508e-08 -1.27121e-05 -8.31404e-07 -2.6263e-08 -4.14589e-07 -1.25313e-08 -1.8922e-07 -8.37472e-08 -2.24026e-07 -4.83538e-06 -5.71351e-05 -6.94173e-05 -1.08043e-08 -6.98861e-06 -1.37558e-06 -3.45221e-08 -2.22667e-05 8.1006e-05 1.26367e-07 2.01598e-07 -7.11071e-05 1.78791e-07 8.61265e-05 -1.45679e-09 -2.28092e-07 -1.16921e-05 -2.4852e-09 -3.26936e-11 -5.07405e-08 -2.50164e-08 -0.0001127 -1.10457e-05 -9.18345e-05 -1.14411e-05 1.95708e-06 5.02615e-07 -2.87576e-06 -8.64674e-05 6.82989e-05 -1.43971e-05 8.24195e-05 2.32063e-05 -3.17811e-08 6.6756e-06 0 -9.30076e-08 3.77424e-06 -0.000121203 -4.87933e-05 1.35662e-06 7.51446e-05 3.46995e-06 0 0.000106111 -1.4355e-05 0.000123239 -1.67794e-07 -3.71419e-05 
2.31624e-07 2.03872e-06 -1.27425e-06 -2.79545e-05 -4.273e-06 -1.19379e-07 -4.23614e-05 -5.41436e-12 -2.32426e-07 -3.85976e-08 -6.35488e-05 1.16884e-06 -8.12953e-08 5.06515e-05 -5.12656e-06 -2.89299e-06 -2.83964e-05 -9.81664e-09 -8.06345e-05 -2.93756e-06 -1.80219e-08 0.000124931 4.29765e-06 -7.38594e-06 -4.29492e-08 7.79838e-05 -6.00997e-06 4.9831e-06 -2.85929e-05 -5.1966e-05 -4.6045e-05 7.72005e-06 -3.08202e-10 -2.09702e-05 -3.01028e-07 -2.95565e-05 4.72805e-05 -2.92704e-08 0.000112963 -1.23677e-06 -1.08075e-07 -2.08054e-07 -1.44226e-08 -1.07587e-05 -7.20213e-07 -3.14133e-08 -5.91421e-08 -1.08554e-08 -2.01452e-07 -7.2547e-08 4.62826e-06 -1.9787e-06 -4.65534e-05 8.18781e-06 -9.35934e-09 -1.25625e-05 -2.15316e-06 6.96762e-07 -1.92888e-05 -4.52248e-06 5.70632e-07 -1.59407e-08 2.36407e-05 -5.87978e-08 -4.8093e-05 -1.26196e-09 2.32413e-07 -1.7537e-05 -2.15283e-09 -2.83212e-11 -4.39546e-08 4.61833e-06 1.67112e-05 2.9436e-05 -8.01722e-05 1.18382e-05 -1.69715e-08 2.81465e-07 -4.11973e-06 4.4915e-05 0.000109049 -8.40989e-06 2.61816e-05 -1.27719e-05 5.91691e-05 -1.82835e-07 0 2.49431e-07 -3.38622e-08 1.79375e-05 6.86602e-05 -2.91685e-07 -5.79056e-05 -8.88179e-07 0 -3.02459e-05 -5.24944e-06 -1.60842e-05 -1.45353e-07 -2.76939e-05 
0.000231634 0.000576023 0.00438949 0.0059768 -0.000298819 0.000132372 -0.00282244 -3.8e-10 -1.56226e-05 -2.90921e-05 -0.00438917 0.000533062 -3.77895e-06 0.00308551 -0.00052325 -0.000291067 -0.00191168 -6.8897e-07 3.34003e-05 -0.000230173 -1.26485e-06 4.29765e-06 0.00869234 0.000834409 2.98023e-05 -0.000227144 -0.00052357 -0.000242891 0.00563636 -0.00387789 -0.00318895 -0.00344644 -2.16308e-08 -0.00195081 2.73527e-05 0.00509385 -0.000495367 1.02757e-05 -8.65528e-05 -7.72463e-06 0.000161065 -3.56338e-05 -1.01223e-06 0.00130039 -5.05473e-05 3.05196e-06 -8.67265e-06 -5.81872e-07 0.000158598 -5.02163e-06 0.00732704 -0.000293956 -0.00345104 -0.0042503 7.49646e-06 -0.000875123 -0.000151117 -7.65526e-07 -0.00127665 -0.000291848 5.84981e-06 -1.05545e-06 -0.00425382 -2.29999e-06 -0.00320939 -8.85693e-08 0.000345683 -0.00122162 -1.51094e-07 -1.98769e-09 9.0751e-06 -1.52094e-06 0.0012856 0.00640118 -0.00550386 -0.000706622 -1.19113e-06 -4.64225e-05 -0.000274542 -0.00365402 2.57507e-05 -0.00092731 0.00475479 0.0023345 -1.52555e-06 -7.42875e-06 0 -5.65464e-06 -1.09914e-07 -0.00277655 -0.00275206 -2.04216e-05 -0.000834268 -7.02579e-05 0 -0.00203687 -0.000851917 -0.0011282 -9.81813e-06 0.00614864 
6.02677e-07 0.0347115 -0.00118444 0.0319607 -0.000460833 -7.52673e-05 -0.00474998 -3.51182e-09 -0.000143085 0.000752519 -0.0317504 0.00898421 -5.04226e-05 -0.0341913 0.0211558 0.00402367 0.00303913 3.46126e-07 0.000249545 -0.00101037 -1.11226e-05 -7.38594e-06 0.000834409 0.0744743 0.000263989 0.0100208 -0.00479241 0.023358 0.00654016 -0.0316719 -0.00568631 0.00952999 -1.99904e-07 0.0243115 -0.000184144 -0.00308767 -0.0324483 -1.16219e-05 -3.55842e-05 -0.000791506 -6.23623e-05 0.000898846 -5.99802e-06 -0.00662205 0.00206248 6.61602e-07 0.00135543 -8.50938e-07 -9.63881e-05 0.000526438 2.92441e-05 -0.0021198 -0.0259398 -0.0330938 6.27161e-05 -0.00813204 -0.00085856 -7.92689e-06 -0.0124501 -0.00288225 2.4826e-06 -1.03394e-05 -0.0333545 -3.38837e-05 0.00639724 -8.18525e-07 -0.000122198 -0.0112544 8.40698e-06 -1.83695e-08 2.42071e-05 2.28739e-06 0.00446987 -0.00543235 -0.0437642 -0.00654962 -9.34128e-06 -0.000421773 -0.00266343 0.00417521 -0.00210144 0.0369975 -0.00250506 -0.00383939 -1.67868e-05 7.90406e-05 0 9.80986e-05 -1.60135e-05 0.0089103 0.0202711 0.000148252 -0.00469783 0.000251764 0 -0.0195142 0.0362833 -0.0104169 -3.87582e-05 0.0141132 
1.3927e-07 -1.96213e-05 -4.81061e-06 -0.000100107 -1.16188e-05 -3.28422e-07 7.23564e-06 -1.48954e-11 -3.3276e-07 8.78751e-05 -0.000162016 0.000100624 -2.23651e-07 6.00979e-05 -1.86028e-05 0.000141297 -7.75846e-05 3.72993e-07 -1.84187e-07 7.57481e-05 3.70868e-08 -4.29492e-08 2.98023e-05 0.000263989 0.000343622 -9.09246e-06 -0.000197492 5.13005e-05 -7.8966e-05 0.000155882 -0.000118457 4.4287e-05 -8.47892e-10 -6.83545e-05 7.08518e-06 -0.000122273 -1.38595e-05 2.12808e-07 1.1023e-05 -2.98914e-06 -2.97325e-07 0.000101089 -3.96779e-08 -3.02151e-05 -1.98137e-06 -3.08749e-09 0.000164455 -2.98641e-08 -5.54214e-07 8.92137e-05 -3.29013e-06 5.38031e-05 -7.57561e-05 -8.98391e-05 -2.57484e-08 -3.06405e-05 -2.40355e-06 5.39773e-06 -5.25119e-05 -1.21518e-05 -1.66015e-08 -4.38543e-08 4.43005e-05 7.11575e-07 -0.000124963 -3.47177e-09 -2.3358e-07 -3.88008e-05 -5.92264e-09 -7.79144e-11 1.47724e-05 2.17048e-07 -3.33679e-05 -1.20985e-06 -0.000120431 -2.82723e-05 -4.66902e-08 1.55914e-06 -7.15376e-06 2.08289e-05 -8.95261e-06 -3.09676e-05 -6.56389e-05 -3.02566e-05 -7.57397e-08 2.93367e-06 0 8.08347e-07 -9.31581e-08 -4.85668e-05 0.000148156 -8.02454e-07 -7.60704e-05 0.000123445 0 -7.49926e-05 -3.16686e-05 -3.60324e-05 5.80119e-07 -8.75393e-05 
0.000167571 0.015943 0.00153785 0.00321099 -0.0008654 -2.39456e-05 -0.00765895 -1.21137e-09 -5.18013e-05 -1.61173e-05 -0.00637197 -0.000169893 -1.75951e-05 -0.0130929 0.0169319 -0.000942513 -0.00607195 4.2937e-06 -0.00166333 -0.000625575 -3.95208e-06 7.79838e-05 -0.000227144 0.0100208 -9.09246e-06 0.0271732 -0.000371007 0.00700755 -0.00658511 -0.0130247 -0.00827839 0.00796392 -6.89548e-08 0.0177846 -3.48632e-05 -0.00859729 -0.00990932 -6.54875e-06 0.000465758 0.000866028 -2.40499e-05 -8.39248e-05 5.86653e-06 -0.00245754 2.17982e-05 -6.79817e-06 -8.03385e-05 2.4508e-05 -4.32381e-05 -1.58611e-05 -0.000281179 -0.000930253 -0.0067676 -0.0129893 -1.04732e-06 -0.00276522 0.00343317 -4.20076e-06 -0.00316273 -0.000882946 1.52988e-06 -2.72979e-06 -0.0123033 -1.3155e-05 0.00227087 -2.75675e-07 -4.01166e-05 -0.00152369 -4.81659e-07 -6.33639e-09 -9.78074e-06 3.17749e-05 -0.00340465 -0.000615578 -0.0110786 -0.00203425 4.31029e-05 0.000899555 0.000945162 0.00857835 -0.000522933 0.0207199 -0.0107606 -0.00251457 7.87438e-05 -3.94862e-05 0 0.000114854 -6.64941e-06 0.00115936 0.014494 9.37044e-06 -0.0105744 -0.000116085 0 -0.00513955 0.0209288 -0.00287581 -2.8517e-05 -0.00419518 
-0.000464586 0.000356753 -0.00228082 0.00676992 -0.00171653 8.9587e-06 0.00924934 1.28438e-09 4.95156e-05 -0.000977805 -0.00723941 -0.00214292 1.6878e-05 -0.00763092 0.000329701 -0.0118781 0.00663953 -2.6678e-05 -7.66411e-06 -0.000279314 4.27511e-06 -6.00997e-06 -0.00052357 -0.00479241 -0.000197492 -0.000371007 0.028761 0.000620141 0.00669142 -0.00935421 0.0108733 -0.00982911 7.31109e-08 0.00493576 -1.61908e-05 0.0105689 -0.0100481 -2.62199e-05 0.000274472 -0.00345798 -6.5986e-05 -0.00121094 3.32463e-06 0.0021674 -0.00272546 4.87177e-06 -0.00126677 -1.04949e-05 -3.94286e-05 -0.000563394 -0.000176735 -0.00460057 -0.0116296 -0.00684225 1.5702e-06 0.00295825 0.000460838 -3.33931e-06 -0.00623305 0.00105829 1.17816e-06 3.73141e-06 -0.0081644 1.20479e-05 0.0114288 1.96026e-07 -0.000160882 0.00379791 -1.32126e-05 6.71829e-09 -0.000143147 -3.29319e-07 -0.00105845 0.000155784 -0.00694343 -0.00631603 4.02594e-06 0.000120887 0.000932245 -0.00966662 7.67224e-05 -0.00196173 0.0116558 0.00299706 -1.93059e-05 -0.000127372 0 -0.000198458 7.20271e-06 -0.00211755 -0.00165931 2.31262e-05 0.00916409 -0.000569165 0 0.00707866 -0.0011555 0.00377742 -6.08863e-05 0.00492944 
7.23633e-05 0.0327655 -0.000811572 0.010442 -0.00170342 -4.12935e-05 -0.0181213 -2.27287e-09 -9.41294e-05 -0.000168728 -0.00278316 0.000159954 -3.41267e-05 -0.00986251 0.0168893 -0.00188568 -0.0118288 2.91058e-08 0.000193341 -0.0013679 -6.83201e-06 4.9831e-06 -0.000242891 0.023358 5.13005e-05 0.00700755 0.000620141 0.0496998 -0.0126344 -0.0099897 -0.0193276 0.0188678 -1.29379e-07 0.0230097 -0.000110091 -0.0198021 -0.0103277 -1.51066e-06 0.00120549 -0.000505776 -4.35218e-05 -0.000194027 -6.05441e-06 -0.00450517 -0.000261359 -1.04869e-05 -6.1903e-05 -4.55694e-06 -8.4567e-05 -2.76309e-05 -0.000410113 -0.00135384 -0.0190453 -0.00877657 3.11076e-07 -0.00527356 -0.000872392 -1.02438e-05 -0.00677639 -0.00188528 8.29013e-06 -6.69169e-06 -0.00976121 -1.65159e-05 -0.0101937 -1.6421e-08 -6.36176e-05 -0.00721513 -7.60396e-07 -1.18889e-08 -1.73182e-05 9.59625e-06 0.00383732 0.00212724 -0.0250935 0.00243157 -4.92108e-06 -0.000271733 -0.00172751 0.0192924 0.00953545 0.0287916 -0.0215907 -0.00514036 1.1293e-05 -7.46451e-05 0 6.50649e-05 -8.86157e-06 0.00757303 0.0184823 -9.24323e-05 -0.0227592 -0.00028684 0 -0.0126957 0.029671 -0.00675192 -6.09107e-05 -0.0110953 
-9.9318e-05 -0.0127531 0.000200127 0.170101 -0.0078206 0.000347475 0.147692 -1.07557e-08 -0.000458886 -0.000826175 -0.127402 -0.00153376 -4.24846e-05 -0.120535 -0.0156872 -0.00904787 0.170413 -1.95009e-05 0.00116208 -0.00609788 -3.56175e-05 -2.85929e-05 0.00563636 0.00654016 -7.8966e-05 -0.00658511 0.00669142 -0.0126344 0.186601 -0.122885 0.144014 -0.135691 -6.12249e-07 -0.055091 -0.000551015 0.151277 -0.130351 0.00011271 -0.00280728 -0.00244317 -9.37033e-05 -0.000972998 1.68392e-05 0.0662152 -0.00142885 3.48836e-05 -0.000643503 -2.14777e-05 0.00108943 -0.000123076 0.00785084 -0.00820493 -0.0983729 -0.118102 -1.74258e-05 -0.0246246 -0.00410122 -2.78238e-05 -0.0382962 -0.0083802 -2.581e-06 -3.14532e-05 -0.12141 -0.00011502 0.139724 -2.50691e-06 -3.91335e-05 -0.0336218 -4.27664e-06 -5.62607e-08 -7.93266e-05 -4.30494e-05 0.0350409 -0.00958806 -0.152198 -0.0206991 -3.23709e-05 -0.00108483 -0.00665669 -0.149139 -0.00771889 -0.0264902 0.141584 -0.0145437 -5.2427e-05 -0.000341279 0 -0.000160052 -6.66779e-05 0.0301569 -0.0855319 -0.000579012 0.126506 -0.00111865 0 0.0492861 -0.0267195 -0.0314457 -0.000288284 0.176429 
0.000213893 -0.0286804 0.000441563 -0.147269 -0.0172019 -0.000476366 -0.173582 -2.20202e-08 -0.000942664 -0.000451814 0.185705 -0.00473009 -0.000330628 0.227897 -0.0326677 0.00169438 -0.114783 -2.8761e-05 0.00243736 -0.0116351 -7.26617e-05 -5.1966e-05 -0.00387789 -0.0316719 0.000155882 -0.0130247 -0.00935421 -0.0099897 -0.122885 0.249933 -0.186973 0.189325 -1.25346e-06 -0.104552 -0.00102635 -0.190865 0.221276 -8.41995e-05 -0.000466767 0.00448565 -0.000436738 0.000606525 -5.62234e-05 -0.0447667 -0.00291047 -0.000127158 0.00117308 -4.36755e-05 -0.000777184 0.000271101 -0.00700953 0.0163182 0.146583 0.236141 -3.74144e-05 -0.0510626 -0.00862789 5.5599e-05 0.0751884 -0.0165558 -1.3079e-05 -6.48308e-05 0.242686 -0.000233437 -0.196367 -1.99573e-06 -0.000702436 -0.0710808 -7.1689e-06 -1.15183e-07 0.000155347 -1.44831e-06 0.0753914 0.00477316 0.154421 0.0401058 -6.90231e-05 -0.00268024 -0.0167479 0.190266 0.0119293 -0.0511849 -0.155811 -0.0519017 -0.000104311 -0.000566715 0 -6.7584e-05 -0.000137308 0.0738158 0.0592362 -0.00101864 -0.145744 -0.00362104 0 -0.123006 -0.052212 -0.0653957 0.000117818 -0.13397 
-0.000434359 -0.0222987 -0.00610485 0.125896 0.00338828 9.34687e-05 0.215434 -1.26357e-08 0.00116558 0.000319751 -0.190384 -0.00394426 0.000323805 -0.194244 -0.0157751 -0.0136208 0.142517 -2.89531e-05 -0.00133849 0.0142157 8.5893e-05 -4.6045e-05 -0.00318895 -0.00568631 -0.000118457 -0.00827839 0.0108733 -0.0193276 0.144014 -0.186973 0.232712 -0.199847 5.94325e-07 0.0250563 -0.000555044 0.226205 -0.203441 8.505e-05 -0.004516 -0.00364594 0.000343231 -0.00149545 1.49054e-05 0.0535112 -0.00212419 0.00015057 -0.00105906 -3.20168e-05 0.000796818 -0.00021397 0.000843857 -0.0123493 -0.146498 -0.178413 -2.2811e-05 0.0632716 0.00606681 -7.85087e-05 -0.0568634 0.0208086 6.35194e-07 8.04879e-05 -0.183202 0.000281062 0.225036 -3.51869e-06 -0.000418102 0.0769569 -6.34955e-06 -8.35305e-08 -0.000127766 -6.33856e-05 -0.0750736 -0.0281887 -0.116356 -0.0307971 8.2081e-05 0.00133654 0.0184411 -0.227194 -0.00933457 -0.039352 0.194411 0.0589918 -8.0989e-05 0.00073437 0 -0.000236826 0.000126817 -0.0800793 -0.128807 -0.000769709 0.197542 0.00262845 0 0.152686 -0.0407606 0.0810981 -0.000428704 0.145601 
0.000328366 0.0235323 -0.00134918 -0.119343 -0.0153358 -0.000530036 -0.195673 1.41623e-08 -0.00104107 -0.00113473 0.163019 0.00281733 -0.000385223 0.175733 0.0150139 0.00178135 -0.131404 -4.1889e-05 0.000858706 -0.0148517 -7.31617e-05 7.72005e-06 -0.00344644 0.00952999 4.4287e-05 0.00796392 -0.00982911 0.0188678 -0.135691 0.189325 -0.199847 0.240735 -1.47076e-06 -0.0463111 0.000656826 -0.201579 0.180855 -0.00010404 0.0039665 0.0030671 -0.000454002 -0.00143091 -3.36623e-05 -0.0523935 0.000325601 -0.000133793 -0.00114712 3.50775e-05 -0.000897994 -0.000334269 -0.00712906 0.0127736 0.117797 0.190002 2.56666e-05 -0.0545771 -0.00227298 5.47806e-05 0.0612557 -0.0173786 -7.41375e-06 -6.05634e-05 0.193311 -0.000260174 -0.192939 -5.6555e-06 -0.000822615 -0.0651392 4.36988e-06 1.15158e-08 0.000116156 6.44824e-05 0.0636034 -0.00793242 0.106594 0.033707 -5.91625e-05 -0.000610407 -0.0136408 0.202844 0.00896156 0.0138587 -0.171266 -0.045655 6.33514e-05 -4.61125e-05 0 -0.000221087 -0.000114523 0.0681804 0.0954858 0.00081533 -0.164625 -0.00365999 0 -0.131618 0.0111029 -0.0663893 8.28871e-05 -0.137939 
-3.52146e-09 -1.69673e-07 -4.08835e-08 -7.21452e-07 1.68564e-06 -2.35674e-09 6.50989e-07 -1.06889e-13 3.85411e-07 -8.26385e-09 -5.14636e-07 -3.04909e-08 -1.60491e-09 -1.04233e-06 8.01782e-07 8.71936e-07 -5.61122e-07 -1.93798e-10 -9.5138e-07 3.28497e-07 -3.55784e-10 -3.08202e-10 -2.16308e-08 -1.99904e-07 -8.47892e-10 -6.89548e-08 7.31109e-08 -1.29379e-07 -6.12249e-07 -1.25346e-06 5.94325e-07 -1.47076e-06 2.46666e-06 4.48805e-07 -5.94282e-09 5.32357e-07 -1.36941e-06 -5.7785e-10 -3.0285e-08 -2.4416e-08 2.812e-07 9.53303e-07 -2.84727e-10 -2.17396e-07 -1.42183e-08 -6.20153e-10 -7.0901e-09 -2.14304e-10 -3.97702e-09 -1.4322e-09 -3.60961e-08 -8.26924e-08 -1.80959e-08 -1.19797e-06 -1.8477e-10 8.25328e-07 -5.84053e-09 -5.9038e-10 -3.80794e-07 2.34052e-07 -1.19132e-10 -3.14697e-10 -1.22687e-06 -1.16077e-09 5.47641e-07 -2.49133e-11 -3.90071e-09 1.46699e-06 -4.25007e-11 -5.59111e-13 -8.6774e-10 -4.27819e-10 -1.1344e-06 -1.89468e-07 -4.93402e-07 -2.06206e-07 -3.35047e-10 -1.30664e-08 -4.4664e-08 -5.69317e-07 3.06868e-08 6.99849e-07 5.17943e-08 1.24528e-07 -5.43505e-10 -3.60949e-09 0 -1.59057e-09 -6.685e-10 -1.14066e-06 1.01018e-07 -5.75838e-09 3.60175e-07 6.40929e-07 0 6.36227e-07 -2.73083e-07 1.1858e-06 -2.86953e-09 -4.61778e-07 
-8.16054e-05 0.0414774 -0.000504853 -0.017402 0.0195406 9.17774e-05 0.00867162 3.03169e-08 0.000349757 -0.000520149 -0.0432291 0.00619017 -0.00014102 -0.0884699 0.0468424 0.0100213 -0.0507275 4.0917e-05 -0.00222025 0.00487639 3.81759e-05 -2.09702e-05 -0.00195081 0.0243115 -6.83545e-05 0.0177846 0.00493576 0.0230097 -0.055091 -0.104552 0.0250563 -0.0463111 4.48805e-07 0.173524 0.00124488 0.0217216 -0.0767108 -3.21278e-05 0.00202922 -0.0021932 0.000302089 0.00184153 4.69563e-05 -0.0196929 0.00212745 2.80099e-05 0.000588736 6.53027e-05 -0.000353562 -0.000121441 -0.00286851 -0.0074469 -0.0370095 -0.107859 4.70482e-05 0.061309 0.0110162 -4.46968e-06 -0.034405 0.0117853 2.93442e-06 9.39713e-05 -0.109745 -6.94086e-05 0.0385793 5.76308e-06 0.000757135 0.0865851 1.13316e-06 -5.06503e-08 -7.74693e-05 -3.1631e-06 -0.0879551 0.0124196 -0.00144253 -0.0185938 2.93811e-05 0.00193293 0.0160819 -0.0246858 -0.00698617 0.077781 0.00126792 0.0589506 -4.69599e-05 0.000104587 0 0.000320415 0.000136203 -0.0808383 0.037785 0.00162204 0.00390513 0.00150604 0 0.0533439 0.0811405 0.077559 0.00015059 -0.042546 
