5.09664e-06 -5.46103e-09 3.11215e-07 -2.31049e-12 -3.56087e-11 1.4854e-06 4.53595e-06 -5.49981e-10 1.14081e-06 2.11818e-07 -8.29058e-12 -1.828e-11 -3.3502e-07 -2.84241e-10 -9.29462e-11 -7.19479e-11 -4.59161e-06 -5.52107e-09 -2.1406e-12 -3.53559e-06 -1.59473e-06 -1.3654e-10 0 -3.03392e-08 -4.81465e-11 -6.70196e-09 4.49274e-06 -1.30108e-09 -2.93266e-08 -1.01382e-08 -7.59215e-09 -8.54541e-12 -2.51289e-09 -6.20249e-09 -3.75325e-09 -4.10434e-07 -1.24019e-11 -2.15435e-06 6.02305e-09 -1.28941e-07 -1.55464e-09 -2.09322e-08 -4.01214e-08 -5.73824e-08 -2.92039e-10 -8.01605e-09 -4.26591e-11 -2.52115e-11 4.533e-06 -4.41467e-06 -4.07733e-12 4.14776e-06 -8.37043e-11 -3.08518e-11 5.27169e-08 -5.2234e-10 -5.72526e-12 -5.11563e-08 -1.27207e-07 -8.15854e-07 -1.03632e-12 -1.50523e-09 -2.70123e-12 1.78915e-08 -6.45578e-13 0 -8.77748e-10 -1.90072e-10 -2.99225e-10 -2.58246e-06 -5.88313e-09 -1.32403e-06 -1.44513e-09 -4.56868e-06 -4.51936e-06 -2.0867e-08 -1.93843e-11 -3.31283e-12 -2.37675e-11 -4.78288e-10 -2.48045e-09 1.54385e-06 2.05966e-06 -5.26741e-10 -1.28058e-08 4.16467e-06 -4.1334e-11 -2.45999e-11 -2.69668e-08 -2.17798e-11 -2.8623e-09 -1.77469e-09 -6.68369e-07 -3.70358e-12 0 -1.23764e-10 -2.78618e-11 -1.63762e-06 -1.01811e-09 -2.06326e-08 
-5.46103e-09 0.00107034 -0.000639355 -4.85742e-10 -7.48614e-09 -0.00039799 1.11144e-05 5.10422e-08 -0.000390928 -5.51812e-06 -1.74296e-09 -3.84308e-09 -6.9839e-05 -5.9757e-08 -1.95404e-08 1.77821e-06 6.01529e-06 5.31262e-06 -4.50026e-10 5.09669e-05 0.000371693 5.34628e-07 0 3.66917e-05 1.73211e-07 3.03077e-05 -0.000100434 -2.66863e-07 4.85712e-05 -1.89139e-06 -1.22946e-06 -1.79653e-09 8.97837e-06 3.55027e-05 -7.8906e-07 0.000534606 -2.60729e-09 -0.000441944 -5.25471e-05 -0.000662728 2.08983e-06 3.25094e-05 -5.17818e-06 0.00061916 1.79386e-05 9.83381e-05 -8.96837e-09 -5.3003e-09 -4.96214e-05 -0.000597661 -8.57192e-10 -5.08347e-05 -1.75974e-08 -6.48609e-09 -0.000684534 3.36019e-06 -1.20364e-09 -9.55144e-06 0.000604867 -0.000104353 -2.1787e-10 1.50216e-07 -5.6789e-10 3.64805e-06 1.26531e-07 0 1.64255e-05 -3.99594e-08 1.25138e-05 0.000301084 0.000340863 0.000394701 1.42853e-07 -3.62863e-05 -5.99579e-05 5.79719e-07 -4.07523e-09 -6.96469e-10 -4.99672e-09 -1.00552e-07 1.40853e-06 -0.00035309 -0.000299238 3.37859e-05 2.70779e-06 4.33799e-05 -8.68978e-09 -5.17173e-09 0.000591237 -4.57883e-09 7.14914e-07 -3.66433e-07 -1.10035e-05 -7.78616e-10 0 -2.60193e-08 -5.85748e-09 -0.000306208 1.97263e-06 -2.65433e-06 
3.11215e-07 -0.000639355 0.0573339 2.76817e-08 2.9329e-07 0.00248762 0.00664255 3.13926e-06 -0.00430041 0.000321941 9.93284e-08 -2.91432e-06 0.00389335 2.83212e-06 1.11358e-06 -1.908e-06 -0.000888855 -0.000966443 -1.14354e-07 -0.00293061 -0.00575564 -1.21413e-06 0 -0.000877957 -6.4565e-06 -0.00117193 0.00622862 1.16147e-05 -0.00107485 -0.000129872 9.09606e-05 -1.57429e-06 -0.00037617 -0.00110625 2.15073e-05 -0.00906608 1.48585e-07 0.0130544 0.00102956 0.00357242 -0.000182107 0.000198676 0.000108256 -0.00733523 -1.94011e-05 -0.00137256 1.9776e-07 3.02056e-07 0.00671641 -0.0034847 4.885e-08 0.0062085 -2.64382e-06 -2.17703e-06 0.00437077 -8.98452e-05 6.85936e-08 -0.00592644 -0.0127938 0.00248032 1.2416e-08 -4.00599e-06 3.23631e-08 -0.000137252 -1.18932e-07 0 -0.00012689 2.27723e-06 -5.2915e-05 -0.0135208 -0.000981945 -0.00620287 1.73139e-05 -0.00489261 -0.00663919 0.000104375 -6.44255e-08 -1.13643e-07 -3.44525e-06 4.03645e-07 1.18679e-05 0.00536649 0.00345647 -8.32959e-05 -0.00165235 -0.00352309 -8.54783e-07 -1.26194e-06 -0.00307715 -2.59059e-07 -0.00051779 -2.93095e-06 -0.00543855 -6.82295e-07 0 1.4028e-06 3.71418e-08 -0.016367 4.89452e-06 -1.06403e-05 
-2.31049e-12 -4.85742e-10 2.76817e-08 4.53333e-07 -3.16729e-12 -2.12117e-08 -4.98744e-08 -4.89192e-11 -5.18621e-08 -2.5067e-09 -7.37422e-13 -1.62596e-12 4.23534e-07 -2.52824e-11 -8.26729e-12 -6.39956e-12 -4.46658e-07 -4.91082e-10 -1.904e-13 -1.61147e-07 1.14864e-08 -1.21448e-11 0 -2.69858e-09 -4.28249e-12 -5.9612e-10 -4.63056e-08 -1.15727e-10 -2.60851e-09 1.52432e-07 -6.75299e-10 -7.60089e-13 -2.23514e-10 -5.51693e-10 -3.33841e-10 3.49308e-09 -1.10311e-12 2.6171e-07 5.35733e-10 2.46612e-09 -1.3828e-10 -1.86186e-09 4.49765e-07 -5.10399e-09 -2.5976e-11 -7.13004e-10 -3.7944e-12 -2.24249e-12 3.4653e-07 -2.39338e-07 -3.62667e-13 -4.61551e-08 -7.44524e-12 -2.74418e-12 -1.48644e-07 -4.64606e-11 -5.09244e-13 -4.5502e-09 -1.13147e-08 3.80766e-07 -9.21778e-14 -1.33886e-10 -2.40267e-13 -4.51742e-07 -5.74222e-14 0 -7.80731e-11 -1.69063e-11 -2.66152e-11 -7.63685e-08 -5.23287e-10 -1.17769e-07 -1.2854e-10 4.69628e-08 -4.01984e-07 -1.85606e-09 -1.72418e-12 -2.94667e-13 -2.11404e-12 -4.25423e-11 -2.20628e-10 -1.6012e-08 2.98669e-08 -4.6852e-11 -1.13904e-09 -8.28983e-08 -3.67653e-12 -2.18809e-12 -2.39862e-09 -1.93724e-12 -2.54594e-10 1.65088e-08 -5.94494e-08 -3.29422e-13 0 -1.10084e-11 -2.47822e-12 -1.45661e-07 -9.05579e-11 -1.83521e-09 
-3.56087e-11 -7.48614e-09 2.9329e-07 -3.16729e-12 6.98662e-06 2.03623e-06 3.18135e-06 -7.53931e-10 1.55718e-06 7.34701e-07 -1.1365e-11 -2.50588e-11 1.50745e-07 -3.89646e-10 -1.27414e-10 -9.86284e-11 -3.24378e-06 -7.56845e-09 -2.9344e-12 -4.81003e-06 -2.18611e-06 -1.87173e-10 0 -4.15899e-08 -6.60007e-11 -9.18726e-09 4.63015e-07 2.74883e-07 -4.02017e-08 1.99436e-07 -1.04075e-08 -1.17143e-11 -3.44475e-09 -8.50256e-09 -5.14507e-09 -5.62636e-07 -1.70009e-11 -3.93254e-07 8.25659e-09 -8.38659e-07 -2.13114e-09 8.17972e-07 -5.49996e-08 -7.86615e-08 -4.00336e-10 -1.09887e-08 -5.84784e-11 -3.45607e-11 3.25064e-06 -5.62843e-06 -5.58933e-12 2.96867e-06 -1.14744e-10 -4.22926e-11 7.22659e-08 -7.1604e-10 -7.84836e-12 -7.01267e-08 -1.74379e-07 -1.1184e-06 -1.42062e-12 -2.06342e-09 -3.70293e-12 2.45262e-08 -8.84978e-13 0 -1.20324e-09 -2.60556e-10 -4.10187e-10 -3.47678e-06 -8.06478e-09 -1.81502e-06 1.58019e-07 -2.72622e-06 -4.02861e-06 -2.86052e-08 -2.65726e-11 -4.54133e-12 -3.25812e-11 -6.55652e-10 -3.40027e-09 2.1097e-06 2.78344e-06 -7.22072e-10 -1.75546e-08 5.00572e-06 -5.66619e-11 -3.37223e-11 -3.69669e-08 -2.98564e-11 -3.92374e-09 -2.4328e-09 4.67113e-07 -5.07698e-12 0 -1.6966e-10 -3.81938e-11 -2.05156e-06 -1.39566e-09 -2.82838e-08 
1.4854e-06 -0.00039799 0.00248762 -2.12117e-08 2.03623e-06 0.206505 0.0320639 2.81598e-05 0.133163 0.0016094 4.74084e-07 -2.54135e-06 0.00964943 1.62539e-05 5.31498e-06 3.40756e-06 0.000160599 -0.000659587 7.57402e-08 -0.0881546 -0.19751 3.59781e-06 0 -0.000908286 -3.18348e-06 -0.000886355 0.0297612 7.24134e-05 0.000124756 -0.00100902 0.000434145 -9.44677e-07 -0.000346461 -0.000811444 -0.000462809 -0.0559273 7.09182e-07 -0.143896 0.000787365 0.00295054 4.08994e-05 0.00119424 -0.00369427 -0.00551626 -1.46688e-06 -0.00111359 -4.8394e-07 1.44168e-06 0.0314834 -0.0312805 1.66489e-07 0.0296643 -2.03684e-06 1.76421e-06 0.00730367 -6.26675e-05 -1.69277e-07 0.000241451 -0.0097017 -0.108852 5.92605e-08 8.33777e-05 1.54466e-07 0.00190332 -8.97503e-08 0 -0.000115567 -2.61244e-05 -4.03159e-05 -0.143485 -0.000817292 -0.164697 7.35506e-05 -0.0288344 -0.0315581 0.000670865 1.08513e-06 -2.38942e-08 -5.17562e-07 2.73135e-05 -1.67596e-05 0.188901 0.1717 -7.23225e-05 -0.00150561 0.0532914 -4.38972e-06 -2.12329e-06 -0.00372 1.24544e-06 -0.00039226 -0.00023701 0.0268431 -5.14883e-07 0 7.01392e-06 1.59323e-06 0.092237 5.8219e-05 0.00116555 
4.53595e-06 1.11144e-05 0.00664255 -4.98744e-08 3.18135e-06 0.0320639 0.0979134 -9.83862e-06 0.0241701 0.00444086 1.44771e-06 -3.94595e-07 -0.00708294 4.90043e-05 9.63032e-06 5.42026e-06 -0.0077081 -0.000117142 7.71261e-08 -0.0759375 -0.0344241 1.94826e-05 0 -0.000652298 8.34038e-07 -0.000142166 0.090431 0.000210685 -0.000593603 -0.000216084 0.00132575 -1.84462e-07 -5.42436e-05 -0.000133878 -8.08914e-05 -0.00884484 1.89896e-06 -0.0452118 8.16742e-05 0.000329457 -3.35585e-05 0.00305545 -0.000842924 -0.00123205 -4.51065e-06 -0.000173035 -9.20844e-07 3.78912e-06 0.0949388 -0.0916974 -8.13471e-08 0.0904198 9.26485e-07 1.64736e-06 0.00113795 -6.57196e-06 5.03081e-07 -0.0010913 -0.00274555 -0.0175794 1.80963e-07 1.90579e-05 2.48358e-07 0.00038234 -1.39355e-08 0 -1.89472e-05 -4.10291e-06 -6.45911e-06 -0.0556688 -0.000126994 -0.0285788 0.000228429 -0.0895959 -0.0953685 -0.000428601 -2.51765e-07 2.35156e-07 -5.13047e-07 -1.01277e-05 8.61135e-05 0.0333254 0.044456 -1.05403e-05 -0.000211271 0.0891005 3.41094e-07 -2.04349e-07 -0.000568388 3.80319e-06 -6.1786e-05 -3.6762e-05 -0.0133721 -7.99458e-08 0 -1.51158e-06 4.86524e-06 -0.0337931 1.1123e-05 -0.000412227 
-5.49981e-10 5.10422e-08 3.13926e-06 -4.89192e-11 -7.53931e-10 2.81598e-05 -9.83862e-06 0.000107898 2.33172e-05 -5.03353e-07 -1.75534e-10 -3.87037e-10 2.0674e-07 -6.01814e-09 -1.96792e-09 -1.52333e-09 -2.47598e-07 1.2131e-06 -4.53222e-11 -8.39788e-06 -3.15681e-05 -2.89091e-09 0 -4.75694e-07 -1.01939e-09 9.98102e-07 -9.62578e-06 -2.75473e-08 4.59024e-05 -2.14653e-07 -1.60746e-07 -1.80929e-10 -5.32047e-08 -4.65657e-09 1.33867e-07 -8.63999e-06 -2.62581e-10 -4.30101e-05 -1.08581e-06 -2.40631e-06 1.04175e-08 -1.9319e-07 -8.49476e-07 6.01729e-07 -6.18324e-09 1.96945e-07 -9.03207e-10 -5.33795e-10 -9.65764e-06 -1.84696e-06 -8.6328e-11 -8.95995e-06 -1.77224e-09 -6.53215e-10 -7.03843e-07 -1.10593e-08 -1.21219e-10 -1.05645e-06 -1.54331e-06 -1.72738e-05 -2.19417e-11 -3.18698e-08 -5.71923e-11 3.7881e-07 -1.36686e-11 0 -1.85843e-08 -4.02432e-09 -6.3354e-09 -4.86108e-05 -1.24562e-07 -2.49399e-05 -3.05972e-08 -3.88678e-05 1.01897e-05 -4.41811e-07 -4.10418e-10 -7.01415e-11 -5.0322e-10 -1.01266e-08 4.74149e-07 2.99942e-05 3.97351e-05 -1.11525e-08 -2.71133e-07 2.84383e-06 -8.7515e-10 -5.20846e-10 -3.70959e-07 2.28722e-08 -6.06026e-08 -3.7575e-08 7.28552e-06 -7.84146e-11 0 -2.62041e-09 -5.89908e-10 -3.26627e-05 -2.15561e-08 2.15649e-06 
1.14081e-06 -0.000390928 -0.00430041 -5.18621e-08 1.55718e-06 0.133163 0.0241701 2.33172e-05 0.173732 0.00123711 3.64103e-07 -2.28385e-06 0.00680178 1.13832e-05 4.03531e-06 3.15978e-06 0.00029554 0.000119332 4.73434e-08 -0.0469158 -0.129042 4.23317e-06 0 0.00123937 -3.94552e-06 0.000156234 0.0225981 4.04802e-05 0.00110257 -0.00122685 0.000332016 1.88628e-07 -8.72796e-05 0.000140175 -0.000410233 -0.0539426 5.44662e-07 -0.120917 -9.73283e-05 0.00202517 3.1126e-05 0.000881446 -0.00370382 -0.00115766 -5.98434e-06 -0.00112579 -1.22985e-06 1.10723e-06 0.0235983 -0.022802 1.05734e-07 0.0226705 3.15943e-06 1.35494e-06 0.00672472 -6.60634e-05 -4.41894e-07 0.00211345 -0.0025581 -0.101971 4.55128e-08 6.34563e-05 1.18632e-07 0.00168021 -9.83144e-08 0 -0.000107635 -2.88892e-05 -3.27987e-05 -0.10504 -0.000891003 -0.117919 5.37732e-05 -0.022932 -0.0238266 -0.00141102 3.74647e-07 -6.78415e-08 1.63811e-07 1.6642e-05 -6.59413e-05 0.124267 0.129281 9.19868e-07 -0.00165123 0.0390759 -6.06804e-06 -1.19296e-06 -0.00398592 -2.10151e-07 -6.18743e-05 -0.000264893 -0.000536958 1.39319e-07 0 5.15209e-06 1.16362e-06 0.0509504 -1.6927e-05 0.000884944 
2.11818e-07 -5.51812e-06 0.000321941 -2.5067e-09 7.34701e-07 0.0016094 0.00444086 -5.03353e-07 0.00123711 0.00549891 2.43387e-08 -1.98324e-08 -0.000362117 7.83829e-06 1.10825e-05 -7.80579e-08 -0.00489177 -5.93326e-06 -2.32238e-09 -0.00345743 -0.00172894 7.15198e-07 0 -2.76556e-05 -4.22352e-08 -6.96444e-06 0.00414779 -4.91567e-07 -3.08437e-05 -1.09925e-05 -7.83355e-06 -9.2711e-09 -2.72629e-06 -6.66255e-06 -4.07199e-06 -0.000444769 1.11988e-06 -0.00233286 5.05787e-06 5.83022e-06 -1.68666e-06 2.68302e-05 -4.34719e-05 -5.80987e-05 -3.16839e-07 -8.69679e-06 -4.62818e-08 1.55598e-06 0.00432165 -0.00441685 -4.42359e-09 0.00445996 -9.08125e-08 3.19486e-09 5.7137e-05 5.56635e-07 7.12188e-09 -5.54606e-05 -0.000136776 -0.000884888 -1.12433e-09 6.74027e-06 -2.93063e-09 1.90108e-05 -7.00401e-10 0 -9.52288e-07 -2.06213e-07 -3.24636e-07 -0.00272906 -6.38274e-06 -0.00143584 6.55922e-05 -0.00430753 -0.00446346 -1.35391e-05 1.35636e-07 -3.59416e-09 -2.57858e-08 -5.18905e-07 2.34224e-06 0.00167022 0.00220531 -5.71472e-07 -1.36366e-05 0.00415732 -4.48441e-08 -2.6689e-08 -2.06135e-05 1.00637e-06 -3.10538e-06 -1.9254e-06 -0.000594338 -4.01809e-09 0 -1.34274e-07 -3.02278e-08 -0.00173378 -9.57903e-07 -2.23847e-05 
-8.29058e-12 -1.74296e-09 9.93284e-08 -7.37422e-13 -1.1365e-11 4.74084e-07 1.44771e-06 -1.75534e-10 3.64103e-07 2.43387e-08 1.62666e-06 -5.83431e-12 -1.06926e-07 -9.07192e-11 -2.9665e-11 -2.29631e-11 -1.28605e-06 -1.76212e-09 -6.832e-13 -1.12843e-06 -5.0898e-07 -4.35784e-11 0 -9.68313e-09 -1.53666e-11 -2.13902e-09 1.11051e-06 -4.15255e-10 -9.35995e-09 -3.23574e-09 -2.42313e-09 -2.72738e-12 -8.02023e-10 -1.9796e-09 -1.1979e-09 -1.30995e-07 -3.95822e-12 -6.8759e-07 1.92234e-09 8.84902e-09 -4.96182e-10 -6.68078e-09 -1.28052e-08 -1.83143e-08 -9.3208e-11 -2.55843e-09 -1.36152e-11 -8.04658e-12 1.44677e-06 -1.409e-06 -1.30133e-12 1.14438e-06 -2.67153e-11 -9.84676e-12 1.68253e-08 -1.66712e-10 -1.82729e-12 -1.63272e-08 -4.05998e-08 -2.6039e-07 -3.30756e-13 -4.80414e-10 -8.62133e-13 5.71029e-09 -2.06044e-13 0 -2.80145e-10 -6.06638e-11 -9.55016e-11 -8.24224e-07 -1.87768e-09 -4.22581e-07 -4.6123e-10 -1.14149e-06 -1.44241e-06 -6.65998e-09 -6.18676e-12 -1.05733e-12 -7.58569e-12 -1.52652e-10 -7.91666e-10 4.92741e-07 6.57365e-07 -1.68116e-10 -4.08714e-09 1.32921e-06 -1.31923e-11 -7.85138e-12 -8.6068e-09 -6.95129e-12 -9.13541e-10 -5.66416e-10 -2.13318e-07 -1.18204e-12 0 -3.95009e-11 -8.89244e-12 -5.22666e-07 -3.24943e-10 -6.58515e-09 
-1.828e-11 -3.84308e-09 -2.91432e-06 -1.62596e-12 -2.50588e-11 -2.54135e-06 -3.94595e-07 -3.87037e-10 -2.28385e-06 -1.98324e-08 -5.83431e-12 3.58665e-06 1.80904e-07 -2.00028e-10 -6.54088e-11 -5.06318e-11 -3.6385e-07 4.96115e-07 -1.5064e-12 1.09857e-06 2.46441e-06 -9.60868e-11 0 -2.13505e-08 -3.3882e-11 4.95284e-07 -3.66359e-07 -9.15604e-10 4.79362e-07 -7.13454e-09 -5.34281e-09 -6.01364e-12 1.04898e-07 4.95635e-07 -2.64127e-09 2.26783e-06 -8.72756e-12 2.53921e-07 -4.95761e-07 -3.03382e-06 -1.09404e-09 -1.47306e-08 3.88432e-07 5.36285e-07 -2.05516e-10 -5.64112e-09 -3.00204e-11 -1.7742e-11 -3.96667e-07 -2.46673e-06 -2.86933e-12 -3.65168e-07 -5.8905e-11 -2.17113e-11 -3.09623e-06 -3.67586e-10 -4.02902e-12 -3.60001e-08 3.04381e-06 2.03253e-06 -7.29289e-13 -1.05927e-09 -1.90093e-12 -9.04076e-07 -4.54311e-13 0 8.89382e-07 -1.33759e-10 -2.10573e-10 1.76932e-06 -4.14013e-09 2.20158e-06 -1.01698e-09 -1.28441e-07 -3.04013e-08 -1.46847e-08 -1.36413e-11 -2.33133e-12 -1.67258e-11 -3.36585e-10 -1.74556e-09 -2.50021e-06 -2.13723e-06 -3.70682e-10 9.60988e-07 -6.55872e-07 -2.90879e-11 -1.73116e-11 -1.89773e-08 -1.5327e-11 3.13132e-06 -1.2489e-09 -4.7035e-07 -2.60631e-12 0 -8.70962e-11 -1.96071e-11 -1.15244e-06 -7.16473e-10 -1.45197e-08 
-3.3502e-07 -6.9839e-05 0.00389335 4.23534e-07 1.50745e-07 0.00964943 -0.00708294 2.0674e-07 0.00680178 -0.000362117 -1.06926e-07 1.80904e-07 0.0614123 -3.66594e-06 -7.92086e-07 -9.27932e-07 -0.00366753 -6.50567e-05 -2.76079e-08 0.0025505 -0.0101813 1.10234e-06 0 -0.000373159 -6.20959e-07 -8.10971e-05 -0.00669259 -1.33103e-05 -0.000349956 0.00104414 -9.7918e-05 -1.10213e-07 5.48372e-05 -7.43852e-05 -4.32667e-05 -0.00313422 -6.99506e-08 -0.00506292 5.9811e-05 0.000245126 -1.86372e-05 -0.000265012 0.00347662 -0.000647986 -5.86507e-07 -7.61986e-05 -3.70186e-07 -3.2516e-07 -0.00442166 0.00403438 1.40802e-08 -0.00660679 -1.00956e-06 -3.97904e-07 -0.000111626 -6.57343e-06 -7.38402e-08 -0.000567761 -0.0016139 -0.000931204 -1.33657e-08 -8.37006e-06 -3.48385e-08 -0.0031059 -8.32619e-09 0 -1.13206e-05 3.37019e-05 -3.69919e-06 -0.021185 -3.80564e-05 -0.0161949 -1.26715e-05 0.00676703 0.00396114 -0.000265384 -2.43338e-07 -4.27265e-08 -2.59869e-07 -3.30861e-06 0.000282702 0.00944796 0.0144837 -6.79352e-06 3.19934e-05 -0.0106231 1.71357e-06 8.69395e-07 -0.000257998 -2.80899e-07 -2.32693e-05 0.000287608 -0.00376035 -4.77661e-08 0 1.66704e-05 -3.59341e-07 -0.0201722 -1.18075e-05 -0.000225534 
-2.84241e-10 -5.9757e-08 2.83212e-06 -2.52824e-11 -3.89646e-10 1.62539e-05 4.90043e-05 -6.01814e-09 1.13832e-05 7.83829e-06 -9.07192e-11 -2.00028e-10 -3.66594e-06 5.57669e-05 -1.01706e-09 -7.87286e-10 -3.03321e-05 -6.0414e-08 -2.34234e-11 -3.78247e-05 -1.74503e-05 -1.49408e-09 0 -3.31985e-07 -5.26841e-10 -7.33359e-08 1.64867e-05 -1.4237e-08 -3.20904e-07 -1.10937e-07 3.00257e-07 -9.35077e-11 -2.74972e-08 -6.78704e-08 -4.10698e-08 -4.49116e-06 9.98643e-08 -2.17539e-05 -1.04093e-07 -3.4328e-07 -1.70115e-08 1.0381e-05 -4.39026e-07 -6.27904e-07 -3.19562e-09 -8.77152e-08 -4.66795e-10 -2.75876e-10 4.78055e-05 -4.73073e-05 -4.4616e-11 3.58019e-05 -9.15929e-10 -3.37594e-10 5.76852e-07 -5.71568e-09 -6.26483e-11 -5.59775e-07 -1.39196e-06 -8.92744e-06 -1.13399e-11 -1.64709e-08 -2.95581e-11 1.95776e-07 -7.0642e-12 0 -9.60471e-09 -2.07985e-09 -3.27426e-09 -2.82584e-05 -6.43759e-08 -1.44881e-05 3.87419e-06 -4.91659e-05 -4.91362e-05 -2.28336e-07 -2.12112e-10 -3.62505e-11 -2.60074e-10 -5.23364e-09 6.46191e-07 1.68935e-05 2.18443e-05 -5.76383e-09 -1.40127e-07 4.44884e-05 -4.52295e-10 -2.69183e-10 -2.95083e-07 -2.38324e-10 -3.13206e-08 -1.94195e-08 -7.31359e-06 -4.05262e-11 0 -1.35428e-09 -3.04876e-10 -1.71595e-05 5.52193e-07 -2.25771e-07 
-9.29462e-11 -1.95404e-08 1.11358e-06 -8.26729e-12 -1.27414e-10 5.31498e-06 9.63032e-06 -1.96792e-09 4.03531e-06 1.10825e-05 -2.9665e-11 -6.54088e-11 -7.92086e-07 -1.01706e-09 1.82363e-05 -2.57441e-10 -9.93145e-06 -1.97552e-08 -7.6594e-12 -1.26442e-05 -5.70621e-06 -4.8856e-10 0 -1.08558e-07 -1.72276e-10 -2.39807e-08 4.73055e-06 3.20112e-08 -1.04935e-07 -3.62761e-08 -2.71659e-08 -3.05768e-11 -8.99153e-09 -2.21935e-08 -1.34297e-08 -1.4686e-06 -4.43759e-11 -7.63861e-06 2.15514e-08 6.25403e-08 -5.56273e-09 8.51768e-07 -1.4356e-07 -2.05323e-07 -1.04496e-09 -2.86827e-08 -1.52641e-10 -9.02107e-11 6.68645e-06 -1.57964e-05 -1.45893e-11 3.77661e-06 -2.99507e-10 -1.10393e-10 1.88629e-07 -1.86902e-09 -2.04859e-11 -1.83045e-07 -4.55167e-07 -2.91925e-06 -3.70812e-12 -5.38596e-09 -9.66543e-12 6.40184e-08 -2.30998e-12 0 -3.14072e-09 -6.80106e-10 -1.07067e-09 -9.19377e-06 -2.10508e-08 -4.69092e-06 -5.17089e-09 -9.31745e-06 -1.1001e-05 1.192e-06 -6.93601e-11 -1.18538e-11 -8.50437e-11 -1.71139e-09 -8.87542e-09 5.52415e-06 7.3231e-06 -1.88476e-09 -4.58211e-08 1.47652e-05 -1.47899e-10 -8.80223e-11 -9.64914e-08 -7.79314e-11 -1.02418e-08 -6.35013e-09 4.02847e-06 -1.3252e-11 0 -4.42847e-10 -9.96938e-11 -5.85965e-06 -3.64296e-09 -7.38266e-08 
-7.19479e-11 1.77821e-06 -1.908e-06 -6.39956e-12 -9.86284e-11 3.40756e-06 5.42026e-06 -1.52333e-09 3.15978e-06 -7.80579e-08 -2.29631e-11 -5.06318e-11 -9.27932e-07 -7.87286e-10 -2.57441e-10 1.41165e-05 -8.95453e-07 -1.52922e-08 -5.929e-12 -7.34283e-06 -3.62374e-06 -3.78186e-10 0 -8.40329e-08 -1.33355e-10 -1.8563e-08 1.81472e-06 -3.6037e-09 7.87718e-08 -2.80806e-08 -4.36194e-09 -2.36689e-11 -6.96018e-09 -1.71796e-08 -1.03957e-08 -1.13681e-06 -3.43506e-11 -5.8371e-06 -5.33174e-08 7.67942e-08 -4.30601e-09 2.47869e-06 -1.11127e-07 -1.58937e-07 -8.08885e-10 -2.22027e-08 -1.18157e-10 -6.98304e-11 2.98543e-06 -6.83101e-06 -1.12933e-11 4.22743e-07 -2.31843e-10 -8.54529e-11 1.46014e-07 -1.44677e-09 -1.58577e-11 1.53497e-06 -9.2336e-08 -2.25974e-06 -2.87039e-12 4.91642e-08 -7.48183e-12 4.95555e-08 -1.78811e-12 0 -2.43117e-09 -5.26458e-10 -8.2879e-10 -4.22951e-06 -1.6295e-08 -3.23394e-06 -4.00269e-09 -5.05759e-06 -6.61099e-06 -5.77972e-08 -5.36904e-11 -9.17583e-12 -6.58307e-11 -1.32476e-09 -6.8703e-09 1.87281e-06 5.0548e-06 -1.45896e-09 -3.54693e-08 5.86524e-06 -1.14486e-10 -6.81364e-11 -7.46922e-08 -6.03252e-11 -7.92797e-09 -4.91552e-09 -8.17904e-07 -1.02581e-11 0 -3.428e-10 -7.71711e-11 1.08416e-06 1.50513e-07 9.61855e-08 
-4.59161e-06 6.01529e-06 -0.000888855 -4.46658e-07 -3.24378e-06 0.000160599 -0.0077081 -2.47598e-07 0.00029554 -0.00489177 -1.28605e-06 -3.6385e-07 -0.00366753 -3.03321e-05 -9.93145e-06 -8.95453e-07 0.014509 1.54388e-05 -1.17148e-07 0.00539078 4.51147e-05 -1.71622e-05 0 2.92194e-05 -1.34089e-06 1.66974e-05 -0.00696461 -6.19708e-05 8.12536e-05 -0.00107729 -8.65272e-05 2.46904e-08 -6.46061e-05 1.74409e-05 1.0641e-05 -0.00077444 -1.90417e-06 0.000164096 -1.09925e-05 -1.78494e-06 3.30516e-06 -0.000661647 -0.00329036 0.000163866 7.33792e-07 5.64423e-06 1.99222e-08 -4.37382e-06 -0.00911451 0.00840693 -6.15526e-08 -0.00774374 1.38514e-07 -1.22086e-06 0.000459861 -4.67462e-07 -4.16791e-07 0.00012147 0.000366464 -0.00274094 -8.03391e-08 -4.23091e-06 -8.86196e-09 0.0024779 1.86528e-09 0 2.53609e-06 -3.38708e-05 8.64556e-07 0.00270921 -1.85018e-05 0.00306973 -0.000260315 0.00513447 0.00946566 5.2428e-05 -1.00659e-07 9.57181e-09 6.86716e-08 1.38192e-06 -0.00036327 -0.00019062 -0.00137785 1.34525e-06 -0.000101207 -0.00677556 -3.36057e-06 -1.29226e-06 -0.000120708 -1.57707e-06 2.2201e-06 -0.000316179 0.00158232 1.07008e-08 0 4.2598e-09 -3.52617e-06 0.00459177 -3.98169e-06 4.20773e-05 
-5.52107e-09 5.31262e-06 -0.000966443 -4.91082e-10 -7.56845e-09 -0.000659587 -0.000117142 1.2131e-06 0.000119332 -5.93326e-06 -1.76212e-09 4.96115e-07 -6.50567e-05 -6.0414e-08 -1.97552e-08 -1.52922e-08 1.54388e-05 0.0010821 -4.54973e-10 0.000323858 0.000635667 1.96765e-06 0 -5.6451e-06 7.19767e-07 0.000950089 -0.00011034 -2.76537e-07 0.000985633 -2.15482e-06 -1.61367e-06 -1.81628e-09 0.000254806 0.000942202 2.2356e-06 0.000206798 -2.63596e-09 -0.0004567 -0.000904416 -0.000769604 3.8429e-06 2.4643e-06 -7.87758e-06 0.00095213 -6.20714e-08 -6.97104e-07 -9.06697e-09 -5.35858e-09 -0.000119121 -0.000524268 -8.66616e-10 -0.000109354 3.52554e-06 -6.55739e-09 -0.000929975 1.27898e-06 -1.21687e-09 -1.08463e-05 0.000971906 -0.000173406 -2.20265e-10 -3.19929e-07 -5.74133e-10 -3.41006e-05 -1.37214e-10 0 -9.98941e-08 -4.03987e-08 -6.35988e-08 0.000454682 -9.47096e-07 0.000598978 -3.07154e-07 -0.000893919 -0.000121444 -4.43518e-06 -4.12004e-09 -7.04126e-10 -5.05165e-09 -1.01658e-07 -5.27206e-07 -0.000647635 -0.000566164 3.11471e-06 -2.72181e-06 -0.000189008 -8.78532e-09 -5.22858e-09 -2.40165e-06 -4.62917e-09 0.000329592 -3.77202e-07 -0.000139902 7.25879e-07 0 -2.63054e-08 -5.92188e-09 -0.000318347 7.20273e-07 1.27547e-05 
-2.1406e-12 -4.50026e-10 -1.14354e-07 -1.904e-13 -2.9344e-12 7.57402e-08 7.71261e-08 -4.53222e-11 4.73434e-08 -2.32238e-09 -6.832e-13 -1.5064e-12 -2.76079e-08 -2.34234e-11 -7.6594e-12 -5.929e-12 -1.17148e-07 -4.54973e-10 4.2e-07 -1.51357e-07 8.58302e-09 -1.12518e-11 0 -2.50015e-09 -3.9676e-12 -5.52287e-10 8.04325e-08 -1.07218e-10 -2.41671e-09 -8.35457e-10 -6.25645e-10 -7.042e-13 -2.0708e-10 -5.11127e-10 -3.09294e-10 -3.38226e-08 -1.022e-12 -9.42001e-08 4.96341e-10 2.28479e-09 -1.28113e-10 8.16084e-08 -3.30627e-09 4.1938e-08 -2.4066e-11 4.60061e-08 -3.5154e-12 -2.0776e-12 7.68834e-08 -3.63799e-07 -3.36e-13 8.0572e-08 -6.8978e-12 -2.5424e-12 -4.23224e-08 -4.30444e-11 -4.718e-13 -4.21563e-09 8.28506e-08 -2.05653e-08 -8.54e-14 -1.24041e-10 -2.226e-13 1.47438e-09 -5.32e-14 0 -7.23324e-11 -1.56632e-11 -2.46582e-11 1.05213e-08 -4.8481e-10 -1.09109e-07 -1.19088e-10 -7.98237e-08 -7.57595e-08 -1.71958e-09 -1.5974e-12 -2.73e-13 -1.9586e-12 -3.94142e-11 -2.04406e-10 8.05575e-08 -5.36037e-08 -4.3407e-11 4.56114e-08 1.19864e-07 -3.4062e-12 -2.0272e-12 4.44444e-08 -1.7948e-12 -2.35873e-10 -1.46247e-10 1.82552e-08 -3.052e-13 0 -1.0199e-11 -2.296e-12 -1.34951e-07 -8.38992e-11 -1.70026e-09 
-3.53559e-06 5.09669e-05 -0.00293061 -1.61147e-07 -4.81003e-06 -0.0881546 -0.0759375 -8.39788e-06 -0.0469158 -0.00345743 -1.12843e-06 1.09857e-06 0.0025505 -3.78247e-05 -1.26442e-05 -7.34283e-06 0.00539078 0.000323858 -1.51357e-07 0.212478 0.0952331 -1.42244e-05 0 -0.00060084 1.02012e-06 0.000396077 -0.0708229 -0.000171893 0.00154008 0.00049126 -0.00103335 5.13552e-07 0.000148247 0.000369723 0.000209249 0.0244888 -1.68469e-06 0.0321727 -0.000313213 -0.0011439 7.2432e-05 -0.00282734 0.00176339 0.00255089 -1.89994e-05 0.000474803 9.0342e-08 -2.41154e-06 -0.0756511 0.0832345 -4.88299e-07 -0.0705973 -4.40298e-06 -1.29924e-06 -0.00313967 2.5261e-05 -2.69264e-07 -0.00281483 0.00707501 0.0459012 -1.41054e-07 -0.000114177 -3.67665e-07 -0.000561289 3.87972e-08 0 5.05298e-05 9.87603e-06 1.75825e-05 0.0820182 0.000328134 0.0678704 -0.000182513 0.0689951 0.0757844 -0.00151124 -2.61506e-06 -2.37576e-07 1.85015e-07 -6.24164e-05 -0.00017899 -0.0910912 -0.0755705 3.07488e-05 0.000480128 -0.112018 1.16737e-06 4.45043e-07 0.00153533 -2.96444e-06 0.000171295 0.000103997 -0.0774185 2.22573e-07 0 -1.44022e-05 -3.79226e-06 -0.00809274 -0.000131152 -0.000751275 
-1.59473e-06 0.000371693 -0.00575564 1.14864e-08 -2.18611e-06 -0.19751 -0.0344241 -3.15681e-05 -0.129042 -0.00172894 -5.0898e-07 2.46441e-06 -0.0101813 -1.74503e-05 -5.70621e-06 -3.62374e-06 4.51147e-05 0.000635667 8.58302e-09 0.0952331 0.214993 -4.17253e-06 0 0.000810503 3.50749e-06 0.000880042 -0.0319552 -7.78898e-05 -0.000360954 0.000943596 -0.000466102 5.42042e-07 0.000335334 0.000804056 0.000456335 0.0544877 -7.61384e-07 0.143205 -0.000763472 -0.00324385 2.17069e-05 -0.00128301 0.00365078 0.00570488 6.34302e-07 0.00108036 1.94381e-07 -1.5478e-06 -0.0338329 0.0332742 -1.83651e-07 -0.0318485 1.07845e-07 -1.80074e-06 -0.00710058 6.04688e-05 1.45178e-07 0.000146517 0.0138171 0.104702 -6.36225e-08 -9.01368e-05 -1.65836e-07 -0.0018791 8.7033e-08 0 0.000110029 2.53243e-05 3.96264e-05 0.151793 0.000787763 0.160406 -7.84934e-05 0.0309959 0.0338459 -0.000947824 -1.16672e-06 9.94991e-09 4.17521e-07 -2.93267e-05 7.66234e-06 -0.19694 -0.181727 7.01054e-05 0.00144815 -0.0571288 4.21573e-06 2.03975e-06 0.00359996 -1.33712e-06 0.000381529 0.000236154 -0.0309254 4.99294e-07 0 -7.30486e-06 -1.71051e-06 -0.0986937 -6.25044e-05 -0.0012607 
-1.3654e-10 5.34628e-07 -1.21413e-06 -1.21448e-11 -1.87173e-10 3.59781e-06 1.94826e-05 -2.89091e-09 4.23317e-06 7.15198e-07 -4.35784e-11 -9.60868e-11 1.10234e-06 -1.49408e-09 -4.8856e-10 -3.78186e-10 -1.71622e-05 1.96765e-06 -1.12518e-11 -1.42244e-05 -4.17253e-06 2.67893e-05 0 3.63859e-07 -2.53076e-10 1.96144e-06 1.43169e-05 3.70316e-06 1.93918e-06 -5.32902e-08 -3.99072e-08 -4.49179e-11 3.40012e-06 1.96406e-06 -1.97285e-08 -1.84406e-06 -6.5189e-11 -9.94743e-06 -2.63834e-06 -1.67109e-05 3.18282e-08 7.54997e-06 1.16577e-06 2.49171e-06 -1.53507e-09 9.34531e-07 -2.24232e-10 7.79867e-07 2.04405e-05 -2.11785e-05 -2.1432e-11 1.84824e-05 -4.39981e-10 -1.62169e-10 -3.9329e-06 -2.74562e-09 -3.00941e-11 -2.68897e-07 1.64135e-06 -2.91177e-06 -5.4473e-12 -7.91207e-09 -1.41987e-11 -3.12596e-06 -3.3934e-12 0 -4.61377e-09 -9.99088e-10 -1.57284e-09 -9.36437e-06 -3.0924e-08 -6.2896e-06 2.49071e-07 -2.23247e-05 -2.29055e-05 -1.09685e-07 -1.01891e-10 -1.74135e-11 -1.24931e-10 -2.51406e-09 -1.30382e-08 5.35175e-06 6.61632e-06 -2.76875e-09 -6.73121e-08 1.75311e-05 -2.17267e-10 -1.29306e-10 7.94919e-07 -1.14483e-10 2.40162e-06 -9.32846e-09 -3.5132e-06 -1.94674e-11 0 -6.50551e-10 -1.46452e-10 -8.60793e-06 -5.35157e-09 1.84881e-07 
0 0 0 0 0 0 0 0 0 0 0 0 0 0 0 0 0 0 0 0 0 0 0 0 0 0 0 0 0 0 0 0 0 0 0 0 0 0 0 0 0 0 0 0 0 0 0 0 0 0 0 0 0 0 0 0 0 0 0 0 0 0 0 0 0 0 0 0 0 0 0 0 0 0 0 0 0 0 0 0 0 0 0 0 0 0 0 0 0 0 0 0 0 0 0 0 0 0 0 0 
-3.03392e-08 3.66917e-05 -0.000877957 -2.69858e-09 -4.15899e-08 -0.000908286 -0.000652298 -4.75694e-07 0.00123937 -2.76556e-05 -9.68313e-09 -2.13505e-08 -0.000373159 -3.31985e-07 -1.08558e-07 -8.40329e-08 2.92194e-05 -5.6451e-06 -2.50015e-09 -0.00060084 0.000810503 3.63859e-07 0 0.00591731 1.63766e-07 0.000106142 -0.000606785 -1.00295e-06 -3.54917e-06 -8.70777e-06 -8.86739e-06 -9.98077e-09 -2.87498e-06 7.00235e-06 -3.07015e-07 -0.000325544 -1.4485e-08 0.000558156 -1.16186e-05 -2.11139e-05 1.27842e-05 -1.87848e-05 -3.62205e-05 0.000298759 -3.77591e-08 5.83742e-05 -4.98245e-08 -2.94463e-08 -0.000646357 0.000668189 -4.7622e-09 -0.000595192 5.02236e-07 -3.6034e-08 -3.9145e-05 1.89992e-06 -6.68692e-09 0.000272418 -5.67238e-05 -0.000908316 -1.21039e-09 -1.75806e-06 -3.15496e-09 1.15e-05 -7.54015e-10 0 4.79148e-06 -1.65331e-07 -1.69486e-07 0.00274286 -6.87132e-06 -0.0012111 8.45214e-06 0.000480405 0.00053467 -2.37654e-05 -2.26403e-08 -3.86929e-09 4.95574e-07 -5.58626e-07 4.63292e-06 0.000859871 -0.00328737 5.14503e-08 -7.20677e-06 -0.00106778 -4.82768e-08 -2.87319e-08 -2.1903e-05 -2.54381e-08 6.51358e-06 -4.19453e-07 -0.000705947 -4.32566e-09 0 -1.44553e-07 -3.25417e-08 -0.00163183 9.00879e-07 3.24051e-05 
-4.81465e-11 1.73211e-07 -6.4565e-06 -4.28249e-12 -6.60007e-11 -3.18348e-06 8.34038e-07 -1.01939e-09 -3.94552e-06 -4.22352e-08 -1.53666e-11 -3.3882e-11 -6.20959e-07 -5.26841e-10 -1.72276e-10 -1.33355e-10 -1.34089e-06 7.19767e-07 -3.9676e-12 1.02012e-06 3.50749e-06 -2.53076e-10 0 1.63766e-07 9.44658e-06 -1.24221e-08 9.08406e-07 -2.41155e-09 -5.43567e-08 -1.87912e-08 -1.4072e-08 -1.58389e-11 -4.65765e-09 -1.14963e-08 -6.95665e-09 5.20593e-06 -2.29869e-11 -3.93643e-06 1.11637e-08 -3.04194e-06 7.27118e-07 -3.87978e-08 -7.43649e-08 4.70308e-07 1.19459e-07 1.34514e-06 -7.90686e-11 -4.67295e-11 8.28579e-07 -7.29251e-07 -7.55733e-12 5.98209e-07 -1.55146e-10 -5.71838e-11 -3.22562e-06 -9.68157e-10 -1.06118e-11 -9.48182e-08 5.67089e-06 -9.42185e-07 -1.92082e-12 -2.78995e-09 -5.00673e-12 3.31618e-08 -1.19658e-12 0 1.21706e-07 -3.52298e-10 5.99445e-07 2.44675e-06 -1.09044e-08 3.70258e-06 -2.67854e-09 -2.50138e-06 -8.033e-07 -3.8677e-08 -3.59288e-11 -6.14033e-12 -4.4053e-11 -8.86507e-10 -4.5975e-09 -3.08847e-06 -3.41576e-06 -9.76313e-10 -2.37355e-08 1.4588e-07 -7.66125e-11 -4.55959e-11 2.99335e-06 -4.03688e-11 -5.30528e-09 -3.28939e-09 -1.23882e-06 -6.86458e-12 0 -2.29397e-10 -5.16418e-11 -2.80865e-06 -1.88707e-09 -3.82425e-08 
-6.70196e-09 3.03077e-05 -0.00117193 -5.9612e-10 -9.18726e-09 -0.000886355 -0.000142166 9.98102e-07 0.000156234 -6.96444e-06 -2.13902e-09 4.95284e-07 -8.10971e-05 -7.33359e-08 -2.39807e-08 -1.8563e-08 1.66974e-05 0.000950089 -5.52287e-10 0.000396077 0.000880042 1.96144e-06 0 0.000106142 -1.24221e-08 0.00131324 -0.000130321 -3.35686e-07 0.00114721 -2.61572e-06 -1.95882e-06 5.27795e-07 0.000259998 0.00106714 1.64716e-05 0.000243649 -3.19976e-09 -0.000554956 -0.00104784 -0.000933817 -4.01105e-07 -5.40063e-06 -9.71154e-06 0.00125759 -7.53478e-08 5.88218e-05 -1.10063e-08 -6.50472e-09 -0.000142926 -0.000627201 -1.05198e-09 -0.000131804 3.58174e-06 -7.95995e-09 -0.00117011 3.76857e-06 -1.47715e-09 -1.31853e-05 0.00115925 -0.000207005 -2.67377e-10 -3.88359e-07 -6.96934e-10 -3.34272e-05 -1.66563e-10 0 2.1302e-06 -4.90396e-08 2.39465e-07 0.000627671 -8.6455e-07 0.000729999 -3.72851e-07 -0.00109963 -9.07554e-05 -4.83715e-06 -5.00127e-09 -8.5473e-10 5.34523e-10 -1.23401e-07 -3.33303e-07 -0.00077423 -0.000761667 6.61374e-05 9.76028e-07 -0.000237957 -1.06644e-08 -6.34692e-09 2.89241e-06 -5.61931e-09 0.000366178 -4.57881e-07 -0.000172 7.25711e-07 0 -3.19319e-08 -7.1885e-09 -0.000421078 -2.62678e-07 -3.76661e-07 
4.49274e-06 -0.000100434 0.00622862 -4.63056e-08 4.63015e-07 0.0297612 0.090431 -9.62578e-06 0.0225981 0.00414779 1.11051e-06 -3.66359e-07 -0.00669259 1.64867e-05 4.73055e-06 1.81472e-06 -0.00696461 -0.00011034 8.04325e-08 -0.0708229 -0.0319552 1.43169e-05 0 -0.000606785 9.08406e-07 -0.000130321 0.0917112 2.88448e-06 -0.000582711 -0.000202678 0.00132165 -1.71263e-07 -5.03621e-05 -0.000124174 -7.47841e-05 -0.00821635 1.81811e-06 -0.0423684 7.39676e-05 0.000315191 -3.08472e-05 0.000342968 -0.000782455 -0.00107547 -5.70956e-06 -0.00016016 -8.14952e-07 2.97806e-06 0.0900729 -0.0867789 -8.17158e-08 0.086832 6.95776e-07 -3.78316e-07 0.00105462 -8.02514e-06 1.92404e-09 -0.00100992 -0.00254404 -0.0163311 1.82564e-07 -1.68104e-05 -3.74701e-08 0.000357178 -1.29383e-08 0 -1.75914e-05 -3.80932e-06 -5.80692e-06 -0.0516065 -0.000117907 -0.0265118 8.24175e-05 -0.0868065 -0.0900899 -0.000397186 -2.21824e-07 2.40273e-07 -4.76335e-07 -9.58561e-06 -5.43515e-06 0.0309095 0.0411744 -9.22333e-06 -0.000206854 0.0828008 -5.41727e-07 -1.66352e-07 -0.000536495 2.8435e-06 -5.73648e-05 -3.40208e-05 -0.0132092 -7.42252e-08 0 -2.06375e-06 4.79494e-06 -0.0324827 -1.13844e-05 -0.000396011 
-1.30108e-09 -2.66863e-07 1.16147e-05 -1.15727e-10 2.74883e-07 7.24134e-05 0.000210685 -2.75473e-08 4.04802e-05 -4.91567e-07 -4.15255e-10 -9.15604e-10 -1.33103e-05 -1.4237e-08 3.20112e-08 -3.6037e-09 -6.19708e-05 -2.76537e-07 -1.07218e-10 -0.000171893 -7.78898e-05 3.70316e-06 0 -1.00295e-06 -2.41155e-09 -3.35686e-07 2.88448e-06 0.000255215 -1.0989e-06 -1.81132e-07 2.41639e-06 -4.28019e-10 -1.25865e-07 -3.10668e-07 -1.87992e-07 -1.9181e-05 -6.21181e-10 -9.69898e-05 -1.3205e-05 -4.03346e-05 -7.78681e-08 0.000204712 -5.52917e-07 -2.82415e-06 -1.46275e-08 -4.01505e-07 -2.13669e-09 2.18737e-07 0.000196807 -0.00020431 -2.04224e-10 0.000106276 -4.19255e-09 -1.54529e-09 2.64046e-06 -2.61628e-08 -2.86765e-10 -2.5623e-06 -6.3715e-06 -3.89609e-05 -5.19069e-11 -7.53935e-08 -1.35298e-10 -6.27192e-07 -3.23355e-11 0 -4.39643e-08 -9.52024e-09 -1.49875e-08 -0.000125879 -2.94672e-07 -6.57509e-05 -7.23829e-08 -0.000209071 -0.000209211 -1.04518e-06 -9.70915e-10 -1.65932e-10 -1.19046e-09 -2.39563e-08 -1.2424e-07 7.5638e-05 9.95766e-05 -2.63832e-08 -6.41412e-07 0.000190705 -2.07032e-09 -1.23215e-09 -1.19404e-06 2.05224e-06 -1.43366e-07 -8.88902e-08 -2.87903e-05 -1.85503e-10 0 -6.19905e-09 -1.39553e-09 -8.0631e-05 1.51567e-06 -8.73437e-07 
-2.93266e-08 4.85712e-05 -0.00107485 -2.60851e-09 -4.02017e-08 0.000124756 -0.000593603 4.59024e-05 0.00110257 -3.08437e-05 -9.35995e-09 4.79362e-07 -0.000349956 -3.20904e-07 -1.04935e-07 7.87718e-08 8.12536e-05 0.000985633 -2.41671e-09 0.00154008 -0.000360954 1.93918e-06 0 -3.54917e-06 -5.43567e-08 0.00114721 -0.000582711 -1.0989e-06 0.00572096 -1.12126e-05 -8.57143e-06 5.20352e-07 0.000258226 0.00110672 1.31893e-05 -5.76514e-05 -1.40016e-08 -0.00225151 -0.00108675 -0.000921478 -1.7385e-06 -2.20388e-05 -3.28631e-05 0.00124944 -3.29708e-07 5.73665e-06 5.18385e-08 4.15366e-08 -0.000626024 -0.000171157 -4.60325e-09 -0.000577227 4.77883e-06 -3.48313e-08 -0.00112495 1.52028e-06 -6.46373e-09 -4.81881e-05 0.00106203 -0.000917338 -1.16999e-09 -6.66054e-07 -3.04966e-09 -1.73308e-05 -7.28848e-10 0 -9.90965e-07 -2.14588e-07 3.21551e-06 -0.00127338 1.37802e-06 -0.000262112 -1.44486e-06 -0.00133361 0.000342632 -2.34786e-05 -2.18846e-08 -3.74014e-09 -2.68331e-08 -5.39981e-07 -2.24372e-06 4.56809e-05 0.000913476 9.09853e-05 -1.44576e-05 -0.000930394 -4.66655e-08 -2.7773e-08 -1.07052e-05 -2.4589e-08 0.000353915 -2.0036e-06 -0.000734963 7.22485e-07 0 -1.39728e-07 -3.14556e-08 -0.00086864 -1.14943e-06 8.21828e-05 
-1.01382e-08 -1.89139e-06 -0.000129872 1.52432e-07 1.99436e-07 -0.00100902 -0.000216084 -2.14653e-07 -0.00122685 -1.09925e-05 -3.23574e-09 -7.13454e-09 0.00104414 -1.10937e-07 -3.62761e-08 -2.80806e-08 -0.00107729 -2.15482e-06 -8.35457e-10 0.00049126 0.000943596 -5.32902e-08 0 -8.70777e-06 -1.87912e-08 -2.61572e-06 -0.000202678 -1.81132e-07 -1.12126e-05 0.00198523 -2.96315e-06 -3.3352e-09 1.01926e-05 -2.42078e-06 7.83847e-06 7.27545e-05 -4.84035e-09 0.000795732 -3.90592e-06 -3.91656e-05 -1.70094e-07 -8.16965e-06 0.000630888 -1.84892e-05 9.35313e-09 1.29847e-05 8.66839e-08 -9.83983e-09 0.000547406 -0.000335909 -1.59135e-09 -0.000202284 -3.2669e-08 -1.20412e-08 -0.000908748 -2.03865e-07 -2.23452e-09 -1.63859e-05 -3.29278e-05 0.00137448 -4.04467e-10 -5.87479e-07 -1.05427e-09 -0.000630984 -2.51963e-10 0 2.42742e-06 1.33858e-05 -5.01183e-08 0.000666694 -7.56134e-07 0.00039801 1.82598e-06 0.000199298 -0.000664837 -3.77088e-06 -7.56553e-09 1.18707e-07 -9.27622e-09 -1.86672e-07 0.000111672 -0.00102462 -0.000860508 -2.05582e-07 4.11868e-06 -0.000340673 2.16387e-06 3.90399e-07 2.62451e-05 -8.50044e-09 2.23953e-06 0.000197914 8.07283e-05 -1.44547e-09 0 -4.8304e-08 -1.08742e-08 -0.000617024 -3.97359e-07 -7.63938e-06 
-7.59215e-09 -1.22946e-06 9.09606e-05 -6.75299e-10 -1.04075e-08 0.000434145 0.00132575 -1.60746e-07 0.000332016 -7.83355e-06 -2.42313e-09 -5.34281e-09 -9.7918e-05 3.00257e-07 -2.71659e-08 -4.36194e-09 -8.65272e-05 -1.61367e-06 -6.25645e-10 -0.00103335 -0.000466102 -3.99072e-08 0 -8.86739e-06 -1.4072e-08 -1.95882e-06 0.00132165 2.41639e-06 -8.57143e-06 -2.96315e-06 0.00148741 -2.49761e-09 -7.34457e-07 -1.81284e-06 -1.09698e-06 -0.00011996 -3.62477e-09 -0.000629444 -2.00961e-06 -1.36931e-05 -4.54382e-07 -2.45797e-06 -1.17265e-05 -1.65615e-05 -8.53558e-08 -2.3429e-06 -1.24682e-08 -7.3687e-09 0.0012899 -0.00128993 -1.1917e-09 1.04267e-05 3.82202e-07 -9.01723e-09 1.54078e-05 -1.52667e-07 -1.67335e-09 -1.49517e-05 -3.71795e-05 -0.000238454 -3.02891e-10 1.96724e-07 -7.89504e-10 5.22923e-06 -1.88686e-10 0 -2.56544e-07 -5.55533e-08 -8.74562e-08 -0.000754565 -1.71949e-06 -0.000386981 -4.22375e-07 -0.00132496 -0.00132078 -6.09892e-06 -5.66556e-09 2.56984e-08 -6.94664e-09 -1.39792e-07 6.51694e-07 0.000451231 0.000601986 -1.53953e-07 -3.68949e-06 0.00121723 -1.20809e-08 2.28101e-08 -7.88173e-06 -6.36569e-09 -8.36581e-07 -4.88699e-07 -0.000194764 -1.08246e-09 0 -3.61732e-08 -8.14331e-09 -0.000477005 -2.97568e-07 -5.77373e-06 
-8.54541e-12 -1.79653e-09 -1.57429e-06 -7.60089e-13 -1.17143e-11 -9.44677e-07 -1.84462e-07 -1.80929e-10 1.88628e-07 -9.2711e-09 -2.72738e-12 -6.01364e-12 -1.10213e-07 -9.35077e-11 -3.05768e-11 -2.36689e-11 2.46904e-08 -1.81628e-09 -7.042e-13 5.13552e-07 5.42042e-07 -4.49179e-11 0 -9.98077e-09 -1.58389e-11 5.27795e-07 -1.71263e-07 -4.28019e-10 5.20352e-07 -3.3352e-09 -2.49761e-09 1.67666e-06 -8.26675e-10 -2.04045e-09 -1.23472e-09 8.81645e-07 -4.07989e-12 -7.2058e-08 1.98142e-09 -1.03088e-06 -5.11434e-10 -6.88613e-09 -1.31988e-08 1.02112e-06 -9.6073e-11 -2.63707e-09 -1.40337e-11 -8.29391e-12 -1.85431e-07 2.24359e-07 -1.34133e-12 -1.70706e-07 -2.75365e-11 -1.01494e-11 -1.04932e-06 -1.71836e-10 -1.88346e-12 -1.68291e-08 1.02482e-06 -2.68394e-07 -3.40922e-13 -4.95181e-10 -8.88633e-13 5.88581e-09 -2.12378e-13 0 -2.88756e-10 -6.25285e-11 -9.84371e-11 8.27108e-07 -1.93539e-09 9.97763e-07 -4.75408e-10 -3.56307e-07 1.89918e-07 -6.86469e-09 -6.37692e-12 -1.08983e-12 -7.81886e-12 -1.57344e-10 -8.16e-10 -1.09878e-06 -9.99095e-07 -1.73284e-10 -4.21276e-09 -3.06602e-07 -1.35978e-11 -8.09271e-12 1.51129e-07 -7.16496e-12 -9.41622e-10 -5.83827e-10 -2.19875e-07 -1.21838e-12 0 -4.07151e-11 -9.16578e-12 -4.78732e-07 -3.34931e-10 -6.78757e-09 
-2.51289e-09 8.97837e-06 -0.00037617 -2.23514e-10 -3.44475e-09 -0.000346461 -5.42436e-05 -5.32047e-08 -8.72796e-05 -2.72629e-06 -8.02023e-10 1.04898e-07 5.48372e-05 -2.74972e-08 -8.99153e-09 -6.96018e-09 -6.46061e-05 0.000254806 -2.0708e-10 0.000148247 0.000335334 3.40012e-06 0 -2.87498e-06 -4.65765e-09 0.000259998 -5.03621e-05 -1.25865e-07 0.000258226 1.01926e-05 -7.34457e-07 -8.26675e-10 0.000492804 0.000249147 1.94025e-06 1.21216e-05 -1.19975e-09 -0.00012345 -0.000215741 -0.000359885 6.26273e-07 -2.02496e-06 7.4012e-05 0.000385742 1.61748e-07 0.000102355 -4.1268e-09 -2.43894e-09 -1.08018e-05 -0.000269594 -3.94437e-10 -5.01984e-05 3.21524e-06 -2.98458e-09 -0.000431317 1.66495e-05 -5.53856e-10 -8.58815e-07 0.000271544 0.000106338 -1.00253e-10 4.77186e-08 -2.61315e-10 -0.000111326 1.26604e-07 0 4.84208e-08 1.05816e-05 1.0772e-07 0.000240502 2.79875e-05 0.000178655 3.01999e-08 -0.000260656 -0.000255765 -1.78199e-06 -1.87522e-09 -3.2048e-10 -2.29924e-09 -4.62691e-08 1.367e-05 -0.000338499 -0.000290838 2.45571e-06 5.73378e-05 -9.01604e-05 -3.99861e-09 -2.37977e-09 0.000127918 -2.10695e-09 0.000306166 3.98498e-06 -6.46074e-05 -3.58281e-10 0 -1.19728e-08 -2.69532e-09 -0.000155021 -9.8491e-08 -1.99598e-06 
