0.00832599 -1.48461e-06 -2.76407e-06 -4.43279e-05 5.6849e-06 8.53807e-06 0.000758279 -4.01347e-06 0.000570111 3.60378e-06 -2.82293e-08 -4.61651e-05 0.00018256 -0.00208118 -3.46437e-06 5.87084e-06 -0.000530877 -0.00122309 9.50421e-06 0.00289885 -2.35912e-06 -1.01626e-07 -0.000943644 2.08528e-05 1.95357e-06 5.04048e-05 -1.94867e-05 -0.00210364 0.00395642 -7.76334e-05 2.87871e-06 -0.000488115 -4.83162e-07 -0.00398533 -0.00263618 0.000315714 -0.00376831 -0.00179048 -7.96515e-06 0.00288871 3.81172e-05 0.000610996 -1.90437e-05 -3.36e-07 5.46986e-06 2.00615e-06 -1.0903e-05 -0.000482724 -1.02745e-07 6.39091e-05 -3.42124e-06 2.80045e-07 -1.55649e-05 -0.000434593 -2.07502e-05 6.50733e-08 -0.00271392 -5.04069e-08 7.74801e-05 0.000272152 -3.16913e-05 -1.72797e-07 -0.000287219 3.68943e-07 -5.55568e-08 0.00112927 0.00210359 -5.20355e-05 -8.85184e-06 5.47514e-05 0.000198129 -0.00024919 -2.42605e-06 8.80374e-06 -2.09073e-08 0.00132897 -0.00115502 5.12084e-06 -1.00597e-06 3.29025e-05 -6.43731e-10 -1.14837e-07 0.00203496 -2.1561e-05 -1.15312e-08 -1.59393e-07 0.00235464 -2.10217e-06 -7.47288e-09 -0.000527728 -1.00702e-07 1.12158e-06 -0.00102694 -0.00265871 -0.00374522 0.000595163 -2.48021e-06 -5.25887e-05 -3.0919e-06 0.00236684 
-1.48461e-06 0.000193053 -6.35639e-08 -1.07611e-06 -1.68906e-06 -3.69922e-08 -3.59323e-06 -9.22957e-08 0.000136294 -1.39038e-08 -9.55795e-10 7.35037e-06 -2.40725e-06 -0.000141675 -7.96683e-08 1.89571e-07 -0.000167406 -2.63646e-05 2.24159e-07 -2.81285e-05 9.49495e-08 -2.33703e-09 4.61049e-06 -6.57122e-06 -8.19667e-09 3.67837e-06 5.87096e-06 -5.80339e-05 -3.13123e-05 1.05624e-06 4.00568e-06 -1.58922e-05 3.90889e-06 -0.00010568 -7.06327e-05 0.000158626 5.70583e-05 -5.81633e-05 -1.91603e-07 -0.000108036 -1.88788e-07 -6.89902e-07 -4.42385e-07 5.95607e-07 6.673e-07 -1.29666e-08 -3.65024e-07 0.000131486 -2.36278e-09 -4.51518e-07 -7.86765e-08 -5.2115e-09 5.04759e-07 -3.94515e-05 2.68492e-06 -8.79847e-10 5.34483e-05 -1.15918e-09 3.56458e-06 9.79214e-05 -8.34727e-07 -6.42668e-09 -6.40552e-06 -4.93023e-09 -1.27761e-09 -7.00095e-05 -7.84524e-06 -1.11271e-06 -2.03561e-07 -1.07686e-06 -1.24215e-07 -1.49606e-06 -5.57908e-08 -1.83119e-07 -4.80794e-10 -7.665e-05 1.5206e-05 1.43406e-09 -2.50502e-08 -2.49071e-07 -1.48036e-11 5.99259e-08 0.000140602 3.05886e-06 -2.65177e-10 -3.66549e-09 -8.46042e-05 -4.83427e-08 -1.7185e-10 -4.26698e-06 -2.31579e-09 -4.23511e-10 -2.04618e-05 -6.14908e-05 8.0084e-05 0.000111309 -6.40885e-08 -1.09725e-06 -7.11028e-08 -8.49263e-06 
-2.76407e-06 -6.35639e-08 0.000329085 0.000108569 -2.74629e-06 -6.30669e-08 -6.126e-06 3.86926e-05 -7.7238e-05 6.72796e-08 -1.62951e-09 -1.94861e-06 1.13454e-05 -0.000256181 8.44176e-07 -1.31438e-07 2.12208e-05 0.000259419 -0.000147898 -4.79554e-05 -2.52975e-07 -3.98434e-09 1.78679e-05 3.49856e-07 -1.39743e-08 -5.90131e-07 -2.19586e-07 -6.25579e-05 -5.87036e-05 -4.88233e-06 -3.8244e-07 -1.93374e-05 -1.89429e-08 -0.000181324 0.000178695 -5.77935e-05 0.000118901 -7.94481e-05 -3.26657e-07 -7.70444e-05 5.64481e-06 2.73381e-06 -7.54209e-07 -1.31732e-08 -8.22941e-07 -2.21064e-08 -3.85652e-07 2.91666e-05 -4.02823e-09 2.90689e-06 -1.34133e-07 -8.88493e-09 -4.83136e-08 -6.94135e-05 -8.38363e-07 -1.50002e-09 0.000120247 -1.97626e-09 2.8921e-07 0.000262547 0.000238337 -1.09567e-08 -1.13752e-05 -8.4054e-09 -2.17816e-09 -0.000118061 -2.69692e-05 -9.60794e-07 1.35896e-05 -0.000223983 7.4823e-07 8.9724e-06 -9.5116e-08 2.07781e-06 -8.19691e-10 -0.000114268 2.8317e-05 -5.77211e-07 1.92673e-05 -4.24634e-07 -2.52382e-11 1.67524e-07 -6.6273e-05 -1.02739e-07 -4.52092e-10 -6.24919e-09 -0.00017749 -8.24179e-08 7.9707e-08 -7.74981e-06 -3.94813e-09 -7.22031e-10 -8.74276e-05 0.000208233 3.5851e-05 -5.31079e-05 -1.09263e-07 -2.07526e-06 -1.21221e-07 -1.44788e-05 
-4.43279e-05 -1.07611e-06 0.000108569 0.00554205 -4.80709e-05 -1.0677e-06 -0.000103681 9.06276e-06 0.00194769 -2.87512e-07 -2.75869e-08 2.68774e-05 -9.56055e-05 -0.00392678 1.92722e-06 -2.2252e-06 -8.41854e-05 0.00216946 -0.000392767 -0.000808237 -3.49277e-06 2.22547e-07 1.49526e-05 -0.000409218 -2.36579e-07 -1.15574e-05 0.00038161 0.00187751 -0.000472631 -5.68426e-05 6.49544e-06 -0.000417198 -2.70696e-07 -0.00383638 -0.000670944 0.0039204 0.00226198 -0.00167313 -2.62685e-06 -0.00283215 0.000158321 -5.17916e-06 -1.26951e-05 2.08336e-05 -1.38654e-05 2.72414e-07 -1.01623e-05 0.000782084 -6.81963e-08 -1.30321e-05 0.000277566 -1.50418e-07 2.43364e-05 -0.00117324 5.34535e-05 -2.53948e-08 0.000456378 -3.34573e-08 8.76818e-05 0.00242015 6.22008e-05 5.14508e-07 -0.000190155 -1.423e-07 -3.68754e-08 -0.00202103 -0.000438982 -3.31745e-05 0.000323798 -0.000611008 -3.06185e-06 -0.000217827 -1.61028e-06 -3.532e-06 -1.38771e-08 -0.00210844 0.000140832 6.6558e-05 1.02136e-05 0.000291148 -4.27272e-10 7.49865e-08 0.00358808 0.000397179 -7.65374e-09 1.68775e-05 -0.00248486 0.000225525 5.0504e-07 0.000566856 -6.68402e-08 -1.22237e-08 -0.0017738 -0.00115725 0.000311113 -0.000385158 -1.84977e-06 -3.51333e-05 0.000279211 -0.000239948 
5.6849e-06 -1.68906e-06 -2.74629e-06 -4.80709e-05 0.00867099 6.30808e-05 6.29981e-06 -2.48459e-06 -0.00179713 -7.80891e-07 3.1667e-06 0.0001711 -2.27204e-05 0.000950727 -3.60919e-06 2.70068e-06 0.000172271 -0.00117581 1.0155e-05 0.00476556 2.47113e-06 -2.58741e-08 -0.00670892 2.71107e-05 -3.71332e-07 1.07432e-05 -2.38157e-05 0.00269841 0.000640695 -4.95361e-05 -5.78242e-06 -0.000700102 -5.03361e-07 -0.00316334 -0.0035309 -0.001314 -0.00396602 0.00242016 1.71865e-05 0.00285568 6.2284e-05 -3.10612e-05 0.000445269 -3.50046e-07 -2.96431e-06 -2.77425e-07 -1.62e-05 -0.00208321 -1.0704e-07 0.000395578 -3.55426e-06 -1.52762e-07 -1.90979e-05 0.00484609 -7.55413e-06 1.36347e-06 -0.00479103 -5.25142e-08 9.51648e-07 -0.00164341 -2.93154e-05 -2.91146e-07 0.00211884 6.7998e-07 -5.78794e-08 0.00484588 0.00143632 -5.74864e-05 -8.95189e-06 3.65436e-05 -4.65728e-06 -0.000115841 8.61259e-05 -4.46915e-06 4.74885e-07 0.00482272 -0.00517527 -9.77131e-06 -7.94844e-07 -5.04029e-06 -6.70643e-10 -1.54364e-07 0.000251097 -2.58587e-05 -1.20133e-08 -1.66057e-07 0.00365663 -2.02339e-06 -7.78529e-09 -0.000536116 -4.15785e-08 -1.91862e-08 -0.00231705 -0.00263809 -0.00416161 -0.0013008 -2.83005e-06 0.00121315 -3.22116e-06 -0.000196856 
8.53807e-06 -3.69922e-08 -6.30669e-08 -1.0677e-06 6.30808e-05 0.000191543 -3.5218e-06 -9.1574e-08 -4.70878e-05 -1.71023e-08 -9.48321e-10 -1.13403e-06 -5.2889e-06 -0.000163529 -7.90453e-08 4.52017e-06 1.40236e-05 -2.90775e-05 2.22406e-07 0.000162191 3.19278e-06 -2.31876e-09 -0.000180175 5.97403e-07 -8.13257e-09 -4.8117e-07 -5.21591e-07 7.73407e-05 9.97008e-07 -1.9047e-06 -2.22568e-07 -1.57679e-05 -1.10242e-08 -0.00013342 -7.81203e-05 -3.41519e-05 -8.69861e-05 -4.37882e-05 1.65766e-05 -8.75033e-05 1.01936e-06 -6.84507e-07 2.36441e-06 -7.66639e-09 -4.89251e-08 -1.28652e-08 -3.6217e-07 -4.74731e-05 -2.3443e-09 0.000152555 -7.80612e-08 -5.17074e-09 -4.21915e-07 0.000146197 4.11877e-06 3.57937e-08 -0.000121051 -1.15012e-09 -5.94067e-07 -3.44169e-05 -8.28199e-07 -6.37642e-09 -6.62001e-06 4.35108e-07 -1.26762e-09 0.000119895 0.000154237 -1.25945e-06 -2.01969e-07 2.93417e-07 -1.23243e-07 -7.82403e-06 0.000108588 -1.81687e-07 -4.77034e-10 0.00011544 -0.000170533 -3.35918e-07 -2.48543e-08 -2.47124e-07 -1.46878e-11 -3.38075e-09 -3.02028e-05 -5.69983e-07 -2.63103e-10 -3.63683e-09 8.37259e-05 -4.79646e-08 -1.70506e-10 -1.25075e-05 -2.29768e-09 -4.20199e-10 -6.14971e-05 -6.09499e-05 -9.9095e-05 -2.70976e-05 2.02975e-06 -1.20773e-06 -7.05468e-08 0.000166904 
0.000758279 -3.59323e-06 -6.126e-06 -0.000103681 6.29981e-06 -3.5218e-06 0.0182628 -1.6317e-06 -0.00352803 -1.03457e-06 9.45515e-08 -9.41006e-05 -0.000510907 0.00249565 0.000247449 6.60032e-05 0.000377401 -0.00264591 -0.000227427 -0.00244403 -1.40639e-05 -2.25232e-07 0.000657921 5.67488e-05 -7.89957e-07 -3.78318e-05 -5.0588e-05 0.0021955 -0.000722831 -0.000275762 -2.40915e-06 0.00339093 -1.07083e-06 0.00541925 -0.000417251 -0.00330343 -0.00446309 -0.00229135 -1.84158e-05 0.00186031 -1.80078e-05 0.00124802 -2.44784e-05 -7.44675e-07 1.26163e-05 1.40336e-07 -8.38936e-06 -0.00410796 -2.27714e-07 -3.84819e-05 -7.56247e-06 -5.0226e-07 -4.09827e-05 0.00348416 -4.49989e-05 -8.47956e-08 -0.00402816 -1.11717e-07 3.61086e-05 -0.00350021 -5.03938e-05 -3.8604e-07 0.0078806 -4.75153e-07 -1.2313e-07 0.00332532 -0.00152811 -0.000111704 -1.96183e-05 -0.000686962 -4.87458e-06 -0.000637686 -5.35019e-06 -1.31482e-05 -4.63367e-08 0.00121184 -0.00547989 -3.18994e-05 3.02911e-06 -2.3721e-05 -1.4267e-09 -3.28389e-07 -0.00379545 -5.51486e-05 -2.55565e-08 -3.53263e-07 0.000443113 -4.65904e-06 -1.65621e-08 -0.00121816 -2.23185e-07 8.25851e-07 0.00212703 -0.00112495 -0.00492767 -0.00268028 1.55634e-05 0.00038935 -6.85256e-06 -0.000573834 
-4.01347e-06 -9.22957e-08 3.86926e-05 9.06276e-06 -2.48459e-06 -9.1574e-08 -1.6317e-06 0.000477765 -0.000110214 -4.26705e-08 -2.36607e-09 1.71392e-06 4.78875e-05 -3.46335e-07 -1.97218e-07 4.16915e-06 2.40188e-05 3.96073e-05 -2.82084e-05 -6.80553e-05 -3.67324e-07 -5.78531e-09 2.50711e-05 -3.92281e-06 -2.02908e-08 -9.57188e-07 2.78863e-06 6.12074e-05 -6.50351e-05 -7.08922e-06 -5.55309e-07 -2.22409e-05 -2.75053e-08 -5.79209e-05 -0.000154891 2.04208e-05 -0.000154691 8.3673e-05 -4.74311e-07 9.99889e-05 -4.67344e-07 3.44215e-06 -4.01789e-07 -1.91277e-08 -1.19492e-06 -3.20988e-08 -9.03616e-07 -7.04758e-05 -5.84905e-09 -1.03773e-06 -1.94763e-07 1.37099e-07 -2.12682e-07 -9.82027e-05 1.19602e-06 -2.17806e-09 -8.76196e-05 -2.86955e-09 -1.42553e-06 -1.10483e-05 8.5997e-05 -1.59092e-08 7.95636e-06 -1.22048e-08 -3.16272e-09 3.70812e-05 -2.79625e-05 -3.05568e-06 -3.87248e-07 -5.56764e-05 4.75917e-06 1.42571e-07 -1.3811e-07 2.00022e-07 -1.1902e-09 -9.91229e-05 4.70781e-05 -4.34785e-07 1.82132e-06 -6.16575e-07 -3.66462e-11 -8.43499e-09 -4.12267e-05 4.23122e-06 -6.56444e-10 -9.07391e-09 0.000154313 -1.19672e-07 -4.25414e-10 0.000221351 1.42673e-08 -1.0484e-09 -0.000101379 -5.98135e-05 -0.000164659 2.10636e-05 -1.58651e-07 2.4467e-06 6.60652e-07 -1.83301e-05 
0.000570111 0.000136294 -7.7238e-05 0.00194769 -0.00179713 -4.70878e-05 -0.00352803 -0.000110214 0.185376 6.31686e-05 3.26336e-06 -0.00144286 0.0128532 -0.0714627 -9.77274e-05 -5.57094e-05 -0.0512404 -0.0271054 0.000191679 -0.0357608 -0.000186683 -2.97484e-06 0.0107936 0.000462326 1.30264e-05 -0.000617311 -0.000661052 -0.0738668 -0.0459324 -0.00364479 5.9034e-05 -0.0199841 -1.097e-05 -0.0856868 -0.00535768 0.122155 0.00628627 -0.0738795 -0.000233687 -0.0375882 7.89473e-07 -0.000560528 -0.000534048 6.1211e-06 0.000427822 -1.61387e-05 -0.000428874 0.118014 7.19906e-06 -0.00057457 -9.72816e-05 -6.33378e-06 -0.000535898 -0.0514412 0.00133636 -1.11997e-06 0.0822886 -1.47554e-06 -0.000633216 0.0604859 -0.000705661 1.96894e-05 -0.00848985 -6.17909e-06 -1.00962e-06 -0.0891608 0.00539741 -0.000204579 -0.000257526 -0.000855096 -7.67346e-05 0.0204677 -7.09268e-05 -0.000128965 -6.12009e-07 -0.0971062 0.0256538 0.000270449 -2.37634e-05 0.000563011 -1.88436e-08 3.22935e-06 0.0887015 -0.000706974 -1.4088e-07 -4.66585e-06 -0.0175297 -6.1536e-05 -1.0875e-07 -0.00998573 -2.84447e-06 -5.39092e-07 -0.00639541 -0.0692154 0.0931651 0.070808 9.4451e-05 -0.00154202 -8.53943e-05 -0.0107946 
3.60378e-06 -1.39038e-08 6.72796e-08 -2.87512e-07 -7.80891e-07 -1.71023e-08 -1.03457e-06 -4.26705e-08 6.31686e-05 8.9262e-05 -4.41886e-10 -4.31754e-07 -1.56112e-06 -2.62533e-05 -3.68325e-08 -3.56431e-08 -3.27099e-05 -1.35053e-05 6.96747e-09 -1.28311e-05 -6.86013e-08 -1.08046e-09 4.80204e-06 1.55037e-07 -3.78951e-09 -7.0876e-08 -2.43044e-07 -2.64813e-05 -1.6171e-05 -1.32398e-06 8.89624e-07 -7.34731e-06 -5.13689e-09 -6.2107e-05 -3.62448e-05 2.4023e-05 -3.2386e-05 -2.41403e-05 -8.85823e-08 2.31191e-05 -8.72811e-08 9.10422e-08 -2.04525e-07 -3.57229e-09 -2.23163e-07 -5.99478e-09 -1.68759e-07 4.72157e-05 -1.09237e-09 -2.08747e-07 -3.6374e-08 -2.4094e-09 -9.99321e-08 -1.80434e-05 -1.10679e-07 -4.06774e-10 2.99342e-05 -5.35918e-10 -2.76816e-07 1.9949e-05 -8.25803e-08 -2.9712e-09 -2.92804e-06 -2.27936e-09 -5.9067e-10 -3.22604e-05 2.16822e-05 -5.4353e-07 2.55555e-09 2.85325e-07 -5.74274e-08 5.88918e-06 -2.57934e-08 -8.46604e-08 -2.22282e-10 -3.4992e-05 8.75229e-06 -1.65269e-08 -1.15813e-08 -1.15151e-07 -6.84403e-12 -1.57532e-09 -1.44322e-05 -1.68927e-07 -1.22597e-10 -1.69464e-09 3.66202e-05 -2.23499e-08 -7.94503e-11 -1.7909e-06 -1.07064e-09 -1.95799e-10 -2.50556e-05 -2.80786e-05 1.08016e-05 7.06065e-05 -2.96296e-08 -5.62764e-07 -3.28725e-08 -3.92634e-06 
-2.82293e-08 -9.55795e-10 -1.62951e-09 -2.75869e-08 3.1667e-06 -9.48321e-10 9.45515e-08 -2.36607e-09 3.26336e-06 -4.41886e-10 4.94998e-06 -2.93008e-08 -1.19987e-07 2.13333e-07 -2.04235e-09 -1.9764e-09 -1.04596e-07 -5.98851e-07 5.74649e-09 -7.21094e-07 -3.80393e-09 -5.99115e-11 -3.74133e-06 1.54356e-08 -2.10127e-10 -1.24324e-08 -1.34767e-08 -1.39624e-06 -9.2662e-07 -7.34145e-08 -5.75066e-09 -2.34073e-07 -2.84839e-10 -2.52767e-06 -1.09179e-06 3.59759e-06 -1.56086e-06 -1.42884e-06 -4.91187e-09 -3.09104e-06 -4.83971e-09 -1.76861e-08 -1.13409e-08 -1.98082e-10 -1.23744e-08 -3.32409e-10 -9.35766e-09 4.40067e-07 -6.05715e-11 -1.1575e-08 -2.01693e-09 -1.33601e-10 -1.09014e-08 -1.04375e-06 -1.26063e-08 -2.25555e-11 -7.04354e-07 -2.97165e-11 -1.53494e-08 -4.71052e-07 -2.13988e-08 -1.64752e-10 -1.71046e-07 -1.2639e-10 -3.27525e-11 -1.79585e-06 -4.10391e-07 -3.25414e-08 -5.21844e-09 4.28067e-08 -3.18433e-09 3.72331e-06 -1.43024e-09 -4.6944e-09 -1.23255e-11 -1.96729e-06 5.19876e-07 -8.67938e-09 -6.4218e-10 2.62695e-06 -3.795e-13 -8.7351e-11 2.31958e-06 -1.47271e-08 -6.798e-12 -9.39675e-11 -2.78671e-06 -1.2393e-09 -4.4055e-12 -3.26094e-07 -5.9367e-11 -1.0857e-11 2.68439e-06 -1.11969e-06 2.13961e-06 -7.9867e-07 -1.64295e-09 -3.12051e-08 -1.82277e-09 -2.17715e-07 
-4.61651e-05 7.35037e-06 -1.94861e-06 2.68774e-05 0.0001711 -1.13403e-06 -9.41006e-05 1.71392e-06 -0.00144286 -4.31754e-07 -2.93008e-08 0.00588431 -5.27508e-05 -0.00103435 -9.23055e-08 -2.36344e-06 -0.00192917 -0.000732846 -6.66448e-05 0.00202275 0.000621508 1.14384e-05 -0.00236639 -0.00240682 -2.51277e-07 0.00108963 0.00177752 0.00378659 0.00256939 0.000821399 -6.42014e-06 -0.000487105 5.2916e-05 -0.00398511 -0.00240306 0.00121478 -0.00252656 -0.000970183 -4.91709e-06 0.00201795 2.66292e-05 -2.06396e-05 0.000259978 -2.36873e-07 -1.42109e-05 1.97825e-05 -1.11902e-05 -0.00132727 -7.24332e-08 3.56683e-05 2.05348e-05 1.90237e-07 0.00212987 0.00189439 0.000114298 -2.69725e-08 -0.00373689 5.46446e-06 0.00104059 -0.000380958 -2.4626e-05 -1.97016e-07 0.00100211 -1.51141e-07 -3.91664e-08 0.000853842 -0.000308998 -3.88907e-05 0.00075977 -0.0021754 -1.1792e-07 -0.000221752 0.00011347 -5.6137e-06 -1.47392e-08 0.000830957 -0.00376697 -1.03124e-05 -4.44604e-07 -2.48845e-07 -4.53817e-10 -1.04457e-07 -0.0001291 0.00241014 -8.12925e-09 -3.90357e-08 0.00241003 4.52547e-05 -5.26822e-09 0.00239651 -6.76594e-08 1.03502e-08 -0.00181358 -0.00169748 -0.00297977 0.00101458 -1.70136e-06 -3.32793e-05 2.78336e-05 -0.000227059 
0.00018256 -2.40725e-06 1.13454e-05 -9.56055e-05 -2.27204e-05 -5.2889e-06 -0.000510907 4.78875e-05 0.0128532 -1.56112e-06 -1.19987e-07 -5.27508e-05 0.0268446 0.000312928 -8.70378e-06 -6.02264e-06 -0.00571281 -0.0033972 2.38522e-05 -0.00383724 -1.6015e-05 -3.34134e-07 0.00105515 -0.000233437 2.26809e-06 -6.24867e-05 -3.03881e-05 -0.00488339 -0.00464858 -0.000407088 -3.01088e-05 -0.00225557 -1.10858e-06 -0.0180564 -0.0109132 0.0061689 -0.0113547 -0.00749431 -1.61307e-05 0.00705876 -1.9795e-05 -7.0221e-05 -6.0566e-05 -5.7473e-07 -6.81766e-05 -8.83885e-07 -4.54121e-05 -0.00389527 -5.11479e-08 -4.03918e-05 -1.10553e-05 -4.98439e-07 -2.08115e-05 -0.00580762 0.000118363 -1.25795e-07 0.00665004 -1.65733e-07 -8.38486e-05 -0.00174067 0.000917663 -2.15511e-07 -0.000932376 -5.18226e-07 2.44002e-07 -0.00959739 0.0118986 -0.000177941 -9.02053e-06 -0.00186902 -1.02753e-07 0.00240722 -7.9766e-06 -2.55579e-05 -6.87408e-08 -0.0103266 0.0012638 5.09307e-05 1.47152e-05 -3.01539e-05 -2.11652e-09 -4.67167e-07 0.0119778 5.86452e-05 -3.79133e-08 2.75932e-07 0.0107668 -6.91172e-06 7.87633e-08 0.00520851 -4.77636e-08 7.06116e-07 -0.00439555 -0.00857065 0.00271781 0.0146307 1.58804e-05 -0.000167348 -6.65582e-06 -0.00121295 
-0.00208118 -0.000141675 -0.000256181 -0.00392678 0.000950727 -0.000163529 0.00249565 -3.46335e-07 -0.0714627 -2.62533e-05 2.13333e-07 -0.00103435 0.000312928 0.118502 4.80532e-05 4.53796e-05 0.0380385 -0.00118985 0.000542809 0.0147998 -0.000578749 -1.00673e-05 -0.00432266 0.00205525 -2.77849e-06 -0.000463874 -0.00141204 0.037123 0.0189478 0.0015967 -0.00061957 0.0112569 -4.96384e-05 0.0340261 -0.0416505 -0.0800933 -0.0571764 0.0402429 -0.000232758 0.0685214 -0.00046236 -5.44201e-05 0.000198091 -3.07861e-05 0.000220209 2.50843e-06 0.000254306 -0.0875846 -1.08234e-06 5.3788e-06 -0.000230036 3.00105e-06 -0.00146863 0.0243058 -0.000805875 -2.37368e-07 -0.0397221 -5.0253e-06 -0.000890094 -0.101529 -0.000390238 -3.24775e-06 0.00376842 -9.05906e-06 7.72289e-07 0.0441996 -0.00272366 -0.000345268 -0.000899613 0.00140959 -2.85676e-05 -0.00479369 -0.000149298 0.000108327 3.4206e-07 0.0476617 -0.00756936 4.21056e-05 -1.38473e-06 -0.000647215 1.0532e-08 -6.11915e-06 -0.0444713 -0.00183394 1.53264e-08 -1.42689e-05 0.0563205 -0.00021586 -7.44404e-07 0.00665627 1.23423e-06 3.01306e-07 0.0176353 0.0189027 -0.0481406 -0.00152676 1.18723e-05 0.000839479 -0.000248251 0.00164366 
-3.46437e-06 -7.96683e-08 8.44176e-07 1.92722e-06 -3.60919e-06 -7.90453e-08 0.000247449 -1.97218e-07 -9.77274e-05 -3.68325e-08 -2.04235e-09 -9.23055e-08 -8.70378e-06 4.80532e-05 0.000412426 2.11928e-07 2.40765e-05 -5.89245e-05 -0.000104928 -6.01053e-05 -3.17068e-07 -4.99379e-09 1.82115e-05 -5.4134e-06 -1.75147e-08 -7.62939e-07 2.89001e-06 -0.000138395 -7.31831e-05 -5.84597e-06 -4.79334e-07 0.000326458 -2.37422e-08 0.000115428 0.000235213 -6.67646e-05 0.000221322 -0.00012129 -4.09418e-07 -0.000244531 -1.00071e-07 5.24767e-08 -9.45293e-07 -1.65107e-08 -1.03144e-06 -2.77072e-08 6.02001e-06 -9.84973e-05 -5.04881e-09 -7.44809e-07 2.8855e-07 -1.1136e-08 1.93134e-06 -8.69999e-05 1.51257e-06 -1.88007e-09 0.000124388 -2.47696e-09 2.67392e-06 5.98632e-06 -4.06986e-07 -1.37326e-08 -1.42572e-05 -1.0535e-08 -2.73001e-09 -0.00014969 -3.42073e-05 -1.92909e-06 4.25169e-06 -0.000338775 -2.65423e-07 -1.21907e-05 -1.19214e-07 2.32538e-06 -1.02737e-09 -0.000163746 3.79365e-05 -7.23451e-07 5.73139e-07 -5.32218e-07 -3.16324e-11 -7.28096e-09 -7.96776e-05 2.78579e-06 -5.66633e-10 -7.83246e-09 -0.00023222 -1.03299e-07 -3.67211e-10 -2.31676e-05 -4.94841e-09 -9.04962e-10 0.000270073 0.000262446 -5.96728e-05 -6.30748e-05 -1.36945e-07 -2.60104e-06 8.04733e-07 -1.72438e-05 
5.87084e-06 1.89571e-07 -1.31438e-07 -2.2252e-06 2.70068e-06 4.52017e-06 6.60032e-05 4.16915e-06 -5.57094e-05 -3.56431e-08 -1.9764e-09 -2.36344e-06 -6.02264e-06 4.53796e-05 2.11928e-07 0.000399114 2.80251e-05 -5.8811e-05 -2.83148e-07 -4.02644e-05 5.2165e-06 -4.83254e-09 1.35683e-05 -6.82806e-08 -1.69492e-08 -1.00281e-06 -1.08705e-06 -0.000135983 -2.56657e-05 -5.78504e-06 1.41561e-05 0.000175101 -2.29755e-08 9.14592e-05 6.28289e-05 -4.13596e-05 0.000130625 -6.00836e-05 -4.61976e-08 -0.000171518 -3.90378e-07 5.20467e-05 -9.14768e-07 -1.59776e-08 1.23252e-05 -2.68125e-08 1.4952e-06 -9.53991e-05 -4.88577e-09 1.20863e-05 -1.62688e-07 1.69224e-07 -8.79317e-07 -7.42505e-05 -5.13504e-07 -1.81936e-09 -0.000163357 -2.39697e-09 1.87352e-05 -3.6772e-05 -1.72606e-06 -1.32891e-08 -1.37968e-05 -1.01948e-08 -2.64186e-09 -0.000132479 -2.56093e-05 8.0585e-06 -4.20926e-07 1.48618e-06 -2.06853e-07 -1.551e-05 4.4813e-06 -3.7199e-07 -9.94191e-10 -0.000123964 2.58572e-05 5.13991e-06 1.04868e-07 6.38301e-07 -3.0611e-11 -7.04584e-09 -5.34714e-05 -1.18791e-06 -5.48335e-10 -7.57954e-09 -0.00010618 -9.99634e-08 -3.55353e-10 -2.61799e-05 -4.78862e-09 -8.7574e-10 0.000239387 1.18121e-05 5.62254e-05 -6.12284e-05 1.38748e-06 -2.51705e-06 -1.47027e-07 4.57522e-05 
-0.000530877 -0.000167406 2.12208e-05 -8.41854e-05 0.000172271 1.40236e-05 0.000377401 2.40188e-05 -0.0512404 -3.27099e-05 -1.04596e-07 -0.00192917 -0.00571281 0.0380385 2.40765e-05 2.80251e-05 0.069516 0.00952728 0.000181256 0.0104595 -0.000562347 -1.08902e-05 -0.00272175 0.00269243 -1.46792e-05 -0.000727514 -0.00183488 0.0211268 0.0119496 0.00103493 -3.61327e-05 0.00615962 -5.32147e-05 0.0264392 0.00253521 -0.0545798 -0.00607646 0.0206622 5.73602e-05 0.0152082 -6.59422e-05 0.000267111 0.000169305 -2.25454e-05 9.43616e-05 -2.16024e-05 0.00014053 -0.0449054 -2.2022e-07 0.000162123 -0.000165106 1.50873e-06 -0.00196703 0.0130321 -0.000783984 3.42506e-07 -0.0210625 -5.04875e-06 -0.000926493 -0.0335081 0.000283842 -5.48823e-06 -0.000275971 1.91924e-06 4.01422e-09 0.0246165 -0.00607285 0.000446563 -0.000873938 0.00311936 1.33742e-05 -0.00346723 -6.46485e-05 7.08746e-05 1.87163e-07 0.0273521 -0.00492982 8.98766e-05 6.45819e-06 -0.000409758 5.76272e-09 -3.90357e-06 -0.0412248 -0.00242842 -7.01055e-08 -1.23264e-05 0.00502673 -0.000157118 -4.31024e-08 0.00183497 8.41489e-07 1.64864e-07 0.00672338 0.0234451 -0.0241689 -0.0311269 1.40883e-05 -0.00119032 -0.000172471 0.00317136 
-0.00122309 -2.63646e-05 0.000259419 0.00216946 -0.00117581 -2.90775e-05 -0.00264591 3.96073e-05 -0.0271054 -1.35053e-05 -5.98851e-07 -0.000732846 -0.0033972 -0.00118985 -5.89245e-05 -5.8811e-05 0.00952728 0.129334 -0.000371968 -0.0188431 2.36219e-05 6.47267e-06 0.0076044 3.4055e-05 -6.47914e-06 -0.000105083 -1.36758e-05 -0.0231267 -0.0111377 -0.00058703 5.61723e-05 0.00132403 2.23338e-05 0.0189111 0.0623775 -0.0201348 0.049182 -0.0394879 -0.000149671 -0.0670904 0.000162637 0.000476817 -0.000342611 1.67089e-05 -0.000309551 2.38504e-05 -0.000249507 -0.0174331 -3.54347e-07 -0.00028307 0.000286896 -4.01615e-06 -0.000174612 -0.0321502 6.39346e-05 -6.95483e-07 0.038414 4.67038e-06 0.000523536 0.00843907 0.0018072 -4.19003e-06 -0.00522239 -3.86715e-06 -8.56567e-07 -0.0397273 -0.00826075 5.46871e-05 0.000161856 -0.000394977 -8.14934e-05 -0.0013887 -4.41003e-05 0.000230628 -3.63382e-07 -0.0450579 0.00881644 -0.000246873 -3.09451e-06 0.000114949 -1.17016e-08 5.63259e-07 -0.016785 2.98705e-06 -2.09612e-07 1.42626e-05 -0.0629779 0.000186657 6.20826e-07 -0.002959 -1.73721e-06 -3.34768e-07 0.0324182 0.0639037 0.0463949 -0.0236424 -4.7526e-05 -0.000941712 0.000300336 -0.00623923 
9.50421e-06 2.24159e-07 -0.000147898 -0.000392767 1.0155e-05 2.22406e-07 -0.000227427 -2.82084e-05 0.000191679 6.96747e-09 5.74649e-09 -6.66448e-05 2.38522e-05 0.000542809 -0.000104928 -2.83148e-07 0.000181256 -0.000371968 0.00115956 0.000169116 -5.59121e-06 -8.51928e-06 0.000228275 0.000333397 4.92805e-08 -3.18176e-05 -0.000333866 3.35019e-05 0.000123384 -2.02524e-05 7.28683e-07 -0.000308816 -1.03765e-05 0.000119365 -0.000356135 -2.76616e-05 -0.000512505 0.000201997 1.0653e-06 0.000518826 -0.000154558 -7.73055e-05 2.65973e-06 -2.11435e-05 2.90212e-06 -3.06204e-06 -1.98987e-05 5.2117e-05 1.42056e-08 -1.93536e-06 -0.000277384 3.13329e-08 -5.586e-05 0.000243478 -5.00016e-06 5.28986e-09 -5.06975e-05 -3.8897e-06 -0.00010562 -0.000346995 -0.000124211 -6.61361e-07 3.57149e-05 2.96418e-08 7.68133e-09 0.000403349 9.51043e-05 6.06517e-06 -0.000344433 0.000563384 2.23478e-07 1.18703e-05 -3.44124e-06 -3.64124e-05 2.89066e-09 0.000338444 0.000224215 1.99221e-06 -2.67427e-05 -6.59252e-06 8.90028e-11 -1.69514e-07 0.000114916 -0.000329546 1.59431e-09 -1.67813e-05 0.000573881 -0.000227899 -7.89668e-08 -0.000262122 1.39231e-08 2.54626e-09 -9.38396e-05 -0.000630582 -0.00029332 0.000186383 3.85317e-07 -4.55823e-06 -0.000275369 4.96032e-05 
0.00289885 -2.81285e-05 -4.79554e-05 -0.000808237 0.00476556 0.000162191 -0.00244403 -6.80553e-05 -0.0357608 -1.28311e-05 -7.21094e-07 0.00202275 -0.00383724 0.0147998 -6.01053e-05 -4.02644e-05 0.0104595 -0.0188431 0.000169116 0.124454 3.42726e-05 -1.54983e-06 -0.0406795 0.00045215 1.13994e-05 -9.76103e-05 -0.000396013 0.0301255 0.0689511 0.0104367 7.92013e-05 -0.0119863 -8.38266e-06 -0.0452581 -0.0593687 -0.0259467 -0.0647177 0.00303912 0.000659643 0.05137 0.000133697 -0.000303826 0.0016595 -5.82945e-06 0.000884953 1.86141e-05 -0.000240417 -0.0355468 -1.02584e-07 0.00123353 -5.89237e-05 -3.41512e-06 -0.00032042 0.0875912 -0.000155562 3.01287e-06 -0.0849391 -7.21206e-07 -0.000207836 -0.0273543 -0.000375091 -2.6519e-06 -0.00227216 2.14104e-05 -8.13887e-07 0.0790689 0.0227687 -0.000821676 -0.000153576 0.00109299 0.000111414 -0.00594736 0.000153509 -7.09068e-05 2.12727e-06 0.0856958 -0.0500309 0.000133164 -1.41057e-05 -0.00018791 -1.11685e-08 -2.57069e-06 0.0133867 -0.000432656 -2.00061e-07 -2.76541e-06 0.0634976 -3.64718e-05 -1.29651e-07 -0.00933346 5.9062e-06 -6.18188e-09 -0.0466569 -0.0446868 -0.0753007 -0.0195145 3.25221e-05 -0.000326806 -5.33564e-05 0.0333875 
-2.35912e-06 9.49495e-08 -2.52975e-07 -3.49277e-06 2.47113e-06 3.19278e-06 -1.40639e-05 -3.67324e-07 -0.000186683 -6.86013e-08 -3.80393e-09 0.000621508 -1.6015e-05 -0.000578749 -3.17068e-07 5.2165e-06 -0.000562347 2.36219e-05 -5.59121e-06 3.42726e-05 0.000767879 -9.30105e-09 1.01208e-05 -0.00061501 -3.26216e-08 0.000592487 0.000521398 0.000372556 0.000563409 -3.394e-06 0.000115181 -6.29184e-05 5.34578e-06 -0.000529485 -0.000313355 0.000168379 -0.000341001 -0.000225327 -3.3255e-07 0.000117108 1.18087e-05 9.58643e-05 8.94937e-06 -3.07516e-08 6.55156e-05 2.16506e-06 -1.45274e-06 -0.000175079 6.77263e-07 1.85064e-05 -3.13121e-07 -2.0741e-08 0.000611081 -0.000122136 -9.27078e-07 -3.50166e-09 -0.000417486 -4.61338e-09 0.000704577 -0.0001447 -3.32209e-06 -2.55772e-08 -2.03543e-05 -1.96216e-08 -5.08471e-09 -0.0002501 -5.13418e-05 9.91614e-05 9.90652e-06 -0.000386458 -4.94357e-07 -3.04278e-05 1.4798e-05 -7.28789e-07 -1.91349e-09 -0.000271091 -0.000673421 3.40726e-05 -9.96962e-08 -9.91267e-07 -5.8916e-11 -1.35609e-08 -0.000114817 0.0006111 -1.05537e-09 -1.45881e-08 0.000208337 -1.92397e-07 -6.83938e-10 0.000566092 -9.21652e-09 -1.68551e-09 -0.000244855 -0.000244478 -0.000394992 -6.1354e-05 3.61827e-06 -4.34782e-06 -2.82979e-07 8.71006e-05 
-1.01626e-07 -2.33703e-09 -3.98434e-09 2.22547e-07 -2.58741e-08 -2.31876e-09 -2.25232e-07 -5.78531e-09 -2.97484e-06 -1.08046e-09 -5.99115e-11 1.14384e-05 -3.34134e-07 -1.00673e-05 -4.99379e-09 -4.83254e-09 -1.08902e-05 6.47267e-06 -8.51928e-06 -1.54983e-06 -9.30105e-09 1.21032e-05 -8.66973e-06 -1.17623e-05 -5.13786e-10 8.94627e-06 9.47038e-06 7.68544e-06 6.19097e-06 8.27716e-06 -1.4061e-08 -9.96157e-07 8.65597e-06 -8.4707e-06 -4.93536e-06 5.38574e-06 -5.0388e-06 -3.55853e-06 -1.20101e-08 -4.60209e-06 2.78166e-07 -4.32447e-08 -2.77297e-08 -4.84335e-10 -3.02568e-08 -8.12779e-10 -2.28806e-08 -2.99918e-06 -1.48104e-10 2.28364e-07 2.85068e-07 -3.26669e-10 1.14833e-05 -2.5521e-06 -3.08238e-08 -5.51509e-11 -7.34423e-06 2.77993e-06 8.41914e-06 -1.84682e-07 -5.23226e-08 -4.02839e-10 1.82844e-06 -3.09038e-10 -8.00837e-11 -4.34441e-06 -1.00345e-06 -7.95677e-08 1.15939e-05 -1.07253e-05 -7.78607e-09 -4.97242e-07 4.79836e-07 -1.14784e-08 -3.01373e-11 -4.59691e-06 -1.04588e-05 1.92111e-07 -1.57021e-09 -1.56124e-08 -9.27922e-13 -2.13583e-10 -2.47058e-06 1.1764e-05 -1.66219e-11 -2.29762e-10 -3.48383e-06 6.6697e-07 -1.0772e-11 1.10927e-05 -1.45159e-10 -2.65466e-11 -3.88516e-06 -3.26439e-06 -5.97046e-06 1.06382e-06 -4.01722e-09 -7.63002e-08 2.85543e-07 -3.19005e-07 
-0.000943644 4.61049e-06 1.78679e-05 1.49526e-05 -0.00670892 -0.000180175 0.000657921 2.50711e-05 0.0107936 4.80204e-06 -3.74133e-06 -0.00236639 0.00105515 -0.00432266 1.82115e-05 1.35683e-05 -0.00272175 0.0076044 0.000228275 -0.0406795 1.01208e-05 -8.66973e-06 0.0513317 0.000216516 -3.00924e-06 -7.25668e-05 -0.000186395 -0.0290844 -0.0311084 -0.0120414 5.60405e-05 0.00443844 -3.21467e-05 0.0338285 0.02183 0.00722688 0.0233467 0.00517038 -0.000431827 -0.0167024 -0.000317125 0.000186605 -0.0018765 -2.04847e-05 -0.000190883 -6.61736e-07 0.000100895 0.0114158 4.00845e-07 -0.000830515 -0.000263347 9.48289e-07 8.63055e-05 -0.0386246 -0.000594736 -3.60934e-06 0.0321184 -5.46749e-06 2.84223e-05 0.00928496 0.000219042 -5.16789e-07 -0.00162129 -2.29874e-05 2.471e-09 -0.0312417 -0.0192572 0.000288257 -0.000237002 5.08856e-05 1.55202e-05 -0.000127495 -0.000170554 4.28217e-05 -2.35485e-06 -0.0297479 0.038817 8.65278e-05 5.9083e-06 -0.000105296 4.16129e-09 9.57821e-07 -0.0267906 -0.000186205 7.45414e-08 -1.5773e-05 -0.0217624 -0.000212681 4.83072e-08 0.00286565 -2.95236e-06 -1.54284e-07 0.0157271 0.0165262 0.0251816 0.00476708 -1.91347e-05 -0.00116039 -0.000270623 -0.00243013 
2.08528e-05 -6.57122e-06 3.49856e-07 -0.000409218 2.71107e-05 5.97403e-07 5.67488e-05 -3.92281e-06 0.000462326 1.55037e-07 1.54356e-08 -0.00240682 -0.000233437 0.00205525 -5.4134e-06 -6.82806e-08 0.00269243 3.4055e-05 0.000333397 0.00045215 -0.00061501 -1.17623e-05 0.000216516 0.00310857 -2.75763e-06 -0.000904861 -0.00214777 -0.0017351 -0.000968161 -2.75886e-05 -1.66373e-05 0.000255706 -5.64372e-05 0.00213259 0.00122868 -0.00193515 0.000584899 0.000892196 3.00761e-06 -0.00037494 -0.000168268 8.62487e-06 6.33094e-06 -2.16852e-05 5.45534e-06 -2.18406e-05 5.52161e-06 0.000526688 3.81576e-08 -5.62156e-06 -0.000285906 -2.65837e-07 -0.00214458 0.000604192 -0.000120652 1.4209e-08 0.00168097 -5.48128e-06 -0.00112103 -0.000550392 1.03704e-05 -4.95288e-06 -0.000519545 7.96205e-08 -3.36034e-07 0.00113084 0.000198933 1.72098e-05 -0.00103716 0.00258991 -1.434e-06 -0.000146081 -8.53757e-05 2.95728e-06 7.76456e-09 0.0012229 0.00133515 5.36765e-06 4.04547e-07 -8.0931e-05 2.39069e-10 5.50275e-08 -0.000398657 -0.00281119 4.28246e-09 -1.68175e-05 -0.000549774 -0.000249583 2.77528e-09 -0.00262672 1.40654e-08 -1.31605e-08 0.000987685 0.000673009 0.000995986 -0.00159354 1.03499e-06 1.9658e-05 -0.000291785 0.000134218 
1.95357e-06 -8.19667e-09 -1.39743e-08 -2.36579e-07 -3.71332e-07 -8.13257e-09 -7.89957e-07 -2.02908e-08 1.30264e-05 -3.78951e-09 -2.10127e-10 -2.51277e-07 2.26809e-06 -2.77849e-06 -1.75147e-08 -1.69492e-08 -1.46792e-05 -6.47914e-06 4.92805e-08 1.13994e-05 -3.26216e-08 -5.13786e-10 -3.00924e-06 -2.75763e-06 4.24482e-05 -1.06617e-07 -1.15573e-07 -1.035e-05 -4.4198e-06 -6.29585e-07 1.39402e-06 -3.47382e-06 -2.44271e-09 -2.90926e-05 -1.70264e-05 6.95934e-06 -1.31842e-05 -1.16165e-05 -4.2123e-08 2.88115e-06 -4.15042e-08 -1.51672e-07 -1.39232e-08 -1.69871e-09 1.50388e-06 -2.85066e-09 2.06418e-07 8.21098e-06 -5.19446e-10 1.62074e-06 -1.72967e-08 -1.14573e-09 -9.34874e-08 -5.29431e-06 6.15225e-07 -1.9343e-10 8.49771e-06 -2.54841e-10 2.1517e-06 -8.83061e-07 4.23156e-07 1.7192e-07 -1.46685e-06 -1.08389e-09 -2.80877e-10 -2.72748e-06 1.10473e-05 8.54266e-07 -4.47521e-08 -6.15623e-06 -2.73081e-08 1.3056e-05 -1.22654e-08 -4.0258e-08 -1.057e-10 -1.24294e-07 -5.26834e-06 1.44557e-06 -5.50718e-09 -5.47572e-08 -3.2545e-12 -7.49101e-10 1.18826e-06 -1.26296e-07 -5.8298e-11 -8.05842e-10 1.07252e-05 -1.06279e-08 -3.77805e-11 -2.38651e-06 -5.09117e-10 -9.3107e-11 -1.18264e-05 -1.34852e-05 -5.8065e-07 2.01741e-05 -1.40896e-08 -2.67608e-07 -1.56316e-08 8.4096e-06 
5.04048e-05 3.67837e-06 -5.90131e-07 -1.15574e-05 1.07432e-05 -4.8117e-07 -3.78318e-05 -9.57188e-07 -0.000617311 -7.0876e-08 -1.24324e-08 0.00108963 -6.24867e-05 -0.000463874 -7.62939e-07 -1.00281e-06 -0.000727514 -0.000105083 -3.18176e-05 -9.76103e-05 0.000592487 8.94627e-06 -7.25668e-05 -0.000904861 -1.06617e-07 0.00250528 0.000782012 0.000896141 0.000779971 1.11348e-06 -2.7745e-06 -0.000188311 4.73921e-05 -0.000448109 -0.000829099 9.00735e-05 -0.000690975 0.000394836 -1.03224e-06 0.000710245 1.4911e-05 -7.8379e-07 -5.27092e-06 -1.00505e-07 -5.80864e-06 5.65801e-06 -4.748e-06 -0.000616889 -3.07334e-08 1.23003e-05 -1.02337e-06 -6.77877e-08 0.000906222 7.79318e-05 -2.60964e-06 -1.14445e-08 -0.00114606 5.48492e-06 0.000934715 -0.000421289 -8.66091e-06 -8.3594e-08 -8.03441e-05 -6.41292e-08 -1.66183e-08 4.40691e-05 -0.000182449 -3.42791e-06 5.67522e-05 -0.000651124 -3.3237e-07 -0.00010205 8.1121e-05 -2.3019e-06 -6.25385e-09 -0.000197527 -0.00098382 -6.07175e-07 1.67497e-07 -3.23975e-06 -1.92555e-10 3.29012e-07 -0.000441242 0.000898038 -3.44925e-09 -4.76783e-08 0.000779908 2.07452e-06 -2.23531e-09 0.000882903 -3.01223e-08 -5.50875e-09 -0.000484471 -0.000679695 -0.001153 -8.62082e-05 -8.33621e-07 4.73346e-06 7.91808e-07 -0.00010798 
-1.94867e-05 5.87096e-06 -2.19586e-07 0.00038161 -2.38157e-05 -5.21591e-07 -5.0588e-05 2.78863e-06 -0.000661052 -2.43044e-07 -1.34767e-08 0.00177752 -3.03881e-05 -0.00141204 2.89001e-06 -1.08705e-06 -0.00183488 -1.36758e-05 -0.000333866 -0.000396013 0.000521398 9.47038e-06 -0.000186395 -0.00214777 -1.15573e-07 0.000782012 0.00271516 0.00171903 0.000836282 3.49843e-05 -3.16295e-06 -0.000222573 5.42133e-05 -0.00132695 -0.00106456 0.00114184 -0.000717793 -0.000268649 -2.61493e-06 0.000529409 0.000167281 -9.40764e-06 -5.77764e-06 2.06944e-05 -6.70275e-06 9.7505e-06 -4.70019e-06 -0.000674248 -3.33152e-08 1.39691e-06 0.000286351 -7.34823e-08 0.00158679 -0.000553013 3.39397e-05 -1.24059e-08 -0.0016672 5.48366e-06 0.00100726 -7.82901e-06 -8.65967e-06 6.09384e-07 0.000222052 -6.95164e-08 -1.80144e-08 -0.00085426 -0.000215448 -1.78183e-05 0.000750543 -0.0019785 3.9019e-06 -0.000111058 5.20667e-05 -2.58199e-06 -6.77921e-09 -0.00103691 -0.00120931 -4.77379e-06 -3.53209e-07 6.19981e-05 -2.08731e-10 -4.80443e-08 5.72901e-05 0.00213995 -3.739e-09 1.67516e-05 0.000676725 0.000240388 -2.42309e-09 0.00252043 -2.93194e-08 -5.97151e-09 -0.000836875 -0.000570198 -0.00109447 0.00105857 -9.03649e-07 -1.71633e-05 0.000290894 -0.00011867 
-0.00210364 -5.80339e-05 -6.25579e-05 0.00187751 0.00269841 7.73407e-05 0.0021955 6.12074e-05 -0.0738668 -2.64813e-05 -1.39624e-06 0.00378659 -0.00488339 0.037123 -0.000138395 -0.000135983 0.0211268 -0.0231267 3.35019e-05 0.0301255 0.000372556 7.68544e-06 -0.0290844 -0.0017351 -1.035e-05 0.000896141 0.00171903 0.22671 0.067446 0.00963585 -0.000335562 -0.026098 3.43801e-05 -0.0169028 -0.128684 -0.0426241 -0.130937 0.121199 0.000550841 0.111412 7.19949e-05 -0.00057358 0.00139265 5.86202e-06 -0.000447432 2.38851e-05 -0.000654322 -0.0826174 -2.63087e-06 -0.00023793 0.000146407 7.38399e-06 0.00141341 0.0839506 -0.000317747 2.6604e-06 -0.154589 3.91785e-06 0.000368986 -0.057859 -0.00113937 -8.44224e-06 0.0178673 4.38335e-06 -2.05189e-06 0.147701 0.023518 -0.00224499 0.00068009 -0.00018251 1.79652e-05 -0.0127682 0.000114253 -0.0003167 -1.9833e-07 0.147658 -0.0637482 -0.000501161 9.78838e-07 -4.40081e-06 -2.66331e-08 -6.13024e-06 -0.00408409 0.00181631 -4.7708e-07 1.23887e-05 0.135815 0.000161997 1.54158e-07 0.0372435 2.93699e-06 -6.55271e-07 -0.104324 -0.0986218 -0.167354 -0.00690491 -9.53116e-05 0.00112694 0.000175532 2.86993e-05 
0.00395642 -3.13123e-05 -5.87036e-05 -0.000472631 0.000640695 9.97008e-07 -0.000722831 -6.50351e-05 -0.0459324 -1.6171e-05 -9.2662e-07 0.00256939 -0.00464858 0.0189478 -7.31831e-05 -2.56657e-05 0.0119496 -0.0111377 0.000123384 0.0689511 0.000563409 6.19097e-06 -0.0311084 -0.000968161 -4.4198e-06 0.000779971 0.000836282 0.067446 0.152154 0.0120404 2.05752e-05 -0.0150492 4.13381e-05 -0.022897 -0.0749366 -0.0311416 -0.0761533 0.0280888 -0.000160824 0.0658255 -6.74518e-05 0.000419434 0.000243785 -7.35429e-06 0.000496128 4.90925e-05 -0.000343229 -0.0458755 -1.60399e-06 0.000496444 -3.87115e-05 7.75825e-08 0.00098588 0.0386276 -0.000317452 1.65034e-06 -0.112658 4.87953e-06 0.00157007 -0.0323255 -0.000615977 -5.08717e-06 -0.00377861 8.49693e-06 -4.3528e-07 0.0934837 0.0139831 -0.00103544 -4.77375e-05 0.000193444 9.36635e-05 -0.00768525 -5.27444e-05 -3.32731e-05 1.54388e-06 0.102154 -0.0337983 -0.000203355 -2.23389e-05 -0.000231958 -1.43517e-08 -3.05338e-06 0.013434 0.00103462 -2.57082e-07 -3.37027e-06 0.0794534 -4.10303e-05 -1.33271e-07 -0.00412402 -4.95103e-07 1.18275e-06 -0.0567553 -0.0577511 -0.0966814 -0.0291905 2.84045e-05 -0.000875545 -3.08424e-05 0.0185007 
-7.76334e-05 1.05624e-06 -4.88233e-06 -5.68426e-05 -4.95361e-05 -1.9047e-06 -0.000275762 -7.08922e-06 -0.00364479 -1.32398e-06 -7.34145e-08 0.000821399 -0.000407088 0.0015967 -5.84597e-06 -5.78504e-06 0.00103493 -0.00058703 -2.02524e-05 0.0104367 -3.394e-06 8.27716e-06 -0.0120414 -2.75886e-05 -6.29585e-07 1.11348e-06 3.49843e-05 0.00963585 0.0120404 0.0146112 -8.99348e-06 -0.00122065 3.51366e-05 -0.0102851 -0.00604606 -0.00262751 -0.00670265 -0.0043665 -1.15936e-05 0.00504814 -9.5041e-06 -5.24079e-05 1.20438e-05 -5.46829e-07 0.000199414 8.76404e-06 -2.80375e-05 -0.00355012 -1.81484e-07 -2.47644e-05 2.47935e-05 2.19706e-07 1.4574e-05 0.00963294 -3.04976e-05 -6.42475e-08 -0.00937025 5.9143e-06 8.34702e-05 -0.00272004 -6.34485e-05 -3.70299e-07 -0.000510563 3.39131e-06 -9.81331e-08 0.00744875 -0.000539982 -9.73841e-05 2.49612e-05 6.92843e-05 -9.53091e-06 -0.000609311 -4.28528e-06 -1.3932e-05 1.32974e-06 0.00885916 -0.0128594 -2.60052e-05 -1.9241e-06 -1.90411e-05 -1.13706e-09 -2.61721e-07 0.0101524 2.62813e-05 -2.03682e-08 -2.81546e-07 0.00641548 -2.56319e-06 -1.31998e-08 0.000794485 -1.77876e-07 -3.25298e-08 -0.0047487 -0.00457662 -0.00764479 -0.00239202 -4.85596e-06 -9.04102e-05 2.47386e-05 -0.000617977 
2.87871e-06 4.00568e-06 -3.8244e-07 6.49544e-06 -5.78242e-06 -2.22568e-07 -2.40915e-06 -5.55309e-07 5.9034e-05 8.89624e-07 -5.75066e-09 -6.42014e-06 -3.01088e-05 -0.00061957 -4.79334e-07 1.41561e-05 -3.61327e-05 5.61723e-05 7.28683e-07 7.92013e-05 0.000115181 -1.4061e-08 5.60405e-05 -1.66373e-05 1.39402e-06 -2.7745e-06 -3.16295e-06 -0.000335562 2.05752e-05 -8.99348e-06 0.0011604 -9.48038e-05 -6.6851e-08 -0.000554272 5.28182e-05 -3.24987e-05 0.000113592 -0.000348534 -1.1528e-06 -0.000394899 1.68008e-05 0.000253456 -2.66167e-06 2.28351e-06 0.000109059 -7.80154e-08 -5.49548e-07 0.000639697 6.72451e-07 5.2005e-07 -4.73367e-07 -3.13556e-08 -2.55851e-06 -0.000242276 1.49213e-05 -5.29371e-09 0.000267598 -6.97437e-09 0.000122164 0.000464009 -3.73557e-06 3.98e-07 -4.01441e-05 -2.96634e-08 -7.68691e-09 -0.000381675 -5.67976e-05 0.000130853 -1.22475e-06 7.40661e-06 -5.10687e-07 2.51818e-05 -3.35672e-07 -1.10176e-06 -2.89276e-09 -0.000244329 -0.000128243 8.7843e-05 -1.50718e-07 -1.4519e-06 -8.90675e-11 3.9499e-08 -0.000111098 -3.4564e-06 -1.59547e-09 -2.20539e-08 -0.000311362 -2.9086e-07 -1.03396e-09 -7.01767e-05 -1.39333e-08 -2.54811e-09 -0.000330494 0.000102976 2.96867e-05 3.45712e-05 2.2244e-06 -7.32375e-06 -4.27799e-07 0.000382566 
-0.000488115 -1.58922e-05 -1.93374e-05 -0.000417198 -0.000700102 -1.57679e-05 0.00339093 -2.22409e-05 -0.0199841 -7.34731e-06 -2.34073e-07 -0.000487105 -0.00225557 0.0112569 0.000326458 0.000175101 0.00615962 0.00132403 -0.000308816 -0.0119863 -6.29184e-05 -9.96157e-07 0.00443844 0.000255706 -3.47382e-06 -0.000188311 -0.000222573 -0.026098 -0.0150492 -0.00122065 -9.48038e-05 0.0755304 -4.73607e-06 0.0245037 0.0469028 -0.0146532 0.0316867 -0.0238068 -8.10004e-05 -0.0457848 -7.86606e-05 0.000582993 -0.00018707 -3.29355e-06 -0.0002048 -5.37368e-06 -8.48846e-05 -0.0201663 -1.00713e-06 -0.000148639 -3.24357e-05 -2.2214e-06 -0.000181258 -0.0172105 -0.00019332 -3.75034e-07 0.0280542 -4.94101e-07 -0.00022486 -0.0135478 -0.000274005 -2.73936e-06 -0.00284394 -2.10151e-06 -3.67914e-07 -0.0294454 -0.00682271 0.000372635 -8.54344e-05 -0.000955533 -4.58964e-05 -0.00316582 -2.37541e-05 -3.69245e-05 -2.04938e-07 -0.0324065 0.00857228 -0.000138727 3.13657e-05 -9.35897e-05 -6.31e-09 -9.19065e-07 -0.016688 -0.000232836 -1.13031e-07 -1.56241e-06 -0.0449426 -1.96627e-05 6.7491e-09 -0.005398 -9.73771e-07 -1.80521e-07 0.053841 0.0471575 0.0326705 -0.0132782 -1.52976e-05 -0.000517649 -2.92008e-05 -0.00351148 
