2.04896e-05 -1.76461e-08 1.6596e-07 -1.0928e-12 1.42025e-06 -9.14373e-09 -4.5761e-12 -6.23103e-06 2.4393e-06 -3.0038e-07 -8.59474e-06 7.58476e-06 6.20166e-06 -9.49489e-07 8.05398e-07 1.86425e-08 -1.52037e-08 -7.52306e-06 -3.3706e-10 -7.07012e-06 -2.23724e-08 -6.85525e-07 3.43458e-07 1.39407e-06 -3.34163e-06 -2.22641e-06 -1.4511e-09 -7.50132e-06 3.18316e-06 8.11768e-08 -5.23015e-07 8.31408e-06 -9.37076e-11 -1.18944e-08 1.81097e-06 -9.05385e-10 4.30065e-07 -1.26314e-09 3.75105e-07 -3.10082e-11 2.55565e-07 -9.7751e-09 -7.60289e-06 -1.41722e-10 -9.00662e-08 -8.63324e-06 -1.26443e-06 -1.05713e-06 3.21437e-07 -1.28868e-09 -5.29367e-08 -7.48619e-08 -6.55407e-10 2.12093e-06 -3.31459e-06 -1.65969e-10 -1.57158e-10 -2.62814e-08 6.00599e-07 -1.64998e-08 4.92923e-08 -1.32607e-07 -2.27747e-07 -3.83624e-08 -1.76296e-06 1.22956e-06 -8.0092e-09 -1.08131e-07 -6.18756e-09 -2.49322e-09 6.15336e-06 -1.0456e-09 1.70558e-06 3.7175e-07 -2.94537e-09 -8.1958e-09 -3.39629e-09 -4.11117e-07 -8.51018e-11 7.38152e-07 -2.732e-13 -7.75295e-08 -1.26444e-09 -4.70005e-08 -3.29616e-10 -1.20621e-07 2.37589e-06 -2.12265e-06 -6.73411e-09 -5.53453e-06 -3.03566e-09 -4.59522e-10 2.24331e-06 -9.98228e-08 0 -2.9574e-06 1.7676e-06 -4.68135e-09 5.87214e-06 -1.26485e-09 
-1.76461e-08 0.000860465 2.03529e-07 5.32874e-08 0.000168837 1.22957e-05 -1.92336e-10 -0.000737414 2.71229e-05 -9.84516e-06 -0.000549812 0.00052782 0.000446062 -9.24489e-07 -3.80403e-07 0.000168949 4.31225e-09 -0.000176337 7.525e-07 -0.000778552 1.43563e-05 -0.000631078 0.00061231 0.000786781 -9.63213e-05 -0.000622287 6.5859e-05 -0.000810694 4.70813e-06 1.1722e-05 0.000352026 -0.000281177 -3.93859e-09 -4.9993e-07 -2.37667e-05 2.19461e-08 0.000543916 1.43202e-05 0.000495377 -1.30329e-09 1.45037e-05 -4.10853e-07 -0.000783242 -5.95668e-09 -3.78553e-06 -0.000162558 8.4887e-05 -0.000543478 -1.9326e-07 5.05917e-06 0.000564294 4.62868e-05 -2.75471e-08 -3.02077e-05 -0.00016021 -6.97577e-09 -6.60546e-09 -1.10462e-06 6.78704e-05 2.2865e-06 -6.61454e-06 1.80964e-05 -9.57232e-06 5.82948e-06 -0.000356063 3.05533e-08 0.000170087 0.000578004 0.00016722 6.16985e-05 -0.000269962 1.52272e-06 -1.62891e-05 4.18175e-05 8.71729e-05 3.06622e-05 1.92706e-05 0.000273839 -3.57688e-09 -2.43332e-08 -1.14828e-11 0.00056664 -5.31451e-08 -1.20213e-06 5.79479e-07 -5.10432e-06 -6.05701e-06 9.55033e-06 1.40303e-05 -0.000605089 8.75908e-06 2.07069e-06 9.5413e-06 0.000440617 0 -0.000812546 0.000154032 -1.9676e-07 -6.70407e-05 -5.31623e-08 
1.6596e-07 2.03529e-07 0.000197131 -1.05157e-11 0.000148769 6.12753e-05 -4.40346e-11 -0.000185215 2.17319e-06 -2.89048e-06 -0.000128814 0.000168622 0.000165574 -7.40739e-05 3.54615e-06 -1.79208e-06 1.06703e-06 -0.000148816 -3.24345e-09 -0.000177255 5.54716e-07 -5.5206e-05 8.69947e-05 1.43153e-05 -3.31945e-05 -0.000187327 -1.39636e-08 -0.000177846 3.51354e-06 -2.31949e-07 1.76722e-05 7.56838e-05 -9.01724e-10 1.24755e-05 1.03677e-05 -8.71229e-09 5.70469e-06 9.11785e-08 1.66887e-05 -2.98384e-10 -1.05992e-08 -9.40632e-08 -0.000168913 -1.36376e-09 -8.66684e-07 -0.000146097 -2.69658e-05 -1.76961e-05 -8.24039e-08 -1.24007e-08 7.51077e-06 -7.20376e-07 3.5036e-07 2.89748e-05 0.000101465 -1.59708e-09 -1.51229e-09 2.39771e-05 -4.64523e-06 7.37123e-06 -1.51437e-06 1.19773e-05 7.90179e-06 3.98966e-05 -4.55998e-06 -1.38347e-06 3.73963e-05 1.44896e-05 -4.63891e-07 -2.39916e-08 -4.5424e-05 -1.00616e-08 5.69425e-06 0.000159668 -2.83425e-08 -7.8866e-08 -3.26816e-08 3.45824e-05 -8.18913e-10 -1.77814e-08 -2.62893e-12 6.75412e-06 -1.21674e-08 3.44439e-06 -3.17181e-09 -1.54561e-06 7.63633e-05 -2.04257e-05 3.22187e-06 -0.000181977 2.84122e-07 -4.42187e-09 0.000122935 8.31959e-06 0 -0.000172321 0.000156471 7.24953e-07 0.000116274 -1.21713e-08 
-1.0928e-12 5.32874e-08 -1.05157e-11 5.33333e-08 -5.71975e-10 5.33095e-08 -1.19111e-14 -5.02906e-08 -9.21523e-10 -7.81859e-10 -3.48651e-08 5.10465e-08 5.18106e-08 6.20635e-11 -3.80078e-11 -6.54257e-10 -3.95737e-11 -4.46476e-08 -8.77333e-13 -5.02449e-08 -5.82331e-11 -5.29833e-08 -1.58744e-09 5.16e-08 -9.02762e-09 -5.17276e-08 -3.77707e-12 -5.03955e-08 5.21008e-08 -6.63476e-11 -1.46547e-09 -1.86261e-08 -2.43911e-13 -3.096e-11 -1.48113e-09 -2.35662e-12 -2.2817e-09 -3.28782e-12 -8.80372e-10 -8.07111e-14 -2.86702e-12 -2.54436e-11 -4.85689e-08 -3.68889e-13 -2.34433e-10 -4.55765e-08 -7.39508e-09 2.40214e-09 -2.22898e-11 -3.35431e-12 -8.05865e-10 -1.94858e-10 -1.70596e-12 -1.99313e-09 -1.92994e-08 -4.32e-13 -4.09067e-13 -6.84076e-11 -1.25651e-09 -4.29472e-11 -4.09629e-10 -3.45162e-10 -5.92801e-10 5.28257e-08 2.64724e-09 -3.74221e-10 5.33125e-08 -9.49531e-10 5.30483e-08 -6.4896e-12 -1.67366e-08 -2.7216e-12 -1.13943e-09 -5.07348e-10 -7.66649e-12 -2.13328e-11 -8.84018e-12 5.21591e-08 -2.21511e-13 -4.80978e-12 -7.11111e-16 -8.69878e-10 -3.2912e-12 -1.22337e-10 -8.57956e-13 -4.18079e-10 -3.75102e-10 -5.52504e-09 -1.75282e-11 -4.97792e-08 -7.90151e-12 -1.19609e-12 -1.78739e-09 -9.27905e-10 0 -5.09406e-08 5.24508e-08 -1.21851e-11 -4.31523e-09 -3.29227e-12 
1.42025e-06 0.000168837 0.000148769 -5.71975e-10 0.0106095 0.000167647 -2.39515e-09 -0.0098622 0.00269359 -0.000114543 -0.00680356 0.0069805 0.00666158 -0.000120767 -7.5128e-06 6.50553e-05 6.4039e-05 -0.00891718 3.56915e-07 -0.0100597 0.00086228 -0.000579659 0.00570337 0.00612081 -0.000213282 -0.00721656 -7.59511e-07 -0.00964758 0.00111 0.000703205 7.99827e-05 0.00375887 -4.90469e-08 -6.22559e-06 -0.000297833 -1.93881e-07 5.45637e-05 1.92055e-05 -7.42797e-05 -1.62298e-08 -5.76515e-07 -4.99965e-06 -0.00971626 6.59155e-07 -4.71409e-05 -0.00871883 0.0015522 0.000454269 -4.37547e-06 -6.74502e-07 -0.000155631 -3.00496e-05 -1.97087e-08 -0.000371759 0.00651633 -8.68687e-08 6.44108e-06 5.51576e-05 -0.000194085 5.4274e-05 -8.06902e-05 -5.5527e-05 -0.000119203 0.000176508 0.000531604 -7.33902e-05 0.000360791 -0.0001329 0.000258826 2.80504e-06 -0.00334954 -4.0394e-07 0.00116932 0.00725106 -1.53162e-06 -4.28971e-06 -1.58763e-06 0.00336778 -4.45426e-08 -9.67174e-07 -1.42994e-10 -0.000137509 -6.61811e-07 -3.74355e-06 -1.72522e-07 3.54139e-05 0.00549989 -0.00109477 4.28953e-05 -0.00981752 -8.22087e-08 -2.40516e-07 0.00850128 -0.000108774 0 -0.0102137 0.0102117 0.000218376 0.00612301 -4.82025e-07 
-9.14373e-09 1.22957e-05 6.12753e-05 5.33095e-08 0.000167647 0.000446054 -9.96632e-11 -0.000276661 6.52721e-07 -3.35201e-06 -0.000291528 0.000274489 0.000271789 -5.71474e-05 -3.18021e-07 1.0779e-05 3.25022e-05 -0.000262998 -7.34087e-09 -0.000259811 -4.87251e-07 -0.000201238 0.000172187 -1.80333e-06 -7.55364e-05 -0.000308561 -3.16037e-08 -0.000280168 1.32374e-05 3.72485e-06 -6.08529e-06 0.000216164 -2.04087e-09 -2.5905e-07 -7.17632e-06 1.04028e-06 5.18584e-05 1.52916e-06 8.23437e-05 -6.7533e-10 -2.39891e-08 -2.12893e-07 -0.000266178 -3.08659e-09 -1.96156e-06 -0.000377716 -4.64498e-05 1.9686e-05 1.2835e-06 -2.80664e-08 -6.74288e-06 8.60291e-06 7.16573e-06 2.55962e-06 3.15871e-05 -3.61465e-09 -3.42276e-09 2.58095e-06 -9.45685e-06 1.53065e-06 -3.10413e-06 -2.88806e-06 -4.96011e-06 9.06924e-05 2.20868e-05 3.888e-07 9.30422e-05 -6.86163e-06 2.08581e-05 2.39033e-07 1.29044e-05 8.05056e-06 -8.50725e-06 0.000276632 -6.41474e-08 1.46182e-05 -7.3968e-08 0.000147188 -1.85344e-09 -4.02446e-08 -5.95004e-12 -7.16182e-06 -2.75383e-08 0.000125216 9.61546e-08 -3.49817e-06 0.000106018 -4.62094e-05 6.89334e-06 -0.000256231 1.66722e-06 7.33254e-08 0.000183371 -7.51735e-06 0 -0.000280533 0.000204392 -1.01955e-07 0.000160723 -2.75472e-08 
-4.5761e-12 -1.92336e-10 -4.40346e-11 -1.19111e-14 -2.39515e-09 -9.96632e-11 2.23333e-07 -1.57259e-07 1.36141e-07 -3.27403e-09 4.73357e-08 1.60424e-07 1.46957e-07 2.59891e-10 -1.59158e-10 -2.7397e-09 -1.65715e-10 -1.33629e-07 -3.67383e-12 -1.57067e-07 -2.43851e-10 1.46572e-09 -6.64741e-09 -7.25838e-09 -3.78032e-08 6.72419e-09 -1.58165e-11 -1.57698e-07 1.34839e-07 -2.7783e-10 -6.13666e-09 -4.79968e-08 -1.02138e-12 -1.29645e-10 2.37978e-08 -9.86836e-12 2.04454e-08 -1.37678e-11 -3.68656e-09 -3.37978e-13 -1.20057e-11 -1.06545e-10 -1.50049e-07 -1.54472e-12 -9.81688e-10 3.24819e-08 -3.09669e-08 -1.9941e-08 1.39907e-07 -1.40462e-11 -3.37456e-09 -8.15966e-10 -7.14369e-12 1.61654e-07 -8.08162e-08 -1.809e-12 -1.71297e-12 -2.86457e-10 -5.26163e-09 -1.79841e-10 -1.71532e-09 -1.44537e-09 -2.48235e-09 -2.12574e-09 -7.2248e-08 -1.56705e-09 -8.72973e-11 -3.97616e-09 -1.19374e-09 -2.71752e-11 -4.00843e-08 -1.13967e-11 2.52286e-08 -2.12452e-09 -3.21034e-11 -8.93311e-11 -3.70182e-11 -4.917e-09 -9.27578e-13 1.33132e-08 -2.97778e-15 -3.64261e-09 -1.37819e-11 -5.12288e-10 -3.59269e-12 -1.75071e-09 -1.57074e-09 -2.31361e-08 -7.33992e-11 -1.55117e-07 -3.30876e-11 -5.00862e-12 9.18199e-09 -3.8856e-09 0 -1.43314e-07 -3.69574e-09 -5.1025e-11 2.05263e-07 -1.37864e-11 
-6.23103e-06 -0.000737414 -0.000185215 -5.02906e-08 -0.0098622 -0.000276661 -1.57259e-07 0.0537961 -0.0158412 0.00053615 0.0276106 -0.0393298 -0.0250585 0.000910437 -0.00067182 0.000341795 -6.08679e-05 0.0362922 -9.44818e-06 0.0504297 -0.000979848 0.00617478 -0.027717 -0.0240209 0.00748659 0.0256602 -6.49663e-05 0.0482923 -0.0174247 -0.000685388 -0.0174509 -0.00599561 2.60913e-07 -0.000544459 -0.0167533 -3.46391e-05 -0.0367153 -2.4123e-05 -0.0155184 -1.427e-06 -1.62765e-05 -0.00025798 0.0508677 -6.26206e-06 0.0002507 0.00382591 0.00377549 0.0318805 -0.000361327 -5.93052e-05 -0.014244 -0.000658717 -1.48618e-05 -0.0172818 -0.00618685 -3.10122e-06 -3.98909e-06 -0.000685504 0.000633914 -6.19892e-05 0.000401218 -0.000221472 7.61741e-05 -0.000398502 0.0150976 -0.000283941 -0.000365146 -0.0165625 -3.26447e-05 -8.77981e-05 0.000309377 -6.7687e-06 -0.0198165 -0.00896868 -9.83091e-05 -7.70469e-05 -0.000156207 -0.00619116 -3.76972e-06 -8.4865e-05 -1.25727e-08 -0.0153703 3.52061e-06 -0.000166579 -3.47558e-06 -0.00157314 -0.00662062 0.00578173 -8.556e-05 0.0511909 -5.33877e-05 -7.24387e-06 -0.0308055 -0.0163671 0 0.0371636 -0.00954043 -0.000208806 -0.0288154 -4.11492e-06 
2.4393e-06 2.71229e-05 2.17319e-06 -9.21523e-10 0.00269359 6.52721e-07 1.36141e-07 -0.0158412 0.01698 -0.000243541 -0.00188035 0.0114015 0.00994429 -5.60465e-05 -1.12768e-05 -0.000193278 3.28759e-05 -0.0144339 1.04658e-05 -0.0156782 0.000691924 -0.00121805 0.0114007 0.00738958 -0.00115043 -0.00549206 9.23e-07 -0.0153777 0.00730311 0.000403685 0.00580973 -0.00533633 -7.90206e-08 2.39998e-05 0.000312227 3.21932e-05 0.00842288 9.69817e-06 0.00328153 9.10518e-07 -9.28837e-07 6.07698e-06 -0.0154147 3.13049e-06 -7.58766e-05 -0.000113153 0.00027817 -0.00545128 0.000372202 -1.08671e-06 0.00247922 -1.86186e-05 5.60065e-06 0.00133475 0.00184795 1.50044e-07 1.54747e-06 -2.21622e-05 -0.000296071 3.78463e-05 -0.000105769 -0.00010076 -0.000104508 -5.35217e-05 0.000693585 0.000409739 0.000110129 0.00455318 4.12946e-05 7.47755e-06 -0.00520816 -8.11725e-07 0.00223151 0.00194145 -2.3104e-06 -1.41792e-06 -1.87398e-06 0.00461533 -7.17636e-08 -4.04904e-07 -2.30381e-10 0.00334869 -1.06626e-06 1.5586e-05 -2.77954e-07 0.00147177 0.000855764 -0.00176088 -5.67865e-06 -0.015774 2.71768e-05 1.33917e-06 0.00889831 0.00500471 0 -0.0155406 0.00242429 0.000208432 0.00756441 -8.86605e-07 
-3.0038e-07 -9.84516e-06 -2.89048e-06 -7.81859e-10 -0.000114543 -3.35201e-06 -3.27403e-09 0.00053615 -0.000243541 0.0144449 -0.00948078 -0.000575854 -0.000412462 -0.000162717 -3.4573e-06 -0.000167917 -1.08777e-05 -0.0122149 -2.41155e-07 -0.00127584 1.03167e-05 9.43384e-05 -0.00042272 0.0018942 0.00225526 0.000431907 -1.03821e-06 -0.000242883 -7.72153e-05 0.00034873 8.6173e-05 -0.00466598 5.62956e-07 -8.51004e-06 -0.000398785 2.55563e-07 7.93031e-05 -9.03731e-07 -0.00024199 -2.21852e-08 -7.88065e-07 2.66329e-05 -0.0131003 -1.01397e-07 -6.44391e-05 0.00159819 0.0122921 0.000624743 -5.98017e-06 -9.22007e-07 -0.00022151 -2.35476e-05 -1.05587e-07 -0.000466317 -0.00240647 4.01255e-07 2.06423e-06 -1.845e-05 0.0113576 -1.12983e-05 -8.69123e-05 -9.44423e-05 -0.000161848 0.00273383 0.00071755 -9.16463e-05 -4.70363e-06 -0.000259206 -2.02749e-05 8.81952e-06 -0.00442256 -4.41426e-07 -0.000156439 -0.000132516 -2.10731e-06 -4.29046e-06 -2.42992e-06 0.0097017 -6.08873e-08 -1.26874e-06 -1.95465e-10 -0.000239105 -7.7466e-07 -1.29038e-05 -2.35828e-07 0.000821655 -0.000101265 -0.00138638 -3.55801e-06 -0.00143299 5.83548e-05 -3.28772e-07 -1.36084e-07 -0.000247522 0 -0.00287508 -0.000181396 -3.34934e-06 -0.00113889 -9.04953e-07 
-8.59474e-06 -0.000549812 -0.000128814 -3.48651e-08 -0.00680356 -0.000291528 4.73357e-08 0.0276106 -0.00188035 -0.00948078 0.22637 -0.0189032 -0.00967371 0.000697762 -0.000449962 -0.00551478 -2.09182e-06 0.0312941 -8.72371e-06 0.0283768 -0.000707375 0.00428917 -0.0146858 -0.0199178 0.0401393 0.0174978 -4.26298e-05 0.0259264 -0.00686416 -0.00076807 -0.0142687 -0.176282 -2.85635e-06 -0.000320302 -0.0164705 5.22426e-06 -0.023161 -7.3597e-06 -0.0100926 -5.26307e-08 -2.08185e-05 -0.000211762 0.0398672 -4.27157e-06 -0.0019842 0.0882327 0.0142191 0.0200534 0.000115458 -4.11147e-05 -0.00987621 -0.000926178 -8.80701e-06 -0.0130146 0.0734012 -3.72514e-06 -5.01404e-06 -0.000805081 -0.0132034 0.000144481 0.00180367 0.00149152 0.00191573 -0.00169931 0.00682624 0.00124248 -0.000255529 -0.0114077 -0.0020166 -6.74981e-05 -0.176241 -2.9906e-05 -0.0109399 -0.00482732 -6.06735e-05 -0.000196055 -0.000108356 -0.00890342 -2.71512e-06 -5.7018e-05 -8.71628e-09 -0.0106558 2.16223e-06 -0.000615565 -7.61285e-06 0.000430667 -0.00361226 -0.0468101 -0.000212704 0.0282472 -8.16642e-05 1.75889e-07 -0.0148753 -0.0110172 0 0.019378 -0.0107819 -0.000143802 -0.00651977 -3.90275e-05 
7.58476e-06 0.00052782 0.000168622 5.10465e-08 0.0069805 0.000274489 1.60424e-07 -0.0393298 0.0114015 -0.000575854 -0.0189032 0.0410396 0.0257423 -0.00034491 0.000538476 -0.00041326 2.68741e-05 -0.0311258 1.18465e-06 -0.0392243 -6.13737e-06 -0.00564727 0.0157244 0.0105746 -0.00706277 -0.0157312 9.7667e-06 -0.0365527 0.0158706 1.49155e-05 0.00681037 0.010878 -1.96096e-07 9.54426e-05 0.0163203 3.29087e-05 0.0272432 2.50134e-05 0.00710934 1.44844e-06 1.6925e-05 0.000156571 -0.0383575 -2.89907e-07 -0.000188336 -0.00408391 -0.00585114 -0.0218685 0.00037481 4.34199e-05 0.0048926 -0.000124122 1.70418e-05 0.016854 -0.0023468 -3.47313e-07 4.51125e-07 9.4086e-05 -0.000920205 6.62953e-05 -0.000319234 -0.000252372 -0.000472341 -0.000117949 -0.0138949 0.000161366 0.000201656 0.00723673 -0.000103478 2.84259e-06 0.00405504 -2.18807e-06 0.0189373 0.00906304 8.84308e-06 -1.16808e-05 -6.8772e-06 0.00383483 1.58579e-07 7.20831e-05 -5.71709e-10 0.00588611 -2.64601e-06 0.000122088 -6.89767e-07 0.000895032 0.00669223 -0.00419407 4.4878e-05 -0.0377746 8.03413e-06 1.33839e-06 0.0282945 0.00705561 0 -0.0240305 0.00698703 -8.98304e-06 0.0303566 -2.08687e-06 
6.20166e-06 0.000446062 0.000165574 5.18106e-08 0.00666158 0.000271789 1.46957e-07 -0.0250585 0.00994429 -0.000412462 -0.00967371 0.0257423 0.0277355 -0.000105379 0.00018454 -0.000294487 3.39185e-05 -0.0185788 1.46034e-06 -0.0258095 1.32305e-06 -0.00439671 0.013553 0.00829555 -0.00467207 -0.0134176 4.94471e-06 -0.0258747 0.00782366 2.17858e-05 0.00525463 0.00364929 -1.30572e-07 2.80563e-05 0.00467689 1.69784e-05 0.0134487 2.60566e-05 0.00593279 1.14346e-06 1.45285e-05 -7.90571e-07 -0.0243492 -1.90809e-07 -0.000125424 -0.005401 -0.0039532 -0.00991237 0.000365918 4.92777e-05 0.00332103 -9.10821e-05 1.33801e-05 0.00549274 0.000126121 -2.3126e-07 5.61016e-07 2.74597e-05 -0.000624553 6.83826e-05 -0.000215505 -0.000182577 -0.000317341 -0.000140946 -0.00315861 0.00011832 0.000218907 0.00536231 1.62808e-05 4.33262e-06 -0.00263922 -1.45694e-06 0.00684229 0.00863195 3.1726e-06 -1.12733e-05 -1.61903e-06 0.00329366 -1.1858e-07 3.31052e-05 -3.80676e-10 0.00413825 -1.76186e-06 0.000104343 -4.59285e-07 0.000797862 0.00650443 -0.00282591 1.48767e-05 -0.0241481 7.16012e-06 1.6597e-06 0.0172854 0.00516815 0 -0.0211624 0.00668896 3.39036e-06 0.0189147 -1.76243e-06 
-9.49489e-07 -9.24489e-07 -7.40739e-05 6.20635e-11 -0.000120767 -5.71474e-05 2.59891e-10 0.000910437 -5.60465e-05 -0.000162717 0.000697762 -0.00034491 -0.000105379 0.00116234 -7.84974e-05 -1.22013e-05 -1.87365e-05 0.000971942 -4.53752e-06 0.000278606 -2.57461e-05 2.86528e-05 -3.396e-05 -6.67265e-05 5.91887e-05 0.000593057 -6.75875e-08 0.000290619 -3.2298e-05 1.44765e-06 -5.31305e-07 -0.000534623 -1.47468e-06 -0.000466474 -0.00074511 -1.89619e-05 -0.000131462 7.17376e-08 -3.70099e-06 -6.49056e-08 -5.87444e-07 -1.44482e-05 0.000482284 8.04886e-09 5.11514e-06 1.03615e-05 -3.3512e-05 0.000731167 -2.96699e-06 7.31883e-08 1.52733e-05 -2.14017e-05 -5.73611e-06 -0.000731365 0.000252447 9.42589e-09 -6.11074e-07 -0.000635561 -9.81474e-05 -4.52626e-06 8.5011e-06 -0.000538122 -0.000529626 -0.000123464 0.000719219 -2.88147e-06 -1.84851e-05 2.72799e-06 6.18336e-06 -2.04084e-05 -0.000398819 -1.47106e-05 -0.000709748 -0.000135333 -7.0939e-07 -2.69745e-05 -1.86711e-06 -0.000226533 -3.7685e-06 -3.49184e-05 1.55159e-11 5.22003e-06 7.18113e-08 -6.05874e-05 -1.14879e-05 -0.000131911 -0.000101682 9.8362e-05 -6.08775e-05 0.000972044 -6.15709e-05 -4.30569e-07 -0.000282184 -2.55739e-05 0 0.000282999 -0.000126273 -1.49308e-05 -0.000270499 -4.85817e-06 
8.05398e-07 -3.80403e-07 3.54615e-06 -3.80078e-11 -7.5128e-06 -3.18021e-07 -1.59158e-10 -0.00067182 -1.12768e-05 -3.4573e-06 -0.000449962 0.000538476 0.00018454 -7.84974e-05 0.000712139 -5.77227e-06 -4.55455e-07 -0.000472121 -1.1723e-08 -0.000633732 -7.78118e-07 3.04372e-06 0.000105635 0.000104705 -0.000118075 -0.00011159 -5.04696e-08 -0.000607224 -4.84875e-06 1.6789e-08 0.000131115 0.000335216 -3.25917e-09 2.2363e-05 0.000562169 -3.14895e-08 0.000642712 -4.39323e-08 -4.03698e-06 6.55882e-08 -3.83095e-08 7.43335e-06 -0.00064053 -4.92914e-09 -3.13252e-06 0.000100978 -9.74874e-05 -0.000576882 -2.97839e-07 -4.48207e-08 0.000115819 1.63296e-06 -2.27952e-08 0.000555728 -0.000141551 1.11089e-06 -5.466e-09 5.21959e-05 -1.27463e-05 1.3928e-06 -5.47351e-06 9.63456e-06 -6.44774e-06 -5.25315e-06 -0.000664457 -4.90705e-06 -2.78562e-07 0.000113852 -3.80916e-06 -4.00482e-08 0.000359997 -3.63664e-08 0.000679248 -5.52924e-06 -1.02441e-07 -2.85052e-07 -1.01457e-07 -1.56899e-05 -2.95986e-09 2.33491e-05 -9.50196e-12 0.000114917 -4.39774e-08 -1.63469e-06 -1.14641e-08 -5.36643e-06 -5.01216e-06 -6.2923e-05 1.52453e-07 -0.000663705 -1.05581e-07 -1.59823e-08 0.000100883 0.000114141 0 -0.000107851 -9.68293e-06 -1.62818e-07 0.000524703 -4.39917e-08 
1.86425e-08 0.000168949 -1.79208e-06 -6.54257e-10 6.50553e-05 1.0779e-05 -2.7397e-09 0.000341795 -0.000193278 -0.000167917 -0.00551478 -0.00041326 -0.000294487 -1.22013e-05 -5.77227e-06 0.0121168 -7.61577e-06 -0.00464277 6.7782e-06 0.000421231 -7.27099e-06 7.42964e-05 -0.000300925 -8.29107e-05 -0.00200329 0.000312585 -8.68772e-07 8.27089e-05 -0.000268106 -6.77743e-06 0.000180374 0.00574662 7.00564e-07 -7.12118e-06 0.000222032 3.62461e-06 -0.000511543 -1.69573e-07 -0.000186647 -1.85646e-08 -2.26117e-07 -5.63233e-06 0.000380148 -8.4849e-08 -5.38891e-05 -0.00562696 -0.000799381 0.00029097 1.21997e-05 -7.71533e-07 -0.000182469 0.0003334 -4.57242e-08 1.77714e-05 -0.00409598 -9.93653e-08 -9.40904e-08 2.07873e-06 -0.000181162 -8.07839e-06 -8.94597e-05 -7.54483e-05 -5.69615e-05 -4.16369e-05 0.000489315 -7.45021e-05 0.000102088 -0.000217917 8.355e-05 1.73273e-05 0.0059636 2.75307e-05 -0.000233704 -9.57963e-05 -1.59339e-06 0.000240647 -2.03335e-06 0.000181281 -5.09503e-08 2.23692e-07 -1.63564e-10 -0.000197086 2.79298e-06 0.000239458 1.4276e-05 1.37333e-05 -7.59715e-05 -0.000949495 -2.41503e-06 0.000648976 1.80192e-05 1.08149e-05 -0.000297691 -0.00021343 0 9.11297e-05 5.30493e-05 -2.76938e-06 -0.00077564 -7.57262e-07 
-1.52037e-08 4.31225e-09 1.06703e-06 -3.95737e-11 6.4039e-05 3.25022e-05 -1.65715e-10 -6.08679e-05 3.28759e-05 -1.08777e-05 -2.09182e-06 2.68741e-05 3.39185e-05 -1.87365e-05 -4.55455e-07 -7.61577e-06 0.000741456 -0.000266826 -1.2206e-08 -4.21614e-05 1.32498e-05 -6.50269e-05 4.51178e-05 4.18796e-06 -0.000109445 -0.000342903 -5.25489e-08 -3.6277e-05 -1.27272e-05 1.81469e-05 -1.07785e-05 -8.69547e-05 -3.39344e-09 -4.30735e-07 -1.60641e-06 5.00547e-07 -1.82878e-05 7.94258e-07 -7.14829e-06 -1.1229e-09 -3.98878e-08 2.13268e-06 -2.01274e-05 -5.13221e-09 -2.86824e-06 -0.000124072 -9.5155e-05 -0.00011475 -3.10109e-07 -4.66673e-08 -8.49837e-06 -2.13098e-06 -2.37343e-08 5.8737e-05 0.000359785 -6.01025e-09 4.76421e-08 4.54827e-06 -1.73113e-05 1.07858e-05 -5.50568e-06 5.91079e-05 0.000120099 6.58739e-06 -0.000136483 1.2736e-06 4.99766e-05 -8.20047e-06 3.43724e-06 4.56379e-07 -2.71061e-05 5.48802e-07 -5.6125e-06 4.46415e-05 -1.06661e-07 2.49871e-07 -1.2299e-07 5.2267e-05 -3.0818e-09 -6.69166e-08 -9.89342e-12 -2.35895e-06 -4.57892e-08 2.9808e-05 5.3473e-07 -5.27324e-06 2.08134e-06 -7.50245e-05 -2.2053e-07 -4.33056e-05 -1.09931e-07 -1.66407e-08 -1.36472e-05 -2.25293e-06 0 -4.74105e-05 7.20045e-05 7.51047e-06 -4.17895e-05 -4.58041e-08 
-7.52306e-06 -0.000176337 -0.000148816 -4.46476e-08 -0.00891718 -0.000262998 -1.33629e-07 0.0362922 -0.0144339 -0.0122149 0.0312941 -0.0311258 -0.0185788 0.000971942 -0.000472121 -0.00464277 -0.000266826 0.136335 -1.20477e-05 0.0363953 -0.000778278 0.00136533 -0.0132333 -0.0155612 0.00367743 0.0113814 8.21353e-06 0.0338934 -0.0182263 -0.00103892 -0.00998384 -0.00577153 -3.0652e-06 -0.000483842 -0.0225485 -3.15039e-05 -0.0241569 -3.21237e-05 -0.0033379 -1.26688e-06 -1.95535e-06 -0.00036639 0.0588597 -5.63357e-06 0.000712723 0.000830643 -0.046989 0.0211035 -0.00034853 1.02426e-05 -0.00143466 -0.00275083 -2.56807e-05 -0.0267022 -0.021574 -1.71419e-06 -6.42089e-06 -0.000926469 -0.0179348 1.19722e-05 -0.00208336 -0.001543 -0.00816676 -0.00702162 0.012908 -0.00248095 -0.000324959 -0.00333081 0.000312602 -4.24002e-05 0.00203555 -2.54261e-05 -0.0175202 -0.00789422 1.92868e-05 -0.000222582 2.31341e-05 -0.0170721 -3.33027e-06 -7.54964e-05 -1.11619e-08 -0.00233097 -1.26601e-05 -0.00161577 -1.18535e-05 -0.00524178 -0.00586656 0.0148156 -4.86599e-05 0.0428171 -0.000118272 -1.8121e-05 -0.0263755 -0.00389993 0 0.0252146 -0.00866578 -0.000189652 -0.0235694 7.26493e-07 
-3.3706e-10 7.525e-07 -3.24345e-09 -8.77333e-13 3.56915e-07 -7.34087e-09 -3.67383e-12 -9.44818e-06 1.04658e-05 -2.41155e-07 -8.72371e-06 1.18465e-06 1.46034e-06 -4.53752e-06 -1.1723e-08 6.7782e-06 -1.2206e-08 -1.20477e-05 1.64497e-05 -1.05841e-05 1.03537e-06 -2.20396e-08 1.36037e-06 1.0302e-05 4.5221e-07 -4.71385e-07 -1.16499e-09 -7.86386e-06 -1.68143e-08 -2.04641e-08 1.0368e-05 -1.71499e-06 -7.52313e-11 -9.54922e-09 -3.33503e-07 2.59398e-08 9.99571e-07 -1.01409e-09 -1.88206e-07 -2.48943e-11 5.2449e-08 -7.84775e-09 -1.06538e-05 -1.13779e-10 -7.23079e-08 5.19174e-07 5.11241e-06 -8.34242e-06 -6.875e-09 -1.0346e-09 -1.52257e-08 6.86565e-07 -5.26181e-10 -5.34757e-07 -3.99933e-06 -1.33245e-10 -1.26172e-10 -2.10995e-08 3.39911e-06 -1.32465e-08 -1.26345e-07 4.16872e-07 3.71581e-08 -4.99087e-08 -2.00016e-06 -1.15424e-07 -6.43003e-09 6.03046e-06 -8.79267e-08 1.13317e-08 -1.13218e-06 -8.39444e-10 -3.51444e-07 -1.56485e-07 -2.36463e-09 1.18009e-06 -2.72664e-09 5.71783e-06 -6.83223e-11 -1.48352e-09 -2.19333e-13 6.8503e-07 -1.01513e-09 -3.77334e-08 -2.64626e-10 9.48105e-06 -1.15696e-07 -1.6108e-06 -5.40635e-09 -1.04404e-05 5.8809e-06 -3.68919e-10 -2.01297e-07 6.2538e-06 0 -1.1362e-05 -2.05549e-07 -3.75833e-09 4.92355e-07 -1.01546e-09 
-7.07012e-06 -0.000778552 -0.000177255 -5.02449e-08 -0.0100597 -0.000259811 -1.57067e-07 0.0504297 -0.0156782 -0.00127584 0.0283768 -0.0392243 -0.0258095 0.000278606 -0.000633732 0.000421231 -4.21614e-05 0.0363953 -1.05841e-05 0.0545553 -0.0010208 0.00613997 -0.0270597 -0.0258126 0.00450311 0.0244768 -6.44156e-05 0.0486445 -0.0169057 -0.00105702 -0.0167588 -0.00521668 -3.15164e-07 -9.92473e-05 -0.0152247 -1.98479e-05 -0.0367149 -2.40701e-05 -0.0148206 -1.4257e-06 -1.62904e-05 -0.00028994 0.051749 -6.25613e-06 0.000254091 0.00492938 0.00142328 0.029751 -0.000361825 -5.79946e-05 -0.0136197 0.000141221 -2.52577e-05 -0.0157642 -0.0067178 -2.21427e-06 -6.63251e-06 -4.00138e-05 -0.00131554 -6.11284e-05 0.00042392 0.000315833 0.000635962 -0.00118562 0.0133938 -1.36538e-06 -0.000367424 -0.0160919 -8.07028e-05 -7.5807e-05 0.00126009 2.81175e-06 -0.0185766 -0.00895452 -9.45658e-05 -5.21704e-05 -0.000156155 -0.00686481 -9.61526e-08 -6.10443e-05 7.72116e-10 -0.0147352 3.57355e-06 -9.63142e-05 9.31558e-07 -0.00180781 -0.00660843 0.00563628 -4.77814e-05 0.0516633 -8.56006e-05 -1.2413e-06 -0.030584 -0.0157969 0 0.0382431 -0.00977026 -0.000208633 -0.0286989 -2.47196e-06 
-2.23724e-08 1.43563e-05 5.54716e-07 -5.82331e-11 0.00086228 -4.87251e-07 -2.43851e-10 -0.000979848 0.000691924 1.03167e-05 -0.000707375 -6.13737e-06 1.32305e-06 -2.57461e-05 -7.78118e-07 -7.27099e-06 1.32498e-05 -0.000778278 1.03537e-06 -0.0010208 0.00109068 -0.000366241 0.00100593 0.00104978 0.000710905 -0.000201882 5.66007e-07 -0.000891755 -1.18523e-05 9.29503e-06 9.77181e-05 -0.000378084 1.0834e-07 -6.33831e-07 -2.99692e-05 1.95087e-07 0.000129714 -6.73101e-08 9.18265e-05 -1.65236e-09 -5.86953e-08 -4.14228e-07 -0.00099325 -7.5521e-09 -4.79944e-06 -0.000751484 0.000542084 -0.000117865 -4.56329e-07 1.258e-06 0.000133762 -2.84923e-06 -8.25862e-09 -4.01079e-05 0.000608765 -8.84415e-09 3.71625e-07 -1.40048e-06 -8.10727e-06 -8.79239e-07 -8.38615e-06 -7.06636e-06 -1.21361e-05 0.000102834 -5.89542e-05 -2.81793e-06 5.63099e-05 0.000163807 8.95839e-05 -1.32859e-07 -0.00034163 -5.57181e-08 -2.10838e-05 -1.02434e-05 1.65797e-05 5.18299e-05 9.15057e-05 0.000845558 -4.5349e-09 -9.84685e-08 -1.45583e-11 0.000177881 -6.73793e-08 -2.50456e-06 -1.75645e-08 -2.52582e-06 -6.64264e-06 -0.000113112 1.12812e-05 -0.00101211 7.59157e-06 -2.4487e-08 0.000142191 0.00017162 0 -0.00103989 0.000839485 0.000218041 -8.56005e-05 -6.74011e-08 
-6.85525e-07 -0.000631078 -5.5206e-05 -5.29833e-08 -0.000579659 -0.000201238 1.46572e-09 0.00617478 -0.00121805 9.43384e-05 0.00428917 -0.00564727 -0.00439671 2.86528e-05 3.04372e-06 7.42964e-05 -6.50269e-05 0.00136533 -2.20396e-08 0.00613997 -0.000366241 0.00651987 -0.00631727 -0.00596775 0.000872518 0.00617167 -5.82085e-05 0.00607091 0.000127455 -4.13223e-05 -0.0040963 0.00188982 3.00145e-08 2.08645e-06 0.000180454 -1.31334e-06 -0.00561517 -2.08954e-05 -0.00574285 9.93192e-09 -1.90239e-05 2.66429e-06 0.00597118 -7.79397e-08 2.88482e-05 0.000223815 0.000832813 0.00438899 2.74287e-06 -6.15439e-05 -0.00502138 2.38982e-05 -5.81674e-06 0.000238519 -0.00117877 4.64931e-08 -1.91966e-06 -1.77209e-06 0.000132786 -3.95851e-05 4.24936e-05 2.30173e-05 7.29471e-05 -2.72389e-05 0.00048393 4.29965e-05 -0.000255861 -0.00563425 -0.00015735 -5.16914e-05 0.0020526 3.34907e-07 0.000118033 -0.000470365 -9.06266e-05 -6.52816e-05 -0.000132209 -0.000749057 2.72581e-08 5.55201e-07 8.75059e-11 -0.00557465 4.04999e-07 -0.000101116 1.05576e-07 4.67334e-05 -0.000191082 0.000634698 -2.06931e-05 0.00611061 -1.11012e-07 7.38515e-08 -0.00118222 -0.00505075 0 0.00626003 -0.000613689 -0.000193871 0.000173921 8.51303e-08 
3.43458e-07 0.00061231 8.69947e-05 -1.58744e-09 0.00570337 0.000172187 -6.64741e-09 -0.027717 0.0114007 -0.00042272 -0.0146858 0.0157244 0.013553 -3.396e-05 0.000105635 -0.000300925 4.51178e-05 -0.0132333 1.36037e-06 -0.0270597 0.00100593 -0.00631727 0.0288786 0.0207908 -0.00331246 -0.0221476 6.13154e-05 -0.0277395 0.00287589 0.000273859 0.0167809 -0.00603308 -1.36123e-07 7.80502e-06 -0.000688357 8.5148e-06 0.0204939 2.58251e-05 0.0157854 -4.50437e-08 1.77766e-05 -1.39497e-05 -0.0268716 6.06413e-06 -0.000130834 -0.0023877 -0.00156942 -0.0155289 -6.82927e-07 6.10213e-05 0.0146501 0.000169596 8.06126e-06 -0.000986188 0.010906 2.76891e-06 2.73837e-06 -1.09973e-05 -0.000436532 6.39351e-05 -0.000213805 -0.000157537 -0.000330833 -0.000112013 -0.000123017 3.94995e-05 0.000229146 0.0169598 7.03659e-05 5.39916e-05 -0.00919632 -1.51888e-06 0.000690439 0.00488298 0.000100705 5.76045e-05 0.00016082 0.00457014 -1.23622e-07 -1.89427e-06 -3.96861e-10 0.0158058 -1.83677e-06 0.000115879 -4.78812e-07 0.000160223 0.00224899 -0.00302264 1.62211e-05 -0.0274683 -9.36382e-07 2.59147e-07 0.0113244 0.0166418 0 -0.0279671 0.00540644 0.000208883 0.00619965 8.69302e-07 
1.39407e-06 0.000786781 1.43153e-05 5.16e-08 0.00612081 -1.80333e-06 -7.25838e-09 -0.0240209 0.00738958 0.0018942 -0.0199178 0.0105746 0.00829555 -6.67265e-05 0.000104705 -8.29107e-05 4.18796e-06 -0.0155612 1.0302e-05 -0.0258126 0.00104978 -0.00596775 0.0207908 0.0314439 0.000486545 -0.0204793 6.37583e-05 -0.0255168 0.00122767 0.00106625 0.0182453 -0.00689105 4.24699e-07 -1.27164e-05 -0.000895353 1.33059e-06 0.0189535 -1.3302e-06 0.0143135 6.97483e-07 1.76296e-05 3.96252e-05 -0.0291946 6.43187e-06 -0.000142858 -0.00263495 0.00570231 -0.0142532 -8.02292e-06 6.08493e-05 0.0146009 0.00114844 1.22338e-05 -0.0012008 0.0147959 2.76675e-06 6.10072e-06 -2.27795e-05 0.00500062 -1.33378e-05 -0.000214409 -0.000167908 -0.000360997 0.00185943 3.33002e-05 -4.58824e-05 0.00022204 0.0167165 0.000147337 7.75954e-05 -0.010114 -9.68486e-07 0.000166457 0.0030491 0.000102158 7.71469e-05 0.000160366 0.00411913 -1.34984e-07 -7.17644e-07 1.29e-08 0.0157573 -2.00559e-06 4.49168e-05 -5.2282e-07 0.00101838 0.00257453 -0.00326891 2.60754e-05 -0.0274896 7.82517e-05 -1.12205e-07 0.00733318 0.0162585 0 -0.0268074 0.00568497 0.000214495 0.00121709 2.17095e-07 
-3.34163e-06 -9.63213e-05 -3.31945e-05 -9.02762e-09 -0.000213282 -7.55364e-05 -3.78032e-08 0.00748659 -0.00115043 0.00225526 0.0401393 -0.00706277 -0.00467207 5.91887e-05 -0.000118075 -0.00200329 -0.000109445 0.00367743 4.5221e-07 0.00450311 0.000710905 0.000872518 -0.00331246 0.000486545 0.140616 0.00499043 -1.01509e-05 0.00583168 -0.00356897 0.000395178 -0.00201195 -0.0526419 -1.94118e-07 -9.81767e-05 -0.00456141 -6.83605e-06 -0.00556591 -8.9748e-06 -0.00276281 -2.19492e-07 -7.50594e-06 2.93279e-05 0.00335013 -1.12744e-06 -0.00072952 0.0190397 -0.00276295 0.00701413 -6.05627e-05 -1.06458e-05 -0.00252906 -0.00047113 5.19235e-06 -0.00564639 -0.0425122 -9.3107e-07 4.92505e-06 -0.000214924 0.00145584 -0.000134648 -0.00113352 -0.000672737 -0.00181455 0.0021686 0.00420684 -0.0011699 -2.40673e-05 -0.0029273 -0.000727299 -6.65651e-06 -0.0477188 -8.56441e-06 -0.0035261 -0.0016061 -1.3485e-05 -6.32955e-05 -1.745e-05 -0.000320702 -7.03026e-07 -1.52118e-05 -2.2569e-09 -0.00270516 -1.04455e-05 -0.000383878 -2.58629e-06 -5.70114e-05 -0.00118716 -0.0170266 -5.27471e-05 0.000534145 5.46991e-05 -3.79611e-06 -0.00532917 -0.0028515 0 0.00119227 -0.00140471 0.000151587 -0.0132713 -1.04489e-05 
-2.22641e-06 -0.000622287 -0.000187327 -5.17276e-08 -0.00721656 -0.000308561 6.72419e-09 0.0256602 -0.00549206 0.000431907 0.0174978 -0.0157312 -0.0134176 0.000593057 -0.00011159 0.000312585 -0.000342903 0.0113814 -4.71385e-07 0.0244768 -0.000201882 0.00617167 -0.0221476 -0.0204793 0.00499043 0.0292018 -6.38744e-05 0.0253351 0.000553851 -4.37381e-05 -0.0161395 0.000749476 -3.98971e-07 -0.000421679 0.000277804 -1.36628e-06 -0.0182632 -2.88906e-05 -0.0154059 -1.74436e-07 -1.83315e-05 1.38803e-05 0.0243246 -6.31508e-06 6.63613e-05 0.00494593 0.00375208 0.0149672 9.4266e-06 -6.09997e-05 -0.0146411 -0.0002047 -1.27469e-05 0.000618175 -0.0141475 -2.76612e-06 -8.82403e-07 -0.000499205 0.000497904 -6.49916e-05 6.47818e-06 -0.00114714 -0.000246959 8.67886e-05 0.000659944 4.53593e-05 -0.000256441 -0.0168792 -1.33117e-05 -6.06731e-05 0.00808415 -9.91691e-06 -0.00201636 -0.00797947 -0.000107925 -7.61936e-05 -0.000160763 -0.00117805 -3.19828e-06 -1.4014e-06 -1.29319e-08 -0.0157822 1.38465e-06 -0.000233917 -3.97232e-06 0.000228825 -0.00600824 0.00305201 -0.000100438 0.0254068 -4.6602e-07 -7.04771e-07 -0.0108652 -0.01655 0 0.025578 -0.00754454 -5.19278e-05 -0.00640419 -6.51141e-06 
-1.4511e-09 6.5859e-05 -1.39636e-08 -3.77707e-12 -7.59511e-07 -3.16037e-08 -1.58165e-11 -6.49663e-05 9.23e-07 -1.03821e-06 -4.26298e-05 9.7667e-06 4.94471e-06 -6.75875e-08 -5.04696e-08 -8.68772e-07 -5.25489e-08 8.21353e-06 -1.16499e-09 -6.44156e-05 5.66007e-07 -5.82085e-05 6.13154e-05 6.37583e-05 -1.01509e-05 -6.38744e-05 7.0815e-05 -6.54256e-05 1.0034e-06 -4.14346e-08 -1.94596e-06 -2.35865e-05 -3.23883e-10 -4.1111e-08 -2.16756e-07 -3.1293e-09 6.55669e-05 -4.36582e-09 1.3221e-05 -1.07174e-10 -3.80705e-09 -3.37859e-08 -6.30001e-05 -4.89838e-10 -3.11298e-07 1.03001e-05 -9.78308e-06 -6.50103e-05 1.0402e-08 -4.45411e-09 6.49366e-05 -2.58747e-07 -2.2653e-09 -1.4733e-06 2.85661e-05 -5.73642e-10 -5.43189e-10 -9.08368e-08 -8.68485e-07 9.63815e-09 -4.77269e-07 1.57383e-05 -7.87165e-07 -6.74083e-07 -6.40381e-05 -1.00252e-07 -2.76824e-08 6.47458e-05 -3.78539e-07 5.14247e-05 -2.10774e-05 -3.61394e-09 1.19364e-06 -6.73694e-07 6.24698e-05 -2.83273e-08 5.84928e-07 7.07463e-07 -2.94139e-10 -6.38678e-09 -9.44267e-13 6.35849e-05 -4.3703e-09 -1.62449e-07 -1.13926e-09 -5.15157e-07 -4.98089e-07 3.06068e-05 -2.32752e-08 -6.40238e-05 -1.04922e-08 -1.58826e-09 -1.70009e-06 2.08119e-06 0 -6.48194e-05 -1.17194e-06 -1.61802e-08 -2.45009e-06 -4.37172e-09 
-7.50132e-06 -0.000810694 -0.000177846 -5.03955e-08 -0.00964758 -0.000280168 -1.57698e-07 0.0482923 -0.0153777 -0.000242883 0.0259264 -0.0365527 -0.0258747 0.000290619 -0.000607224 8.27089e-05 -3.6277e-05 0.0338934 -7.86386e-06 0.0486445 -0.000891755 0.00607091 -0.0277395 -0.0255168 0.00583168 0.0253351 -6.54256e-05 0.0520502 -0.0167286 -0.000663184 -0.0182922 -0.00333888 -2.84747e-07 -5.83501e-05 -0.0121719 -3.60093e-05 -0.0330938 -2.42642e-05 -0.0155966 -1.42997e-06 -1.64422e-05 -2.65844e-05 0.0494822 -6.27567e-06 0.00024141 0.00515394 0.00146478 0.0272567 -0.000384622 -5.94289e-05 -0.0142607 -0.00138129 -1.65847e-05 -0.0126462 -0.00764259 -2.58382e-06 -5.5075e-06 -6.1663e-05 -0.000988487 -6.3196e-05 0.000355038 0.000296609 0.000608448 -0.00133961 0.0104579 -0.000591459 -0.000367275 -0.0165802 -9.9092e-05 -9.47507e-05 0.00358244 -1.7659e-05 -0.0153093 -0.00898557 -0.000102105 -0.000123503 -0.000148223 -0.00692908 1.25451e-07 -6.2339e-05 -1.25989e-08 -0.0153697 3.39926e-06 -0.000112656 -1.35539e-05 -0.00160846 -0.00664351 0.00531491 -5.2123e-05 0.0474736 -7.55491e-05 -1.29646e-05 -0.0282568 -0.0163648 0 0.0377144 -0.00932695 -0.000131345 -0.0257011 7.73696e-07 
3.18316e-06 4.70813e-06 3.51354e-06 5.21008e-08 0.00111 1.32374e-05 1.34839e-07 -0.0174247 0.00730311 -7.72153e-05 -0.00686416 0.0158706 0.00782366 -3.2298e-05 -4.84875e-06 -0.000268106 -1.27272e-05 -0.0182263 -1.68143e-08 -0.0169057 -1.18523e-05 0.000127455 0.00287589 0.00122767 -0.00356897 0.000553851 1.0034e-06 -0.0167286 0.0225752 0.000568215 -8.23433e-05 0.0030307 1.45098e-06 -8.75494e-06 0.0103424 1.75489e-05 0.0109385 -1.42461e-06 -0.000296088 4.08361e-07 -1.12561e-06 -8.32133e-06 -0.019993 -1.16506e-07 -0.00010116 0.000160018 0.00205223 -0.0102156 0.000383309 -1.45342e-06 -0.000349181 0.00146063 1.19748e-06 0.0114191 -0.00558604 -1.87185e-07 -1.77248e-07 -2.6371e-05 1.98798e-05 -7.38565e-06 -0.000110715 -0.000149189 -0.000254697 0.000449507 -0.00821452 0.0020649 2.09363e-06 -0.000394391 -0.000113508 1.99747e-05 0.00384919 -6.89267e-07 0.0114497 0.000510313 -3.32188e-06 2.27319e-06 -3.83044e-06 0.003651 -9.59805e-08 2.32926e-06 1.30252e-08 -0.000374827 -1.42607e-06 6.74132e-06 -3.71751e-07 0.00105999 0.000637119 -0.00236027 -6.89161e-06 -0.0165044 -3.41038e-06 9.15069e-07 0.0144784 -0.000363524 0 -0.00808345 0.00113199 -4.62311e-06 0.0145486 -1.42654e-06 
8.11768e-08 1.1722e-05 -2.31949e-07 -6.63476e-11 0.000703205 3.72485e-06 -2.7783e-10 -0.000685388 0.000403685 0.00034873 -0.00076807 1.49155e-05 2.17858e-05 1.44765e-06 1.6789e-08 -6.77743e-06 1.81469e-05 -0.00103892 -2.04641e-08 -0.00105702 9.29503e-06 -4.13223e-05 0.000273859 0.00106625 0.000395178 -4.37381e-05 -4.14346e-08 -0.000663184 0.000568215 0.00124247 5.34508e-05 -0.000344513 -5.6893e-09 -6.48818e-07 -3.03378e-05 -5.49689e-08 -3.31114e-05 -7.66895e-08 -6.83162e-06 -1.88261e-09 -6.68742e-08 4.46521e-07 -0.00112934 1.64729e-07 -5.46822e-06 -0.000781442 0.000996937 4.42941e-05 4.73417e-07 -7.82404e-08 -1.85604e-05 2.16382e-05 1.13541e-07 -3.56871e-05 0.000556282 -1.00765e-08 6.05046e-06 -1.59563e-06 0.000253082 -9.84235e-08 1.58819e-05 4.38231e-06 -1.32173e-05 0.000331146 5.70911e-05 4.92445e-05 1.76271e-05 -2.21114e-05 2.02006e-05 -1.51372e-07 -0.000389742 6.51783e-09 -3.7343e-06 2.43393e-05 -1.68823e-07 -4.94261e-07 -2.062e-07 0.000554138 -5.16682e-09 -1.1219e-07 -1.65869e-11 -1.99135e-05 -7.67683e-08 6.93977e-06 -2.00121e-08 -1.32516e-06 -6.02938e-06 -0.00010655 7.78164e-08 -0.000922835 1.37903e-06 -2.78991e-08 0.000529535 -1.16337e-05 0 -0.00110956 0.000717887 1.69113e-07 -4.50674e-05 -7.67931e-08 
-5.23015e-07 0.000352026 1.76722e-05 -1.46547e-09 7.99827e-05 -6.08529e-06 -6.13666e-09 -0.0174509 0.00580973 8.6173e-05 -0.0142687 0.00681037 0.00525463 -5.31305e-07 0.000131115 0.000180374 -1.07785e-05 -0.00998384 1.0368e-05 -0.0167588 9.77181e-05 -0.0040963 0.0167809 0.0182453 -0.00201195 -0.0161395 -1.94596e-06 -0.0182922 -8.23433e-05 5.34508e-05 0.0267225 -0.00561861 -1.25664e-07 1.76026e-05 -0.000545255 5.04252e-06 0.015866 -1.6639e-06 0.0137148 7.41751e-07 4.42898e-07 8.96471e-06 -0.0197034 5.85328e-06 -0.000119831 0.00143113 0.000926402 -0.0142676 -3.63788e-07 4.80052e-05 0.0134255 0.000949195 -6.08916e-07 -0.000883951 0.00868212 3.71077e-06 -2.10753e-07 -3.34006e-05 0.00196023 -7.50991e-06 0.000107107 -0.000161366 -0.000236107 0.001158 -0.000284526 0.00017037 -6.19719e-06 0.0153359 -0.000140893 8.8332e-06 -0.00563206 7.0782e-07 3.86526e-05 0.000494352 4.80019e-06 2.55326e-05 0.000107286 -0.000109625 -1.14123e-07 6.28649e-07 1.2967e-08 0.0142532 -8.4564e-07 -4.49654e-05 -4.42022e-07 0.00139987 0.000109839 -0.00283953 -8.50726e-06 -0.0196989 6.32858e-05 1.04704e-05 0.00236763 0.0151737 0 -0.0182776 -0.000220291 -6.2778e-06 -0.000554342 1.17714e-06 
8.31408e-06 -0.000281177 7.56838e-05 -1.86261e-08 0.00375887 0.000216164 -4.79968e-08 -0.00599561 -0.00533633 -0.00466598 -0.176282 0.010878 0.00364929 -0.000534623 0.000335216 0.00574662 -8.69547e-05 -0.00577153 -1.71499e-06 -0.00521668 -0.000378084 0.00188982 -0.00603308 -0.00689105 -0.0526419 0.000749476 -2.35865e-05 -0.00333888 0.0030307 -0.000344513 -0.00561861 0.227271 7.39478e-07 0.000337346 0.0170929 -1.13284e-05 0.0040713 -1.78961e-05 -0.0049169 4.81508e-08 9.69938e-06 0.000112436 0.00317447 -1.86557e-06 0.00198021 -0.0896672 -0.0429388 -0.00829914 -0.000115382 -2.19648e-05 -0.00525394 -0.00120134 4.05657e-07 0.0155097 -0.102105 5.47826e-07 -1.82533e-06 0.00081771 -0.00523042 -0.000229495 -0.0021324 -0.000972034 -0.00111591 -0.00305457 -0.0215892 -0.00213054 -0.000109555 -0.00610121 0.00156235 -3.68088e-05 0.2004 1.9015e-05 0.0105707 0.00436655 -4.57854e-05 0.000112841 -5.78476e-05 -0.006217 2.70283e-06 5.57944e-05 -4.65653e-09 -0.00568729 4.36843e-06 0.000636862 -1.30477e-06 -0.00225556 0.00352042 0.0462474 0.000190431 -0.00196688 -1.5171e-05 -3.69561e-06 0.00954872 -0.00603345 0 0.00604205 0.00776372 -7.91108e-05 0.00726232 3.66414e-05 
-9.37076e-11 -3.93859e-09 -9.01724e-10 -2.43911e-13 -4.90469e-08 -2.04087e-09 -1.02138e-12 2.60913e-07 -7.90206e-08 5.62956e-07 -2.85635e-06 -1.96096e-07 -1.30572e-07 -1.47468e-06 -3.25917e-09 7.00564e-07 -3.39344e-09 -3.0652e-06 -7.52313e-11 -3.15164e-07 1.0834e-07 3.00145e-08 -1.36123e-07 4.24699e-07 -1.94118e-07 -3.98971e-07 -3.23883e-10 -2.84747e-07 1.45098e-06 -5.6893e-09 -1.25664e-07 7.39478e-07 4.57331e-06 -2.65482e-09 -9.70069e-08 -2.0208e-10 -1.95656e-07 -2.81931e-10 -7.54919e-08 -6.92098e-12 -2.45847e-10 -2.18178e-09 -2.80145e-06 -3.16322e-11 -2.01026e-08 -5.58182e-07 2.0192e-06 1.93172e-08 4.81422e-07 -2.87632e-10 -6.91029e-08 5.19958e-07 3.98537e-08 -1.40911e-07 -1.65492e-06 -3.7044e-11 -3.50775e-11 -5.86596e-09 1.34892e-06 -3.68272e-09 -3.51257e-08 -2.95977e-08 -2.08326e-08 6.53137e-07 2.7001e-08 1.89458e-06 -1.78764e-09 -8.14223e-08 -2.44449e-08 5.3611e-07 -7.18263e-08 5.36433e-07 -9.77064e-08 -4.35051e-08 -6.57401e-10 5.34837e-07 -7.58045e-10 -1.00688e-07 -1.89946e-11 -4.12438e-10 -6.09778e-14 -7.4592e-08 -2.8222e-10 -1.04904e-08 5.36593e-07 5.4415e-07 -3.2165e-08 -4.73773e-07 1.8497e-08 -1.56523e-06 5.95989e-07 -1.02565e-10 -9.9935e-08 -7.95678e-08 0 -9.11488e-07 -7.56799e-08 -1.04487e-09 -3.70031e-07 -2.82312e-10 
