0.0201782 0.00059758 -0.00423833 0.0131978 -0.00234571 -0.0066952 -0.00637711 -0.00215932 -0.00274519 -0.0022662 -0.000209012 -0.000790764 -0.00139654 0.0139124 -0.00554794 0.00139823 -0.00125742 -2.77983e-05 -0.000247771 0.0139521 -0.00387462 -0.000120182 0.000314591 -0.00175522 -4.99129e-06 -0.00245663 0.00895119 -0.00927757 0.000197724 0.0108576 -2.719e-05 -0.00059693 -0.000413098 -0.00233708 0.000128746 -0.0043536 -1.50686e-05 -0.00200912 -7.89768e-09 -0.00194068 -4.62486e-05 -2.79126e-05 -5.2274e-05 0.00809506 0.0146376 -0.00027195 0.0125043 -0.00942161 -0.00126102 -9.65296e-06 0.0114994 -0.0147207 -3.51516e-06 -0.000259453 -0.00339819 -0.000636087 4.76588e-05 -0.000131951 -1.3131e-07 -5.24309e-05 0.00080481 -0.000109588 -0.000960823 -0.00103092 -0.00230099 0.000217934 0.000586899 0.000130726 -0.0107518 -0.0023554 -0.00721952 -0.00447062 -0.0016976 -7.63927e-05 -0.0125556 3.96229e-05 0.0103388 0.0139751 -8.10911e-07 -0.00381456 4.90172e-05 0.0128644 -0.0013001 -0.0037505 -0.000164796 -0.00952216 2.99343e-05 -0.0108449 -0.000170381 -0.00436083 -0.00194698 -0.000164597 -9.17972e-05 -0.000562632 1.28339e-05 0.0138487 -0.000758306 0.0137729 -0.00871319 -0.0116664 
0.00059758 0.026437 -0.0010315 0.013439 -0.00810081 -0.00879175 -0.00451805 -0.00284394 -0.00394561 -0.00257882 -0.00026672 -0.00063863 -0.00177453 0.0133189 -0.00732497 0.000265027 -0.00160256 -3.66434e-05 -0.000561116 0.013834 0.00550139 -2.32227e-05 -0.000375968 -0.00207151 -1.81734e-06 -7.49949e-05 0.0040849 -0.0075276 -0.000155079 0.0105981 -3.88625e-05 -0.000933126 -0.000536819 0.000402779 -9.7922e-06 -0.00256698 -5.52111e-06 -0.00302946 -1.04173e-08 -0.0020834 -6.10746e-05 -4.43949e-05 0.00399224 0.00671616 0.000347288 -0.00037527 0.013451 -0.00923368 -0.000485194 0.000280677 0.0151985 -0.0147691 6.84959e-06 -0.000333066 -0.00431335 -0.00131402 7.07803e-05 -0.000470711 -3.44675e-07 0.00092119 5.61174e-05 -0.000125041 -0.00115018 -0.000831725 0.0019488 -0.000108001 -5.65275e-05 -3.29552e-05 -0.00944095 -0.00309173 -0.00956365 -0.00587178 -0.00186296 -7.50038e-05 -0.0120273 -0.000136446 0.0097614 0.0135101 8.65641e-07 -0.00516502 -8.04304e-05 0.0132912 -0.00182369 -0.00458597 -0.000372756 -0.00816709 -3.70764e-06 -0.00949582 0.000121203 -0.00603849 -0.00238871 0.00289522 -8.52055e-05 -0.000712266 2.25915e-05 0.0136481 -0.000876011 0.0134345 -0.0088031 -0.010331 
-0.00423833 -0.0010315 0.181472 0.0554137 -0.0340668 -0.039771 -0.0146496 -0.0248951 -0.0137721 -0.028501 -0.00147297 -0.00943137 -0.0161154 0.0559602 -0.0633179 0.00173052 -0.000549392 0.000154258 -0.00510414 0.0563877 0.0210785 0.00458264 -2.46584e-05 -0.0199948 -4.59459e-05 -0.0234635 0.0711868 -0.0724853 -0.00130517 0.0442759 -0.000304387 0.0168581 0.0153122 0.065271 -8.42302e-05 -0.0445673 -0.000553391 -0.0219225 -9.13181e-08 -0.0224412 0.000194568 -0.000404004 0.00155442 0.0588495 -0.00332382 -0.00288155 -0.0250967 -0.0810254 0.0519938 2.04362e-05 0.0445359 0.0187948 -3.84722e-05 0.00832154 -0.0310035 -0.00849688 -6.08337e-05 -0.00524887 -1.89477e-06 0.00200369 0.000674509 -0.000863431 0.000639483 -0.0133343 0.0517046 -0.000299909 -0.00031186 -0.000288932 -0.0149034 -0.0227068 -0.0810522 -0.0339674 -0.021299 -0.000709486 -0.0373693 0.000938767 0.0266204 -0.0256709 -8.44826e-07 -0.0318942 -0.000612601 0.0537233 0.0140407 -0.0410013 0.00028468 -0.00497296 -3.70364e-05 0.0119022 -0.00428129 0.0029901 -0.027092 -0.0013197 -0.00104786 0.000981365 1.88012e-05 0.0560838 0.0308192 0.0559008 -0.0737198 -0.0228274 
0.0131978 0.013439 0.0554137 0.206314 0.0502618 -0.103425 -0.0900266 -0.0303026 -0.043855 -0.0351216 -0.00280092 -0.0104539 -0.0195689 0.204243 -0.0789893 0.00014862 -0.0173585 -0.000392503 -0.00629374 0.204673 0.134843 -0.00191315 -0.00260088 -0.0245657 0.000135727 -0.0336371 0.133562 -0.135789 -0.00129644 0.16199 -0.000376624 -0.0123105 -0.00155362 0.0844406 -7.65095e-05 -0.0614223 -0.000677118 -0.0324276 -1.11546e-07 -0.0279762 -0.00065102 -0.000508442 0.00371101 0.111324 0.0124169 -0.00326883 0.122241 -0.132693 -0.0253398 -1.32737e-05 0.149061 -0.0111814 0.000122104 -0.0036639 -0.00390638 -0.0141088 -7.43088e-05 -0.00652757 -3.61737e-06 0.00178861 -0.000490607 -0.00157525 -0.0130289 -0.0167422 -0.0323479 -0.00115533 0.000752546 0.000232513 -0.154339 -0.0331739 -0.103365 -0.0703 -0.0267699 -0.0010741 -0.181444 -0.0014394 0.145122 0.011029 -1.22535e-05 -0.0590452 -0.000764171 0.202693 -0.0199205 -0.0553206 -0.00694471 -0.134196 -1.51764e-05 -0.128049 -0.00529535 -0.0650391 -0.0329422 -0.00244409 -0.00130352 -0.00773356 1.68904e-05 0.204982 -0.0121123 0.20564 -0.12357 -0.164692 
-0.00234571 -0.00810081 -0.0340668 0.0502618 0.210898 -0.00664794 -0.0928195 0.0658426 -0.0454633 0.0677459 -0.00305374 -0.00901566 0.00823095 0.0497467 -0.0818974 -0.00127313 -0.0184316 -0.000233663 -0.00650784 0.0490582 0.154932 -0.00192938 -0.00424646 0.0572326 7.94048e-05 0.0445226 -0.0184351 0.021789 -0.00175241 0.11551 -0.000396731 -0.00530887 -0.00630604 -0.00897188 -6.31032e-05 -0.0638681 -0.000578387 0.0722029 -1.15865e-07 0.0469181 2.38565e-05 -0.000385703 -0.0015879 0.0387841 -0.00224543 -0.00205484 0.0417966 -0.0995069 -0.0206965 -0.000121796 -0.00386013 -0.0289599 7.68609e-05 -0.00376831 0.111521 0.00554378 -7.65896e-05 -0.00666482 -3.44362e-06 -0.00171808 -0.000562711 -0.0016381 -0.0136221 0.0220657 -0.033749 -0.00120116 -0.00051378 -0.000391375 -0.143376 0.0588815 -0.107025 -0.0330265 0.0477153 0.00160317 -0.0920575 -0.00152374 0.00651928 0.0357803 -1.2708e-05 -0.0575536 0.00127587 0.0554559 0.0114176 0.105598 0.0134111 -0.139661 -5.48841e-05 -0.158878 -0.00348142 -0.0675513 0.0406477 -0.00251441 -0.0013469 -0.00373507 -1.06709e-05 0.0495499 -0.0125704 0.0499049 -0.128347 -0.114772 
-0.0066952 -0.00879175 -0.039771 -0.103425 -0.00664794 0.234632 0.0996245 0.00883242 -0.0558539 0.0557423 0.00177457 0.0133872 0.0167263 -0.100508 0.0835466 0.00151967 0.000622763 8.76228e-05 -0.00800918 -0.103187 -0.0378799 0.00341392 0.00231032 -0.00525404 -8.79998e-05 -0.00358356 -0.180259 0.184054 -0.000268995 -0.0740381 -0.000547787 0.00700492 0.010228 -0.0389781 2.11435e-06 0.113096 0.00134422 0.0106566 -1.44146e-07 0.0588552 -0.000772182 -0.000662738 -0.00197677 -0.099578 -0.00564093 0.00342228 -0.0641151 0.0207108 0.0117778 -0.00015033 -0.0728329 -0.0318573 -6.45919e-05 0.000981089 0.0475687 -0.00336296 -5.17131e-05 -0.00737629 2.23731e-06 -0.00167678 0.00109643 0.00266755 0.00645641 0.0315904 0.00163378 0.000294706 -0.000349392 -0.000488706 0.038852 -0.00456196 0.0514405 -0.0352846 0.056532 0.00211113 0.0546629 -0.000105294 -0.156029 0.0363842 -1.49214e-05 0.0789625 0.00058871 -0.0992705 0.00614475 0.0612922 -0.00496637 0.0537761 -5.01348e-05 0.0445629 0.00185626 -0.0800173 0.0476784 -0.000983986 -0.00165577 0.00864355 -4.21015e-05 -0.103426 -0.00518167 -0.102664 0.0343547 0.0454895 
-0.00637711 -0.00451805 -0.0146496 -0.0900266 -0.0928195 0.0996245 0.213722 -0.0316806 -0.0359146 -0.0371727 -0.00268951 0.0235596 -0.00612041 -0.0895205 0.126759 -0.00134889 0.0318861 0.000586777 0.00695444 -0.0903875 -0.135885 0.00148022 -0.00380935 -0.0236272 -4.23733e-05 -0.0225951 -0.105525 0.105423 -0.00135902 -0.122615 -0.000443178 -0.00178351 0.00653303 -0.0370981 -9.24699e-05 0.145649 -0.000720065 -0.0320288 2.64679e-07 -0.0298497 0.000354505 -0.000401353 -0.00163518 -0.144867 -0.00609776 -0.00444797 -0.0535309 0.112928 0.0182784 0.000173315 -0.0656082 0.0487665 -5.34624e-05 0.00825757 -0.0620002 -0.000877932 -7.83575e-05 2.82754e-06 1.5441e-06 -0.00168188 -0.000580201 0.00302031 0.0075928 -0.0177581 0.0410286 -3.26138e-05 -0.000575425 -0.000396705 0.143547 -0.0255978 0.115597 -0.0584226 -0.0285509 -0.00116306 0.11499 0.001756 -0.125941 -0.0441402 1.64689e-05 0.0976027 -0.000883455 -0.092098 0.00350795 -0.0578346 -0.000838156 0.157123 -1.32057e-05 0.144441 -0.00524709 -0.0230554 -0.0248678 0.00399585 -0.000791051 -0.00741765 -3.22745e-05 -0.089305 0.01898 -0.0902234 0.120692 0.132916 
-0.00215932 -0.00284394 -0.0248951 -0.0303026 0.0658426 0.00883242 -0.0316806 0.0939774 -0.0157565 0.0254535 -0.000835374 -0.00319692 0.00452223 -0.0310071 -0.0284462 -0.000618908 -0.00615055 -2.77498e-05 -0.00221953 -0.0309742 0.0563792 -0.000589233 -0.00149909 0.0736962 -1.74604e-05 0.0747106 -0.0539589 0.0548591 -0.000610001 0.0511859 -0.000153084 -0.00433136 -0.00215418 -0.0126006 -3.6413e-05 -0.0221869 -0.000243497 0.0764932 -4.02512e-08 0.00892465 0.000534536 -7.28571e-06 -0.000554767 -0.0476246 -0.00187789 0.00768667 -0.0179835 -0.00894292 -0.00300367 -4.84438e-05 -0.0220632 0.00733442 -1.81361e-05 -0.001306 0.0384455 0.015964 -2.68143e-05 -0.00235499 -5.91789e-07 -0.000613278 -0.000185762 -0.000566157 0.00186686 -0.0012487 -0.0116846 -0.000417304 -0.000217777 -0.000141806 -0.038986 0.0659096 -0.0372871 -0.0251115 0.000539257 0.000256354 0.0312106 -0.000325989 -0.0436514 -0.00688308 -4.40168e-06 -0.0207321 0.00183833 -0.0312732 0.00428862 0.0842829 0.018759 -0.0484779 -1.93619e-05 -0.0547104 -0.00189961 -0.0234278 -0.00266272 -0.000878849 -0.000462503 0.00887838 -1.21268e-05 -0.0307412 -0.00434458 -0.0306169 -0.0445524 -0.0052273 
-0.00274519 -0.00394561 -0.0137721 -0.043855 -0.0454633 -0.0558539 -0.0359146 -0.0157565 0.128002 -0.0179367 -0.0007977 -0.00347742 -0.00333156 -0.0441025 0.00484976 -0.000861487 0.00279748 -0.000107378 0.00247194 -0.0441903 -0.0694769 -0.00097161 -0.00149834 -0.012502 -3.59538e-05 -0.0115206 0.0571959 -0.0591855 0.00256863 -0.0667004 0.00115908 -0.00426817 -0.00310962 -0.0180924 9.74091e-05 -0.0289178 -0.000211245 -0.0161845 -5.77753e-08 -0.0145356 0.000219585 0.000511022 -0.000796284 0.0285065 -0.00247061 -0.00200161 -0.0260931 0.0685378 -0.0121528 -6.99259e-05 -0.0320518 0.0119142 -2.60287e-05 -0.00188887 -0.0302027 0.0087273 0.000111825 0.0133372 -6.74941e-07 0.000850496 -0.000285001 -0.000763021 -0.00364763 -0.00475929 -0.0123756 0.00139597 -0.000314707 0.000383885 0.0654337 -0.0105846 0.0461881 0.107134 -0.0138412 -0.000468764 0.0542222 0.000497035 0.0522214 -0.0216354 2.28199e-05 -0.011416 0.000208414 -0.0449257 -0.0103763 -0.0285274 -0.00516859 0.0433355 9.03553e-05 0.0576725 0.00466233 0.104932 -0.0024405 0.00113327 0.00365593 -0.00421049 8.5469e-06 -0.0440931 -0.00515674 -0.0439494 0.0852227 0.0557368 
-0.0022662 -0.00257882 -0.028501 -0.0351216 0.0677459 0.0557423 -0.0371727 0.0254535 -0.0179367 0.106145 -0.00122524 -0.00384588 0.0264186 -0.0344215 -0.0326894 -0.000688364 -0.00728557 8.03608e-05 -0.00262057 -0.0353444 0.0562093 -0.000777072 -0.00173564 0.0186509 -2.87347e-05 0.0119281 -0.0624286 0.0634349 0.0012919 -0.00112328 -0.000175994 0.00889389 -0.00237927 -0.0144673 1.76944e-06 -0.0254966 0.00204187 0.0354787 -4.6275e-08 0.0757935 -0.000127159 -0.000227684 -0.000615141 0.0193047 -0.00204548 -0.00171834 -0.0208904 -0.0467221 -0.010504 -5.52564e-05 -0.0255217 -0.0708019 -2.04937e-05 -0.00148838 0.0759797 -0.00236019 5.47595e-05 -0.00157878 3.53557e-06 -0.000713919 -0.00022656 -0.000649993 -0.00419151 0.0453388 -0.0134788 -0.000475726 -0.000253972 -0.000163109 -0.0629242 0.033058 -0.0402789 0.0262254 0.0798577 0.00306859 -0.0336672 -0.000589717 -0.0499479 0.0717396 5.44325e-06 -0.0193888 -0.000313074 -0.028138 0.0215408 0.0964201 0.0167036 -0.0557927 2.66638e-05 -0.0638533 0.00635812 -0.0269841 0.0773468 -0.000648877 -0.000540854 -0.00136015 -1.37583e-05 -0.0353303 -0.00500985 -0.0352007 -0.0512315 -0.0619875 
-0.000209012 -0.00026672 -0.00147297 -0.00280092 -0.00305374 0.00177457 -0.00268951 -0.000835374 -0.0007977 -0.00122524 0.0100475 -0.000394832 0.00428676 -0.00299322 -0.00268096 0.000801431 0.000657019 -1.36524e-05 -0.000218887 -0.00298316 -0.00441618 -6.52631e-05 0.00831458 -0.000850184 -2.4854e-06 0.00730252 -0.00518116 0.0050929 -5.51316e-05 0.0034132 -1.19519e-05 -0.00036583 -0.000198116 -0.00121376 -3.61312e-06 -0.00208585 -2.36218e-05 -0.00111746 -3.89105e-09 -0.000789969 -2.28549e-05 -1.66161e-05 -5.24255e-05 -0.00543276 -0.000189844 0.00376635 -0.00175431 -0.00265403 0.00797497 -4.75584e-06 -0.00215298 0.000801285 -1.75321e-06 -8.57946e-05 -0.0019175 -0.000452694 -2.16212e-06 -0.000203479 -1.28743e-07 5.34455e-05 0.000250624 -1.51279e-05 0.00854857 7.78552e-05 0.00829351 -1.98104e-05 0.000239456 -1.36151e-05 0.00377667 -0.00114584 -0.0024624 -0.00222861 -0.000938837 -3.70287e-05 0.00335082 -4.89004e-05 -0.00421887 -0.00147524 -4.2744e-07 -0.00166767 -2.68278e-05 -0.00302508 -0.00067133 -0.00144062 -0.000385994 -0.00420109 -1.6717e-06 -0.000340863 0.000554885 -0.00225012 -0.000928106 -4.90364e-05 0.000117665 0.00852781 -1.17229e-06 -0.00283728 -0.000242694 -0.00295425 -0.00310382 0.00266848 
-0.000790764 -0.00063863 -0.00943137 -0.0104539 -0.00901566 0.0133872 0.0235596 -0.00319692 -0.00347742 -0.00384588 -0.000394832 0.0390197 0.0016672 -0.0105869 0.0227345 -0.000186431 -0.00244536 -3.82633e-05 0.000727803 -0.0105678 -0.015876 -0.000265495 -0.000588516 -0.0010865 3.84415e-06 -0.00144128 -0.0179326 0.0174695 -0.000171561 -0.0156016 -5.75089e-05 -0.0014245 -0.000849982 -0.00465635 -6.65889e-06 0.0221612 -7.90376e-05 -0.00392599 -1.55917e-08 -0.00299664 -2.83112e-05 0.000207725 -0.000214852 -0.0216968 -0.000774135 -0.000472468 -0.00554678 0.0181829 -0.00335904 0.00016053 -0.00819416 0.00544911 -6.98856e-06 -8.49729e-05 -0.004677 0.00254028 -9.35681e-06 -0.000824926 2.45412e-06 -9.24842e-05 -5.95082e-05 -4.26094e-05 -0.00168704 -0.000855682 -0.00157915 -7.88104e-05 4.87083e-05 0.000193283 0.01547 -0.00396301 0.0185805 -0.00791499 -0.00276903 -4.07019e-05 0.012712 0.00130011 -0.0160317 -0.00493224 -5.94525e-08 -0.00807765 9.34485e-05 -0.0106702 -0.00232896 -0.00565038 0.000346743 0.0124892 -2.19003e-06 0.0146393 -0.000605721 -0.00759603 -0.00040407 0.000360497 -0.000163457 -0.00106522 -4.69745e-06 -0.0102921 -0.0016606 -0.0104465 0.0190077 0.01442 
-0.00139654 -0.00177453 -0.0161154 -0.0195689 0.00823095 0.0167263 -0.00612041 0.00452223 -0.00333156 0.0264186 0.00428676 0.0016672 0.0635053 -0.0200738 -0.0122593 0.000106537 0.00513362 -7.57717e-05 -0.00144693 -0.0201059 0.00977977 -0.000142011 0.00423609 -0.00540528 -1.62467e-05 0.0118348 -0.0349414 0.0358839 -0.000365084 -0.020511 -8.93157e-05 -0.00250691 -0.00143502 -0.0081784 -1.97547e-05 -0.0131951 -0.000146341 -0.00748335 -2.61241e-08 0.0336731 -0.000136912 -6.23139e-05 -0.000359894 -0.0034965 -0.00101785 0.00957866 -0.0118 -0.00957776 -0.00191186 -3.11635e-05 -0.0144927 -0.029173 -1.17708e-05 -0.000857628 0.0280598 -0.00115405 5.75202e-05 -0.000489873 -1.1032e-08 0.000347662 0.000158123 -0.000336395 0.0204622 0.0344788 0.00967583 -0.000214197 0.000110335 -9.20547e-05 -0.0120334 -0.00678617 -0.00163817 0.019088 0.0283565 0.000113974 -0.0108576 -0.000110894 -0.0280942 0.0244836 -1.33117e-07 -0.0122083 -7.48516e-05 -0.0196425 -0.00301178 0.0288805 -0.00258475 -0.0179969 1.42032e-06 -0.0210139 0.00851056 -0.0140771 0.0366783 0.00119195 0.00354162 0.00843968 -7.65061e-06 -0.0199 -0.00282893 -0.0198732 -0.00647847 -0.0170814 
0.0139124 0.0133189 0.0559602 0.204243 0.0497467 -0.100508 -0.0895205 -0.0310071 -0.0441025 -0.0344215 -0.00299322 -0.0105869 -0.0200738 0.208195 -0.0789364 0.000778931 -0.0172505 -0.000381663 -0.00634565 0.20463 0.134485 -0.0018802 -0.00253345 -0.0250637 0.000134033 -0.0348625 0.132725 -0.134976 -0.00108953 0.162259 -0.000382445 -0.012437 -0.00122273 0.0844545 -2.67476e-05 -0.061347 -0.00068674 -0.0330176 -1.13289e-07 -0.0270963 -0.000657068 -0.000487109 0.00363235 0.110986 0.0129127 -0.0038329 0.121743 -0.133543 -0.0247159 -4.50481e-06 0.14931 -0.0131798 0.000121318 -0.00360359 -0.0038002 -0.014123 -7.54704e-05 -0.00636457 -3.67507e-06 0.00189089 0.000413446 -0.0015835 -0.0137273 -0.0169908 -0.032344 -0.00115281 0.000851955 0.000387021 -0.154756 -0.033831 -0.103202 -0.0709058 -0.0256919 -0.000839712 -0.18246 -0.00149226 0.143279 0.0122971 -4.21841e-06 -0.0596924 -0.000773053 0.202963 -0.0195908 -0.0553436 -0.00671459 -0.133985 2.39882e-05 -0.127384 -0.00533798 -0.0656588 -0.0317486 -0.0024325 -0.0012198 -0.00820044 1.69117e-05 0.204504 -0.0122886 0.20517 -0.123627 -0.165227 
-0.00554794 -0.00732497 -0.0633179 -0.0789893 -0.0818974 0.0835466 0.126759 -0.0284462 0.00484976 -0.0326894 -0.00268096 0.0227345 -0.0122593 -0.0789364 0.197783 -0.00135774 0.000291816 6.67767e-05 0.00870745 -0.0799074 -0.124499 -0.00169896 -0.00384095 -0.0226842 -5.85951e-05 -0.0300331 -0.0730932 0.0728586 -0.000865913 -0.120103 0.000143728 -0.0110718 -0.00569096 -0.032588 7.32421e-05 0.131323 -0.000631391 -0.0301869 -1.04071e-07 -0.0261789 -0.000465089 7.80416e-05 -0.00143437 -0.106263 -0.00532821 -0.00391548 -0.0470085 0.141176 -0.023211 -0.000106414 -0.0577293 0.0426304 -4.67217e-05 -0.00238208 -0.0558298 0.00376007 1.26873e-05 -0.00140493 8.19941e-07 -0.00138595 -0.00050893 0.00327082 -0.0120498 -0.0155657 -0.0255587 0.00133379 -0.000570076 -0.000356913 0.126293 -0.0297802 0.146416 -0.00125859 -0.0250544 -0.00102086 0.10089 6.58009e-05 -0.0583654 -0.0393408 -7.70909e-06 0.0913097 -0.00019468 -0.0807375 -0.0186327 -0.0516826 -0.0101686 0.125687 -4.47142e-05 0.12389 -0.00323794 0.0119464 -0.0220237 -0.000466941 -0.000849713 -0.00780113 -2.9021e-05 -0.0794734 -0.0106895 -0.0791598 0.155168 0.114655 
0.00139823 0.000265027 0.00173052 0.00014862 -0.00127313 0.00151967 -0.00134889 -0.000618908 -0.000861487 -0.000688364 0.000801431 -0.000186431 0.000106537 0.000778931 -0.00135774 0.00598012 -0.000340915 -8.11757e-06 -0.000118719 0.000760048 -0.00117396 3.46147e-06 0.00331471 -0.000510467 -1.47311e-06 -0.000654255 -0.0012774 0.000522596 -8.22795e-06 0.00245396 -6.83454e-06 -0.000238136 -0.000103769 -0.000653855 5.31093e-05 -0.000953166 -1.67414e-06 -0.000672138 -2.30625e-09 -0.000552966 -1.12063e-05 -4.3135e-06 0.000100504 -0.00118316 0.00125206 0.000222854 -0.00066801 -0.00230992 0.00302948 5.61118e-06 0.000477979 -0.00173882 -8.32471e-07 -6.04645e-05 -0.00115779 -0.000276062 8.23697e-06 -5.62451e-05 -7.63069e-08 0.000163429 0.00116299 4.537e-06 0.00236973 0.00016359 0.00239845 -2.25401e-05 0.000262193 3.2361e-05 -0.000108332 -0.000666823 -0.0015941 -0.00133175 -0.000523448 -2.08458e-05 -0.000644679 -2.05684e-05 -0.000798746 0.000460006 -2.53347e-07 -0.00111085 -1.76172e-05 -8.35047e-07 -0.000408056 -0.000854218 -2.15217e-05 -0.00247359 3.08173e-05 -0.000116838 9.03563e-05 -0.00128349 -0.000569607 -3.40183e-05 -2.66944e-05 0.00273087 2.65184e-06 0.000692191 -0.000233062 0.000541928 -0.00206488 -1.44838e-05 
-0.00125742 -0.00160256 -0.000549392 -0.0173585 -0.0184316 0.000622763 0.0318861 -0.00615055 0.00279748 -0.00728557 0.000657019 -0.00244536 0.00513362 -0.0172505 0.000291816 -0.000340915 0.0574822 0.000199046 0.00162364 -0.0174617 -0.0233801 -0.00027914 0.000523019 -0.0051339 -1.48061e-05 -0.00075405 -0.0181323 0.0167824 0.00232359 -0.0237386 2.69837e-05 -0.00106281 0.0061808 -0.00705659 -1.44093e-05 0.00765655 -0.000139078 -0.00585829 3.59861e-07 -0.00533572 0.000174302 -0.000113761 -0.000323253 -0.0311617 -0.00120346 0.000118367 -0.010456 0.0164877 0.000792235 -2.58188e-05 -0.0127528 0.00287721 -1.05759e-05 -0.000264507 -0.0121823 -0.000530684 -1.31498e-05 0.00421797 1.30047e-07 0.00115374 -0.000113029 -0.000309261 0.0173095 -0.0023739 0.0129762 0.000557493 0.0002996 0.000527526 0.0232126 7.05654e-06 0.0121924 0.000950766 -0.0052967 -3.08773e-06 0.0210051 -0.000280901 -0.0232193 -0.00865225 7.01154e-06 0.00677071 -0.000117814 -0.0178085 -0.000870795 -0.0111648 2.76402e-05 0.0261821 7.3226e-05 0.0237551 0.000936261 0.000524338 0.00347392 0.000642687 0.00142435 -0.000397212 -7.07163e-06 -0.0173932 -0.000740934 -0.017424 0.0233863 0.0199935 
-2.77983e-05 -3.66434e-05 0.000154258 -0.000392503 -0.000233663 8.76228e-05 0.000586777 -2.77498e-05 -0.000107378 8.03608e-05 -1.36524e-05 -3.82633e-05 -7.57717e-05 -0.000381663 6.67767e-05 -8.11757e-06 0.000199046 0.00134744 4.49616e-05 -0.000389609 -2.2308e-05 -8.09425e-06 -1.98329e-05 0.000208458 1.4273e-05 -3.84868e-05 -0.000612575 4.5504e-05 8.02564e-05 -0.000482707 -1.96709e-06 5.00982e-05 0.000417589 -0.000152213 -4.95781e-07 0.00021719 9.58001e-05 -7.14363e-05 3.82816e-07 -2.48861e-05 2.6542e-05 1.59695e-05 -7.12859e-06 -0.000590835 -2.65031e-05 -1.15087e-05 -0.000233614 0.000260182 9.10591e-05 -6.32169e-07 -0.000261708 -8.70621e-06 -2.33044e-07 0.000169965 -3.76252e-05 0.000159989 -1.77889e-07 3.97454e-05 -1.71131e-08 -7.89688e-06 2.94425e-06 1.50864e-05 6.60939e-05 0.000100484 3.99019e-05 -2.48557e-06 5.04618e-06 -1.82307e-06 0.000309168 -2.36314e-05 -0.000113925 -0.000104531 7.85257e-05 -2.31687e-06 0.000383868 0.000105611 -0.000557948 -5.34321e-06 1.73652e-06 -0.000270566 2.91571e-06 -0.000393666 -5.59394e-05 5.92846e-05 0.000263603 0.000314315 -1.28795e-07 0.000327632 -1.84947e-05 -0.000238266 0.000114813 -1.06915e-05 2.27569e-05 8.62976e-06 -1.55826e-07 -0.000377586 8.67415e-05 -0.00039329 -0.000138841 0.000294628 
-0.000247771 -0.000561116 -0.00510414 -0.00629374 -0.00650784 -0.00800918 0.00695444 -0.00221953 0.00247194 -0.00262057 -0.000218887 0.000727803 -0.00144693 -0.00634565 0.00870745 -0.000118719 0.00162364 4.49616e-05 0.0212618 -0.00555804 -0.00992928 -0.000129065 -0.000311813 -0.00146007 -5.27835e-06 -0.00249811 0.00602361 -0.0098163 0.00200596 -0.00953609 -1.49796e-05 -0.000622009 -0.000349272 -0.00260563 5.36705e-05 -0.00376685 -4.72484e-05 -0.00184258 3.75002e-07 -0.00209901 6.25603e-05 -1.94588e-05 -9.14955e-05 -0.00987422 -0.000418226 -0.000314804 -0.00374221 0.0081294 -0.00187143 -7.11977e-06 -0.00459136 -0.000533841 -3.75392e-06 -0.000258799 -0.00443158 0.00843556 2.61598e-05 0.00670157 -2.72328e-07 0.000253184 -4.12223e-05 0.000193778 -0.000989712 -0.00122986 -0.00209742 0.00145219 -4.50589e-05 0.00026819 0.00782384 -0.00225565 0.0120129 0.00752359 -0.00191348 -8.07863e-05 0.00804666 0.00131193 -0.00417922 -0.00315263 -2.95225e-07 -0.0031459 0.00026964 -0.00633544 -0.0014926 -0.00408512 -0.000764214 0.00526959 4.56657e-05 0.00831216 0.000769727 0.0148575 0.00175019 -0.000180768 -5.32612e-05 -0.00062723 -2.51008e-06 -0.0063282 -0.000558047 -0.00630739 0.0121219 0.00679673 
0.0139521 0.013834 0.0563877 0.204673 0.0490582 -0.103187 -0.0903875 -0.0309742 -0.0441903 -0.0353444 -0.00298316 -0.0105678 -0.0201059 0.20463 -0.0799074 0.000760048 -0.0174617 -0.000389609 -0.00555804 0.207987 0.133887 -0.00193543 -0.00240359 -0.0250219 0.000134984 -0.0345086 0.134272 -0.137102 -0.00128051 0.16147 -0.000377749 -0.01218 -0.00136234 0.0845943 -2.63346e-05 -0.0622439 -0.000679891 -0.0329842 -1.13095e-07 -0.028159 -0.000657687 -0.000436635 0.00371651 0.111481 0.0129276 -0.00362099 0.121834 -0.132663 -0.0247033 -5.98063e-06 0.149486 -0.0121034 0.000121396 -0.00370568 -0.00428447 -0.0141994 -6.45009e-05 -0.00537353 -3.66864e-06 0.00182084 0.000315168 -0.0015943 -0.0135377 -0.0168958 -0.0323875 -0.00116113 0.00104539 0.000314799 -0.154012 -0.0337034 -0.102871 -0.0702727 -0.0267078 -0.00107298 -0.181623 -0.00148749 0.14393 0.0118156 -1.20304e-05 -0.0591457 -0.000777532 0.202265 -0.0198796 -0.0561786 -0.00671132 -0.133244 -1.40817e-05 -0.126841 -0.00525122 -0.0638 -0.032896 -0.00247538 -0.00132148 -0.0080286 1.97003e-05 0.204879 -0.0122747 0.205567 -0.123386 -0.164473 
-0.00387462 0.00550139 0.0210785 0.134843 0.154932 -0.0378799 -0.135885 0.0563792 -0.0694769 0.0562093 -0.00441618 -0.015876 0.00977977 0.134485 -0.124499 -0.00117396 -0.0233801 -2.2308e-05 -0.00992928 0.133887 0.248544 -0.00262074 -0.00484842 0.0444423 1.05059e-05 0.0362189 0.0277064 -0.0277574 -0.00250912 0.189197 -0.000637124 -0.0131894 -0.00295734 0.063937 -4.35965e-05 -0.0951745 -0.00107182 0.0552696 1.06293e-07 0.0471523 -0.000258632 -3.21694e-06 1.07046e-05 0.0830379 -0.00378176 0.00349155 0.0729955 -0.165737 -0.0292964 -8.90279e-05 0.0971163 -0.0487904 8.97803e-05 -0.00473967 0.0955457 -0.000484618 -0.000117616 -0.0102976 4.52275e-07 -0.000567698 -0.000497978 -0.00235698 -0.0130125 0.0190723 -0.0500573 -0.00168901 0.000568162 3.93563e-05 -0.215822 0.0451448 -0.160681 -0.0645416 0.0413548 0.00179188 -0.170776 -0.00175978 0.052922 0.0474834 -1.90449e-05 -0.0897012 0.000828175 0.138634 0.00736913 0.0939489 0.0132498 -0.203735 -8.27543e-05 -0.205308 -0.0012682 -0.102756 0.0304348 -0.00384948 -0.00205876 0.000697734 -1.08817e-05 0.134284 -0.0185341 0.135091 -0.192796 -0.192076 
-0.000120182 -2.32227e-05 0.00458264 -0.00191315 -0.00192938 0.00341392 0.00148022 -0.000589233 -0.00097161 -0.000777072 -6.52631e-05 -0.000265495 -0.000142011 -0.0018802 -0.00169896 3.46147e-06 -0.00027914 -8.09425e-06 -0.000129065 -0.00193543 -0.00262074 0.00653143 -5.2843e-05 -0.000553398 -1.60983e-06 -0.000202277 -0.00295369 0.00141564 -3.75038e-05 0.00114557 -9.58521e-06 0.000823759 0.00115794 -0.000788904 2.45208e-05 -0.00116369 -1.46635e-05 -0.000703044 -2.52029e-09 -0.000595767 -8.30008e-06 -1.19625e-05 -3.47361e-05 0.00184517 -0.000123179 6.96762e-05 -0.00113784 -0.00277786 0.00515995 -3.08042e-06 -0.00138922 0.000853616 -1.13557e-06 -3.38659e-05 -0.00109935 -0.000279615 2.64385e-07 -0.000141105 7.66114e-08 9.65671e-05 0.000368433 -1.27999e-05 0.00104148 -0.000325986 0.00536591 0.000358634 -9.75067e-06 -8.88344e-06 0.002923 -0.000736137 -0.00207619 -0.00155104 -0.000591279 -2.29248e-05 0.00240939 0.00129745 -0.00271045 -0.00080399 -2.76859e-07 -0.00112266 -7.09983e-06 -0.00195806 -0.000336935 -0.00103456 -0.000241075 0.00312987 -1.21232e-06 0.00287966 1.70339e-05 -0.00111478 -0.000735712 -5.40415e-05 -2.67432e-05 -0.000126761 3.25736e-06 -0.00190445 0.000351826 -0.00191704 -0.00257421 0.00272115 
0.000314591 -0.000375968 -2.46584e-05 -0.00260088 -0.00424646 0.00231032 -0.00380935 -0.00149909 -0.00149834 -0.00173564 0.00831458 -0.000588516 0.00423609 -0.00253345 -0.00384095 0.00331471 0.000523019 -1.98329e-05 -0.000311813 -0.00240359 -0.00484842 -5.2843e-05 0.0145502 -0.0012305 -3.61606e-06 0.00751438 -0.00585625 0.00499404 -6.03569e-06 0.00515207 -1.65074e-05 -0.00046278 -6.00453e-05 -0.000862527 4.96868e-05 -0.00275322 -2.48912e-05 -0.00165054 -5.66117e-09 -0.00131596 -3.07254e-05 9.52806e-06 -2.41724e-05 -0.00782492 1.43057e-05 0.00385835 -0.00179397 -0.00395953 0.00962898 8.28673e-05 -0.00171822 -7.09414e-05 -2.39411e-06 -0.000164606 -0.00295083 -0.000496477 -3.77132e-06 -0.000225229 -1.87311e-07 0.000230931 0.000934676 -3.4362e-05 0.011289 0.00037926 0.0101627 -4.29355e-05 0.00118204 0.000118119 0.00371244 -0.00158679 -0.00360445 -0.00281109 -0.00132927 -5.53519e-05 0.00294979 0.000140863 -0.00579892 -0.00177954 -1.58559e-07 -0.00294867 -3.7525e-05 -0.00329755 -0.000935085 -0.00237023 8.26224e-05 -0.00618549 1.24335e-05 -0.000115554 0.000849431 -0.00311776 -0.000976401 -1.9075e-05 0.000411655 0.0104649 -1.29559e-06 -0.00200139 -0.000324411 -0.00245255 -0.00457313 0.00250909 
-0.00175522 -0.00207151 -0.0199948 -0.0245657 0.0572326 -0.00525404 -0.0236272 0.0736962 -0.012502 0.0186509 -0.000850184 -0.0010865 -0.00540528 -0.0250637 -0.0226842 -0.000510467 -0.0051339 0.000208458 -0.00146007 -0.0250219 0.0444423 -0.000553398 -0.0012305 0.077936 3.80329e-06 0.067007 -0.0433957 0.0428474 -0.000493425 0.0454062 -0.000123938 -0.0036039 -0.00170172 -0.0101924 -2.99943e-05 -0.0161679 -0.000198115 0.0714587 -3.26577e-08 -0.0058727 0.000614705 3.33037e-05 -0.000449589 -0.046972 -0.00165259 0.00028824 -0.0145034 0.00165312 -0.00363131 4.09707e-05 -0.0176499 0.0134326 -1.47147e-05 -0.000721747 0.0207034 0.0147762 -2.17557e-05 -0.00190994 -1.08054e-06 -0.000497135 -0.000160971 -0.000457943 -0.00391509 -0.00489993 -0.00931897 -0.000335728 -0.000169196 -0.000106328 -0.0265266 0.0632311 -0.0302561 -0.0205661 -0.0078286 -0.000289338 0.0315428 0.000767636 -0.0353115 -0.0123464 -3.47752e-06 -0.0172996 0.00132909 -0.0252737 0.00332682 0.0662186 0.0208796 -0.0389853 -1.55659e-05 -0.0426311 -0.00155007 -0.0190091 -0.0095356 -0.000439452 -0.000340346 0.00189216 -9.72906e-06 -0.0245392 -0.00350117 -0.0247307 -0.0352937 0.00460235 
-4.99129e-06 -1.81734e-06 -4.59459e-05 0.000135727 7.94048e-05 -8.79998e-05 -4.23733e-05 -1.74604e-05 -3.59538e-05 -2.87347e-05 -2.4854e-06 3.84415e-06 -1.62467e-05 0.000134033 -5.85951e-05 -1.47311e-06 -1.48061e-05 1.4273e-05 -5.27835e-06 0.000134984 1.05059e-05 -1.60983e-06 -3.61606e-06 3.80329e-06 0.000244793 -2.50947e-05 7.52908e-05 -9.43852e-05 -9.50072e-07 9.59125e-05 -2.83639e-07 -1.03588e-05 4.57041e-07 -1.72864e-05 -8.99705e-08 -2.51541e-05 -5.69808e-07 -2.61062e-05 -9.38604e-11 -1.97142e-05 -5.51309e-07 -4.65866e-07 2.64636e-06 5.27989e-05 -1.40498e-06 -9.60277e-07 0.00014925 -8.03086e-05 -1.7979e-05 -1.14721e-07 1.33253e-05 -2.92842e-05 -4.22911e-08 1.60932e-05 7.96911e-05 -8.22871e-06 2.10806e-07 -5.22127e-06 -3.10556e-09 1.64244e-07 -4.64404e-07 -1.33326e-06 -1.14057e-05 -1.40783e-05 -2.07578e-05 -9.73097e-07 -5.16075e-07 -3.30837e-07 -0.000100856 -2.34759e-05 -8.55202e-05 -5.91454e-05 -2.25146e-05 -8.9525e-07 -0.000116356 -1.02189e-06 0.0001045 1.339e-05 -1.03108e-08 -4.74868e-05 -7.39371e-07 0.000133983 -3.60004e-06 -3.80886e-05 -7.30047e-06 -8.49605e-05 -4.51493e-08 -0.000100459 -4.18327e-06 -5.46892e-05 -2.7828e-05 2.18183e-06 6.32732e-07 -7.07141e-06 -2.82781e-08 0.000135901 -6.02909e-06 0.000135573 -9.51517e-05 -0.00010211 
-0.00245663 -7.49949e-05 -0.0234635 -0.0336371 0.0445226 -0.00358356 -0.0225951 0.0747106 -0.0115206 0.0119281 0.00730252 -0.00144128 0.0118348 -0.0348625 -0.0300331 -0.000654255 -0.00075405 -3.84868e-05 -0.00249811 -0.0345086 0.0362189 -0.000202277 0.00751438 0.067007 -2.50947e-05 0.105524 -0.0607928 0.0606276 -0.000686673 0.0468706 -0.000167253 -0.00487576 -0.00129087 -0.0140286 -3.4927e-05 -0.0170937 -0.000279025 0.0658639 -4.59618e-08 -0.00272984 0.000557031 0.00104893 -0.000367874 -0.063178 -0.00173771 0.0115143 -0.0204766 0.00185707 0.00302703 -5.05503e-05 -0.02458 0.0147417 -2.00092e-05 -0.00144512 0.0180605 0.0131703 -1.58486e-05 -0.00198015 -8.87403e-07 0.000401777 -0.00022245 -0.000638664 0.0188104 -0.00385969 0.0089408 -0.000213722 0.000245891 -0.000159505 -0.0171929 0.0601171 -0.0327591 -0.0245786 -0.0107432 -0.000316653 0.0424101 9.17208e-05 -0.0494562 -0.0172354 -5.009e-06 -0.0224984 0.00193299 -0.0351123 0.000588164 0.0645827 0.0184967 -0.0401629 -2.19588e-05 -0.0408234 0.00384939 -0.0249901 -0.00918198 0.00268095 0.00310538 0.0166675 -1.13706e-05 -0.0339475 -0.00483183 -0.0341893 -0.0312983 0.00580865 
0.00895119 0.0040849 0.0711868 0.133562 -0.0184351 -0.180259 -0.105525 -0.0539589 0.0571959 -0.0624286 -0.00518116 -0.0179326 -0.0349414 0.132725 -0.0730932 -0.0012774 -0.0181323 -0.000612575 0.00602361 0.134272 0.0277064 -0.00295369 -0.00585625 -0.0433957 7.52908e-05 -0.0607928 0.249704 -0.237189 0.000530718 0.0621232 0.000686973 0.00190326 -0.0065363 0.0535345 -9.30666e-05 -0.106059 -0.00119953 -0.0546526 -1.98256e-07 -0.0498263 0.000636587 -0.000898844 0.000539905 0.159379 0.00693505 -0.00705639 0.0804527 -0.0607394 -0.00112711 -0.000210189 0.0954387 0.0280647 7.29242e-05 0.00354635 -0.050882 -0.00827167 -0.000132003 0.00265983 -4.67303e-06 0.000708305 -0.000542078 -0.00198721 -0.0237628 -0.0297578 -0.00886963 -0.00126131 0.000376959 0.000620874 -0.0459535 -0.0446025 -0.0510469 0.0467349 -0.0477242 -0.00194136 -0.0918479 -0.00169374 0.195674 -0.0271018 5.13444e-06 -0.0647078 -0.00139976 0.129574 -0.00861665 -0.0983376 -0.00824714 -0.0340893 3.06368e-05 -0.0214994 -0.00921414 0.097819 -0.0542404 -0.00425899 -0.00202103 -0.0139012 5.09097e-05 0.133685 0.0116232 0.134029 -0.0392075 -0.0654374 
-0.00927757 -0.0075276 -0.0724853 -0.135789 0.021789 0.184054 0.105423 0.0548591 -0.0591855 0.0634349 0.0050929 0.0174695 0.0358839 -0.134976 0.0728586 0.000522596 0.0167824 4.5504e-05 -0.0098163 -0.137102 -0.0277574 0.00141564 0.00499404 0.0428474 -9.43852e-05 0.0606276 -0.237189 0.248969 -0.00108685 -0.0617454 -0.000677676 -0.00151191 0.00450972 -0.0561287 -5.88824e-05 0.106645 0.000801984 0.0560307 -1.79359e-07 0.0511536 -0.000772575 0.000456684 -0.00244416 -0.157814 -0.00813022 0.00665937 -0.0808165 0.0599047 0.00353102 -2.35192e-06 -0.0992142 -0.0199826 -8.04612e-05 -0.00179738 0.0528327 0.00409013 5.15724e-05 -0.00760205 4.86556e-06 -0.00160505 4.60927e-05 0.00201365 0.0232863 0.030075 0.011478 -5.68154e-05 -0.00072206 -0.000631827 0.0478214 0.0461274 0.0505086 -0.0480847 0.048275 0.00195717 0.0932526 -0.00182593 -0.194056 0.0228864 -1.94763e-05 0.0690414 0.00102372 -0.131647 0.00872972 0.0995907 0.00721596 0.0382733 -8.08964e-05 0.0228892 0.00783776 -0.0987718 0.0512733 0.00399455 0.00203598 0.0130594 -5.27703e-05 -0.13695 -0.0118787 -0.136444 0.0394201 0.0680382 
0.000197724 -0.000155079 -0.00130517 -0.00129644 -0.00175241 -0.000268995 -0.00135902 -0.000610001 0.00256863 0.0012919 -5.51316e-05 -0.000171561 -0.000365084 -0.00108953 -0.000865913 -8.22795e-06 0.00232359 8.02564e-05 0.00200596 -0.00128051 -0.00250912 -3.75038e-05 -6.03569e-06 -0.000493425 -9.50072e-07 -0.000686673 0.000530718 -0.00108685 0.0057795 -0.00216749 -4.44522e-06 0.00265555 2.24824e-06 -0.000600368 3.03873e-05 -0.00122777 0.00168004 -0.000123269 -2.22843e-09 -0.000147176 0.000137384 1.36761e-05 -1.53503e-05 -0.000477467 -2.8142e-05 -7.18514e-05 -0.000669785 -0.00246572 -0.000494719 -5.90371e-07 -0.00093607 -0.00472197 -1.00074e-06 -7.03912e-05 0.000808944 0.00254545 2.43321e-05 0.003807 -7.3732e-08 0.00115257 -3.47251e-06 -3.16542e-05 -0.000247867 0.00161958 -0.000631825 0.0004125 -1.04326e-05 0.000618882 -0.00296539 -0.000664421 0.000596845 0.00400419 0.00136341 -1.73514e-05 0.000798086 1.44895e-05 -0.00189106 0.00138018 1.54152e-05 0.000178718 0.000151329 -0.00132823 -0.000128452 0.000885196 -0.000200667 -0.00266258 0.000130951 -0.00146533 0.000298995 0.00193926 0.00474952 -2.62017e-05 5.25587e-05 -0.000156929 -6.71378e-07 -0.00130041 0.000157012 -0.0012998 0.000735674 -0.0030786 
0.0108576 0.0105981 0.0442759 0.16199 0.11551 -0.0740381 -0.122615 0.0511859 -0.0667004 -0.00112328 0.0034132 -0.0156016 -0.020511 0.162259 -0.120103 0.00245396 -0.0237386 -0.000482707 -0.00953609 0.16147 0.189197 0.00114557 0.00515207 0.0454062 9.59125e-05 0.0468706 0.0621232 -0.0617454 -0.00216749 0.246776 -0.000596837 -0.0187422 -0.00122707 0.0667718 -8.69768e-05 -0.0910583 -0.00103138 0.0529318 -1.69901e-07 -0.0109794 -0.000187864 -7.45007e-05 0.00292175 0.0608828 0.0102574 0.00636845 0.0963701 -0.160729 -0.00241969 -3.87457e-05 0.118258 -0.0109964 9.58135e-05 -0.000281439 0.0412213 0.000276164 -0.000113184 -0.00993535 -5.54819e-06 0.00113777 0.000410123 -0.00229929 -0.00369287 -0.0236349 -0.0215538 -0.00175738 0.00105437 0.000114236 -0.186134 0.0394904 -0.156306 -0.103147 -0.0166873 -0.000866627 -0.145037 -0.00164131 0.0819323 0.0116008 -1.84674e-05 -0.0883323 0.000938621 0.163799 -0.0133835 0.0357029 0.0119799 -0.186193 -3.33937e-05 -0.177601 -0.00750652 -0.0983872 -0.0271397 -0.00353726 -0.00195811 0.0126269 3.86572e-06 0.161842 -0.0168076 0.162341 -0.186358 -0.165228 
-2.719e-05 -3.88625e-05 -0.000304387 -0.000376624 -0.000396731 -0.000547787 -0.000443178 -0.000153084 0.00115908 -0.000175994 -1.19519e-05 -5.75089e-05 -8.93157e-05 -0.000382445 0.000143728 -6.83454e-06 2.69837e-05 -1.96709e-06 -1.49796e-05 -0.000377749 -0.000637124 -9.58521e-06 -1.65074e-05 -0.000123938 -2.83639e-07 -0.000167253 0.000686973 -0.000677676 -4.44522e-06 -0.000596837 0.00145578 -4.05048e-05 -3.09794e-05 -0.000171718 -5.35702e-07 -0.000293047 -3.39275e-06 -0.000162523 -5.58863e-10 -0.000140802 9.8574e-06 -1.91052e-06 -7.70259e-06 0.000596386 -2.46351e-05 -1.83492e-05 -0.000234016 0.000662618 -0.000126244 -5.26405e-07 -0.00030539 0.000226393 -2.51809e-07 -1.83596e-05 -0.00029076 -2.03843e-06 -3.723e-07 -8.17592e-06 -1.84911e-08 -8.53467e-06 -2.63181e-06 -7.93849e-06 -6.49072e-05 -8.38841e-05 -0.000161417 -5.634e-06 -1.86142e-07 -1.6232e-06 0.000619508 -0.000164925 -0.000208967 0.00102514 -0.000134929 -5.48927e-06 0.000495717 -6.68975e-06 0.000775182 -0.00020091 -6.13923e-08 0.00041384 -4.37569e-06 -0.000388208 -0.000100765 -0.00027837 -5.65144e-05 -0.000139362 -2.68828e-07 0.00016887 -2.65355e-05 0.00106983 -0.000163004 -1.21414e-05 -6.33334e-06 -3.93345e-05 1.4595e-05 -0.000380536 -6.06877e-05 -0.000378736 0.000776073 0.00028984 
-0.00059693 -0.000933126 0.0168581 -0.0123105 -0.00530887 0.00700492 -0.00178351 -0.00433136 -0.00426817 0.00889389 -0.00036583 -0.0014245 -0.00250691 -0.012437 -0.0110718 -0.000238136 -0.00106281 5.00982e-05 -0.000622009 -0.01218 -0.0131894 0.000823759 -0.00046278 -0.0036039 -1.03588e-05 -0.00487576 0.00190326 -0.00151191 0.00265555 -0.0187422 -4.05048e-05 0.0405162 0.00172747 -0.0050765 -1.20219e-05 -0.0088233 0.00222707 -0.00330132 -1.62173e-08 0.0061003 -7.4429e-05 -7.48495e-05 -0.000222944 0.0134494 -0.000672014 -0.000603255 -0.00731925 -0.0177306 0.0174273 -1.88783e-05 -0.00899332 -0.0074585 -7.1271e-06 0.000362382 0.00531031 -0.00154887 2.77978e-06 0.000944769 3.41843e-09 0.000453502 5.98565e-05 -4.34896e-06 0.000926981 0.00608561 0.0212228 0.000285521 -8.70647e-05 0.000190428 0.00486532 -0.00484345 -0.0138458 0.00412652 0.00978366 0.000169497 0.00667848 0.000261431 -0.0163665 0.00793487 1.85185e-05 0.00692893 -0.000124649 -0.0125571 0.0130616 0.00589893 -0.00125631 0.00746647 7.06657e-05 0.0047629 0.000885733 0.00846173 0.0100744 -1.01104e-05 -0.000115091 -0.000862027 1.38107e-05 -0.0123672 0.016444 -0.0123371 -0.0161153 0.00331786 
-0.000413098 -0.000536819 0.0153122 -0.00155362 -0.00630604 0.010228 0.00653303 -0.00215418 -0.00310962 -0.00237927 -0.000198116 -0.000849982 -0.00143502 -0.00122273 -0.00569096 -0.000103769 0.0061808 0.000417589 -0.000349272 -0.00136234 -0.00295734 0.00115794 -6.00453e-05 -0.00170172 4.57041e-07 -0.00129087 -0.0065363 0.00450972 2.24824e-06 -0.00122707 -3.09794e-05 0.00172747 0.0207978 0.00226151 1.9302e-05 -0.00380533 4.97766e-05 -0.00139403 3.75188e-07 -0.00175179 -4.2118e-05 -3.98729e-05 -0.000109984 -0.0100949 8.91586e-05 -0.000303287 -0.00226486 -0.0090436 0.00739879 -4.6026e-06 0.000319997 -0.00139942 -3.67018e-06 0.000147787 -0.00234005 -0.000810007 9.65031e-06 -0.000339186 2.34049e-06 0.000179897 0.000298051 -8.28087e-05 0.00750942 -0.000897144 0.0119615 0.000395418 0.000152816 0.000131272 0.00468288 -0.00202866 -0.00736458 -0.00489193 -0.00143646 7.3126e-06 0.0029851 -1.89128e-05 -0.00873911 -0.000973067 3.60186e-06 -0.00404635 -1.79121e-05 -0.00204016 -0.00119635 -0.00370471 0.00108505 0.00641964 -3.91823e-06 0.00821058 -0.000233034 -0.0046298 -0.00212666 -4.85261e-05 -9.36183e-05 -0.000265297 -2.45408e-06 -0.00192919 0.00474946 -0.00147571 -0.0065285 0.00405271 
-0.00233708 0.000402779 0.065271 0.0844406 -0.00897188 -0.0389781 -0.0370981 -0.0126006 -0.0180924 -0.0144673 -0.00121376 -0.00465635 -0.0081784 0.0844545 -0.032588 -0.000653855 -0.00705659 -0.000152213 -0.00260563 0.0845943 0.063937 -0.000788904 -0.000862527 -0.0101924 -1.72864e-05 -0.0140286 0.0535345 -0.0561287 -0.000600368 0.0667718 -0.000171718 -0.0050765 0.00226151 0.105633 -3.90795e-05 -0.0253401 -0.000279358 -0.0134197 -4.60166e-08 -0.0115268 -0.000269451 -0.000181602 0.000855744 0.0425334 -0.00164967 -0.00169731 0.0110131 -0.054842 -0.0104759 5.66227e-05 0.0755592 -0.00449125 -1.87339e-05 -0.00151122 -0.024438 -0.00581981 -3.06551e-05 -0.00269382 -1.52255e-06 0.0010616 -0.000210958 -0.000651026 -0.00560112 -0.00689856 -0.013406 -0.000476297 0.000262732 0.000267822 -0.0637325 -0.0137411 -0.0426386 -0.0289931 -0.0107703 -0.000426925 -0.0753359 -0.000577745 0.0464297 -0.00799152 -5.05503e-06 -0.0243376 -0.000278622 0.0834594 -0.00812275 -0.0229027 -0.00347687 -0.0552707 -2.18352e-05 -0.0483645 -0.00218231 -0.0268215 -0.0136875 -0.00100871 -0.00053751 -0.0032474 -1.15505e-05 0.0842668 -0.00499278 0.0848528 -0.0509743 -0.0679806 
