1.30666e-06 -3.01936e-07 -5.77403e-09 -9.84891e-09 -2.89208e-07 7.97402e-07 -2.32587e-12 -3.52651e-07 -4.8043e-09 4.96663e-07 -6.68066e-07 -8.48195e-08 1.76928e-07 -6.28879e-09 -7.18085e-07 4.82153e-07 -1.08755e-06 -2.6423e-08 -6.31293e-07 -7.06109e-07 -3.40879e-10 -1.10827e-07 8.29003e-09 -4.2756e-08 -1.68989e-08 1.18293e-06 6.60061e-07 1.00892e-06 -7.59456e-08 -4.63775e-07 1.08649e-06 5.22404e-07 -7.81047e-10 -2.2091e-07 -1.84788e-07 -9.66528e-09 -3.6543e-07 2.84357e-07 -9.34267e-12 -4.39215e-07 -3.10251e-10 -1.00695e-07 -1.84314e-09 -1.97711e-09 -1.04835e-08 -9.3032e-08 1.36653e-07 -8.41363e-11 -2.72463e-09 -9.62129e-10 -4.9943e-10 1.18282e-06 3.75157e-07 1.11002e-06 -3.44089e-13 -6.83226e-09 -4.00447e-07 4.55086e-07 -5.40089e-13 -9.91932e-09 -2.30676e-09 -5.03926e-08 -5.55849e-07 -2.62573e-09 -1.79699e-08 -4.45332e-07 -4.35671e-09 -1.61299e-10 -1.06681e-09 -1.15383e-10 -7.25431e-08 -2.65605e-09 -4.94265e-07 -3.6691e-07 -2.93306e-08 -6.51267e-07 -1.23968e-09 -7.48071e-10 -1.79304e-07 -4.216e-10 -3.47279e-09 -2.7183e-11 -6.97723e-07 -4.17998e-09 -2.40613e-07 -5.54927e-08 -6.11185e-09 -6.34342e-08 8.92551e-07 -5.78652e-07 -3.97831e-07 -2.58737e-07 -3.8808e-11 -1.12981e-07 8.24124e-08 -5.2611e-08 -1.18197e-07 4.95049e-07 -6.29861e-10 1.80603e-07 
-3.01936e-07 0.193206 -0.00110803 0.00551022 -0.0402064 -0.00247866 -2.62467e-07 -0.0832875 -0.000937791 -0.088022 -0.112852 -0.0153188 0.065287 0.00139057 0.083004 -0.0927871 0.020065 -0.00441051 0.0562146 0.090448 -4.45476e-05 0.00955326 -0.0890141 -0.00749068 -0.00212204 -0.00140366 -0.0937615 -0.0357578 -0.0147899 0.141091 -0.00443248 -0.000175935 0.00039777 0.120866 -0.0242656 0.00133157 0.0914516 -0.158836 -1.80105e-06 0.129495 -4.21537e-05 -0.0128146 -0.000362097 -0.000395954 0.000901668 -0.0186098 -0.0256898 -1.68499e-05 1.05397e-05 -0.000190648 -8.39138e-05 -0.00132162 -0.000758662 -0.0154712 -6.89105e-08 -0.00106386 -0.0801476 -0.00707515 -1.08163e-07 0.00507157 -0.00012874 0.0045236 0.0123495 0.00145442 -0.00244908 -0.0818001 -0.000867882 -3.201e-05 0.000549337 -1.84777e-05 -0.00806833 -0.000531225 0.0310598 -0.073221 -0.00586085 0.0941301 -0.000241501 6.94742e-05 0.0927603 -7.5697e-05 -0.000495333 -5.02726e-06 0.0855084 -0.000837122 -0.0481383 -0.0110523 -0.000972504 -0.0127001 -0.00326454 0.0989747 -0.0796301 -0.0514082 1.71213e-05 0.123248 0.000480858 -0.0105364 -0.0767848 -0.0476532 -0.000126142 -0.00597288 
-5.77403e-09 -0.00110803 0.00439937 -2.76538e-05 -0.000976205 -4.24449e-05 -7.86564e-09 -0.00140447 3.38028e-05 -0.00148615 -0.00221459 0.00329982 0.00144903 7.95251e-06 -0.000739658 -0.00161317 0.000330083 0.00394938 0.00188589 0.00160514 -1.15279e-06 -0.000370025 -0.00150319 0.00281475 0.00316882 -1.9656e-05 -0.00178372 -0.000567594 0.00295778 -0.00159812 -0.000135692 -3.14144e-06 -1.69802e-06 -0.000697102 -0.000563302 -3.08995e-05 -0.00235364 -0.00300416 -3.15951e-08 0.00251498 -1.04921e-06 0.000475289 -6.23314e-06 -6.12621e-06 -3.54397e-05 -0.00031454 -0.000653703 -1.312e-07 -9.21419e-06 -3.25374e-06 -1.67564e-06 -2.37616e-05 -1.62798e-05 -0.000269454 -1.16364e-09 -2.29887e-05 -0.00134871 -0.000229488 -1.82648e-09 -1.55553e-05 -4.73436e-06 -0.000168145 -0.00179735 -8.8364e-06 -4.92076e-05 -0.00149915 0.00236137 -5.45484e-07 3.26891e-06 -3.40204e-07 -3.21136e-05 -8.16225e-06 0.00273165 -0.00118632 -9.91906e-05 -0.00118053 -4.19237e-06 -1.2165e-06 -0.000245368 -1.42577e-06 -1.1651e-05 -9.19278e-08 0.0016457 -1.40759e-05 -0.000809133 -0.000187666 -1.65358e-05 -0.000213782 -0.000145315 0.00197281 -0.00134388 -0.00087447 -1.31241e-07 -4.67457e-05 0.00025256 -0.00017792 -0.00145972 -0.000993455 -2.13007e-06 -7.27878e-05 
-9.84891e-09 0.00551022 -2.76538e-05 0.00748062 -0.00157792 -7.15556e-05 -1.34166e-08 -0.00239801 -2.72333e-05 -0.00253245 -0.00361921 -0.000478923 -0.00269629 -4.55318e-06 -0.00445409 -0.00276784 0.000590971 -0.00056954 -0.00422466 0.00263465 -1.65634e-06 -0.000639008 -0.00256569 -0.000234426 -8.17201e-05 -4.07543e-05 -0.000764461 -0.00103523 -0.000435445 0.00192291 -8.26557e-05 -5.35844e-06 0.000336311 0.00622411 -0.00103591 -5.23069e-05 -0.00335266 -0.00519965 -5.38926e-08 0.00428462 -1.17966e-06 -0.000580723 -1.0632e-05 -1.14048e-05 -4.57766e-05 -0.00052159 -0.00107902 -4.85335e-07 -1.57169e-05 -3.52332e-06 4.98907e-06 -4.10291e-05 1.29721e-06 -0.000401732 -1.98486e-09 -3.29982e-05 -0.00230694 0.000194347 -3.11547e-09 0.00645272 -7.86641e-06 0.00110092 -0.00315853 1.21369e-05 -0.000103229 0.00380848 -2.25081e-05 -8.40446e-07 0.000743583 -4.88914e-07 -0.000173981 -1.53213e-05 -0.00211512 -0.00211144 -0.000169122 0.00216268 -7.15104e-06 5.51813e-06 0.00348613 -2.43198e-06 -1.96493e-05 -1.56804e-07 -0.00388104 -2.4112e-05 -0.00138613 -0.000320083 -3.21426e-05 -0.000365883 0.00465169 0.00312567 -0.00229337 -0.00119689 2.36595e-05 0.00545547 -2.36469e-05 -0.000303347 0.00458759 -0.00107632 -3.63332e-06 4.28403e-05 
-2.89208e-07 -0.0402064 -0.000976205 -0.00157792 0.172345 -0.00198117 5.02694e-07 -0.0688627 -0.000711778 -0.0745291 -0.0488567 -0.0138853 0.0312156 -0.00104763 0.0695092 -0.0601676 -0.00594877 -0.0124495 0.0497347 0.0580367 5.82272e-06 0.0365523 -0.0740975 -0.00684729 -0.000969833 -0.00113545 -0.0517352 -0.00814932 -0.0108832 -0.0605119 0.0138147 4.33883e-06 -0.000129853 -0.0302747 0.106508 0.000656636 0.0792172 0.0640254 -1.58253e-06 -0.0811735 0.000140491 -0.010049 -0.000312188 -0.000284534 0.00260477 -0.0157211 0.110338 -3.15496e-06 0.00134984 8.59107e-05 -7.87159e-07 -0.00113296 -0.000819535 0.00833843 -5.82844e-08 -0.000987699 -0.0678297 0.0145462 -9.14843e-08 -0.00167633 -0.000369916 0.0277095 0.0983868 -0.00040648 0.00726594 -0.0750015 -0.000591781 -2.73221e-05 -0.000180548 -1.43511e-05 -0.0110487 -0.000449901 -0.0248467 -0.0620576 0.015621 0.0601849 -1.12034e-05 -0.000125547 -0.0236294 -7.14138e-05 -8.29304e-05 -4.60446e-06 0.0580126 -0.000543223 -0.0407274 -0.00933649 0.0022834 -0.0107423 -0.00744726 0.0153322 -0.0673845 -0.0435305 -6.57359e-06 -0.037833 -0.000717976 -0.00890218 -0.0727744 0.139135 -0.000106691 0.0119387 
7.97402e-07 -0.00247866 -4.24449e-05 -7.15556e-05 -0.00198117 0.00954856 -1.71619e-08 0.00557308 -3.54095e-05 0.00518946 0.00227483 -0.000574472 -0.00451323 -4.41198e-05 -0.00613594 0.000860203 -0.00639962 -0.000760669 -0.00551609 -0.00606873 -2.42858e-06 0.00507453 0.00585306 -0.000315095 6.12048e-05 0.00164086 0.00550493 0.006869 -0.000558824 -0.00369341 5.96019e-05 0.000331106 -5.76312e-06 -0.00162744 -0.00135176 -4.93673e-05 -0.0052346 0.00294685 3.66773e-06 -0.00409731 3.48075e-06 -0.000742716 -5.1833e-06 0.000411961 0.000132069 -0.000322693 -0.00123867 1.43918e-06 -1.47427e-06 8.41174e-05 -3.02515e-06 0.00161986 0.000231081 0.000611695 -2.53893e-09 0.0004651 0.0046167 -7.65301e-05 -3.98516e-09 -5.44952e-05 -4.79091e-06 -0.000371762 -0.00404299 -1.92712e-05 -0.000132595 0.00485675 -1.71535e-05 -4.68476e-08 -6.41688e-07 -7.51378e-07 -0.000528034 0.000634475 -0.00355553 -0.000716386 -1.44321e-05 -0.00563291 5.05961e-05 1.87935e-05 0.001991 -2.73753e-06 5.32653e-05 3.95609e-06 -0.00600757 0.00179629 -0.00117233 -0.000344914 -4.08243e-05 0.000634644 0.00221541 -0.00512602 0.00445544 0.00329044 6.3647e-08 -0.00169147 -3.13907e-05 -0.000338704 0.00458849 -0.000780861 -1.67423e-06 1.9849e-05 
-2.32587e-12 -2.62467e-07 -7.86564e-09 -1.34166e-08 5.02694e-07 -1.71619e-08 1.78e-06 -2.10005e-07 -6.54463e-09 -2.42727e-07 -9.06736e-07 -1.12212e-07 -6.67212e-07 -8.56687e-09 2.86196e-07 -2.98818e-07 -3.87101e-07 8.62333e-08 4.01096e-07 3.02511e-07 -4.6436e-10 1.90268e-08 -2.49591e-07 -5.82442e-08 -2.30204e-08 -9.62432e-09 -9.85728e-08 6.66518e-08 -1.03456e-07 -1.59598e-07 -5.47365e-08 -1.26542e-09 -1.06398e-09 -3.00933e-07 4.7494e-07 -1.31665e-08 3.21498e-07 1.16292e-07 -1.2727e-11 -3.27247e-07 -4.22637e-10 8.94954e-08 -2.5108e-09 -2.69331e-09 -1.4281e-08 2.29934e-07 6.33281e-07 -1.14614e-10 -3.71161e-09 -1.31066e-09 -6.80346e-10 -9.78368e-09 -6.59803e-09 -1.08959e-07 -4.68733e-13 -9.30721e-09 -1.8884e-07 -8.96368e-08 -7.35733e-13 -1.35125e-08 -3.14237e-09 8.2802e-07 2.36131e-07 -3.57689e-09 -2.44795e-08 -2.49985e-07 -5.9349e-09 -2.19729e-10 -1.45326e-09 -1.5718e-10 -9.88214e-08 -3.61819e-09 -3.46643e-07 -1.43155e-07 -3.99555e-08 3.73886e-07 -1.68875e-09 -1.01906e-09 -8.17894e-08 -5.74323e-10 -4.73079e-09 -3.70299e-11 3.13935e-07 -5.69415e-09 -3.27774e-07 2.81072e-07 -8.32584e-09 2.70254e-07 -6.00968e-08 -4.20528e-07 -2.2861e-07 -3.52463e-07 -5.2866e-11 -1.12837e-07 -5.7953e-09 -2.83357e-08 -5.49057e-07 5.37048e-07 -8.58025e-10 -4.45867e-08 
-3.52651e-07 -0.0832875 -0.00140447 -0.00239801 -0.0688627 0.00557308 -2.10005e-07 0.217005 -0.00100732 0.207652 0.138878 -0.0205463 -0.175369 -0.0015321 -0.202905 0.179654 -0.0241562 -0.0251017 -0.182199 -0.198958 -8.16314e-05 -0.0185256 0.208489 -0.0103048 0.00180224 -0.000544563 0.18581 0.0475276 -0.0184766 -0.122692 -0.00934129 -0.000212438 -0.000168094 -0.0538005 -0.0442979 -0.00169349 -0.176833 0.0965631 2.86376e-06 -0.135417 -6.74425e-05 -0.0243631 0.00082289 0.000426473 -0.001566 0.0482227 -0.0446414 1.51045e-05 -0.000583143 0.000435011 0.000177433 -0.000698111 -0.000883742 -0.00333416 -8.38335e-08 0.00287645 0.207496 0.00258227 -1.31587e-07 -0.00225527 -0.000522123 -0.0122339 -0.133242 -0.000637701 -0.00437283 0.206499 -0.00104771 8.08045e-05 -0.000248397 1.16082e-05 -0.0147355 0.00096528 -0.119887 0.19046 -0.00666037 -0.187016 0.000446578 0.000149821 -0.041363 -9.46916e-05 0.00130646 4.88049e-06 -0.197751 0.00198052 0.124773 0.0287871 -0.000680856 0.0329884 -0.00189361 -0.169325 0.189453 0.134497 -5.04848e-06 -0.0556658 -0.00103625 0.0273312 0.196555 -0.0749067 0.000319255 -0.00678777 
-4.8043e-09 -0.000937791 3.38028e-05 -2.72333e-05 -0.000711778 -3.54095e-05 -6.54463e-09 -0.00100732 0.00366324 -0.00110453 -0.0018288 0.00268543 0.00105818 2.49432e-06 0.000609055 -0.00116572 -0.00015738 0.00274002 0.00107424 0.000797237 2.61749e-06 -1.50955e-06 -0.00110961 0.000380574 7.89425e-05 -1.80533e-05 -0.00107629 -0.000119451 0.00124554 -0.00140599 -0.000112663 6.62821e-07 -2.19775e-06 -0.00061284 -0.000480559 0.000505137 -0.00191472 -0.00193869 -2.62888e-08 0.00166945 -5.86331e-07 0.0027302 6.43697e-07 8.83339e-06 0.000232744 -0.000121011 -0.000533243 -2.36747e-07 -3.41669e-06 -1.59062e-06 3.94681e-07 -1.74491e-05 -7.18553e-06 -0.000216922 2.22365e-07 -1.92249e-05 -0.000993999 -0.000160602 -1.51973e-09 -2.47848e-05 0.000323359 -0.000139317 -0.00156121 -7.38841e-06 -5.02313e-05 -0.00109107 2.29842e-05 -4.53872e-07 -5.71842e-07 -3.2467e-07 -7.80384e-05 2.66287e-07 0.00210169 -0.000880555 -7.58752e-05 0.00112484 -3.48828e-06 -2.10496e-06 -0.000245935 -1.18632e-06 -9.7719e-06 3.12351e-06 0.00119047 -1.17618e-05 -0.000592073 -5.06545e-05 -1.44512e-05 -3.24741e-05 -0.000119242 0.00112399 -0.00106467 -0.00072794 -1.092e-07 -0.000637911 -9.56408e-06 -6.91559e-05 -0.00120692 0.00105559 2.74334e-07 8.70119e-05 
4.96663e-07 -0.088022 -0.00148615 -0.00253245 -0.0745291 0.00518946 -2.42727e-07 0.207652 -0.00110453 0.223345 0.145001 -0.0217863 -0.168262 -0.00162055 -0.214997 0.193451 -0.0250371 -0.0265652 -0.192751 -0.211059 -8.7847e-05 -0.0214366 0.22131 -0.0109099 0.00142795 0.00229727 0.198163 0.0647497 -0.019562 -0.129789 -0.00565531 -8.67536e-05 -0.000168432 -0.0569091 -0.0473432 -0.00226986 -0.189348 0.102167 1.99899e-06 -0.143243 -7.98239e-05 -0.0258986 0.000835237 0.000719211 -0.00252969 0.0470105 -0.0485511 1.30541e-05 -0.000698788 0.000203392 -0.000122953 0.00219719 0.00182313 0.015893 -8.86743e-08 0.00208954 0.203089 -8.30931e-05 -1.39185e-07 -0.00229419 -0.000561672 -0.012986 -0.142275 -0.000667328 -0.00462483 0.21718 -0.00108605 8.03586e-05 -0.000241115 2.14216e-05 -0.0153991 0.000678587 -0.126751 0.185035 -0.00743198 -0.197787 -0.000315515 0.000137057 -0.0455571 -0.000104146 0.000573783 4.68473e-06 -0.20982 0.0019214 0.120723 0.0280471 -0.000877541 0.0320727 0.0155427 -0.179187 0.201819 0.130553 -5.59444e-06 -0.0588814 -0.00109635 0.026556 0.206659 -0.0598087 0.00030818 -0.00425794 
-6.68066e-07 -0.112852 -0.00221459 -0.00361921 -0.0488567 0.00227483 -9.06736e-07 0.138878 -0.0018288 0.145001 0.249873 -0.0331728 -0.0992753 -0.00245687 -0.138659 0.133505 -0.018419 -0.0336984 -0.137442 -0.152725 -5.98664e-05 -0.0210799 0.144988 -0.0164293 -0.00220171 -0.00255177 0.150971 0.0542539 -0.0293223 -0.0695745 0.00917141 -0.000103494 -0.000274596 -0.0753858 -0.0715286 -0.000775853 -0.113682 0.140875 -3.45228e-06 -0.105468 -0.000104932 -0.0369694 0.000660507 -0.000434934 -0.000442878 0.0205414 -0.0684964 -1.60434e-06 0.000448784 -2.42714e-06 0.000117102 -0.00269838 -0.00184988 0.023996 -1.34636e-07 0.00159634 0.134159 0.0207026 -2.11327e-07 -0.00387164 -8.35985e-06 -0.0193532 -0.0668471 -0.000994399 -0.00069136 0.142645 -0.00169774 -2.10102e-05 -0.00039019 -3.55306e-05 -0.0248809 -0.000938951 -0.0252334 0.121146 0.0102606 -0.146587 0.000224865 -9.71338e-06 -0.0484084 -0.000161271 0.000921397 2.27711e-06 -0.154585 0.00108148 0.0889397 0.00796907 -0.00230659 0.00913627 0.0055 -0.125603 0.138652 0.0962609 -1.03782e-05 -0.0884041 -0.00159237 0.00777986 0.140965 -0.0336434 -4.861e-05 0.00748945 
-8.48195e-08 -0.0153188 0.00329982 -0.000478923 -0.0138853 -0.000574472 -1.12212e-07 -0.0205463 0.00268543 -0.0217863 -0.0331728 0.0606992 0.0213445 0.00153284 0.0197029 -0.00339206 0.0049794 0.0413183 0.0266447 0.0225964 1.41591e-05 -0.00543631 -0.0219954 0.0293304 0.00406825 -0.000231082 -0.0253701 -0.0085616 0.0519178 -0.0181687 -0.00199099 -3.85172e-05 -3.64844e-05 -0.0106739 -0.00897233 -0.000444571 -0.0167069 -0.0401979 -4.64127e-07 0.0369676 -9.26271e-06 0.0530677 -8.07838e-05 -7.8356e-05 -0.00040791 -0.00462 -0.00960402 -4.07641e-06 -0.000134408 -4.77902e-05 1.93587e-06 -0.000242357 -0.0002242 -0.00392289 2.4624e-07 -0.000338661 -0.0198489 -0.00320724 -2.68307e-08 -0.000482485 -5.90524e-05 -0.00248357 -0.0273862 -6.11219e-05 -0.000789882 -0.0220402 0.00294616 -7.84973e-06 -5.28839e-05 -2.98203e-06 0.0421418 -0.000112834 0.0394793 -0.0181375 -0.00145709 0.000209528 -6.15853e-05 -1.14862e-05 -0.00851248 0.000291032 -0.000171372 -1.20374e-06 0.0242137 -0.000205604 -0.0118267 -0.00275651 -0.000164473 -0.00314764 -0.00208008 0.00185889 -0.0197464 -0.0128316 -1.92791e-06 -0.00973099 0.000815167 -0.00261354 -0.0215604 -0.0114738 -2.24171e-05 -0.00138222 
1.76928e-07 0.065287 0.00144903 -0.00269629 0.0312156 -0.00451323 -6.67212e-07 -0.175369 0.00105818 -0.168262 -0.0992753 0.0213445 0.220855 0.00144409 0.172674 -0.147114 0.0198159 0.0257921 0.163868 0.160552 -1.06715e-05 -0.0176901 -0.168328 0.0106781 -0.00269678 0.00133836 -0.152147 -0.0188812 0.018357 0.122565 0.00967432 0.000118616 -0.000169522 0.0459009 0.00751541 0.00155521 0.140839 -0.0934465 -4.72564e-06 0.134202 -0.00014377 0.0233204 -4.76909e-05 -0.000261473 0.00182656 -0.044009 0.00767074 -4.17842e-05 -0.00135727 -0.000352926 -3.75231e-05 0.00149936 0.00115677 0.0167627 8.67108e-08 -0.00297867 -0.175838 0.00345943 -2.7723e-07 -0.00259649 0.000512233 -0.0248541 0.0960277 0.000527661 0.00325991 -0.172649 0.00109441 -8.11357e-05 -0.000498003 -3.26533e-05 0.0157429 -0.000581673 0.120375 -0.171195 0.00700282 0.146358 -0.000593785 -3.95252e-05 0.0446898 9.51471e-05 -0.00165163 -8.41985e-06 0.162179 -0.00212405 -0.116833 -0.0278505 -0.00252873 -0.0323143 0.000994272 0.168258 -0.15365 -0.127129 -1.4667e-05 0.0520773 0.00107147 -0.025557 -0.163508 0.0411264 -0.000313988 0.00708908 
-6.28879e-09 0.00139057 7.95251e-06 -4.55318e-06 -0.00104763 -4.41198e-05 -8.56687e-09 -0.0015321 2.49432e-06 -0.00162055 -0.00245687 0.00153284 0.00144409 0.00478968 0.00170769 -0.00171099 0.000376559 0.00154157 -0.00040849 0.00153797 1.54344e-05 -0.000254738 -0.00163758 0.00019292 -3.54136e-05 -2.60227e-05 -0.00193193 -0.000665962 0.00140126 0.00104419 -0.000144806 -3.4215e-06 -2.8435e-06 0.0017606 -0.000583047 -3.18435e-05 0.000310884 -0.00304251 -3.44119e-08 0.00266175 -6.49413e-07 0.00169801 -6.78883e-06 -7.12229e-06 -3.31837e-05 -0.000341298 -0.000696712 -3.09899e-07 -9.32897e-06 -3.54381e-06 -1.83955e-06 -2.61736e-05 -1.78401e-05 -0.000294148 -1.26738e-09 -1.59553e-05 -0.00147481 -0.00012798 -1.98931e-09 -1.96425e-05 -7.83315e-06 -0.000158514 -0.00167893 4.0353e-06 -6.5942e-05 -0.00161416 -1.35004e-05 -5.94114e-07 -3.02605e-06 -3.88324e-07 0.000378695 -9.50636e-06 0.00279481 -0.00133377 -0.000108033 0.00133168 -4.34946e-06 -2.75537e-06 0.00169063 -1.07288e-06 -1.26213e-05 -1.00123e-07 0.00179307 -1.51795e-05 -0.000884955 -0.000204396 2.1882e-06 -0.000233187 -0.000146193 0.00146907 -0.00146533 -0.000951387 -1.42942e-07 -0.000761309 2.11104e-05 -0.000193782 -0.00157911 -0.00106858 -1.69969e-07 -0.000120136 
-7.18085e-07 0.083004 -0.000739658 -0.00445409 0.0695092 -0.00613594 2.86196e-07 -0.202905 0.000609055 -0.214997 -0.138659 0.0197029 0.172674 0.00170769 0.230723 -0.189089 0.0273277 0.0244756 0.2002 0.205924 8.5418e-05 0.0150302 -0.216504 0.00800381 -0.00568972 -0.00339908 -0.197877 -0.0657926 0.0174854 0.134385 0.0046725 -0.000232022 -0.000161611 0.0514121 0.0455919 0.00125343 0.192182 -0.0983919 -4.49771e-06 0.142235 -0.000140471 0.0269571 -0.000814169 -0.000964419 0.000866882 -0.0454524 0.0430499 -3.47716e-05 -0.000234696 -0.000454697 -0.000196266 -0.00345685 -0.00230164 -0.0176828 -1.28228e-07 -0.00288044 -0.19566 -0.00410395 1.49279e-07 -0.00414934 0.000313842 0.00783756 0.143961 0.000672616 0.00435772 -0.216255 -0.00153479 -7.7544e-05 -0.000514857 -2.78618e-05 0.0151795 -0.00127268 0.128783 -0.178459 0.00644537 0.198277 -0.000598452 -0.000133699 0.0419223 9.89792e-05 -0.00131679 -1.08767e-05 0.212628 -0.00204361 -0.117192 -0.0271128 0.000582143 -0.0309914 -0.0211401 0.18075 -0.194471 -0.126326 -1.75636e-05 0.0560898 0.00116652 -0.0257025 -0.207727 0.0545963 -0.000303331 0.00405685 
4.82153e-07 -0.0927871 -0.00161317 -0.00276784 -0.0601676 0.000860203 -2.98818e-07 0.179654 -0.00116572 0.193451 0.133505 -0.00339206 -0.147114 -0.00171099 -0.189089 0.232642 -0.0418992 -0.0241539 -0.18846 -0.204859 -6.75045e-05 -0.0250561 0.194756 0.00664555 0.0014929 0.00320982 0.194364 0.0715106 -0.00126224 -0.135236 0.0155635 0.000428564 -0.000214558 -0.0605986 -0.0512181 -0.00169257 -0.16338 0.0892845 7.10347e-07 -0.132847 -8.73127e-05 -0.00729532 0.00085997 0.000894467 -0.000718022 0.0437271 -0.0524957 -9.67161e-06 0.000107944 0.000219002 -0.000104428 0.00339831 0.00229568 0.0337067 -9.69725e-08 0.000530926 0.17524 0.0133431 2.61123e-07 -0.0024845 -0.000489603 -0.0141821 -0.152382 -0.000280454 -0.00459959 0.18835 -0.000596684 6.6712e-05 -0.000254489 3.27056e-05 0.00463478 0.00126596 -0.111767 0.165934 0.0122852 -0.212975 -0.000266896 -0.000135344 -0.049537 0.000203616 7.63917e-05 -3.30416e-06 -0.202591 -0.000107391 0.111972 0.0266998 -0.00060337 0.0299 0.0134435 -0.193956 0.173808 0.108909 -8.02702e-06 -0.0643778 -0.0011981 0.0247296 0.178177 -0.0416561 0.000128127 0.0136053 
-1.08755e-06 0.020065 0.000330083 0.000590971 -0.00594877 -0.00639962 -3.87101e-07 -0.0241562 -0.00015738 -0.0250371 -0.018419 0.0049794 0.0198159 0.000376559 0.0273277 -0.0418992 0.0722601 0.00616382 0.0447567 0.0473414 1.88681e-05 -0.00412651 -0.0266655 0.00245881 -0.00303074 -0.0049269 -0.0459902 -0.0410769 0.00450595 0.0301766 -0.0241618 -0.000643222 4.54942e-05 0.0132417 0.0108961 -0.00196911 0.0190312 -0.0240112 -4.16605e-06 0.0333066 -0.000166196 0.00597168 -0.000359244 -0.00124627 -0.00376885 -0.0299442 0.00946459 -2.40813e-05 -0.000504886 -0.000651473 -6.47145e-05 -0.00500982 -0.00337203 -0.0267443 2.06474e-08 -0.00168607 -0.0221425 -0.0211235 -3.80925e-07 0.000314629 -0.000234854 0.0029057 0.0329767 0.000153977 0.000579168 -0.0209705 0.000167765 -7.98711e-05 3.65684e-05 6.07012e-07 0.00412474 -0.00183106 0.0262783 -0.0131592 -0.020427 0.0453495 -9.58182e-05 -0.000209648 0.00291569 1.99219e-05 0.000143118 -6.01885e-06 0.0473543 -0.00269474 0.0143884 -0.0279237 0.000150322 -0.03436 -0.00340857 0.0413868 -0.00195763 0.0106556 1.65538e-06 0.0137141 0.000255279 -0.0259668 -0.0161521 -0.0107916 -0.000261431 -0.0210343 
-2.6423e-08 -0.00441051 0.00394938 -0.00056954 -0.0124495 -0.000760669 8.62333e-08 -0.0251017 0.00274002 -0.0265652 -0.0336984 0.0413183 0.0257921 0.00154157 0.0244756 -0.0241539 0.00616382 0.0726707 0.0323803 0.0287409 -1.89619e-05 -0.00641997 -0.0268651 0.0139485 0.00337576 -0.00037251 -0.0315537 -0.0108101 0.0342848 -0.00409226 -0.00241395 -5.60874e-05 -3.93221e-05 -0.0069606 -0.0087708 -0.000104619 -0.0186308 -0.0404914 -5.64101e-07 0.0421172 -1.87326e-05 0.0437456 -0.0001111 -0.000110459 -0.000615094 -0.00561447 -0.0105298 -4.82339e-06 -0.00016451 -5.80857e-05 9.97828e-06 -0.00042631 -0.000292445 -0.00482418 2.02558e-07 -0.000409241 -0.0241301 -0.00385849 -3.261e-08 -0.000562069 0.00054032 -0.0029776 -0.022346 -0.000157836 -0.000231353 -0.0268385 0.00239442 -9.73908e-06 -6.06029e-05 -2.13374e-07 0.0244257 -0.000151973 0.0432162 -0.0220565 -0.00177066 0.0230132 -7.48507e-05 -4.06775e-06 -0.00297367 -2.18025e-05 -0.000208353 -1.63462e-06 0.0296049 -0.000252383 -0.0142251 -0.00334898 -0.000111051 -0.00382248 -0.00266065 0.0249896 -0.0240204 -0.015622 -2.24652e-06 -0.00213954 0.00160758 -0.00317502 -0.0262167 -0.0128585 -2.9767e-05 -0.00163642 
-6.31293e-07 0.0562146 0.00188589 -0.00422466 0.0497347 -0.00551609 4.01096e-07 -0.182199 0.00107424 -0.192751 -0.137442 0.0266447 0.163868 -0.00040849 0.2002 -0.18846 0.0447567 0.0323803 0.244756 0.207574 5.57029e-05 0.00486125 -0.194873 0.0123368 -0.0017792 -0.00304191 -0.201657 -0.0786595 0.0241303 0.125399 -0.0175041 -0.000406884 -0.000301824 0.0306761 0.0435256 -0.0018723 0.158476 -0.0912576 -4.09279e-06 0.144182 -0.000123926 0.0295117 -0.000805028 -0.000859438 -0.00219095 -0.0407423 0.0422999 -3.58913e-05 -0.000599639 -0.000421478 -0.000177794 -0.00312297 -0.00212106 -0.0349458 1.12597e-07 -0.00272396 -0.175377 -0.0280272 -2.36599e-07 -0.00373864 0.000204437 -0.000713718 0.154076 -0.000576875 0.00374877 -0.193975 0.00132472 -7.00645e-05 -0.000427506 -3.05764e-05 0.0141694 -0.00114673 0.121991 -0.160194 -0.0128457 0.201943 -0.000533454 -9.80678e-05 0.0179548 8.92808e-05 -0.00138677 -1.08215e-05 0.215019 -0.00183022 -0.104955 -0.0243066 -0.000789437 -0.0277787 -0.0189331 0.19273 -0.174277 -0.113343 -1.59141e-05 0.0596316 0.00117312 -0.0230407 -0.18871 0.033117 -0.000267516 -0.0130835 
-7.06109e-07 0.090448 0.00160514 0.00263465 0.0580367 -0.00606873 3.02511e-07 -0.198958 0.000797237 -0.211059 -0.152725 0.0225964 0.160552 0.00153797 0.205924 -0.204859 0.0473414 0.0287409 0.207574 0.233184 -6.85243e-05 0.0142578 -0.211647 0.0113185 -0.00110985 -0.00318837 -0.210136 -0.0842412 0.0202163 0.138293 -0.0150752 -0.000430076 0.000191041 0.0610272 0.050071 -0.000511549 0.17678 -0.108768 -4.50218e-06 0.153419 8.20353e-05 0.0255419 -0.000886434 -0.000822665 -0.0037791 -0.0447716 0.0516597 -1.67115e-05 1.60418e-05 -0.000455068 -2.02058e-05 -0.00327594 -0.002285 -0.0352515 9.75188e-08 -0.00224359 -0.192667 -0.020911 -2.60266e-07 0.00234681 0.000207312 0.013552 0.153496 0.00032254 0.0049263 -0.206621 0.00106157 -7.74993e-05 0.000235576 -3.21791e-05 0.0147114 -0.00121278 0.133622 -0.175991 -0.0130552 0.209301 -1.023e-06 -0.000184375 0.0398178 -0.000127707 -0.000996712 -1.30794e-05 0.221461 -0.00182301 -0.115229 -0.0266888 0.00041283 -0.0305565 -0.0160416 0.192139 -0.190723 -0.124367 5.0453e-06 0.0632247 0.00118723 -0.0253529 -0.195773 0.0402512 -0.000294467 -0.0147309 
-3.40879e-10 -4.45476e-05 -1.15279e-06 -1.65634e-06 5.82272e-06 -2.42858e-06 -4.6436e-10 -8.16314e-05 2.61749e-06 -8.7847e-05 -5.98664e-05 1.41591e-05 -1.06715e-05 1.54344e-05 8.5418e-05 -6.75045e-05 1.88681e-05 -1.89619e-05 5.57029e-05 -6.85243e-05 0.000260809 2.113e-05 -8.69498e-05 -8.23627e-06 1.90613e-06 -1.35387e-06 -0.000102063 -3.47236e-05 0.000163271 -8.72122e-05 -6.59218e-06 -9.87932e-08 -1.2927e-07 -2.45448e-05 9.63236e-05 -1.82301e-06 -7.02189e-05 5.89212e-05 -1.86527e-09 -0.000104652 -4.5275e-08 0.000181763 2.92017e-07 -3.94731e-07 -2.09303e-06 -1.14572e-05 1.60582e-05 -1.67978e-08 1.56603e-06 -1.9209e-07 -9.97114e-08 1.06061e-05 -5.03674e-07 -1.21057e-05 -6.86975e-11 -1.20073e-06 -7.99494e-05 -4.64902e-06 -1.07829e-10 -1.68706e-06 -4.60546e-07 1.76158e-05 0.000116471 -5.24229e-07 4.24229e-06 -8.50508e-05 1.50135e-05 -3.22035e-08 -2.12989e-07 -2.30363e-08 9.62341e-06 -5.30281e-07 5.96197e-05 -7.20238e-05 -4.4292e-06 6.89516e-05 -8.41699e-08 -1.49353e-07 -4.14442e-05 -8.41727e-08 4.76999e-06 -5.4271e-09 9.47433e-05 -8.34535e-07 -4.78253e-05 -1.10791e-05 1.74498e-05 -1.26647e-05 -8.31446e-06 -0.000107194 -7.94271e-05 -5.1327e-05 -7.74804e-09 -4.43493e-05 -7.39359e-07 -1.05038e-05 -8.5824e-05 0.000183604 -1.25752e-07 0.000150285 
-1.10827e-07 0.00955326 -0.000370025 -0.000639008 0.0365523 0.00507453 1.90268e-08 -0.0185256 -1.50955e-06 -0.0214366 -0.0210799 -0.00543631 -0.0176901 -0.000254738 0.0150302 -0.0250561 -0.00412651 -0.00641997 0.00486125 0.0142578 2.113e-05 0.0776226 -0.0212715 -0.00276829 -9.66605e-05 0.000422625 -0.00842831 -0.000129049 -0.00465402 -0.0162948 -0.000886676 0.000117893 -4.17882e-05 -0.0113967 0.0277768 0.00319586 0.0193632 0.00995515 -6.06437e-07 -0.0206474 -6.43519e-06 -0.00414853 -7.25889e-05 -2.71485e-05 0.00483158 -0.00582508 0.030361 1.33867e-06 0.00171402 0.000186904 -2.66249e-05 0.000497328 9.2816e-05 -0.00300509 -2.2335e-08 -0.000347059 -0.0191374 -0.000236633 3.78276e-07 -0.000619142 0.000276704 0.0304993 0.0188775 -3.58771e-06 -0.000850491 -0.0212998 -0.000272029 -8.97335e-06 -5.75872e-05 4.10429e-07 -0.00369601 0.000139641 -0.0037562 -0.0235829 -0.000747131 0.0223624 -2.87684e-05 0.000158926 0.0160571 -2.69763e-05 0.000168706 9.8122e-06 0.0200025 0.00112636 -0.0153619 -0.0033265 0.00246861 -0.00383728 -0.00118498 -0.0248562 -0.0195634 -0.0108127 -2.16571e-06 -0.00938177 -0.000249887 -0.00305907 -0.0211406 0.0362072 -3.47479e-05 -0.00159935 
8.29003e-09 -0.0890141 -0.00150319 -0.00256569 -0.0740975 0.00585306 -2.49591e-07 0.208489 -0.00110961 0.22131 0.144988 -0.0219954 -0.168328 -0.00163758 -0.216504 0.194756 -0.0266655 -0.0268651 -0.194873 -0.211647 -8.69498e-05 -0.0212715 0.22459 -0.0110307 0.00170889 0.00342164 0.198754 0.0657191 -0.0197725 -0.131216 -0.00513805 0.000130885 -0.000179787 -0.0575378 -0.0468874 -0.00228951 -0.188353 0.103362 4.64475e-06 -0.144888 8.63504e-05 -0.0257786 0.000836273 0.000993209 -0.00262302 0.0469027 -0.047166 3.28258e-05 -0.000709676 0.000211212 0.000195162 0.00337756 0.00219723 0.0174868 -8.96898e-08 0.00295124 0.201561 0.00184656 -1.40779e-07 -0.00232367 -0.000561764 -0.0130387 -0.14208 -0.000681411 -0.0045169 0.216258 -0.00105909 7.99326e-05 -0.00023563 3.31377e-05 -0.0156146 0.00131949 -0.128271 0.18446 -0.00648368 -0.199904 0.000564896 0.000120212 -0.0457245 -0.000102344 0.0012994 6.33117e-06 -0.210899 0.0020709 0.120984 0.0279377 -0.000562563 0.0319847 0.0162619 -0.181205 0.200468 0.129321 -6.05899e-06 -0.0595733 -0.0011089 0.0264959 0.206086 -0.0584873 0.000308634 -0.00365087 
-4.2756e-08 -0.00749068 0.00281475 -0.000234426 -0.00684729 -0.000315095 -5.82442e-08 -0.0103048 0.000380574 -0.0109099 -0.0164293 0.0293304 0.0106781 0.00019292 0.00800381 0.00664555 0.00245881 0.0139485 0.0123368 0.0113185 -8.23627e-06 -0.00276829 -0.0110307 0.0316508 0.00398277 -0.000163982 -0.0117372 -0.00424049 0.0288334 -0.00918796 -0.000674869 -2.3262e-05 -1.95589e-05 -0.00491503 -0.00462165 -0.000107101 -0.00261934 -0.0223436 -2.33958e-07 0.0184751 1.67072e-06 0.0246655 -3.82124e-05 -4.6484e-05 -0.000161653 -0.0022711 -0.00483511 -1.7736e-06 -6.66134e-05 -2.40402e-05 1.88e-05 -0.000176278 -0.000120104 -0.00199239 2.54717e-07 -0.000166253 -0.00993268 -0.00158694 -1.35249e-08 -0.000240749 9.07176e-05 -0.00125716 -0.0135081 -1.26468e-05 -0.000192205 -0.0110458 0.00279793 -3.17258e-06 -2.66017e-05 -1.02748e-07 0.024149 -6.58159e-05 0.0201547 -0.00912583 -0.000732119 -0.0113833 -2.58607e-05 -1.83198e-05 -0.00510669 0.000298379 -8.5982e-05 -3.40716e-07 0.0116292 -9.87181e-05 -0.0057901 -0.00133748 -0.000151949 -0.00153689 -0.0011046 -0.0107708 -0.00987048 -0.00647477 -9.71827e-07 -0.00567898 -6.04208e-05 -0.00129243 -0.0106576 -0.00797341 -1.26896e-05 -0.000800964 
-1.68989e-08 -0.00212204 0.00316882 -8.17201e-05 -0.000969833 6.12048e-05 -2.30204e-08 0.00180224 7.89425e-05 0.00142795 -0.00220171 0.00406825 -0.00269678 -3.54136e-05 -0.00568972 0.0014929 -0.00303074 0.00337576 -0.0017792 -0.00110985 1.90613e-06 -9.66605e-05 0.00170889 0.00398277 0.0127655 -3.42766e-05 0.000541568 0.00338949 0.00427017 -0.00481115 -0.000396481 -9.19406e-06 -7.71712e-06 -0.00133293 -0.000226606 -9.51359e-05 -0.00552162 -0.00184972 3.14753e-06 -0.000102935 0.000221559 0.000101193 7.38941e-05 -1.75885e-05 -9.31572e-05 0.00190749 -0.00033392 3.79939e-05 -2.69672e-05 -9.51606e-06 -4.94313e-06 -6.27911e-05 -4.59988e-05 -0.000408058 -3.40564e-09 0.000165304 0.00172227 -0.000415009 -5.34556e-09 -9.6187e-05 -2.23546e-05 0.00064942 -0.00355329 -2.56783e-05 0.000197568 0.00139765 0.00315888 3.79686e-06 -5.29881e-06 -1.02201e-06 0.00146718 -2.3505e-05 0.000555558 0.00135469 -0.000288675 -0.00595117 0.000197417 -6.93074e-06 -0.00158778 -5.72812e-07 3.49112e-05 -2.65712e-07 -0.000999885 0.000317725 -0.00211243 -0.000383452 -6.04491e-05 0.00346992 -0.000217168 -0.0031876 0.00187747 -0.00184631 -3.84104e-07 -0.00190495 3.19022e-06 -0.000442136 -0.000437395 -0.00212466 2.28659e-05 -0.000178527 
1.18293e-06 -0.00140366 -1.9656e-05 -4.07543e-05 -0.00113545 0.00164086 -9.62432e-09 -0.000544563 -1.80533e-05 0.00229727 -0.00255177 -0.000231082 0.00133836 -2.60227e-05 -0.00339908 0.00320982 -0.0049269 -0.00037251 -0.00304191 -0.00318837 -1.35387e-06 0.000422625 0.00342164 -0.000163982 -3.42766e-05 0.00537769 0.00309944 0.00459742 -0.000287282 -0.0020372 0.0033755 0.000387049 -2.1286e-06 -0.000914114 -0.000764547 -3.92411e-05 -0.0029678 0.00160891 3.69801e-06 -0.00224562 4.43953e-06 -0.000365564 1.88332e-05 0.000734555 -4.24967e-05 -0.000285322 -0.000753147 -2.41485e-07 -1.12744e-05 -9.11241e-07 8.79601e-05 0.00510252 0.00338042 0.00419953 -1.42382e-09 2.89513e-06 -0.00138059 8.78811e-05 -2.23486e-09 8.08767e-06 -7.37525e-06 -0.000208522 -0.00229864 -1.08652e-05 -7.38287e-05 -0.00123048 6.45322e-05 -4.84115e-07 9.44893e-06 1.20588e-06 -0.00027672 0.000809089 -0.00199549 -0.00148635 0.000164668 -0.00314315 -5.12974e-06 1.15945e-05 2.60626e-05 -1.74456e-06 -1.43702e-05 6.37518e-07 -0.00331875 6.45679e-06 -0.000994236 -0.000192692 -2.33639e-05 -0.000177751 0.00487279 -0.00284776 -0.00140893 -0.001044 -1.60586e-07 -0.000943361 -1.74671e-05 -0.000124471 -0.00163673 0.00332259 -2.60633e-06 0.00298469 
6.60061e-07 -0.0937615 -0.00178372 -0.000764461 -0.0517352 0.00550493 -9.85728e-08 0.18581 -0.00107629 0.198163 0.150971 -0.0253701 -0.152147 -0.00193193 -0.197877 0.194364 -0.0459902 -0.0315537 -0.201657 -0.210136 -0.000102063 -0.00842831 0.198754 -0.0117372 0.000541568 0.00309944 0.241082 0.0811894 -0.0228529 -0.138357 0.0180734 0.0004155 0.000186474 -0.0596375 -0.0522557 0.00133576 -0.178865 0.114296 -1.32979e-06 -0.154044 -9.50727e-05 -0.0284443 0.000803241 0.000831622 0.00105322 0.0412858 -0.0498561 -9.45768e-06 -0.000120569 0.00038839 -0.000101744 0.00319146 0.00219835 0.0359983 -1.06799e-07 0.00136451 0.180226 0.025962 2.457e-07 -0.000826739 0.000261738 -0.0103719 -0.136204 -0.000751809 -0.00180819 0.194444 -0.00125562 7.25957e-05 -5.02717e-05 -2.84528e-05 -0.0178847 0.00118165 -0.117269 0.164239 0.0130135 -0.204946 -0.000383515 9.78459e-05 -0.0443288 -0.000123837 0.000323524 2.63956e-06 -0.213595 0.0016862 0.106416 0.0239389 -0.00137502 0.0283268 0.0166049 -0.194765 0.179453 0.116791 -6.60862e-06 -0.0667 -0.00131718 0.0227961 0.19006 -0.0254042 0.000268053 0.0130222 
1.00892e-06 -0.0357578 -0.000567594 -0.00103523 -0.00814932 0.006869 6.66518e-08 0.0475276 -0.000119451 0.0647497 0.0542539 -0.0085616 -0.0188812 -0.000665962 -0.0657926 0.0715106 -0.0410769 -0.0108101 -0.0786595 -0.0842412 -3.47236e-05 -0.000129049 0.0657191 -0.00424049 0.00338949 0.00459742 0.0811894 0.119379 -0.00772547 -0.0533742 0.0230723 0.000604122 -7.45712e-05 -0.0234099 -0.0195857 0.000981637 -0.0535571 0.0420686 2.87245e-06 -0.0584143 -2.71352e-05 -0.0105438 0.00113359 0.000552138 0.00273759 0.0232127 -0.0184465 -4.2735e-06 9.51955e-05 9.68532e-05 3.97405e-05 0.00470377 0.00314776 0.0500252 -3.64941e-08 0.000948134 0.0424576 0.0311657 3.56051e-07 -0.000924981 0.000129548 -0.00525961 -0.0588175 -0.000275725 -0.00164233 0.0601261 -0.000154729 3.83726e-05 -7.41227e-05 -1.03575e-05 -0.00564872 0.000656416 -0.0484045 0.0175062 0.0190337 -0.0805619 -0.000131261 0.000156243 -0.00901753 -4.1625e-05 -9.84442e-05 4.87697e-06 -0.0847271 0.00242641 -0.0230836 0.000736326 -0.000620094 0.0127326 0.0203693 -0.0731665 0.0608127 -0.00357541 -2.21265e-06 -0.0242611 -0.00045058 -0.000852988 0.0489668 0.0159974 -2.35698e-05 0.0197868 
-7.59456e-08 -0.0147899 0.00295778 -0.000435445 -0.0108832 -0.000558824 -1.03456e-07 -0.0184766 0.00124554 -0.019562 -0.0293223 0.0519178 0.018357 0.00140126 0.0174854 -0.00126224 0.00450595 0.0342848 0.0241303 0.0202163 0.000163271 -0.00465402 -0.0197725 0.0288334 0.00427017 -0.000287282 -0.0228529 -0.00772547 0.0547435 -0.0186021 -0.00176319 -4.03892e-05 -3.4055e-05 -0.00977477 -0.00720725 -0.000426376 -0.0144791 -0.0357506 -4.1557e-07 0.0314205 1.61698e-05 0.0467434 -8.13242e-05 -8.47234e-05 -0.00034036 -0.00412345 -0.00805058 -3.63912e-06 -0.000108381 -3.32863e-05 3.78828e-06 -0.000299176 -0.000215443 -0.00352715 2.48028e-07 -0.000285978 -0.0177912 -0.00266655 -2.40236e-08 -0.000439993 -8.67499e-05 -0.00178929 -0.022527 -0.000101625 0.000173632 -0.0197757 0.00292196 -7.17473e-06 -4.73393e-05 -5.32333e-07 0.0410832 -0.000117793 0.0354984 -0.0162747 -0.00129212 -0.00229391 -4.44421e-05 -3.18782e-05 -0.0086205 0.00029342 -0.000149749 -1.06912e-06 0.0217692 -0.000169089 -0.0106116 -0.00246786 -0.000251124 -0.00281859 -0.00195975 -0.00262354 -0.0176857 -0.0115088 -1.72621e-06 -0.00960149 0.000430035 -0.00233979 -0.0192756 -0.0126564 -2.61834e-05 -0.000995385 
-4.63775e-07 0.141091 -0.00159812 0.00192291 -0.0605119 -0.00369341 -1.59598e-07 -0.122692 -0.00140599 -0.129789 -0.0695745 -0.0181687 0.122565 0.00104419 0.134385 -0.135236 0.0301766 -0.00409226 0.125399 0.138293 -8.72122e-05 -0.0162948 -0.131216 -0.00918796 -0.00481115 -0.0020372 -0.138357 -0.0533742 -0.0186021 0.236899 -0.0086461 -0.000243352 9.73796e-05 0.0967709 -0.0506585 -0.000317946 0.138316 -0.128911 -2.68662e-06 0.19043 -8.11217e-05 -0.0148226 -0.000543358 -0.000581867 8.98746e-05 -0.0274454 -0.050177 -2.4825e-05 -0.000369133 -0.000282463 -0.000128724 -0.00209198 -0.001414 -0.0231137 -1.01526e-07 -0.00156581 -0.118141 -0.0137319 -1.59357e-07 0.00182897 -0.000550116 -0.0142498 0.0767003 0.00123058 0.0018871 -0.126721 -0.00127735 -4.73626e-05 -0.000265844 -1.40046e-05 -0.0109158 -0.000783134 0.116932 -0.107793 -0.00863648 0.138172 -0.000363794 6.52728e-07 0.0721643 -9.03497e-05 -0.000970869 -6.92389e-06 0.13518 -0.00123319 -0.0708935 -0.0163715 -0.00179362 -0.018715 -0.0102248 0.166591 -0.117374 -0.0762542 9.27274e-06 0.102257 0.000650808 -0.0155226 -0.120157 -0.0760634 -0.000184405 -0.00958661 
1.08649e-06 -0.00443248 -0.000135692 -8.26557e-05 0.0138147 5.96019e-05 -5.47365e-08 -0.00934129 -0.000112663 -0.00565531 0.00917141 -0.00199099 0.00967432 -0.000144806 0.0046725 0.0155635 -0.0241618 -0.00241395 -0.0175041 -0.0150752 -6.59218e-06 -0.000886676 -0.00513805 -0.000674869 -0.000396481 0.0033755 0.0180734 0.0230723 -0.00176319 -0.0086461 0.0298052 0.000381976 0.000181892 -0.00304851 -0.0043485 0.000233896 0.00849209 0.00670037 -2.19869e-07 -0.00990315 -7.30138e-06 -0.00234476 3.95399e-06 9.90344e-05 0.00174449 -0.00216032 -0.00290475 -1.98005e-06 -3.10043e-05 5.85341e-05 -7.29682e-06 0.00355123 0.00324499 0.0251398 -8.09772e-09 -0.000160629 -0.00936819 0.0237693 -1.27103e-08 -5.84895e-05 6.43332e-05 -0.000976792 -0.0130036 -9.80351e-06 -0.000142478 -0.00953115 -7.16732e-05 -3.79599e-06 -2.21794e-05 -1.70874e-06 -0.00137374 -1.86269e-05 -0.00825601 -0.00862777 0.020881 -0.0179909 -2.91744e-05 -1.56783e-05 -0.00211077 -9.31186e-06 -7.34713e-05 -6.3972e-07 -0.0184867 -9.83341e-05 -0.00555027 -0.00130595 -0.000143005 -0.00148443 0.00269511 -0.0160768 -0.00808925 -0.00608138 -9.133e-07 -0.004597 -9.96248e-05 -0.00117919 -0.00599711 0.0184562 -1.4803e-05 0.0214004 
5.22404e-07 -0.000175935 -3.14144e-06 -5.35844e-06 4.33883e-06 0.000331106 -1.26542e-09 -0.000212438 6.62821e-07 -8.67536e-05 -0.000103494 -3.85172e-05 0.000118616 -3.4215e-06 -0.000232022 0.000428564 -0.000643222 -5.60874e-05 -0.000406884 -0.000430076 -9.87932e-08 0.000117893 0.000130885 -2.3262e-05 -9.19406e-06 0.000387049 0.0004155 0.000604122 -4.03892e-05 -0.000243352 0.000381976 0.000710405 -3.14939e-07 -0.000119816 -0.000100536 1.50814e-06 -4.26473e-05 0.000216869 -5.08301e-09 -0.000295499 -1.68796e-07 -5.39878e-05 -1.72784e-07 0.000133748 7.16633e-06 -3.9502e-05 -2.72198e-05 -4.57755e-08 -1.30237e-06 1.03321e-06 1.20983e-05 0.000395013 1.79515e-05 0.00064505 -1.87206e-10 -3.15718e-06 -0.000209918 0.000390416 -2.93843e-10 1.38899e-05 -7.65024e-07 -2.74168e-05 -0.000300981 -1.42857e-06 4.15465e-05 -0.000240689 7.40301e-06 -8.77571e-08 1.61959e-06 -6.27757e-08 -3.94681e-05 6.80783e-05 -0.000253005 -0.000199326 0.000360622 -0.000411932 -4.61133e-07 -4.06998e-07 -1.73378e-05 7.28919e-09 -1.74609e-06 1.49188e-06 -0.000436303 -2.23084e-06 -0.000128646 -3.01915e-05 -3.32524e-06 -3.45122e-05 0.000317308 -0.000378298 -0.000213135 -0.0001407 -2.1114e-08 -0.00012378 -2.31457e-06 -2.80671e-05 -0.00017992 0.000372542 -3.42685e-07 0.000167843 
-7.81047e-10 0.00039777 -1.69802e-06 0.000336311 -0.000129853 -5.76312e-06 -1.06398e-09 -0.000168094 -2.19775e-06 -0.000168432 -0.000274596 -3.64844e-05 -0.000169522 -2.8435e-06 -0.000161611 -0.000214558 4.54942e-05 -3.93221e-05 -0.000301824 0.000191041 -1.2927e-07 -4.17882e-05 -0.000179787 -1.95589e-05 -7.71712e-06 -2.1286e-06 0.000186474 -7.45712e-05 -3.4055e-05 9.73796e-05 0.000181892 -3.14939e-07 0.000597383 0.000424921 -8.40087e-05 -1.71809e-06 -7.5252e-05 -0.000384604 -4.27384e-09 0.000290783 -1.41925e-07 -4.16133e-05 -8.4315e-07 -6.5777e-07 -4.58903e-06 -4.00179e-05 -7.90474e-05 -3.84885e-08 -1.24639e-06 -4.4013e-07 -2.28466e-07 -1.76878e-06 -1.98901e-06 -1.63694e-05 -1.57405e-10 -1.97211e-06 -0.000159756 0.00016854 -2.47066e-10 0.000196272 -9.11903e-07 0.000333524 -0.000238939 -1.06449e-06 -8.21709e-06 7.29277e-05 -1.99299e-06 -7.3787e-08 7.54386e-05 -5.27824e-08 -3.31085e-05 -1.21502e-06 -0.000167717 -0.000148941 -1.32807e-05 2.45211e-06 -5.67098e-07 8.01125e-07 4.62699e-05 -1.92863e-07 -1.58864e-06 -1.2435e-08 -0.000264636 -1.91215e-06 -0.00010034 -2.52553e-05 -2.79589e-06 -2.77982e-05 0.000218749 -0.000107533 -0.000152573 -9.42437e-05 8.62247e-07 0.000380077 7.77389e-06 -2.38571e-05 0.000255957 -0.000141858 -2.88133e-07 -1.49726e-05 
-2.2091e-07 0.120866 -0.000697102 0.00622411 -0.0302747 -0.00162744 -3.00933e-07 -0.0538005 -0.00061284 -0.0569091 -0.0753858 -0.0106739 0.0459009 0.0017606 0.0514121 -0.0605986 0.0132417 -0.0069606 0.0306761 0.0610272 -2.45448e-05 -0.0113967 -0.0575378 -0.00491503 -0.00133293 -0.000914114 -0.0596375 -0.0234099 -0.00977477 0.0967709 -0.00304851 -0.000119816 0.000424921 0.140481 -0.0208724 -8.02466e-05 0.0541113 -0.11055 -1.13881e-06 0.089422 -1.03986e-05 -0.0123461 -0.000238475 -0.000255809 -0.00032286 -0.0119999 -0.0217953 -1.0886e-05 -0.000155298 -0.000122459 -5.01523e-05 -0.00092696 -0.000594215 -0.0100392 -4.45201e-08 -0.000684078 -0.0518003 -0.0036148 -6.98797e-08 0.00546829 -0.000199584 -0.00178087 0.0364816 0.000874675 -0.000632122 -0.0511822 -0.000557241 -1.97265e-05 0.000610947 -1.17356e-05 -0.00420845 -0.000343654 -0.00175332 -0.0473912 -0.00379328 0.0577496 -0.00015255 -7.12129e-05 0.0327808 -5.4549e-05 -0.000363028 -3.51709e-06 0.052608 -0.000533872 -0.0311291 -0.0071786 -0.000751952 -0.00820658 -0.000733984 0.0700315 -0.0514651 -0.0331691 2.01788e-05 0.0874435 -0.000453872 -0.00680709 -0.047048 -0.0362572 -8.14949e-05 -0.00392977 
