0.00397539 9.50696e-08 -9.11791e-07 -1.70882e-05 3.09124e-05 1.08811e-06 -0.00291834 -0.000226994 0.0015084 2.17687e-07 0.00121131 0.00244147 4.09732e-06 0.000242333 -0.00185671 -0.00300865 4.68799e-05 0.00209342 0.000455268 -3.04162e-06 0.00200578 4.56966e-06 -0.00160304 4.82444e-06 0.00173016 0.000383331 0.000585074 2.02379e-05 5.9404e-07 -0.00278782 5.89294e-05 0.00145384 6.69652e-06 4.69875e-05 0.000370763 0.00163149 9.81183e-07 5.20869e-06 -0.00209401 -3.58928e-05 -1.69354e-06 1.7827e-05 0.000184205 -2.1848e-06 -0.00282624 -1.54219e-05 0.00162072 -0.00262708 -4.73637e-09 -1.58203e-07 1.75613e-06 0.00160574 -1.83751e-06 0.000679952 -5.71757e-07 2.4707e-05 0.000484586 -0.00276964 0.000376734 0.00111866 0.000992675 0.000183484 0.00117083 0.000786569 -0.00203792 0.000940034 0.00204978 -0.00289041 4.47232e-06 0.000340798 4.01394e-07 6.75993e-07 3.28316e-05 5.3585e-07 0.000426204 0.00174256 -6.46571e-08 5.00624e-06 4.1015e-07 -0.00302052 0.00164548 -0.0028528 0.000226407 1.94181e-08 1.0313e-05 1.53202e-06 -0.000326948 0.00177148 -0.000449743 2.9476e-05 -0.00275711 -0.00283724 -6.92357e-06 0.000150459 0.000150628 2.07276e-05 0.000575116 1.05577e-06 -0.000216021 0.000497837 
9.50696e-08 1.8773e-05 2.01238e-06 -4.18528e-07 1.25775e-05 -2.23522e-09 -8.76654e-06 -1.06954e-06 -2.75443e-06 4.22539e-07 1.23184e-05 8.82938e-06 5.81008e-06 -2.28744e-08 -1.48881e-05 -1.00207e-05 -4.40236e-07 5.03076e-06 -1.10715e-07 5.96593e-06 9.37421e-06 -5.80265e-09 -1.48282e-05 -2.29973e-10 5.72393e-06 -2.2244e-08 9.34053e-06 4.09341e-07 -2.80348e-11 -1.46568e-05 -5.39138e-07 2.77791e-06 -1.93793e-08 -1.04674e-09 3.57841e-06 -3.19284e-06 -2.12671e-09 -8.56658e-09 -1.44692e-05 -3.05947e-07 -1.63693e-08 -7.3452e-08 -2.35528e-07 9.23057e-07 -1.46937e-05 -1.55132e-07 1.37647e-06 -1.24335e-05 -2.22777e-11 -7.44112e-10 -2.14036e-08 2.24492e-06 -2.54344e-08 -1.74979e-07 -2.68928e-09 -1.52378e-08 1.33632e-05 -1.43032e-05 -1.10842e-06 1.23196e-05 1.23778e-05 -5.01565e-07 1.23361e-05 1.23491e-05 -1.31768e-05 -3.32162e-06 1.64003e-05 -1.76312e-05 1.29516e-07 -8.12694e-08 -2.98803e-09 -8.49806e-10 -4.15001e-07 -1.83822e-09 -1.75064e-07 9.50248e-06 -2.53046e-09 -7.7027e-10 -4.07569e-09 -1.44304e-05 2.87773e-06 -1.47303e-05 8.9033e-06 -2.26043e-09 -4.20137e-07 -3.28296e-09 9.29042e-06 1.24737e-07 -3.26999e-06 5.80549e-06 -1.41975e-05 -1.47007e-05 -3.36471e-08 -6.82411e-07 3.7175e-06 -2.82639e-08 -9.6082e-08 -1.98997e-11 1.10555e-06 -4.70683e-07 
-9.11791e-07 2.01238e-06 0.000228391 7.67671e-05 -2.73252e-07 -2.71992e-08 2.87817e-05 -9.38804e-06 5.15841e-05 8.69951e-08 -3.42711e-06 2.89019e-05 9.74814e-05 -2.78348e-07 -0.000180749 -6.43317e-05 7.65863e-05 6.03525e-05 3.51276e-06 0.000129842 -2.4685e-05 -7.06095e-08 -0.000180241 -2.79843e-09 0.000104673 -2.67343e-07 -3.09162e-05 1.68348e-05 -3.41142e-10 -0.000166451 7.62195e-05 0.000134453 1.14183e-07 -1.27372e-08 0.000203933 -1.52574e-05 -2.58788e-08 -5.42425e-08 -0.000153766 -3.72291e-06 5.16414e-06 -3.17135e-07 6.32732e-06 5.33983e-05 -0.000166951 4.92279e-07 4.71464e-05 -0.000143947 -2.71086e-10 1.87612e-07 -2.6045e-07 0.000117144 -2.26166e-07 -2.12923e-06 -3.27245e-08 -1.85421e-07 1.85117e-05 -0.000172818 -1.14578e-05 -3.41177e-06 -2.70328e-06 7.91734e-05 -3.21106e-06 2.10925e-05 -0.000160119 -1.75825e-05 4.43108e-05 -0.000174472 8.25195e-07 -9.88927e-07 2.69735e-08 4.29925e-08 6.15401e-05 -2.23684e-08 -2.13027e-06 4.21799e-05 -3.07919e-08 2.20627e-07 6.4804e-06 -0.000170413 8.74036e-05 -0.000172826 -3.47866e-05 1.16583e-06 6.88509e-05 -2.99486e-08 -3.09269e-06 3.58898e-08 -2.05909e-05 0.000107088 -0.000144316 -0.000177929 1.07232e-07 7.36827e-05 0.000143812 4.72394e-05 -1.16917e-06 -2.4215e-10 5.05455e-05 1.82858e-05 
-1.70882e-05 -4.18528e-07 7.67671e-05 0.0217967 -2.02933e-05 -1.577e-07 0.00514446 -0.00126774 0.0179874 1.12824e-07 5.98355e-05 0.016828 -7.01578e-05 -1.22839e-05 -0.0173958 -0.0173072 0.0213895 -6.89233e-05 0.000540973 -1.05542e-05 -0.0039825 5.67292e-05 -0.0171103 4.25357e-06 -0.000192494 -2.61319e-05 -0.00357587 -4.74091e-06 -3.3292e-08 -0.0173431 0.0213488 -0.00191055 -5.14331e-06 -1.24302e-06 0.0208608 -0.0024796 -2.52551e-06 8.16537e-05 -0.0163315 -0.000330512 -3.69554e-06 -6.82826e-05 0.010912 0.00037356 -0.0172876 -0.000182249 -0.00397576 -0.014765 1.04021e-06 -8.8365e-07 -2.52372e-05 -0.00309934 -2.78939e-05 -0.000139041 -3.19358e-06 -1.70485e-05 -9.40493e-05 -0.0169852 -0.00128779 -4.74106e-05 2.39008e-05 0.0207777 -2.10236e-05 -0.00117121 -0.0153974 -0.00394124 -0.00166146 -0.0209358 -1.52886e-05 -7.78925e-05 -4.55013e-07 -7.5583e-07 0.0205386 -2.12293e-06 -5.43922e-05 0.0149186 -3.00497e-06 2.7952e-05 -4.82997e-06 -0.0171349 -0.00388534 -0.0171239 -0.00411677 4.7339e-05 0.0207148 0.000111908 -0.0039113 -5.04469e-05 -0.00388058 -2.78644e-05 -0.00749462 -0.0174565 5.836e-05 0.0211393 0.0214112 0.00113086 7.31438e-05 -2.36314e-08 -0.00202657 0.019436 
3.09124e-05 1.25775e-05 -2.73252e-07 -2.02933e-05 0.00119472 3.67582e-07 -0.00089539 -6.81462e-05 -0.000164031 2.9359e-08 0.00117438 0.000935936 5.94695e-06 -2.50786e-07 -0.000311534 -0.000928754 -2.49231e-05 -3.77456e-06 -6.44758e-06 -1.903e-06 0.000969866 -3.69718e-07 -0.000929613 -1.46528e-08 -1.42292e-05 1.46605e-06 0.000984102 -2.54369e-07 1.5488e-07 -0.000933591 -3.1008e-05 -0.000214447 1.39786e-05 -6.66933e-08 -5.58036e-05 -0.000213718 -1.35504e-07 -4.39157e-07 -0.00091942 -1.92768e-05 -8.92975e-07 0.000111217 -1.19567e-05 -6.54757e-07 -0.000935942 2.23888e-08 -0.000204566 -0.000792029 2.52472e-08 -4.74114e-08 -1.36374e-06 -0.000249791 0.000495049 8.52545e-05 -1.71348e-07 1.68325e-05 0.00118191 -0.000910909 -4.63666e-05 0.00117445 0.00104563 -2.97441e-05 0.00117359 0.00111455 -0.000826192 -0.000204872 0.000873411 -0.00112266 -8.80386e-07 2.41452e-05 -1.90383e-07 -5.41457e-08 -2.4042e-05 -1.17123e-07 -6.75995e-08 0.000869271 1.65544e-06 -4.9078e-08 -2.59684e-07 -0.000919381 -0.000208478 -0.000913053 0.000957324 1.67931e-06 -2.36425e-05 -2.09175e-07 0.000968215 -2.19392e-06 -0.000207909 -1.34824e-06 -0.000901987 -0.000936498 6.68616e-06 -3.23001e-05 -2.76159e-05 -1.29418e-06 2.83381e-05 -1.26792e-09 -0.000127714 -2.81364e-05 
1.08811e-06 -2.23522e-09 -2.71992e-08 -1.577e-07 3.67582e-07 0.000119049 -8.96984e-05 -6.78319e-06 -1.63805e-05 -5.04074e-09 0.000117047 8.09414e-05 1.28676e-05 8.04927e-07 2.10008e-05 -9.2452e-05 -2.79204e-06 -3.09049e-07 1.25645e-05 -2.37201e-07 -8.77994e-06 6.43199e-07 -7.86262e-05 -1.45853e-09 -1.47278e-06 -1.41075e-07 9.68646e-05 -2.53196e-08 -1.77801e-10 -9.29558e-05 -3.41929e-06 -2.14676e-05 -1.22906e-07 -6.63857e-09 -4.43296e-06 -2.09443e-05 -1.34879e-08 -5.43306e-08 -8.72761e-05 -1.94036e-06 2.61952e-06 4.22808e-05 -1.49375e-06 -6.51737e-08 -9.31898e-05 -9.83869e-07 -2.10175e-05 -7.88549e-05 -1.41288e-10 -4.71927e-09 -2.90782e-08 -2.46846e-05 -5.79757e-08 0.000103137 -1.70558e-08 2.65309e-11 9.45863e-07 -9.07129e-05 5.35069e-05 0.000115162 6.54677e-05 -3.181e-06 0.000100036 3.67791e-05 -8.15027e-05 -2.05362e-05 -8.56755e-06 -0.000111656 -8.76326e-08 1.60612e-05 -1.89505e-08 -5.3896e-09 -2.632e-06 -1.16583e-08 0.000116516 -2.12274e-05 8.87285e-07 1.7815e-09 -2.58486e-08 -9.15197e-05 -2.05655e-05 1.14127e-06 9.55517e-05 -1.4336e-08 -2.66457e-06 1.58457e-08 8.30401e-05 5.9996e-06 -2.05754e-05 -1.55437e-07 -9.00428e-05 -9.32342e-05 9.93366e-05 -2.46462e-06 -3.06008e-06 -1.79254e-07 2.95373e-05 -1.26207e-10 -1.27125e-05 -2.98514e-06 
-0.00291834 -8.76654e-06 2.87817e-05 0.00514446 -0.00089539 -8.96984e-05 0.185805 0.00549359 -0.0934913 -1.26284e-05 -0.0110871 -0.135004 -0.00196176 -0.000866859 0.12859 0.138341 0.00563633 -0.00147874 -0.00305516 0.000252569 -0.135026 -0.000207108 0.128773 -4.54875e-06 -0.00713021 -0.000809544 -0.130759 -0.000127045 -5.78361e-07 0.136637 0.00323537 -0.130033 -0.000603956 -4.20052e-05 0.00655524 -0.131398 -7.22706e-05 -0.000165881 0.131522 -0.00898965 -0.000467467 -0.00236176 0.00284316 0.000106067 0.137191 -0.00417534 -0.132166 0.131653 2.66005e-07 -2.78143e-05 -0.000714409 -0.13155 -0.000903597 -0.00700679 -0.000103943 -0.000506795 -0.00370848 0.133687 -0.0115002 -0.0109535 -0.00891492 0.00286555 -0.010527 -0.0128597 0.121737 -0.131121 -0.0558187 0.0201 -2.4334e-05 -0.00281911 -2.61817e-05 -3.04357e-05 0.00529218 -6.52572e-05 -0.00700668 -0.128619 -5.86563e-05 -4.02065e-06 -0.000135746 0.13943 -0.129929 0.13339 -0.147124 -5.8104e-06 0.00541794 -2.73371e-05 -0.131727 -0.00160781 -0.130379 5.04753e-05 0.138596 0.137539 -0.00124244 0.00535302 0.0054072 7.91351e-05 -0.00379409 -7.98569e-07 0.00517339 0.00432418 
-0.000226994 -1.06954e-06 -9.38804e-06 -0.00126774 -6.81462e-05 -6.78319e-06 0.00549359 0.0537256 -0.00887437 4.05803e-06 -0.000832084 -0.0119576 -0.000159972 -6.35569e-05 0.0109271 0.0126318 -0.00133502 -0.000178828 0.000546447 2.1377e-05 -0.0102984 -1.76093e-05 0.0119437 -6.97898e-07 -0.000249784 -6.75038e-05 -0.00986956 2.35213e-05 5.4159e-07 0.00953225 -0.00161132 -0.00987643 -5.54801e-05 2.76804e-07 -0.000604295 -0.0102052 -6.4539e-06 -2.59969e-05 -0.00517734 -0.000910254 -3.80724e-05 -0.000198941 -0.000705804 -3.0562e-05 0.0116618 -0.000412964 -0.0101409 -0.0376641 -6.76059e-08 -2.25815e-06 0.00078961 -0.0034714 -6.6809e-05 -0.000530041 5.0553e-07 -3.83185e-05 -0.000293089 0.00121378 0.0313063 -0.000821982 -0.000651795 -0.00152173 -0.000774461 -0.00122523 -0.0375282 -0.0100796 -0.00436644 0.0033182 -4.17751e-05 -0.000205774 4.54389e-05 -2.20557e-06 -0.0012573 2.25382e-05 -0.000456665 -0.0113639 -7.33916e-06 -2.14087e-06 -4.74513e-06 0.00783527 -0.00994539 0.00974514 -0.0110317 2.17769e-05 -0.0012746 -9.49276e-06 -0.0100347 -0.000127724 -0.00992278 7.90175e-05 0.010986 0.0122226 -0.000100365 -0.000349337 -0.0013873 -8.57724e-05 -0.000261019 -6.03896e-08 0.0496126 -0.00131807 
0.0015084 -2.75443e-06 5.15841e-05 0.0179874 -0.000164031 -1.63805e-05 -0.0934913 -0.00887437 0.13151 9.98165e-06 -0.00201506 0.121845 -0.000632546 -0.000189805 -0.123521 -0.120951 0.0188444 0.00146577 -0.000816634 -0.00020972 0.104506 -5.32201e-06 -0.122938 4.88175e-06 0.00477874 0.000987746 0.0883309 -3.30334e-05 -2.32625e-07 -0.121477 0.0183077 0.103724 -0.000139777 2.96111e-05 0.0162949 0.106896 -1.67268e-05 2.1547e-05 -0.119874 -0.00240076 -0.000110517 -0.000587813 0.0104342 7.58639e-05 -0.121892 0.00206166 0.105119 -0.103169 9.75146e-07 -6.15109e-06 -0.000177601 0.102468 0.000274306 -0.00141662 -2.21515e-05 -9.36884e-05 -0.000768425 -0.11817 -0.00914317 -0.00214518 -0.00179961 0.0222697 -0.00212341 -0.00979789 -0.109282 0.103838 0.0211468 -0.0333324 -0.000100107 -0.000674099 -2.04938e-05 -5.22811e-06 0.0177655 5.04503e-05 -0.00134324 0.122316 -2.0067e-05 4.15853e-06 9.58445e-05 -0.119605 0.102197 -0.121836 0.0984916 4.05036e-05 0.0187618 -2.32643e-05 0.0999342 0.00116508 0.103116 -0.000191288 -0.108009 -0.121982 -0.00013195 0.0174099 0.0190547 0.00124461 -0.000762304 8.94878e-07 -0.0166316 0.0167047 
2.17687e-07 4.22539e-07 8.69951e-08 1.12824e-07 2.9359e-08 -5.04074e-09 -1.26284e-05 4.05803e-06 9.98165e-06 4.23349e-05 6.15311e-08 2.66999e-06 2.27729e-06 -5.15853e-08 -2.69182e-05 -2.24442e-05 -6.39464e-07 2.42307e-06 4.03654e-07 4.37232e-06 1.68987e-05 -1.30858e-08 -2.75699e-05 1.36148e-07 4.63593e-06 4.89836e-07 3.57274e-06 -9.00317e-09 -6.32228e-11 -3.03133e-05 -4.82503e-07 2.59028e-05 -4.37032e-08 -2.36055e-09 6.86316e-06 2.14729e-05 -4.79604e-09 -1.93189e-08 -2.35603e-05 -1.89956e-07 -3.35818e-08 -1.65645e-07 3.23552e-06 -2.31745e-08 -2.58999e-05 3.20682e-06 2.41881e-05 -2.6806e-05 -5.02395e-11 -1.67808e-09 -4.82683e-08 2.63975e-05 3.72642e-07 1.55396e-07 -6.06473e-09 2.60897e-06 2.01625e-07 -2.94958e-05 -1.96313e-07 2.32771e-06 -7.76568e-08 8.10556e-06 1.01571e-07 -1.65406e-06 -2.80157e-05 1.86759e-05 2.42066e-05 -1.06376e-05 -3.11605e-08 -1.32746e-08 -6.73844e-09 4.71417e-07 -5.82556e-07 -4.14547e-09 5.18713e-08 2.27896e-05 6.09601e-08 -1.73707e-09 -9.19129e-09 -2.5116e-05 2.39822e-05 -2.78324e-05 1.00101e-05 6.49024e-08 -4.44138e-07 1.8593e-07 1.72864e-05 9.79263e-08 1.5119e-05 3.5514e-06 -2.68975e-05 -2.7179e-05 -7.58792e-08 6.16106e-06 1.05152e-05 -6.37394e-08 -2.16679e-07 -4.48769e-11 8.16333e-07 2.05854e-06 
0.00121131 1.23184e-05 -3.42711e-06 5.98355e-05 0.00117438 0.000117047 -0.0110871 -0.000832084 -0.00201506 6.15311e-08 0.014777 0.00808478 0.00283721 0.00118931 0.00210735 -0.0116434 -0.000163928 -4.63869e-05 0.00402252 -2.27908e-05 0.0011086 0.000261063 -0.00137608 -1.83775e-07 -0.000175975 -1.36622e-05 0.0120105 -3.19028e-06 1.34264e-07 -0.0116562 -0.000196116 -0.00270664 0.000468197 2.46687e-06 -0.000137119 -0.00264083 -1.69948e-06 0.000105534 -0.00331279 -0.000242786 0.000322222 0.00302343 -5.62599e-05 -2.06857e-06 -0.011716 0.000579949 -0.00261915 -0.00993563 8.86427e-09 -5.9463e-07 2.57943e-06 -0.00313894 0.000478825 0.00910332 -1.65904e-06 0.000669697 0.00465478 -0.0114076 0.00529619 0.0143268 0.0116266 -0.000213301 0.013797 0.011943 -0.00394194 -0.00257911 -0.000109144 -0.0140864 -6.64507e-06 0.00357586 -1.3411e-06 -6.79091e-07 -0.00014866 -1.46895e-06 0.00905003 -0.000891946 8.79245e-05 9.38447e-06 1.16097e-05 -0.0115299 -0.00261602 -0.00726478 0.0110798 1.06837e-05 -0.000174697 6.68432e-05 0.00202007 -1.21665e-05 -0.00258276 9.12182e-05 -0.0113307 -0.0117416 0.00166006 0.000303206 -0.000140905 -1.30128e-05 0.00500271 -1.59021e-08 -0.00159505 -0.000205752 
0.00244147 8.82938e-06 2.89019e-05 0.016828 0.000935936 8.09414e-05 -0.135004 -0.0119576 0.121845 2.66999e-06 0.00808478 0.165845 0.000565225 -0.000109453 -0.156183 -0.162987 0.0172798 0.00147816 0.00156749 -0.000408072 0.141537 0.000182794 -0.158979 5.28866e-06 0.00486484 0.000764909 0.133335 -4.4631e-05 4.63209e-07 -0.163698 0.0164412 0.137328 8.251e-05 -9.06027e-06 0.0130684 0.140377 -2.29954e-05 5.56873e-07 -0.155803 -0.00331666 0.000173085 0.00193702 0.00933467 0.000148604 -0.164241 0.00482351 0.139016 -0.139019 9.37579e-07 -8.2966e-06 -0.000232654 0.134185 0.00104746 0.00459482 -2.95022e-05 0.000116166 0.00272149 -0.159165 -0.00847542 0.00794582 0.00630853 0.0200881 0.00731656 -0.00390128 -0.142126 0.138017 0.0591161 -0.0414019 -0.00014023 0.00118265 -2.86958e-05 4.1883e-06 0.0165189 4.18368e-05 0.00450322 0.156501 -1.03642e-06 1.43909e-05 0.000104466 -0.161257 0.136154 -0.160534 0.142317 2.26027e-05 0.017158 -4.26011e-06 0.13802 0.00157494 0.137173 -0.000245904 -0.148992 -0.164367 0.00141112 0.0153493 0.0171294 0.00118258 0.00187238 8.37501e-07 -0.0223399 0.0149261 
4.09732e-06 5.81008e-06 9.74814e-05 -7.01578e-05 5.94695e-06 1.28676e-05 -0.00196176 -0.000159972 -0.000632546 2.27729e-06 0.00283721 0.000565225 0.00406288 5.27893e-05 8.56378e-05 -0.00213219 -7.2155e-05 0.00065514 0.000125908 0.000744709 0.000105222 9.04157e-05 -0.000644247 -4.99741e-08 0.00069835 -4.83371e-06 0.00213486 2.00558e-05 -6.09208e-09 -0.00274556 -9.99901e-05 2.83149e-05 9.12055e-05 8.25396e-08 0.00112528 -0.000726836 -4.62142e-07 6.86845e-06 -0.00166585 -6.62434e-05 3.09562e-05 0.00104969 -4.72911e-05 7.45969e-05 -0.00274426 -2.23874e-05 -6.7848e-05 -0.00269685 -4.84103e-09 -1.61699e-07 7.04225e-06 -8.26742e-05 -5.38034e-06 0.00269767 5.05609e-07 0.000164045 0.000604738 -0.00299356 0.00116662 0.00275606 0.00167435 -0.000108992 0.00245108 0.0026124 -0.0024866 -0.000720831 0.000332468 -0.00339196 -3.99261e-07 0.00121613 7.04402e-06 1.212e-06 -7.64114e-05 -2.0612e-07 0.00238459 -0.000769785 5.04368e-05 1.62617e-07 5.801e-06 -0.00290544 4.68487e-06 -0.00216957 0.0020726 5.02132e-07 -9.09341e-05 2.04327e-06 0.000556314 -9.31906e-06 -0.000710552 0.000729311 -0.00263919 -0.00283083 0.000410548 -5.12639e-05 0.000599061 -6.14187e-06 0.000841828 -4.32429e-09 0.000621448 -7.28413e-05 
0.000242333 -2.28744e-08 -2.78348e-07 -1.22839e-05 -2.50786e-07 8.04927e-07 -0.000866859 -6.35569e-05 -0.000189805 -5.15853e-08 0.00118931 -0.000109453 5.27893e-05 0.00121697 0.000214505 -0.000938789 -2.85728e-05 -2.93494e-06 0.000960278 2.12256e-06 0.000246092 1.37672e-06 0.000198317 -1.49261e-08 -6.31421e-06 -1.44371e-06 0.000963446 -2.59112e-07 -1.81956e-09 -0.000950397 -3.43852e-05 -0.000219408 0.000184022 2.22206e-06 -6.19781e-05 -0.00021826 -1.3803e-07 0.000100577 -0.000355796 -1.9857e-05 -1.06242e-06 0.000228326 -1.52865e-05 1.96637e-06 -0.000950689 3.72148e-05 -0.000203769 -0.000806974 -1.4459e-09 -4.82954e-08 2.50833e-07 -0.000252324 -1.64078e-06 0.000294357 -1.74543e-07 0.000366721 0.000361145 -0.000928325 0.000398917 0.00117898 0.000701818 -3.25533e-05 0.00119244 0.00113947 -0.000624337 -0.000215585 -9.30023e-05 -0.00114344 -7.20135e-07 0.000585442 -1.93933e-07 -5.51553e-08 -2.5555e-05 -1.19307e-07 0.000363581 -0.000241353 2.19791e-05 4.96674e-07 1.03881e-06 -0.000936581 -0.000212814 -0.000757679 0.000442162 5.2329e-07 -2.72683e-05 1.36003e-05 -0.000147083 -2.93769e-06 -0.000208947 0.000114399 -0.000921327 -0.000952997 -2.18381e-06 -1.98975e-05 -3.05958e-05 -1.83443e-06 0.000980191 -1.29156e-09 -0.000129216 -3.04989e-05 
-0.00185671 -1.48881e-05 -0.000180749 -0.0173958 -0.000311534 2.10008e-05 0.12859 0.0109271 -0.123521 -2.69182e-05 0.00210735 -0.156183 8.56378e-05 0.000214505 0.164125 0.155826 -0.0184806 -0.00250162 0.000504727 -0.000911065 -0.140323 2.05011e-05 0.158727 -9.7148e-06 -0.00767273 -0.000939488 -0.123772 -6.19196e-05 -5.9428e-07 0.156801 -0.0190336 -0.143055 -9.8965e-05 -3.58809e-05 -0.0159152 -0.142046 1.89179e-05 -6.73062e-05 0.155918 0.00193124 8.00332e-05 0.000771567 -0.00994083 -0.000422995 0.157274 -0.00446843 -0.141335 0.135643 -9.4108e-07 8.06635e-06 0.000226131 -0.140395 -0.000983034 0.00187932 -1.0647e-05 5.8306e-05 0.000382763 0.152669 0.011327 0.00208453 0.00177228 -0.0211818 0.00218283 0.0103193 0.143936 -0.139312 -0.0603043 0.0337721 2.85391e-05 0.000847658 2.4153e-05 -3.56618e-05 -0.0174981 -5.3139e-05 0.00174688 -0.15717 1.62422e-05 -2.43253e-05 -0.00015431 0.155938 -0.138511 0.157848 -0.133206 -5.49345e-05 -0.017744 -6.79891e-05 -0.135723 -0.00163555 -0.138128 -0.000884351 0.142772 0.157853 0.000210615 -0.0165978 -0.0194467 -0.00118992 0.000855495 -8.40628e-07 0.0190169 -0.0164648 
-0.00300865 -1.00207e-05 -6.43317e-05 -0.0173072 -0.000928754 -9.2452e-05 0.138341 0.0126318 -0.120951 -2.24442e-05 -0.0116434 -0.162987 -0.00213219 -0.000938789 0.155826 0.173551 -0.0181963 -0.00168558 -0.0033807 0.000190554 -0.140446 -0.000240007 0.157858 -9.51206e-06 -0.00497344 -0.000919874 -0.134797 -5.93401e-05 -4.42898e-07 0.16626 -0.0191262 -0.136939 -0.000597294 -4.09747e-05 -0.0179457 -0.139087 1.94628e-05 -0.000252174 0.157303 0.00288872 -0.000196256 -0.00278028 -0.00969518 -0.000276433 0.166684 -0.00492035 -0.137606 0.144303 -9.2144e-07 -2.8581e-05 0.00021653 -0.133329 -0.00103831 -0.00723502 -3.57284e-06 -0.000552357 -0.00361268 0.164441 0.0042392 -0.011363 -0.00918654 -0.0207412 -0.0109024 -0.000490193 0.145395 -0.136589 -0.058832 0.0458342 -0.000547153 -0.00270911 -4.06928e-05 -3.0566e-05 -0.0171385 -4.75018e-05 -0.00718084 -0.155208 -9.96504e-05 -3.05262e-05 -0.00015657 0.167256 -0.134799 0.1627 -0.14465 -5.65318e-05 -0.0173726 -0.000134765 -0.136572 -0.0017451 -0.135252 0.000114756 0.153606 0.167409 -0.00139039 -0.0193815 -0.0190641 -0.00116891 -0.00394636 -8.23084e-07 0.0189319 -0.0191133 
4.68799e-05 -4.40236e-07 7.65863e-05 0.0213895 -2.49231e-05 -2.79204e-06 0.00563633 -0.00133502 0.0188444 -6.39464e-07 -0.000163928 0.0172798 -7.2155e-05 -2.85728e-05 -0.0184806 -0.0181963 0.0229002 -6.75655e-05 0.000419474 -1.44116e-06 -0.00424169 1.94752e-05 -0.0178782 5.1394e-06 -0.000202808 -2.42053e-05 -0.00407145 -4.98681e-06 -3.50188e-08 -0.0178511 0.0227032 -0.00148607 -4.30028e-06 -1.3075e-06 0.0222572 -0.00216119 -2.6065e-06 8.44627e-05 -0.0170631 -0.000289849 -1.62271e-05 -5.75967e-05 0.0118965 0.00037832 -0.0177913 -0.000193777 -0.00417854 -0.0155304 1.13217e-06 -9.29482e-07 -2.67356e-05 -0.00286113 -2.96339e-05 -0.000218569 -3.29255e-06 -1.8627e-05 -0.000120374 -0.0178609 -0.00138076 -0.000350173 -0.000277496 0.0217835 -0.000327907 -0.00147879 -0.016457 -0.00414557 -0.00172302 -0.0219308 -7.35963e-06 -0.000101515 2.54761e-06 -1.01506e-07 0.0214828 -1.42615e-06 -0.000210625 0.0156499 -3.16083e-06 2.83245e-05 -4.61434e-06 -0.0180245 -0.00401167 -0.0178781 -0.0046176 5.78665e-05 0.0216295 9.98025e-05 -0.00413063 -5.26548e-05 -0.00408447 -2.8184e-05 -0.0077798 -0.0182435 5.95276e-05 0.0225498 0.0227305 0.00114901 -0.000117721 -2.48571e-08 -0.00178163 0.0205544 
0.00209342 5.03076e-06 6.03525e-05 -6.89233e-05 -3.77456e-06 -3.09049e-07 -0.00147874 -0.000178828 0.00146577 2.42307e-06 -4.63869e-05 0.00147816 0.00065514 -2.93494e-06 -0.00250162 -0.00168558 -6.75655e-05 0.00314564 -1.44667e-05 0.00079716 0.00160917 -7.45362e-07 -0.00242742 2.75801e-06 0.00245376 0.000511518 -0.000450642 2.38894e-06 5.95288e-07 -0.002444 -8.98832e-05 0.00247882 -3.25745e-06 3.79841e-05 0.000813224 0.00179543 -3.57476e-07 -1.43995e-06 -0.00242927 -5.12063e-05 6.0385e-06 -1.11865e-05 6.71204e-05 3.97427e-05 -0.00245652 3.15737e-06 0.00252265 -0.00208993 -3.74464e-09 -1.25077e-07 -3.59771e-06 0.00249434 -3.55525e-06 -2.94121e-05 -4.52039e-07 -2.5613e-06 -1.10701e-05 -0.00240421 -0.00015521 -4.32517e-05 -3.73217e-05 -6.72377e-05 -4.31592e-05 -0.000181161 -0.00221488 0.000997662 0.00281449 -0.00252105 5.29076e-06 -1.27505e-05 -5.02255e-07 4.51716e-06 -6.95072e-05 7.64348e-07 -2.94063e-05 0.00181497 -4.25342e-07 -1.29474e-07 3.46492e-06 -0.00241575 0.00259919 -0.00246608 -0.000366694 5.30005e-06 -6.97071e-05 -5.51829e-07 -0.000248792 0.00176063 -0.00022946 0.000804654 -0.00238506 -0.00247103 -5.59237e-06 0.000111571 0.000862584 2.10258e-05 -1.04103e-05 1.05666e-06 0.000364487 0.000291637 
0.000455268 -1.10715e-07 3.51276e-06 0.000540973 -6.44758e-06 1.25645e-05 -0.00305516 0.000546447 -0.000816634 4.03654e-07 0.00402252 0.00156749 0.000125908 0.000960278 0.000504727 -0.0033807 0.000419474 -1.44667e-05 0.00586268 2.06342e-05 -0.000152754 3.94715e-06 0.00082092 1.56776e-06 -7.00123e-05 -6.81775e-06 0.00306429 -1.25413e-06 -8.80688e-09 -0.00377681 0.000401738 -0.000598772 0.000141986 1.52451e-06 0.000419435 -0.000975192 -3.21418e-07 9.14656e-05 -0.000332092 -8.73003e-05 -3.88892e-06 0.000743512 -7.25221e-05 0.000170735 -0.00316999 -5.07316e-06 -0.00103097 -0.00380173 -6.99832e-09 -2.33756e-07 8.2396e-06 -0.00121113 -7.39665e-06 0.000473602 -8.44812e-07 0.00021642 0.000254697 -0.00425595 0.00191007 0.00394243 0.00375223 -4.6552e-05 0.00403321 0.00420671 -0.00256063 -0.00104319 -0.000437285 -0.00435161 9.42702e-07 0.000390053 2.59801e-06 -2.66959e-07 0.000421275 1.48587e-06 0.0024737 -0.00105072 -5.88252e-07 1.40214e-05 2.53299e-06 -0.00354675 -0.00102653 -0.00204457 0.00252729 1.09657e-06 -2.4342e-05 0.000110622 -0.000948808 -1.24321e-05 -0.0010221 0.000104991 -0.00388717 -0.00341763 4.07568e-05 0.000834431 0.000444648 3.03115e-06 0.0039338 -6.25131e-09 0.000935191 0.000311686 
-3.04162e-06 5.96593e-06 0.000129842 -1.05542e-05 -1.903e-06 -2.37201e-07 0.000252569 2.1377e-05 -0.00020972 4.37232e-06 -2.27908e-05 -0.000408072 0.000744709 2.12256e-06 -0.000911065 0.000190554 -1.44116e-06 0.00079716 2.06342e-05 0.00198826 -0.000282458 -6.15777e-07 -0.000923822 -2.44048e-08 0.000963644 5.19464e-07 -0.000342842 6.47563e-05 -2.97506e-09 -0.000677172 -1.041e-05 0.000833261 6.14435e-05 -1.1108e-07 0.00103157 -0.000233632 1.64314e-07 -1.45753e-07 -0.000689376 -1.62037e-05 2.89796e-05 -7.04473e-06 -4.23419e-06 0.000176409 -0.000879801 0.000259271 0.000529947 -0.000629983 -2.36411e-09 -6.56319e-08 -2.22468e-06 0.000931803 1.32423e-06 -1.64921e-05 -2.85386e-07 5.86163e-05 7.15373e-05 -0.000703477 4.30747e-05 0.000148576 -2.34783e-05 1.42139e-05 -2.245e-05 0.000101224 -0.000965807 -0.000198787 0.000616624 -0.00108741 5.6537e-05 5.87569e-06 -3.17089e-07 3.25982e-06 -2.64994e-06 8.24928e-07 -1.77645e-05 -0.000197882 3.60813e-06 1.46816e-05 1.06508e-05 -0.000711203 0.000606586 -0.000786087 -0.000383757 2.07401e-05 -4.24416e-05 1.31483e-05 -5.57266e-05 4.59134e-05 -0.000314618 0.000958186 -0.00119761 -0.000674727 -1.57729e-06 9.83059e-05 0.000859421 -2.99937e-06 8.5271e-06 -2.11176e-09 0.000841648 3.41111e-05 
0.00200578 9.37421e-06 -2.4685e-05 -0.0039825 0.000969866 -8.77994e-06 -0.135026 -0.0102984 0.104506 1.68987e-05 0.0011086 0.141537 0.000105222 0.000246092 -0.140323 -0.140446 -0.00424169 0.00160917 -0.000152754 -0.000282458 0.148165 -5.54793e-05 -0.141212 3.96084e-06 0.00512696 0.000812803 0.131293 -3.83728e-05 5.06547e-07 -0.141067 -0.00515268 0.141195 0.000296568 3.16612e-05 -0.00787339 0.144116 -1.94744e-05 1.79531e-05 -0.139167 -0.00293694 -0.00013398 -0.000193157 -0.00216089 -9.84566e-05 -0.141488 0.00504331 0.144828 -0.119798 -1.87982e-07 -7.03296e-06 -0.000205167 0.139177 0.00109197 -0.000602124 -2.59116e-05 0.000422396 0.00167903 -0.13701 -0.0102694 0.00125328 0.000447291 -0.000885187 0.00115195 -0.00768436 -0.126252 0.143679 0.0617263 -0.0135782 -9.48867e-05 0.000106165 -2.83767e-05 3.02087e-05 -0.00399708 4.96185e-05 -0.000892121 0.142574 5.15554e-05 -6.47499e-06 0.000148684 -0.138725 0.141803 -0.141709 0.140763 -9.76626e-06 -0.00404736 -3.02984e-05 0.141878 0.00162204 0.142537 -0.00011056 -0.136717 -0.141643 -0.000266411 -0.00638242 -0.00456089 3.56265e-05 0.000295297 8.68263e-07 -0.0193045 -0.00433948 
4.56966e-06 -5.80265e-09 -7.06095e-08 5.67292e-05 -3.69718e-07 6.43199e-07 -0.000207108 -1.76093e-05 -5.32201e-06 -1.30858e-08 0.000261063 0.000182794 9.04157e-05 1.37672e-06 2.05011e-05 -0.000240007 1.94752e-05 -7.45362e-07 3.94715e-06 -6.15777e-07 -5.54793e-05 0.000308994 -1.50333e-05 -3.78635e-09 8.72357e-06 -3.66232e-07 0.000211382 -6.573e-08 -4.61574e-10 -0.000241314 3.42068e-05 -4.08366e-05 -3.19066e-07 -1.72338e-08 2.85811e-05 -2.85069e-05 -3.50147e-08 -1.41043e-07 -4.07934e-06 9.81613e-06 1.92538e-05 8.77373e-05 3.60089e-05 -1.69192e-07 -0.000241839 -1.5808e-06 -5.47754e-05 -0.000204708 -3.66787e-10 -1.22513e-08 4.09378e-08 -4.95454e-05 -3.02094e-07 0.000257139 3.90562e-08 3.12454e-07 6.76903e-06 -0.000235492 1.4844e-05 0.000258204 0.000186899 3.42587e-05 0.000243125 9.23836e-06 8.40619e-06 -5.45349e-05 -2.34739e-05 -0.000290049 1.54917e-06 0.000161835 -4.91958e-08 -1.39915e-08 1.4484e-05 -3.02651e-08 0.000258494 -3.24084e-05 4.16711e-08 1.20651e-07 -6.71034e-08 -0.000237586 -4.86154e-05 -0.000235592 0.000174053 -3.72165e-08 3.61661e-05 5.94928e-06 -4.934e-05 -1.78549e-07 -5.36848e-05 -4.03516e-07 -0.000233429 -0.000242037 4.0726e-05 4.25946e-05 3.51393e-05 4.54654e-07 8.31808e-06 -3.27635e-10 -3.30019e-05 -4.39947e-06 
-0.00160304 -1.48282e-05 -0.000180241 -0.0171103 -0.000929613 -7.86262e-05 0.128773 0.0119437 -0.122938 -2.75699e-05 -0.00137608 -0.158979 -0.000644247 0.000198317 0.158727 0.157858 -0.0178782 -0.00242742 0.00082092 -0.000923822 -0.141212 -1.50333e-05 0.165984 -9.6324e-06 -0.00604704 -0.000889116 -0.126702 -1.13448e-05 -4.92852e-07 0.159354 -0.0172824 -0.139756 -0.000370977 9.51026e-06 -0.0161833 -0.141396 2.23491e-05 -5.26078e-05 0.156864 0.00171071 -0.00037252 -0.00101528 -0.00988442 -0.000405427 0.160024 -0.00556939 -0.140588 0.134897 -9.37296e-07 8.19274e-06 0.000232433 -0.136878 -0.00105843 -0.000371091 2.18265e-05 -0.000174756 -0.00119549 0.155035 0.0112675 -0.00149277 1.33616e-05 -0.0211001 -0.000633871 0.00773207 0.142513 -0.138809 -0.0604276 0.0365701 0.000109553 8.63125e-05 2.46239e-05 -3.22108e-05 -0.0168613 -4.81367e-05 -0.000330631 -0.15764 -1.88314e-05 -2.19178e-05 -0.000158551 0.15691 -0.13787 0.157988 -0.13586 -6.33173e-05 -0.0176745 -6.80848e-05 -0.137976 -0.00161932 -0.137485 -0.000726518 0.144908 0.160046 -0.00137618 -0.0162015 -0.0188165 -0.00118893 0.000781355 -8.37247e-07 0.0213807 -0.0157588 
4.82444e-06 -2.29973e-10 -2.79843e-09 4.25357e-06 -1.46528e-08 -1.45853e-09 -4.54875e-06 -6.97898e-07 4.88175e-06 1.36148e-07 -1.83775e-07 5.28866e-06 -4.99741e-08 -1.49261e-08 -9.7148e-06 -9.51206e-06 5.1394e-06 2.75801e-06 1.56776e-06 -2.44048e-08 3.96084e-06 -3.78635e-09 -9.6324e-06 1.22498e-05 3.16828e-06 8.02152e-07 -6.35404e-08 -2.60504e-09 -1.82933e-11 -9.52055e-06 5.50153e-06 8.16775e-06 -1.26454e-08 -6.83019e-10 5.93356e-06 4.53567e-06 -1.38772e-09 -5.58988e-09 -6.01148e-06 -1.99637e-07 -1.06813e-08 -4.7929e-08 5.36298e-06 3.37996e-06 -9.48796e-06 4.21066e-08 3.99059e-06 -8.1131e-06 -1.45367e-11 -4.85549e-10 -1.39663e-08 4.94996e-06 -1.65965e-08 -1.14178e-07 -1.75481e-09 -9.94296e-09 8.0147e-08 -9.33313e-06 -7.23266e-07 -3.96187e-08 -1.4496e-07 3.17605e-06 -1.72189e-07 -7.72766e-07 -8.59815e-06 1.11591e-06 5.02722e-06 -1.02114e-05 -9.0162e-09 -5.303e-08 -1.94975e-09 -5.54517e-10 2.34587e-06 -1.19948e-09 -1.14233e-07 5.50814e-06 -1.65118e-09 -5.02617e-10 -2.65947e-09 -9.2928e-06 4.32709e-06 -9.61186e-06 8.11605e-08 -1.47498e-09 2.75852e-07 3.15119e-06 1.17092e-07 2.05713e-06 5.39594e-07 -1.59923e-08 -9.22085e-06 -9.59253e-06 -2.19554e-08 5.62805e-06 5.71516e-06 1.24891e-07 -6.26956e-08 -1.2985e-11 3.75387e-07 5.4962e-06 
0.00173016 5.72393e-06 0.000104673 -0.000192494 -1.42292e-05 -1.47278e-06 -0.00713021 -0.000249784 0.00477874 4.63593e-06 -0.000175975 0.00486484 0.00069835 -6.31421e-06 -0.00767273 -0.00497344 -0.000202808 0.00245376 -7.00123e-05 0.000963644 0.00512696 8.72357e-06 -0.00604704 3.16828e-06 0.0127625 9.48866e-05 -0.00130002 5.22404e-05 5.80692e-07 -0.00565352 0.000808049 0.00803831 0.00013925 -6.00916e-07 0.0004701 0.00527645 -1.1805e-07 -4.03003e-06 -0.00684039 0.000546323 -1.90612e-07 -4.9975e-05 0.000240536 0.000135946 -0.00605864 0.000954037 0.00593464 -0.00848019 -1.53432e-08 -4.85823e-07 1.95212e-06 0.00972384 0.000209303 -0.000114693 2.41645e-05 5.26454e-05 7.19878e-05 -0.00562338 -0.000540956 -0.00012287 -0.000138973 1.40123e-05 -0.000163666 0.00297913 -0.00728372 0.00467568 0.00704923 -0.00654555 -2.83124e-07 -4.66256e-05 1.00221e-05 6.62138e-06 -0.000270712 9.0573e-06 -0.000120571 0.00506539 7.32388e-06 7.26162e-07 -4.07033e-07 -0.00914865 0.00388292 -0.00599485 0.00288611 7.36514e-07 -1.88924e-05 -2.26106e-06 0.00366152 0.00164449 0.00337515 0.000988514 -0.0056431 -0.00589076 -2.20703e-05 -0.00016341 0.000778127 1.98072e-05 -3.34375e-05 1.04629e-06 -0.000118263 -0.000203951 
0.000383331 -2.2244e-08 -2.67343e-07 -2.61319e-05 1.46605e-06 -1.41075e-07 -0.000809544 -6.75038e-05 0.000987746 4.89836e-07 -1.36622e-05 0.000764909 -4.83371e-06 -1.44371e-06 -0.000939488 -0.000919874 -2.42053e-05 0.000511518 -6.81775e-06 5.19464e-07 0.000812803 -3.66232e-07 -0.000889116 8.02152e-07 9.48866e-05 0.00118347 5.72095e-05 -2.51971e-07 -1.76941e-09 -0.000924411 -3.33175e-05 0.000836806 -1.22312e-06 3.80939e-05 0.0001184 0.000933155 -1.34226e-07 -5.40677e-07 -0.000913222 -1.93097e-05 -3.33142e-07 -4.50257e-06 -8.12525e-06 -6.48584e-07 -0.000926513 0.000282809 0.000955667 -0.000784734 -1.40605e-09 -2.36311e-08 -1.35088e-06 0.000927756 2.86138e-06 -1.07771e-05 -1.69733e-07 8.90494e-06 -2.43499e-06 -0.000902741 -6.55241e-05 5.83408e-06 -1.28712e-05 -2.06928e-05 -1.24349e-05 -7.1162e-05 -0.000831651 5.13436e-05 0.00107047 -0.0011058 -4.48753e-07 -5.12929e-06 -1.88588e-07 -5.36353e-08 -2.57727e-05 9.90648e-07 -1.08791e-05 0.000941252 -1.59709e-07 -4.86154e-08 -2.57236e-07 -0.000910769 0.000825744 -0.000929701 0.000576644 -1.42667e-07 -2.56801e-05 -2.07203e-07 0.000610877 0.00014829 0.000594565 2.05649e-06 -0.000896072 -0.000927831 -2.12362e-06 0.000116243 0.000106627 4.3928e-06 -4.36752e-06 -1.25597e-09 -0.00012651 0.000265733 
0.000585074 9.34053e-06 -3.09162e-05 -0.00357587 0.000984102 9.68646e-05 -0.130759 -0.00986956 0.0883309 3.57274e-06 0.0120105 0.133335 0.00213486 0.000963446 -0.123772 -0.134797 -0.00407145 -0.000450642 0.00306429 -0.000342842 0.131293 0.000211382 -0.126702 -6.35404e-08 -0.00130002 5.72095e-05 0.143478 -3.69219e-05 -8.26094e-08 -0.135519 -0.00496955 0.125518 0.000256854 -7.81394e-06 -0.00810371 0.127483 -1.95219e-05 9.06323e-06 -0.125567 -0.00281671 0.000197031 0.00238083 -0.00216829 -8.91486e-05 -0.135793 0.00267797 0.128034 -0.114963 -1.79365e-07 -6.65181e-06 -0.000178755 0.122613 0.000761537 0.00751638 -2.45881e-05 0.000523799 0.00382077 -0.131449 -0.00416844 0.0119194 0.00972231 -0.00253865 0.0114378 0.00185717 -0.115224 0.127765 0.0453658 -0.0185055 -0.000118966 0.00282833 -2.7221e-05 3.04207e-05 -0.0038354 2.20895e-05 0.00744581 0.126096 4.88841e-05 -1.27058e-07 0.000103453 -0.133313 0.127439 -0.1318 0.137782 -8.41529e-06 -0.00388557 3.98747e-05 0.129326 -0.000106987 0.128356 -0.00012647 -0.131296 -0.135927 0.00130814 -0.00572347 -0.00445912 -1.78015e-05 0.0041149 -1.8404e-07 -0.0185373 -0.00435304 
2.02379e-05 4.09341e-07 1.68348e-05 -4.74091e-06 -2.54369e-07 -2.53196e-08 -0.000127045 2.35213e-05 -3.30334e-05 -9.00317e-09 -3.19028e-06 -4.4631e-05 2.00558e-05 -2.59112e-07 -6.19196e-05 -5.93401e-05 -4.98681e-06 2.38894e-06 -1.25413e-06 6.47563e-05 -3.83728e-05 -6.573e-08 -1.13448e-05 -2.60504e-09 5.22404e-05 -2.51971e-07 -3.69219e-05 0.000212611 -3.17567e-10 -2.33109e-07 -1.19047e-06 2.81047e-05 4.03338e-05 3.25148e-06 0.000107326 -3.79996e-05 -2.40905e-08 3.79629e-06 -0.000142155 -2.65564e-06 -1.68758e-07 1.62463e-06 -2.66796e-06 5.28136e-05 -8.50442e-06 3.07727e-05 -3.7083e-05 -0.000137991 -2.52353e-10 -8.429e-09 5.36755e-06 4.59671e-05 -2.88111e-07 -1.98209e-06 3.95369e-08 -1.72607e-07 4.31364e-05 -6.60542e-07 0.000142741 -2.78266e-06 -2.51647e-06 -5.5882e-06 -2.98916e-06 6.84517e-05 -0.000111008 -3.75326e-05 -1.45118e-05 -4.16855e-05 3.80148e-07 -9.20586e-07 5.49486e-07 -9.62626e-09 -4.61763e-06 -2.08226e-08 -1.98305e-06 -4.24704e-05 2.26134e-06 -8.7253e-09 1.03832e-07 -0.000137938 -2.84257e-05 -8.34596e-06 -3.49247e-05 1.50773e-06 -4.72914e-06 -3.7188e-08 1.9767e-05 6.50728e-06 -3.68911e-05 5.1139e-05 2.33896e-05 1.93963e-05 -3.8114e-07 -2.31007e-06 -3.77222e-06 -3.20162e-07 -1.08838e-06 -2.25416e-10 0.000118888 9.85716e-05 
5.9404e-07 -2.80348e-11 -3.41142e-10 -3.3292e-08 1.5488e-07 -1.77801e-10 -5.78361e-07 5.4159e-07 -2.32625e-07 -6.32228e-11 1.34264e-07 4.63209e-07 -6.09208e-09 -1.81956e-09 -5.9428e-07 -4.42898e-07 -3.50188e-08 5.95288e-07 -8.80688e-09 -2.97506e-09 5.06547e-07 -4.61574e-10 -4.92852e-07 -1.82933e-11 5.80692e-07 -1.76941e-09 -8.26094e-08 -3.17567e-10 1.49333e-06 -7.19216e-07 -4.2886e-08 4.83243e-07 -1.54153e-09 -8.32633e-11 -7.59602e-08 3.52501e-07 -1.6917e-10 -6.81433e-10 -8.24295e-07 -2.43367e-08 -1.3021e-09 -5.84278e-09 -1.87351e-08 -8.17431e-10 -4.92152e-07 -1.234e-08 3.53507e-07 -8.99025e-07 -1.77209e-12 -5.91908e-11 -1.70256e-09 5.90846e-07 1.54643e-07 -1.39188e-08 -2.1392e-10 -1.21209e-09 1.48964e-07 -6.91086e-07 2.0183e-07 1.34364e-07 -1.76713e-08 -3.98973e-08 1.35676e-07 9.24628e-08 -1.03149e-06 3.5578e-07 4.85477e-07 -6.65814e-07 -1.09912e-09 -6.46461e-09 -2.37684e-10 -6.75982e-11 -3.30115e-08 -1.46222e-10 -1.39255e-08 4.77773e-07 -2.01286e-10 -6.12715e-11 -3.24203e-10 -4.31205e-07 3.59176e-07 -6.11732e-07 -1.17389e-07 -1.79807e-10 -3.342e-08 -2.61144e-10 -8.65958e-08 5.964e-07 -2.40113e-07 -1.94954e-09 -4.12681e-07 -4.52709e-07 -2.67647e-09 1.75717e-07 -3.83806e-08 -2.24827e-09 -7.64289e-09 -1.58293e-12 4.67222e-07 -3.74407e-08 
-0.00278782 -1.46568e-05 -0.000166451 -0.0173431 -0.000933591 -9.29558e-05 0.136637 0.00953225 -0.121477 -3.03133e-05 -0.0116562 -0.163698 -0.00274556 -0.000950397 0.156801 0.16626 -0.0178511 -0.002444 -0.00377681 -0.000677172 -0.141067 -0.000241314 0.159354 -9.52055e-06 -0.00565352 -0.000924411 -0.135519 -2.33109e-07 -7.19216e-07 0.171193 -0.0169916 -0.13797 -0.000309708 -2.9324e-05 -0.0156659 -0.13969 2.11902e-05 -0.000108965 0.157195 0.00341122 -0.000194578 -0.00225215 -0.0097634 -0.000376575 0.168249 -0.0049481 -0.138918 0.145202 -9.26461e-07 8.55465e-06 0.00021012 -0.134648 -0.00104836 -0.00719375 2.28511e-05 -0.000586041 -0.00367367 0.164979 0.00438613 -0.0114409 -0.00922128 -0.0208571 -0.0109264 0.000577909 0.14699 -0.136974 -0.0596704 0.0463928 0.00011263 -0.00269554 2.89505e-05 -3.22842e-05 -0.0168522 -5.49127e-05 -0.00710413 -0.155817 -6.60806e-05 -2.30198e-05 -0.000167002 0.165188 -0.136291 0.164187 -0.143699 -7.56312e-05 -0.0174716 -0.000132181 -0.137098 -0.00155281 -0.135849 -0.000846908 0.153151 0.168583 -0.00137664 -0.0176457 -0.0187708 -0.00117509 -0.00396103 -8.27569e-07 0.0193047 -0.0156988 
5.89294e-05 -5.39138e-07 7.62195e-05 0.0213488 -3.1008e-05 -3.41929e-06 0.00323537 -0.00161132 0.0183077 -4.82503e-07 -0.000196116 0.0164412 -9.99901e-05 -3.43852e-05 -0.0190336 -0.0191262 0.0227032 -8.98832e-05 0.000401738 -1.041e-05 -0.00515268 3.42068e-05 -0.0172824 5.50153e-06 0.000808049 -3.33175e-05 -0.00496955 -1.19047e-06 -4.2886e-08 -0.0169916 0.0278935 -0.00136446 0.000349818 -5.51236e-07 0.0240686 -0.00286052 3.23003e-06 0.000207105 -0.0184176 0.00178665 -9.00738e-06 0.000153061 0.0120289 0.000375203 -0.0169559 -0.000237191 -0.00508028 -0.0181052 3.12588e-07 -1.1383e-06 -2.98452e-05 -0.00281953 -3.67713e-05 -0.000254772 0.000107186 -2.23564e-05 -0.000147034 -0.0190697 -0.000942922 -0.00039824 -0.000330921 0.0218736 -0.000399669 -0.000862554 -0.0174998 -0.00501667 -0.00210489 -0.0219529 4.50862e-05 -0.000100738 4.87824e-05 6.73352e-07 0.0214565 -1.87533e-06 -0.000222129 0.0149057 -4.76041e-08 3.09884e-05 -5.99807e-06 -0.0196287 -0.00489256 -0.0169976 -0.00548948 6.04688e-05 0.0217275 9.88813e-05 -0.00488534 -6.23798e-05 -0.00496585 -2.8505e-05 -0.00694084 -0.0175016 8.55321e-05 0.0248413 0.0236305 0.00115367 -0.00014038 -3.04414e-08 -0.00094653 0.0220456 
0.00145384 2.77791e-06 0.000134453 -0.00191055 -0.000214447 -2.14676e-05 -0.130033 -0.00987643 0.103724 2.59028e-05 -0.00270664 0.137328 2.83149e-05 -0.000219408 -0.143055 -0.136939 -0.00148607 0.00247882 -0.000598772 0.000833261 0.141195 -4.08366e-05 -0.139756 8.16775e-06 0.00803831 0.000836806 0.125518 2.81047e-05 4.83243e-07 -0.13797 -0.00136446 0.148152 -5.3935e-05 -1.00844e-05 -0.00375976 0.14212 -1.97222e-05 -7.89279e-05 -0.136923 -0.00227783 -0.000117983 -0.000704397 -0.000344644 0.000323687 -0.13834 0.00417101 0.142764 -0.119468 -2.14625e-07 -6.57885e-06 -0.000206164 0.14105 0.000583462 -0.00168576 -1.71254e-05 -0.000101595 -0.000868316 -0.13439 -0.010547 -0.00257869 -0.00213103 0.000112709 -0.00253334 -0.00969654 -0.126661 0.140771 0.0589715 -0.0137784 -8.14389e-05 -0.000782843 -2.87869e-05 3.46829e-05 -0.00188769 5.36304e-05 -0.00168658 0.139053 -2.23687e-05 1.32325e-05 0.000155444 -0.137384 0.139937 -0.139281 0.134563 -2.77234e-07 -0.00210236 6.7615e-05 0.136405 0.00164489 0.139599 0.000848986 -0.133436 -0.138908 -0.000321019 -0.00315731 -0.00054929 -3.90741e-06 -0.000914617 8.68284e-07 -0.0170392 -0.00195167 
6.69652e-06 -1.93793e-08 1.14183e-07 -5.14331e-06 1.39786e-05 -1.22906e-07 -0.000603956 -5.54801e-05 -0.000139777 -4.37032e-08 0.000468197 8.251e-05 9.12055e-05 0.000184022 -9.8965e-05 -0.000597294 -4.30028e-06 -3.25745e-06 0.000141986 6.14435e-05 0.000296568 -3.19066e-07 -0.000370977 -1.26454e-08 0.00013925 -1.22312e-06 0.000256854 4.03338e-05 -1.54153e-09 -0.000309708 0.000349818 -5.3935e-05 0.00103121 4.90578e-06 0.000174149 -0.000183474 2.86394e-07 0.000200469 -0.000702824 0.000371614 1.39699e-05 9.72448e-06 -8.8808e-06 3.05916e-05 -0.000336927 0.000295073 -0.000182238 -0.000529184 -1.22497e-09 -4.0916e-08 1.78976e-06 -4.9246e-05 4.41454e-07 8.22052e-05 1.01755e-05 0.000330149 0.000344792 -0.000530476 -2.55111e-05 0.000504806 1.61779e-05 -1.07759e-05 0.000374203 0.000754501 -0.000326738 -0.00017622 -7.89645e-05 -0.000500554 5.47736e-05 0.000302738 9.39033e-07 -4.67277e-08 9.77272e-07 -1.01077e-07 -5.06279e-06 -3.4789e-05 5.10375e-05 -4.23543e-08 -2.24107e-07 -0.000626291 -0.000177966 -0.000340027 0.000160019 3.37904e-06 -3.58178e-06 -1.80518e-07 0.000261788 -7.35486e-07 -0.000178738 8.05024e-05 -0.000441076 -0.000366485 -1.85013e-06 0.000152523 3.15915e-06 1.58254e-06 0.000182597 -1.09421e-09 -6.14473e-05 0.000185009 
