7.39328e-06 4.47524e-07 -1.22642e-06 -1.04266e-07 -6.37508e-07 -9.36871e-08 1.46198e-06 -9.6559e-08 -1.57809e-06 1.80284e-06 -5.93488e-07 1.08591e-06 -2.2954e-06 -1.54989e-10 1.12823e-06 -1.5629e-09 -3.45691e-06 -2.00982e-07 2.90126e-07 -4.4309e-07 -1.21077e-07 1.20283e-06 -1.7427e-08 2.24529e-07 -2.78501e-06 -7.24928e-08 -1.83918e-06 -1.79214e-10 1.308e-06 -3.22639e-06 1.28499e-06 -2.5357e-07 -8.31504e-11 3.7946e-07 9.94648e-07 -5.90236e-08 -8.27807e-11 -1.58951e-08 -5.77296e-10 -3.58794e-09 -5.10692e-09 -2.33629e-11 -3.57454e-07 1.39877e-06 -9.13446e-10 -3.03565e-09 -6.90044e-12 -2.7244e-07 -1.02063e-08 3.2276e-07 -8.58035e-08 -2.1644e-07 -4.44879e-07 -1.40473e-12 9.85297e-07 -4.66076e-08 -7.09409e-07 -4.77084e-09 5.40029e-07 -9.04505e-09 -3.51921e-07 1.83516e-08 -4.51034e-08 6.9982e-07 2.99417e-07 -8.59312e-08 2.50931e-07 -7.32729e-10 1.14221e-06 -5.07454e-10 -2.65833e-07 -2.34938e-06 -8.92542e-07 -1.15612e-06 7.68576e-07 -2.60303e-07 -1.26539e-08 -1.48404e-08 -4.95461e-07 -7.2095e-07 -9.87996e-11 -1.74088e-10 -1.0461e-08 -1.23149e-08 1.81838e-07 -5.40206e-11 -2.95733e-12 -4.62009e-10 -9.7438e-08 1.11764e-06 -5.69345e-07 -1.977e-09 -2.37277e-07 -3.78426e-08 1.45919e-06 -4.54665e-10 -3.05446e-09 -6.94966e-07 -7.67547e-07 2.18542e-06 
4.47524e-07 0.0576585 -0.0241796 -0.00963609 -0.00186918 -0.0114094 0.0299303 -0.0142666 -0.0256367 0.0083286 -0.030898 -0.000522845 -0.0306201 -1.56522e-05 -0.00020668 -0.000118017 -0.0031642 -0.00420097 -0.00636947 -0.0175906 -0.00396002 0.0309682 -0.00189935 0.0155553 -0.0246987 -0.00665723 -0.0112306 -8.56754e-06 0.0219463 -0.0166555 0.00136352 -0.0119502 -4.98242e-06 0.00113999 0.0301444 0.000328484 -9.8155e-06 0.000123308 4.79685e-06 2.81427e-05 3.78009e-05 -1.96921e-06 -0.00709266 0.0369966 5.90664e-06 -7.60163e-05 -2.72663e-07 0.0005875 1.80729e-05 -0.00285673 0.000509429 0.0345797 0.026487 -1.78328e-07 0.00074326 0.000288083 0.005193 -0.000127888 7.08404e-05 -0.00065461 0.000881579 0.00807644 -0.00407248 0.0429783 0.000411093 -0.00320737 0.000821749 -9.2895e-05 8.49247e-06 -5.25468e-05 0.000998047 -0.0209297 0.00550494 -0.0309918 -0.013638 0.00211503 6.12434e-05 4.7701e-05 -0.0366299 -0.0281997 -4.91572e-06 -1.15868e-05 -7.31582e-05 -0.00101003 -0.000486092 -1.378e-07 2.4573e-08 -5.01344e-05 -0.012489 -3.46834e-05 0.0128345 -0.000213246 -0.00298544 0.000142257 0.000397678 -5.75254e-05 -0.00019679 0.00653527 0.00786944 0.0312952 
-1.22642e-06 -0.0241796 0.142543 0.000358232 -0.00823739 0.00144011 -0.0838074 -0.00505791 0.121182 -0.0490405 0.0352569 -0.000987507 0.0863077 -3.50977e-06 -0.00127276 1.21826e-05 0.0172535 -0.00016939 -0.0293025 0.0791331 -0.00253825 -0.12301 -0.000358777 -0.0858274 0.0986788 0.000945032 0.108425 -4.10399e-06 -0.0623751 0.0619707 -0.00543533 -0.00224198 5.38339e-06 -0.00275326 -0.0842052 -0.00133252 1.45331e-07 -0.000369984 -1.33855e-05 -8.35648e-05 -0.000118943 -5.44134e-07 0.00455629 -0.109127 -1.98913e-05 0.000188621 1.25952e-07 -0.0063341 -0.000157024 0.0630777 -0.00199828 -0.0976998 -0.0405235 -3.27169e-08 -0.00220569 -0.00108391 -0.0139613 -8.63053e-05 -0.000306715 8.8083e-05 -0.0333178 -0.0225691 -0.0010374 -0.119601 -0.00117043 -0.0018258 -0.00230563 -1.85894e-06 -2.62149e-05 -4.67551e-06 0.0336601 0.087142 -0.0202902 0.119809 -0.00290638 -0.00605637 -0.000294662 -0.000201739 0.041877 0.123214 -1.99776e-06 1.08187e-05 -0.000237997 -0.000254529 -0.0411193 -1.25817e-06 -6.88777e-08 4.05129e-05 -0.00236607 -0.000205895 0.00652182 -4.55887e-05 -0.00215103 -0.000832163 -0.00116125 -1.05894e-05 -6.34265e-05 -0.0215856 -0.0180142 -0.0878069 
-1.04266e-07 -0.00963609 0.000358232 0.0139038 0.0025932 0.00942146 -0.00688188 0.00309268 0.00498423 -0.00179003 0.00202925 -9.09957e-05 0.00707232 -2.9564e-07 0.000157099 6.91188e-05 -0.00262715 0.0038431 -0.0026518 0.0020182 0.00257413 0.00130907 0.000536672 0.00619735 0.005719 -0.000106286 -0.00429049 8.28151e-07 -0.00516167 0.00182173 -0.000480738 0.00932187 1.98058e-07 -0.000229132 -0.00689981 -8.25469e-05 2.7543e-07 -3.03197e-05 -1.10119e-06 -6.84394e-06 -2.69806e-06 -4.45645e-08 0.00559034 -0.00878082 -1.74239e-06 -6.40473e-07 -1.31625e-08 -0.000352366 -1.73485e-05 -0.00533118 -0.000107586 -0.0077662 -0.00667824 4.06538e-08 -0.000179302 0.000223057 -0.00134522 8.0373e-05 -1.90243e-05 -1.22033e-05 0.0100017 -0.00185389 -7.26508e-05 -0.0111836 -9.64873e-05 0.00212742 -0.000188973 1.03223e-05 -2.14699e-06 2.38705e-07 -0.000595343 -0.00197387 -0.00159354 -0.00142505 -0.000231522 -0.000496525 1.96561e-05 2.05551e-06 -0.000790786 0.00980671 -9.17924e-08 1.91262e-07 -5.94141e-07 2.50062e-05 5.36377e-05 -1.03044e-07 -5.64108e-09 -8.37944e-07 -0.000187275 -1.72204e-05 -0.00999256 1.17122e-05 0.00389967 0.000361809 -5.92837e-05 4.29061e-05 -5.40634e-06 -0.00172885 0.0020387 -0.00726091 
-6.37508e-07 -0.00186918 -0.00823739 0.0025932 0.0836083 0.00310553 -0.0449243 -0.000492452 -0.0154261 -0.026204 -0.0066429 0.00126852 0.0461768 -1.92382e-06 0.00179947 7.12031e-05 -0.00712632 -0.000585839 -0.0182821 -0.0392233 0.00573634 0.00920768 4.81758e-05 0.0389966 0.0509497 -0.000729493 -0.0237127 9.81777e-06 -0.0331325 0.0246304 -0.00177254 0.00283007 7.2431e-07 0.00410762 -0.0419537 0.00610627 -1.94419e-07 -0.00019755 -6.90725e-06 -4.15766e-05 7.73334e-05 -2.91e-07 0.0107288 0.0185838 -1.11042e-05 1.47157e-05 -8.59494e-08 -0.00329993 -7.47165e-05 -0.0336236 0.00287669 -0.0468458 -0.0456001 2.58365e-08 -0.00111132 -0.00055741 -0.00867678 4.21261e-05 -0.000134659 -9.20885e-05 0.066829 -0.0076997 -0.000550431 0.00795229 -0.000559978 -0.00102598 -0.00119413 -1.42659e-06 -1.40196e-05 3.99268e-06 -0.00376936 0.0311662 0.05326 -0.013784 -0.00124527 -0.00270738 -0.000111002 -2.75361e-05 -0.00577971 -0.0149665 -2.73944e-07 7.52495e-06 0.000189652 -3.46592e-05 0.0598673 -6.72861e-07 -3.68354e-08 -5.70462e-06 -0.00117571 -0.00010525 -0.0142961 -2.12581e-05 0.00491518 -0.000318134 0.00011017 4.02269e-05 -3.44152e-05 -0.011535 -0.00121237 -0.0451439 
-9.36871e-08 -0.0114094 0.00144011 0.00942146 0.00310553 0.0125113 -0.00618395 0.00470166 0.00576131 -0.00359071 0.00273025 0.000303614 0.00618557 -2.65644e-07 0.000578998 0.000120661 -0.00257827 0.00455086 -0.00128867 0.000209088 0.00387666 0.00117721 0.00165505 0.00455202 0.00614808 -0.000115166 -0.00354776 -3.07165e-07 -0.00465716 -3.6118e-05 -2.15318e-05 0.0118712 9.74841e-08 -0.000203329 -0.0062194 -6.22805e-05 1.80812e-06 -2.70368e-05 -9.89459e-07 -4.47956e-06 -8.63303e-06 -1.0043e-08 0.00524371 -0.00813517 -1.56561e-06 7.1437e-06 -1.1827e-08 -1.29693e-05 7.25668e-05 -0.00474151 -9.731e-05 -0.00691787 -0.00626664 4.09257e-08 -0.000151341 -5.38999e-05 -0.0012057 0.00013997 -2.21195e-05 0.000260967 0.00692122 -0.00167679 0.000163528 -0.0101268 -8.66977e-05 0.00296628 -0.0001698 7.76875e-05 -1.88916e-06 4.68358e-06 -0.000535147 -0.00543177 -0.00129626 -0.00148545 2.65079e-05 -0.000445214 2.08551e-05 3.0451e-05 -0.000571441 0.0090786 8.33995e-07 2.06829e-06 -1.41929e-05 0.00015484 -0.00263148 -9.25889e-08 -5.06873e-09 -7.91863e-07 -0.000161284 -1.29565e-05 -0.0110952 0.000176845 0.00476207 8.03328e-05 -6.58195e-05 4.48807e-05 3.62948e-05 -0.000829924 -0.0004276 -0.00654658 
1.46198e-06 0.0299303 -0.0838074 -0.00688188 -0.0449243 -0.00618395 0.249856 -0.010209 -0.107152 0.0629946 -0.0389449 -0.00341719 -0.236722 -1.02303e-05 -0.00294107 -0.000100375 -0.0317709 -0.0117556 0.056569 -0.0628159 -0.00782392 0.0856012 -0.000880709 0.00896612 -0.199265 -0.0047688 -0.112502 -1.1096e-05 0.183119 -0.11492 0.0019739 -0.0108845 -4.08515e-06 -0.000748726 0.242352 -0.00385454 -5.46408e-06 0.00107657 3.72079e-05 0.000242789 -0.000165601 -1.54211e-06 -0.0195507 0.13373 1.82464e-05 -0.00019852 -4.55476e-07 0.00222914 -0.000544971 0.0256792 -0.00291794 0.207894 0.204772 -9.27219e-08 0.00601992 -0.00306031 0.00187734 9.36588e-05 -0.000766849 -0.000587191 -0.104642 0.0543812 -0.00295696 0.0958965 0.00322488 -0.00554665 0.00560426 -4.8305e-05 4.77754e-05 -3.28254e-05 -0.0206248 -0.17935 -0.0549471 -0.0797098 -0.00800182 0.0153393 0.000821447 -0.000734811 -0.033138 -0.125203 -1.02477e-06 -1.1491e-05 -0.00068532 -0.000747257 -0.119434 2.76428e-06 2.04796e-07 -3.04957e-05 -0.00686465 0.000469856 0.0108506 -0.000128962 -0.0134649 -0.00190198 -0.00281342 -2.98476e-05 -6.86014e-05 0.0479808 -0.0794743 0.23204 
-9.6559e-08 -0.0142666 -0.00505791 0.00309268 -0.000492452 0.00470166 -0.010209 0.0305503 -0.00434149 0.000730854 0.00535734 0.00444813 0.0136059 4.5537e-07 0.0060577 7.63515e-05 -0.0036199 0.00445293 0.0129032 0.004816 0.00942028 -0.00154909 0.00208501 -0.00103497 -0.00563353 0.00215979 -0.00943134 2.04853e-05 -0.0115765 -0.00646134 0.00666176 0.00896552 4.27522e-06 -0.000599647 -0.0118866 0.000647368 8.73013e-06 -6.75434e-05 1.50168e-05 -2.08211e-06 0.000523853 2.00032e-06 -0.00109049 -0.0182569 -3.21743e-06 1.8321e-05 -2.94424e-08 0.000383755 6.97221e-06 -0.00584293 0.00585071 -0.00744513 -0.0153008 1.40673e-07 -0.000101938 -0.000192936 -0.00279161 0.000108904 0.000849328 0.000732914 -9.04408e-05 0.00200483 0.00423902 -0.0119846 -0.000214493 0.0011569 -0.000397792 9.5937e-05 3.17086e-06 5.66915e-05 -0.00130132 -0.00247131 -0.00367062 0.00249578 0.0104565 0.00167722 -1.90876e-05 -8.45326e-06 0.00507143 0.00239441 5.00845e-06 -6.61224e-08 8.04959e-05 0.000866072 0.00499886 2.95083e-08 -1.26182e-08 -9.11272e-07 0.00956429 0.000176714 -0.0127337 0.000217735 -0.00027148 -0.000153044 -0.000135926 2.66006e-06 0.000197334 0.00229601 -0.000659222 -0.00594731 
-1.57809e-06 -0.0256367 0.121182 0.00498423 -0.0154261 0.00576131 -0.107152 -0.00434149 0.171465 -0.0625715 0.0338869 -0.00132235 0.108198 -4.50689e-06 -0.000765991 6.12543e-05 0.0223491 -0.000752319 -0.0389093 0.100954 -0.00224369 -0.112025 9.58567e-05 -0.0984917 0.123278 -0.000697311 0.127488 -5.04363e-06 -0.0784595 0.0545775 0.000342584 0.00166583 -3.84894e-07 -0.00393755 -0.107767 -0.00172509 -1.30057e-06 -0.000472082 -1.71595e-05 -0.000106231 -0.000151188 -6.2444e-07 0.0076698 -0.140979 -2.63546e-05 -5.22051e-05 8.15579e-08 -0.00653823 -0.000297243 0.0796452 -0.00221535 -0.0988644 -0.0620645 1.57905e-09 -0.00281492 -0.00135156 0.00746111 -0.000137839 -0.000381345 0.000339685 -0.0368571 -0.0287627 -0.0013298 -0.118365 -0.00150199 0.00780102 -0.00291194 -1.94763e-05 -2.97928e-05 -1.08902e-05 0.0327554 0.0756174 -0.00193249 0.116174 -0.00378532 -0.00769786 -0.000371591 -0.000170585 0.039261 0.160299 -2.63338e-06 2.04207e-06 -0.000310835 -0.000326727 -0.0551276 -1.60571e-06 -8.79037e-08 3.95472e-05 -0.00306043 -0.000267808 0.00250668 -4.22477e-05 -0.00135319 -0.00110134 -0.00150261 -1.27778e-05 -8.16173e-05 -0.0258822 -0.0306926 -0.103642 
1.80284e-06 0.0083286 -0.0490405 -0.00179003 -0.026204 -0.00359071 0.0629946 0.000730854 -0.0625715 0.203778 -0.0200132 -0.00162381 -0.0610203 -5.76138e-06 -0.00357387 -5.88321e-05 0.00626188 -0.00742386 -0.0207508 0.0297429 -0.0045532 0.0412394 -0.000622778 0.0580901 -0.104025 -0.00116493 -0.0887322 -6.90859e-06 0.0783048 -0.0596926 -0.0109337 -0.00669658 -3.20539e-06 -0.00287393 0.0629384 -0.00226669 -3.19114e-06 -0.000608651 -2.16277e-05 -0.000134746 -0.000139611 1.06271e-06 -0.0137632 0.081857 1.45506e-05 -0.000111546 1.33993e-07 -0.00920533 0.000711196 -0.106292 -0.00329836 0.042922 0.0577905 -5.41515e-08 0.00804891 0.00355737 -0.0240499 0.000196374 -0.000390532 4.10496e-05 0.00556812 -0.014552 0.00278929 0.0378772 -0.00190609 -0.00320625 -0.0033061 -2.44562e-05 -4.31396e-05 -1.06053e-05 -0.0120454 -0.0418834 -0.0300818 -0.0401988 0.00599508 -0.00758143 0.000785807 0.000450871 -0.012817 -0.0724804 -3.28865e-06 -6.71098e-06 0.000542284 0.000688741 0.00972605 -1.82246e-06 -1.14003e-07 -1.55868e-05 0.00514342 -0.000262381 0.0096791 -5.91587e-05 -0.00853842 0.00311974 0.00133122 -1.7267e-05 3.58995e-05 0.0385039 0.0201508 0.05636 
-5.93488e-07 -0.030898 0.0352569 0.00202925 -0.0066429 0.00273025 -0.0389449 0.00535734 0.0338869 -0.0200132 0.0738296 -0.000501221 0.0399066 1.67805e-05 -0.000985556 5.39408e-06 0.0075113 0.0195084 -0.00877513 0.0286477 0.000350434 -0.0459152 0.000360679 -0.0296523 0.0413846 0.00666298 0.0375581 -1.67249e-06 -0.0285043 0.0160953 -0.00423123 0.00160879 -5.32808e-07 -0.00133663 -0.0373568 -0.000507718 -8.98794e-07 -0.000167738 -5.56468e-06 -3.62595e-05 -5.54152e-05 -2.53664e-07 -0.00288476 -0.0500166 5.55847e-09 0.00018892 -3.15885e-08 -0.00285897 -7.26091e-05 0.0037022 -0.000874558 -0.0338794 -0.036641 -1.52519e-08 -0.00102752 -0.000338063 -0.00583274 4.11373e-06 -0.000143531 -9.7937e-05 -0.0113135 -0.0101446 -0.000339751 -0.0397279 -0.000548148 -0.000803761 -0.00107526 -3.08229e-06 -1.20608e-05 3.2803e-06 -0.00171243 0.0290374 -0.00835818 0.038525 0.00511938 -0.00282539 -0.000129107 -0.000132856 0.040189 0.0430314 -8.2272e-07 6.30316e-06 -0.000109393 -0.000112022 -0.00524376 1.30136e-07 -3.21093e-08 3.99904e-05 0.00511434 -9.31894e-05 0.000247877 -2.0882e-05 -0.00173428 -4.80076e-05 -0.000449188 4.59701e-05 2.58961e-05 -0.00879723 0.00505456 -0.0401064 
1.08591e-06 -0.000522845 -0.000987507 -9.09957e-05 0.00126852 0.000303614 -0.00341719 0.00444813 -0.00132235 -0.00162381 -0.000501221 0.00770645 0.00312269 -1.36151e-07 0.00310445 1.74015e-05 -0.00375021 -0.00015136 0.000819616 -0.00209441 0.00335084 -0.000563336 0.000380159 0.0022529 -0.00188641 -2.2191e-05 -0.0022281 1.89417e-05 -0.00247317 -0.00110838 0.00458539 0.0036891 9.75983e-07 0.000964941 -0.00300515 0.000217282 -4.69619e-08 -1.39013e-05 -6.06455e-07 -3.01583e-06 0.000166968 1.21237e-08 -0.000337846 -0.00492791 -9.59584e-07 3.47577e-05 -7.24899e-09 -0.000148021 4.12148e-05 -0.00137505 0.00326103 -0.00314462 -0.00361351 -1.47569e-09 -6.51136e-05 0.000394815 -0.000726824 1.24848e-07 0.000292764 2.97214e-05 0.00264965 0.00317972 0.000306975 -0.00413906 -4.9505e-05 0.000388218 -9.76632e-05 2.23359e-06 1.75076e-05 5.37691e-06 -0.000326058 -0.0015428 -0.000932311 -0.00123277 0.000240459 0.000905186 -1.27964e-05 0.000375867 -0.00043511 0.00150037 2.02288e-06 -3.62149e-08 0.000780671 8.44831e-05 0.000410246 -5.67492e-08 -3.10671e-09 -4.85345e-07 0.00016499 6.51623e-06 -0.0048031 5.77231e-05 0.000278842 0.000425846 0.0012125 -1.24297e-07 1.59793e-06 -0.000641135 0.000330793 0.000517521 
-2.2954e-06 -0.0306201 0.0863077 0.00707232 0.0461768 0.00618557 -0.236722 0.0136059 0.108198 -0.0610203 0.0399066 0.00312269 0.249998 1.05136e-05 0.00262179 0.000103659 0.0322153 0.0122289 -0.0492953 0.0740712 0.00737592 -0.086077 0.000962238 -0.0201058 0.203923 0.00488598 0.100936 1.07603e-05 -0.177233 0.122328 -0.0015078 0.00308322 4.22714e-06 -0.000120536 -0.23432 0.00385645 5.6154e-06 -0.0010607 -3.8276e-05 -0.00023754 0.000161943 7.31483e-07 0.020286 -0.126299 -3.769e-05 0.000203116 4.68089e-07 -0.016728 -0.000493773 -0.0173535 0.00310761 -0.211459 -0.195732 -5.13771e-08 -0.00609741 0.00105492 -0.0163593 -0.000207368 0.000214451 0.000609085 0.104387 -0.0548221 0.0022284 -0.0965447 -0.00333328 0.00576402 -0.00643477 4.97044e-05 -6.71946e-05 2.91529e-05 0.0210599 0.184787 0.0404098 0.0819492 0.00826686 -0.0147704 -0.000798406 -0.000549639 0.0340318 0.129388 -1.11299e-07 1.18092e-05 -5.35118e-05 0.00065638 0.115194 -2.66553e-06 -1.9939e-07 3.13402e-05 0.00704835 -0.000454404 -0.00925713 -2.97341e-05 -0.000227136 -0.000347839 0.000584257 2.70487e-05 -2.04286e-05 -0.0579008 0.0744062 -0.230403 
-1.54989e-10 -1.56522e-05 -3.50977e-06 -2.9564e-07 -1.92382e-06 -2.65644e-07 -1.02303e-05 4.5537e-07 -4.50689e-06 -5.76138e-06 1.67805e-05 -1.36151e-07 1.05136e-05 2.09629e-05 -2.69663e-07 -4.43151e-09 -1.48276e-06 6.7268e-06 8.21881e-06 -9.85612e-06 -3.43306e-07 -1.72787e-05 -4.94132e-08 -1.12816e-05 1.18231e-05 1.70178e-05 -4.48388e-07 -5.08151e-10 -7.71807e-06 7.58477e-06 -1.11057e-06 -7.18981e-07 -2.35768e-10 -3.98492e-07 -6.26558e-06 -1.67358e-07 -2.34719e-10 -4.50695e-08 -1.63689e-09 -1.01734e-08 -1.44804e-08 -6.62441e-11 -1.01354e-06 -1.34624e-05 -2.59002e-09 -8.6074e-09 -1.95658e-11 -7.72486e-07 -2.89395e-08 -8.06372e-06 -2.4329e-07 -1.19744e-05 -1.04199e-05 -3.98303e-12 -2.68526e-07 7.75785e-06 -2.01148e-06 -1.35274e-08 -3.77233e-08 -2.56467e-08 -4.62721e-06 -2.77395e-06 -1.27888e-07 -2.01022e-06 -1.43426e-07 -2.43652e-07 -2.80905e-07 -2.07761e-09 -3.19146e-09 -1.43885e-09 -8.86074e-07 7.42415e-06 -2.53075e-06 2.66733e-06 1.64768e-05 -7.38073e-07 -3.58794e-08 -4.20789e-08 1.86662e-05 -5.46015e-06 -2.8014e-10 -4.93617e-10 2.67005e-07 -3.4918e-08 1.07638e-05 -1.53172e-10 -8.38533e-12 -1.31e-09 1.61048e-05 7.21069e-07 2.22193e-07 -5.60567e-09 -6.72783e-07 6.027e-07 -1.4408e-07 -1.28918e-09 -8.66072e-09 -2.63214e-06 -3.44283e-06 -6.81159e-06 
1.12823e-06 -0.00020668 -0.00127276 0.000157099 0.00179947 0.000578998 -0.00294107 0.0060577 -0.000765991 -0.00357387 -0.000985556 0.00310445 0.00262179 -2.69663e-07 0.0126981 7.13574e-05 -0.00799413 -5.55922e-05 -0.002184 -0.00451492 0.00686246 0.000852021 0.000491092 0.00363031 -0.00268295 -0.000119403 -0.0026974 2.26715e-05 -0.00128408 -0.00564888 0.00606582 0.00381834 -1.44672e-07 0.00017488 -0.00255723 0.000896242 1.81597e-06 -2.76557e-05 3.28224e-06 0.000252577 0.000606691 8.26844e-08 -0.000268313 -0.00405682 -1.51929e-06 -4.0217e-06 -1.2006e-08 -0.000414728 -6.48791e-06 -0.00198722 0.00591389 -0.00102898 -0.00459855 -2.44408e-09 0.00028655 -6.9742e-05 -0.00113326 5.11393e-05 0.000859929 5.6206e-05 0.00242788 0.00671946 -4.32483e-06 -0.00217396 0.000364754 0.000256309 0.00123274 3.02485e-05 9.77683e-05 1.33754e-07 -0.000488385 -0.0042824 -0.000404114 -0.000832285 -0.000133731 0.00256957 -7.08973e-06 -3.62391e-06 -0.000847846 0.00023398 -1.719e-07 6.18711e-06 -1.05042e-05 -2.12198e-05 -0.000688212 1.80268e-06 -5.14543e-09 -8.03845e-07 -0.000161844 6.96227e-05 -0.00727344 1.57269e-05 -0.000401368 -4.49053e-05 4.47939e-06 -6.81067e-07 3.45586e-07 -0.00135483 -0.00126043 0.00151132 
-1.5629e-09 -0.000118017 1.21826e-05 6.91188e-05 7.12031e-05 0.000120661 -0.000100375 7.63515e-05 6.12543e-05 -5.88321e-05 5.39408e-06 1.74015e-05 0.000103659 -4.43151e-09 7.13574e-05 0.000211349 -0.000179012 0.000129687 -4.03128e-05 -9.78779e-05 8.49281e-05 2.15425e-05 4.98172e-06 9.28297e-05 3.64246e-05 -2.07274e-06 -6.35361e-05 -5.12417e-09 -7.7662e-05 -0.000125245 6.6031e-05 0.000145193 2.09559e-08 -2.55838e-06 -9.65396e-05 2.20904e-06 -2.3669e-09 2.52188e-07 -1.65063e-08 -6.25878e-08 2.1774e-05 -6.68003e-10 9.21029e-05 -0.00012062 -2.61176e-08 1.52654e-06 -1.973e-10 -7.47305e-06 -2.91824e-07 -8.04175e-05 8.12167e-05 -0.000102382 -0.000104444 -4.01647e-11 -1.1978e-06 -1.10262e-06 -2.02437e-05 4.01359e-06 1.61627e-06 -2.5862e-07 0.000126383 5.22676e-05 -1.27961e-06 -9.68588e-05 9.80364e-07 3.53302e-06 -1.95596e-06 -2.09505e-08 2.87817e-07 -1.45093e-08 -8.93513e-06 -9.2154e-05 -2.35233e-05 -3.45812e-05 4.74236e-07 -6.56603e-06 -3.61806e-07 -8.76554e-08 -1.4357e-05 7.6295e-05 -2.82492e-09 -4.97761e-09 -6.9104e-08 -4.21115e-08 1.26463e-05 -1.54458e-09 -8.45573e-11 -1.321e-08 -2.97661e-06 -2.58126e-07 -0.000199157 -4.65273e-08 9.48057e-05 -2.45346e-07 -7.19561e-07 -2.99999e-09 -8.73343e-08 -2.45023e-05 7.12689e-07 -6.52489e-05 
-3.45691e-06 -0.0031642 0.0172535 -0.00262715 -0.00712632 -0.00257827 -0.0317709 -0.0036199 0.0223491 0.00626188 0.0075113 -0.00375021 0.0322153 -1.48276e-06 -0.00799413 -0.000179012 0.103111 -0.000386026 0.0219151 0.0472478 -0.00980375 -0.0158443 5.5655e-05 -0.0429591 0.0309558 0.00100277 0.0133465 -2.11102e-05 -0.0354923 0.0537347 -0.0258209 -0.00644452 1.07959e-06 -0.0139567 -0.0368419 -0.0055519 1.10421e-07 -0.00188476 -2.06513e-05 -0.000416834 -0.000577923 -4.44438e-07 -0.00545894 -0.0128206 5.05644e-06 2.81423e-05 -2.91044e-07 0.00351465 3.69592e-05 0.0118837 -0.0101422 -0.0306512 -0.0161641 -2.11529e-08 -0.00847923 -0.00085111 -0.0128724 -0.000483543 -0.00154805 0.000141749 -0.00154514 -0.0795761 0.000707635 -0.0134916 -0.00527484 0.00129516 -0.0111121 8.49962e-06 -7.60643e-05 4.12591e-06 0.00492661 0.0487273 0.00281844 0.0190802 0.0020121 -0.0276088 -0.00126821 -0.000718267 0.00786451 0.0223285 1.56002e-06 -7.65452e-06 -0.00103553 0.000164382 0.00290235 -2.52036e-06 -3.53304e-07 6.74836e-06 0.00163372 -4.23401e-05 0.0268519 -5.80258e-07 -0.00332981 -0.000875407 -0.00135388 -3.67076e-05 2.97158e-05 0.0121554 0.0145589 -0.0349836 
-2.00982e-07 -0.00420097 -0.00016939 0.0038431 -0.000585839 0.00455086 -0.0117556 0.00445293 -0.000752319 -0.00742386 0.0195084 -0.00015136 0.0122289 6.7268e-06 -5.55922e-05 0.000129687 -0.000386026 0.0264452 -0.00404906 0.00494977 0.00217569 -0.00210237 0.0005989 0.000479069 0.0122789 0.00209248 0.00674404 -6.58944e-07 -0.00798668 -0.0058078 -0.00132163 0.00471967 1.90935e-07 -0.000183441 -0.0102252 0.000120066 -7.10388e-08 -5.66871e-05 -2.12263e-06 -4.1323e-06 -1.8134e-05 -8.5902e-08 -0.000526504 -0.0149775 1.24147e-05 3.25984e-05 -2.53719e-08 -0.000999546 -3.5272e-06 -0.00855375 -0.000121297 -0.00244475 -0.0118871 -5.16499e-09 -0.000297944 -0.000146599 -0.00184273 0.000175625 -3.55343e-05 -2.9264e-05 0.000263462 -0.00284173 -0.000158295 9.95314e-05 -0.000181754 2.7804e-05 -0.000356033 1.42859e-05 -3.31185e-06 6.40084e-06 -0.000732109 -0.00289396 -0.00282512 -0.00438023 0.000860989 -0.000781455 3.50801e-05 -1.27625e-05 -1.02094e-06 0.00834291 8.26729e-07 5.56324e-06 -3.73067e-05 -3.48965e-05 0.00255375 -1.31959e-07 -1.08737e-08 1.89793e-06 0.000730853 -2.61304e-05 -0.00389424 -4.8958e-06 0.00111955 8.39184e-05 -0.000138389 4.25849e-05 6.16256e-06 -0.00221382 0.0123004 -0.0114182 
2.90126e-07 -0.00636947 -0.0293025 -0.0026518 -0.0182821 -0.00128867 0.056569 0.0129032 -0.0389093 -0.0207508 -0.00877513 0.000819616 -0.0492953 8.21881e-06 -0.002184 -4.03128e-05 0.0219151 -0.00404906 0.164108 -0.0386142 -0.00167107 0.0215007 0.00100841 -0.0692942 -0.0623135 0.0035608 -0.0465001 -4.99922e-06 -0.00782847 0.0386541 -0.00747917 -0.00401232 4.9161e-06 -0.00384741 0.0533973 -0.00161914 2.69645e-06 -0.000419261 2.08359e-05 -8.17599e-05 -0.00012221 1.50945e-06 -0.00907798 0.0372647 -2.41057e-05 0.000160474 -1.49798e-07 -0.00615333 -0.000210187 0.0663777 -0.00229391 0.0438725 0.0480986 1.07351e-07 -0.00224663 -0.0011829 -0.0193764 -7.0114e-05 -0.000342965 0.000348865 -0.0305725 -0.0155873 0.00419322 0.0198834 -0.00123771 -0.00132383 -0.000630254 6.64522e-05 -3.07391e-05 4.25139e-05 -0.00871547 -0.00990046 -0.0248879 -0.0193914 0.0129507 -0.00647798 -0.000315884 -0.000385082 -0.000690972 -0.0396205 6.69144e-06 -4.87242e-06 -0.00012555 0.00112886 -0.0177202 -9.18607e-07 -8.27704e-08 -9.80081e-06 0.0104882 0.000229195 0.00671838 0.000150431 -0.0059382 -0.000176724 -0.000631691 4.21473e-06 0.000260631 -0.0134363 -0.0152142 0.0529912 
-4.4309e-07 -0.0175906 0.0791331 0.0020182 -0.0392233 0.000209088 -0.0628159 0.004816 0.100954 0.0297429 0.0286477 -0.00209441 0.0740712 -9.85612e-06 -0.00451492 -9.78779e-05 0.0472478 0.00494977 -0.0386142 0.249911 -0.00537854 -0.0739817 0.000369109 -0.107935 0.0562645 0.00158331 0.0701562 -1.20487e-05 -0.0200063 -0.0102705 -0.0088452 -0.00951098 4.25055e-06 -0.0089613 -0.0662903 -0.00250487 4.29602e-06 -0.00109392 -3.91917e-05 -0.000247202 -0.000349561 -4.06482e-07 -0.00221322 -0.078045 2.18893e-05 6.5796e-05 -1.88806e-07 -0.0186857 -0.000667032 0.0294988 -0.00552161 -0.051923 -0.0250838 -9.67927e-08 -0.0062813 -0.00226169 -0.00835187 -0.00031818 -0.000725533 0.000558597 -0.0507535 -0.0580787 -0.000383626 -0.0793017 -0.00316129 0.00540795 -0.00641084 3.35916e-05 -5.93331e-05 -2.09693e-05 0.0207199 0.0392402 -0.0286553 0.0787956 0.00177618 -0.0176987 3.25999e-05 -0.000740287 0.0295692 0.101625 -8.11085e-07 1.44117e-06 -0.000663802 0.000173569 -0.0442537 -2.17227e-06 -2.03774e-07 2.91521e-05 0.00205314 -0.000350829 0.0174201 -0.000128828 -0.0148518 -0.00198212 -0.00335031 -3.08919e-05 -5.2543e-05 -0.0105126 -0.00846784 -0.0667261 
-1.21077e-07 -0.00396002 -0.00253825 0.00257413 0.00573634 0.00387666 -0.00782392 0.00942028 -0.00224369 -0.0045532 0.000350434 0.00335084 0.00737592 -3.43306e-07 0.00686246 8.49281e-05 -0.00980375 0.00217569 -0.00167107 -0.00537854 0.0161083 0.00222637 0.00137092 0.00670606 0.00119063 -0.000120824 -0.0053755 2.26097e-05 -0.00597379 -0.00830928 0.00599966 0.00790054 7.52486e-07 -9.37774e-05 -0.00768738 0.00482978 9.24664e-06 -3.50015e-05 -1.26873e-06 -7.9474e-06 0.000486378 1.41825e-06 -0.000522996 -0.0049436 -2.02332e-06 6.05922e-07 -1.52847e-08 0.000489396 -5.22408e-06 -0.00625191 0.00703939 -0.00153069 -0.00809518 1.43555e-07 0.000189122 -0.000103184 -0.00155703 0.000112212 0.00133145 0.000270105 0.007462 0.00416653 0.000823784 -0.00434079 -0.000107154 0.000456249 0.000436875 7.31703e-05 2.94018e-06 4.1846e-05 -0.000692198 -0.00622848 0.00328977 -0.0022313 0.000711981 0.00205524 1.51611e-05 -2.63786e-05 -0.00108245 0.000681325 4.98116e-06 1.98105e-06 1.6092e-05 0.000128236 0.00372021 -1.19658e-07 -6.5506e-09 -1.02337e-06 0.000350201 3.47832e-05 -0.0145391 0.000236951 0.000909404 -3.58527e-05 7.74198e-06 1.56862e-05 4.07509e-05 -0.00140013 -0.000148625 -0.00435358 
1.20283e-06 0.0309682 -0.12301 0.00130907 0.00920768 0.00117721 0.0856012 -0.00154909 -0.112025 0.0412394 -0.0459152 -0.000563336 -0.086077 -1.72787e-05 0.000852021 2.15425e-05 -0.0158443 -0.00210237 0.0215007 -0.0739817 0.00222637 0.144873 0.000237233 0.0849522 -0.0926682 -0.0075466 -0.101218 -7.95276e-06 0.0628576 -0.0634482 0.00466945 0.00336312 9.33453e-07 0.000211264 0.0831636 0.00133954 1.748e-06 0.000366987 1.29578e-05 8.52983e-05 5.89334e-05 -2.97912e-07 0.0073637 0.109697 1.79926e-05 -0.000140881 -5.65951e-07 0.00638802 -0.000891848 -0.062991 0.00178563 0.0995992 0.041223 3.33956e-08 0.00213457 -0.00165213 0.0139515 -5.55297e-05 0.000266307 -9.68862e-05 0.0307765 0.0210688 0.000728794 0.130253 0.00118512 0.00193526 0.00234929 1.4083e-05 2.67287e-05 -1.47726e-05 -0.033535 -0.0893075 0.020665 -0.129552 -0.00727378 0.00594718 0.000296053 -0.000551261 -0.054964 -0.110873 2.04549e-06 -1.9408e-05 -0.00113121 -0.000198581 0.0288565 3.076e-07 7.03066e-08 -5.09497e-05 -0.00750589 0.000174696 -0.00726817 2.78139e-05 0.00456915 -0.0022491 -0.00172559 -4.02076e-05 -0.000107734 0.0219785 0.0168782 0.0877129 
-1.7427e-08 -0.00189935 -0.000358777 0.000536672 4.81758e-05 0.00165505 -0.000880709 0.00208501 9.58567e-05 -0.000622778 0.000360679 0.000380159 0.000962238 -4.94132e-08 0.000491092 4.98172e-06 5.5655e-05 0.0005989 0.00100841 0.000369109 0.00137092 0.000237233 0.00235157 -0.000338479 -0.00015997 -2.28586e-05 -0.000767153 -4.047e-08 -0.000794799 -0.000563781 0.000744657 0.0018806 2.9349e-07 -4.43399e-05 -0.000938468 -1.09078e-05 9.97361e-06 -4.42763e-06 1.71126e-05 8.85944e-06 3.41516e-06 2.25515e-08 -5.54192e-05 -0.0013722 -1.47889e-07 -4.21152e-07 -2.19998e-09 -8.01585e-05 6.62705e-07 -0.000377474 -2.3629e-05 -0.000997673 -0.00102916 -4.47853e-10 -2.97131e-05 -1.48593e-05 -0.000225705 5.4609e-05 -1.03829e-06 0.00028874 -0.000346965 -0.000298514 1.64969e-05 -0.00162195 -1.22169e-05 0.00113336 -3.1415e-05 9.31964e-05 -1.88848e-07 4.82149e-08 -9.89104e-05 -0.00105127 -0.000282001 -0.000182578 -8.97429e-06 -8.06892e-05 -3.01429e-06 4.40863e-06 -0.00014706 0.00142304 4.39183e-06 1.5845e-06 -1.57513e-06 -2.40286e-06 -0.000620776 -1.72227e-08 -9.42849e-10 -1.47297e-07 -1.83204e-05 -1.00821e-06 -0.00175713 -5.43636e-07 -6.10179e-05 -2.43156e-06 -1.62004e-05 3.48378e-07 1.11952e-06 0.000857295 -0.000147472 -0.000746648 
2.24529e-07 0.0155553 -0.0858274 0.00619735 0.0389966 0.00455202 0.00896612 -0.00103497 -0.0984917 0.0580901 -0.0296523 0.0022529 -0.0201058 -1.12816e-05 0.00363031 9.28297e-05 -0.0429591 0.000479069 -0.0692942 -0.107935 0.00670606 0.0849522 -0.000338479 0.248544 -0.0457717 -0.00509648 -0.0807686 1.08916e-05 0.0307202 -0.0637194 0.00812809 0.0139831 -5.67585e-06 0.00358818 0.0126287 0.003553 -4.82894e-06 -0.00102387 -3.06081e-05 0.000105534 0.000307614 -7.05889e-08 0.00819206 0.0718763 -1.21298e-05 -0.000132375 1.0105e-07 0.0163988 0.000605296 -0.147809 0.00532372 0.0124934 -0.0207361 8.77494e-08 0.00449746 0.00252194 0.0174734 0.0002965 0.000791111 -0.000628866 0.100468 0.0419751 0.000853873 0.0729183 -0.00152455 -0.00357302 -0.00271883 -1.19987e-05 3.62837e-05 1.45191e-05 -0.0226852 -0.0374869 0.0333909 -0.0869739 -0.00476359 0.0138203 0.000759185 0.000708512 -0.035727 -0.0910503 -4.70829e-06 -3.31857e-06 0.00050884 -0.000130445 0.0823762 1.9045e-06 -2.15264e-07 -3.30763e-05 -0.00465077 0.000286764 -0.0194671 0.000116601 0.014559 0.00174991 0.00298937 2.05882e-05 -9.69307e-05 0.00423691 0.0541365 0.013854 
-2.78501e-06 -0.0246987 0.0986788 0.005719 0.0509497 0.00614808 -0.199265 -0.00563353 0.123278 -0.104025 0.0413846 -0.00188641 0.203923 1.18231e-05 -0.00268295 3.64246e-05 0.0309558 0.0122789 -0.0623135 0.0562645 0.00119063 -0.0926682 -0.00015997 -0.0457717 0.2445 0.00405672 0.123291 -1.00389e-05 -0.147411 0.11114 -0.00943805 -0.000430756 5.94105e-07 0.0012972 -0.195259 0.00337699 -3.0146e-06 -0.000880085 -3.17773e-05 -0.000206492 -0.000294144 -1.34564e-06 0.0230327 -0.123311 -3.4852e-05 0.000202422 1.35887e-07 -0.0146363 -0.000481187 0.0119434 -0.00273966 -0.174011 -0.154745 -3.75754e-08 -0.00545299 -0.00164369 -0.00792775 -0.000167681 -0.000750606 -4.96131e-05 0.0650386 -0.0521299 -0.00255239 -0.0909408 -0.00282116 0.00518617 -0.00566884 -3.40265e-05 -6.45258e-05 -1.65113e-05 0.0242043 0.150363 0.0488997 0.0879533 -0.00103278 -0.0149344 -0.000677923 -0.00043894 0.0333182 0.13932 -3.54725e-06 1.35197e-05 -0.000294592 -0.000540301 0.0675899 -2.39477e-06 -1.70334e-07 3.40162e-05 -0.000661217 -0.000502678 -0.00241574 -8.59731e-05 0.00226395 -0.00191685 -0.000681222 2.74892e-05 -0.000120885 -0.0532505 0.0308302 -0.197887 
-7.24928e-08 -0.00665723 0.000945032 -0.000106286 -0.000729493 -0.000115166 -0.0047688 0.00215979 -0.000697311 -0.00116493 0.00666298 -2.2191e-05 0.00488598 1.70178e-05 -0.000119403 -2.07274e-06 0.00100277 0.00209248 0.0035608 0.00158331 -0.000120824 -0.0075466 -2.28586e-05 -0.00509648 0.00405672 0.00970901 0.00231926 -2.37677e-07 -0.00356235 0.003046 -0.00051663 -0.000113405 -1.10275e-07 -7.70429e-05 -0.00450787 -6.80347e-05 -1.09785e-07 -1.32403e-05 -7.65619e-07 -4.75838e-06 -6.34288e-06 -3.09843e-08 -0.000193181 -0.00626639 -1.21143e-06 -2.9526e-06 3.41819e-08 -0.00035096 -1.35325e-05 -0.00288756 -0.000109214 -0.00498719 -0.00485197 -1.86298e-09 -0.000125321 -4.0755e-05 -0.000920219 1.73228e-05 -1.76443e-05 -1.19957e-05 -0.00215183 -0.00120776 -1.75535e-05 -0.00454745 -6.67678e-05 -0.00010587 -0.000120944 -9.71756e-07 -1.49274e-06 8.07007e-07 -0.000393349 0.00451809 -0.00113006 0.00499546 0.00585575 -0.000344945 -1.67818e-05 -1.80215e-05 0.00776707 0.000341892 -1.3103e-07 -2.30879e-07 -3.18681e-06 -7.08215e-06 0.00347064 6.45024e-07 -3.92206e-09 2.64394e-06 0.00559038 -1.18994e-05 0.00022649 -1.5386e-06 -0.000313197 -3.33275e-05 -6.73903e-05 1.38803e-05 2.81425e-05 -0.00122881 -0.00140057 -0.00485851 
-1.83918e-06 -0.0112306 0.108425 -0.00429049 -0.0237127 -0.00354776 -0.112502 -0.00943134 0.127488 -0.0887322 0.0375581 -0.0022281 0.100936 -4.48388e-07 -0.0026974 -6.35361e-05 0.0133465 0.00674404 -0.0465001 0.0701562 -0.0053755 -0.101218 -0.000767153 -0.0807686 0.123291 0.00231926 0.221378 -7.9457e-06 -0.101786 0.0355265 -0.0110586 0.00202189 1.0994e-06 0.00237221 -0.112686 -0.00255858 -3.70406e-06 0.00142663 -2.7914e-06 6.92827e-05 -0.000223352 -1.00539e-06 -0.00300927 -0.163861 -7.45927e-06 0.000107732 -2.08764e-07 0.0225088 -0.000420138 0.0503543 -0.00374668 -0.0731673 -0.0996061 -6.28555e-08 -0.00405167 -0.00204288 0.0467534 -0.00014219 -0.000562708 -7.25318e-07 -0.0480784 -0.000327921 -0.00130438 -0.0897905 0.00324799 0.00226776 0.00330279 -3.2783e-05 -3.12704e-05 -1.34663e-05 0.0282021 0.0683793 0.00361572 0.0977101 -0.00346936 -0.0108165 -0.000564775 0.000452271 0.0351289 0.136126 -2.79417e-06 8.067e-06 -0.000463217 -0.000540921 -0.0226614 -2.02718e-06 2.67673e-07 3.68805e-05 -0.0027929 -0.000385906 0.00684338 -8.23819e-05 0.00741324 -0.00157439 -0.000827009 -2.02942e-05 -8.66565e-05 -0.00652186 0.00505282 -0.108165 
-1.79214e-10 -8.56754e-06 -4.10399e-06 8.28151e-07 9.81777e-06 -3.07165e-07 -1.1096e-05 2.04853e-05 -5.04363e-06 -6.90859e-06 -1.67249e-06 1.89417e-05 1.07603e-05 -5.08151e-10 2.26715e-05 -5.12417e-09 -2.11102e-05 -6.58944e-07 -4.99922e-06 -1.20487e-05 2.26097e-05 -7.95276e-06 -4.047e-08 1.08916e-05 -1.00389e-05 -2.37677e-07 -7.9457e-06 2.42394e-05 -8.60778e-06 -1.51196e-05 2.20992e-05 1.3242e-05 -2.72619e-10 -4.60778e-07 -1.13238e-05 7.76483e-07 -2.71407e-10 -5.21141e-08 -1.89274e-09 -1.17635e-08 1.23256e-07 -7.65984e-11 -4.31959e-07 -1.49933e-05 -2.99485e-09 -9.95278e-09 -2.2624e-11 -8.93229e-07 -3.34628e-08 -9.09745e-06 2.36553e-05 -1.21793e-05 -1.20486e-05 -4.6056e-12 6.45284e-06 -1.52809e-07 -2.32589e-06 1.79769e-06 6.46971e-06 -2.96554e-08 6.1662e-06 1.55258e-05 -1.47877e-07 -1.52947e-05 -1.62511e-07 -2.6507e-07 -3.21478e-07 -2.40235e-09 3.59643e-07 -1.66375e-09 -1.02457e-06 -1.06332e-05 -2.92632e-06 -3.68202e-06 4.46704e-07 1.69699e-05 -4.14875e-08 -4.86561e-08 -1.37296e-06 -5.12923e-06 -3.23927e-10 -5.70771e-10 -3.42976e-08 -4.03758e-08 -6.20697e-06 -1.77114e-10 -9.696e-12 -1.51476e-09 -3.41321e-07 -2.95987e-08 -2.25666e-05 -6.48186e-09 -7.77942e-07 -1.24072e-07 2.97673e-06 -1.49068e-09 -1.00144e-08 -2.55022e-06 -3.98096e-06 9.93487e-06 
1.308e-06 0.0219463 -0.0623751 -0.00516167 -0.0331325 -0.00465716 0.183119 -0.0115765 -0.0784595 0.0783048 -0.0285043 -0.00247317 -0.177233 -7.71807e-06 -0.00128408 -7.7662e-05 -0.0354923 -0.00798668 -0.00782847 -0.0200063 -0.00597379 0.0628576 -0.000794799 0.0307202 -0.147411 -0.00356235 -0.101786 -8.60778e-06 0.232621 -0.116611 0.00417372 -0.0112256 -3.75402e-06 -0.00170728 0.181331 -0.00282943 -4.12228e-06 -0.000625626 -4.52794e-06 0.000144293 -0.000135316 -1.16342e-06 -0.0166801 0.11632 6.63259e-06 -0.000145692 -3.43625e-07 -0.0128544 -0.000412321 -0.00226715 -0.00401443 0.15431 0.170062 -6.99523e-08 0.0067497 -0.00231337 -0.00695335 0.000190224 -0.000623768 -0.000417992 -0.0790136 0.0314861 -0.00224334 0.0704794 0.000971222 -0.00420891 0.00199288 -3.58781e-05 8.03798e-05 -2.509e-05 -0.0155171 -0.162062 -0.0428983 -0.0588434 -0.00637689 0.0153991 0.000930449 -0.000533521 -0.024327 -0.0919209 -4.40998e-06 -4.08584e-06 -0.0004966 -0.00060974 -0.0929293 3.7599e-06 -1.47268e-07 -2.29303e-05 -0.00516155 0.000342985 0.0136537 -9.77666e-05 -0.0118017 -0.00185041 -0.00234313 -2.26412e-05 -0.000146388 0.0287643 -0.0584869 0.170644 
-3.22639e-06 -0.0166555 0.0619707 0.00182173 0.0246304 -3.6118e-05 -0.11492 -0.00646134 0.0545775 -0.0596926 0.0160953 -0.00110838 0.122328 7.58477e-06 -0.00564888 -0.000125245 0.0537347 -0.0058078 0.0386541 -0.0102705 -0.00830928 -0.0634482 -0.000563781 -0.0637194 0.11114 0.003046 0.0355265 -1.51196e-05 -0.116611 0.231471 -0.0184439 -0.0102483 -6.1425e-07 -0.000462431 -0.111248 -0.00309381 -5.76244e-06 -0.00131238 -3.29972e-05 -0.000308706 -0.000437599 -3.90145e-07 0.0118408 -0.0375852 -7.06028e-05 0.000129593 3.3962e-07 -0.0222982 0.000448753 0.0534215 -0.00710304 -0.141905 -0.0748104 -7.75298e-08 -0.00783566 0.00225332 -0.0473151 -0.00017703 -0.00114173 3.37277e-05 0.0579324 -0.068047 0.000918239 -0.0630979 -0.00413534 -0.000364775 -0.00586666 -6.07939e-05 -9.20365e-05 -1.35546e-05 0.0142773 0.154192 -0.000625756 0.059229 0.00552635 -0.0206227 -0.000959282 -0.000264057 0.0246364 0.0595179 -3.21404e-06 8.56812e-06 0.000513414 0.000394874 0.0603306 -3.10793e-06 -2.54449e-07 2.22421e-05 0.00475942 -0.000456736 0.0149566 -0.000146528 -0.00562568 0.00175356 0.00174401 6.68396e-06 8.67714e-05 -0.0731591 0.0359116 -0.117073 
1.28499e-06 0.00136352 -0.00543533 -0.000480738 -0.00177254 -2.15318e-05 0.0019739 0.00666176 0.000342584 -0.0109337 -0.00423123 0.00458539 -0.0015078 -1.11057e-06 0.00606582 6.6031e-05 -0.0258209 -0.00132163 -0.00747917 -0.0088452 0.00599966 0.00466945 0.000744657 0.00812809 -0.00943805 -0.00051663 -0.0110586 2.20992e-05 0.00417372 -0.0184439 0.0501704 0.00248941 3.93419e-06 -0.00100007 0.000959869 0.00059652 2.91017e-06 -0.000113796 -4.08328e-06 -2.1826e-05 0.00033272 5.55926e-07 0.00395115 -0.00363898 -5.81863e-06 4.54688e-07 -4.94451e-08 -0.00193489 -6.96403e-05 -0.00511269 0.00839021 0.000619577 0.00342383 -1.00656e-08 0.000678756 -0.00032872 -0.00437984 -3.02788e-05 0.00161097 0.000332301 -0.00272019 0.0255239 -0.000191322 0.00067753 -0.000297379 0.00190051 0.00201086 1.89663e-05 4.68781e-05 -3.63616e-06 -0.0021738 -0.00860808 -0.00481365 -0.00437224 -0.000858549 0.0202143 -8.50883e-05 -0.000101255 -0.00349257 0.00152628 3.02538e-06 -1.24743e-06 -7.39613e-05 -6.34221e-05 -0.00753408 -3.13752e-07 -2.11908e-08 -2.34053e-06 -0.000729412 -4.83686e-05 -0.00949334 3.32379e-06 -0.00167882 -0.000263155 -0.000140864 -3.25791e-06 -2.17434e-05 -0.00512322 -0.00429865 0.0108557 
-2.5357e-07 -0.0119502 -0.00224198 0.00932187 0.00283007 0.0118712 -0.0108845 0.00896552 0.00166583 -0.00669658 0.00160879 0.0036891 0.00308322 -7.18981e-07 0.00381834 0.000145193 -0.00644452 0.00471967 -0.00401232 -0.00951098 0.00790054 0.00336312 0.0018806 0.0139831 -0.000430756 -0.000113405 0.00202189 1.3242e-05 -0.0112256 -0.0102483 0.00248941 0.0331208 4.77605e-07 0.00120876 -0.0104373 0.000493514 1.01593e-05 -7.13593e-05 -2.38803e-06 1.60252e-06 0.000147453 -1.50455e-08 0.00459652 -0.0203818 1.19261e-07 -1.06216e-06 -3.20106e-08 0.0116284 5.62536e-05 -0.0128865 0.00297014 -0.00306454 -0.0162026 1.83484e-07 0.000381212 0.000504781 0.00777486 0.000283838 -2.05439e-05 0.000255714 0.00673896 0.00584692 0.00163506 -0.0103809 -0.000205209 0.00319519 -0.000372818 9.01943e-05 8.48528e-06 1.36826e-05 -0.00144653 -0.0135863 0.00317747 -0.00454084 0.000764323 -0.000213519 -1.34705e-05 0.00164263 -0.00179778 0.00563139 6.44168e-06 1.78575e-06 0.001108 0.000136036 -0.00604916 -1.43931e-07 -1.37188e-08 -2.14323e-06 0.00048354 -3.27091e-05 -0.0229261 0.000238166 0.0121015 0.000664641 0.00118932 4.55275e-05 6.34673e-05 0.00906672 -0.00341401 0.00115478 
-8.31504e-11 -4.98242e-06 5.38339e-06 1.98058e-07 7.2431e-07 9.74841e-08 -4.08515e-06 4.27522e-06 -3.84894e-07 -3.20539e-06 -5.32808e-07 9.75983e-07 4.22714e-06 -2.35768e-10 -1.44672e-07 2.09559e-08 1.07959e-06 1.90935e-07 4.9161e-06 4.25055e-06 7.52486e-07 9.33453e-07 2.9349e-07 -5.67585e-06 5.94105e-07 -1.10275e-07 1.0994e-06 -2.72619e-10 -3.75402e-06 -6.1425e-07 3.93419e-06 4.77605e-07 1.12465e-05 -2.13788e-07 -4.11659e-06 1.13688e-06 -1.25925e-10 -2.41794e-08 -8.78177e-10 -5.45793e-09 -7.7686e-09 -3.55395e-11 1.03624e-06 -4.92912e-06 -1.38953e-09 -4.61781e-09 -1.04969e-11 -4.14433e-07 -1.55258e-08 7.8721e-07 -1.20523e-07 -4.30748e-06 -4.18686e-06 -2.13687e-12 -1.44062e-07 -7.0899e-08 -7.75812e-07 -7.25736e-09 2.74643e-06 2.05291e-06 -2.14246e-06 -1.4882e-06 3.21139e-06 -3.89107e-06 -7.6947e-08 1.34262e-06 -4.07032e-08 5.08885e-07 -1.71219e-09 -7.71934e-10 -2.65372e-07 1.03815e-06 -1.29773e-06 2.06686e-06 -1.15174e-08 -3.95971e-07 -1.9249e-08 8.7425e-08 -7.63832e-07 1.30356e-07 -1.50293e-10 -2.64822e-10 -1.59131e-08 1.01267e-07 -5.34514e-07 -8.21756e-11 -4.49867e-12 -7.02804e-10 -1.58363e-07 -1.3733e-08 -3.46837e-06 -3.0074e-09 1.35724e-07 -5.75658e-08 -7.72977e-08 -6.91633e-10 -4.64641e-09 -5.38787e-07 -2.70383e-07 -3.67618e-06 
