0.192854 -2.18944e-05 0.000529661 0 -0.000723067 -0.0147692 -3.74025e-08 -6.07684e-06 -0.00133376 1.24909e-07 -0.000381968 -0.00280893 -0.000103148 -8.33294e-07 -3.47931e-09 -2.98131e-07 -0.000587428 2.21788e-05 0.0010775 0.0040871 -0.025398 0.000141643 0.000271091 -0.186837 0.157963 -3.59517e-06 -0.000196916 0.00232653 -0.000139308 -0.173039 -0.16603 -1.29747e-05 -5.90888e-06 0.000689999 0.000630963 0.0260495 -0.00405035 -1.95276e-06 1.54772e-05 -0.00103924 0.00508363 -0.000841268 -8.71406e-08 1.07401e-05 -0.000178785 -1.49032e-06 -5.97492e-05 -0.126376 0 6.17335e-05 -3.80827e-05 -0.018495 -0.0059375 -0.000958624 -0.00444801 -5.70606e-07 -2.48959e-05 2.24179e-07 0.0854511 0.00209128 0.130943 -5.01705e-06 -0.00139872 -6.11057e-06 0.000281424 -0.00103315 -0.000190514 0.000137313 -0.00446951 0.00798647 0 7.69549e-05 0.000758684 0.00659378 -6.57006e-05 -3.64558e-05 -8.72069e-07 0.000765919 -3.32361e-06 -0.00448522 2.59818e-07 0.177183 -0.00011076 0.136486 1.07268e-06 8.21749e-05 -0.000766683 -1.12208e-07 -0.00344768 0.00210168 -0.00232636 -5.85754e-06 -0.0097758 0.000376323 3.98591e-06 -2.05187e-07 -0.000356423 -0.175493 -0.00415198 -0.000154692 
-2.18944e-05 8.38963e-05 -6.13515e-08 0 -1.76403e-07 -1.82535e-06 -1.20261e-11 -2.99926e-08 -6.55658e-07 -1.98571e-11 -1.23697e-07 -9.30595e-07 -4.56132e-08 -2.67931e-10 -1.11871e-12 -1.70883e-10 -2.02029e-07 -5.61006e-09 -7.41358e-08 -4.72842e-07 4.86295e-06 -2.62436e-08 -6.74456e-07 2.12304e-05 -1.81402e-05 -1.19562e-09 -7.25431e-08 3.10236e-07 2.47069e-06 2.14419e-05 1.46171e-05 -5.8352e-09 5.61565e-07 -4.50734e-07 -9.9732e-08 1.35771e-06 -1.31018e-06 -6.27877e-10 -1.89258e-09 -3.34156e-07 -3.71691e-06 6.35562e-07 -4.19517e-11 -1.9281e-09 3.62275e-08 -5.00623e-10 5.4122e-08 -1.09564e-05 0 -1.37937e-08 -1.7488e-08 3.89165e-06 2.65554e-07 -3.11793e-07 -1.4329e-06 -1.83469e-10 -1.24859e-08 -2.54507e-11 -1.09148e-05 1.8218e-06 -1.5325e-05 -1.80392e-09 2.01767e-06 -2.32272e-09 -3.2331e-08 8.57032e-07 -3.44416e-08 -2.35995e-08 -1.43943e-06 -3.83091e-06 0 -1.21674e-08 -1.07351e-07 -3.15858e-05 -2.11249e-08 -1.22876e-08 -9.04646e-09 -9.90753e-08 -1.06865e-09 6.89551e-07 -3.97142e-11 -2.02348e-05 1.06138e-07 -3.49371e-05 -8.54416e-10 -9.78481e-09 -2.49788e-07 -3.60784e-11 -1.14028e-07 -4.17241e-07 -7.50477e-07 -3.26384e-09 1.44746e-05 -5.03585e-08 -4.54029e-09 -1.22779e-10 -1.20428e-07 9.71621e-06 -8.39313e-07 -4.98115e-08 
0.000529661 -6.13515e-08 0.000730682 0 -2.06025e-06 -8.24668e-05 -1.04808e-10 5.57586e-05 0.000610329 -1.73055e-10 7.31979e-07 -6.42346e-06 -3.97519e-07 -2.33502e-09 -9.74956e-12 -1.48924e-09 -1.76068e-06 1.31778e-06 -3.45681e-06 0.000576119 -0.000644569 8.46795e-06 -7.86009e-07 -0.000535447 0.000491442 -1.04198e-08 -6.32212e-07 -0.000635906 -4.00712e-07 -0.000514434 -0.000478886 2.28915e-06 -1.31614e-07 -9.22171e-05 0.000570644 -3.51856e-05 -2.45156e-06 -5.47194e-09 -1.64938e-08 -2.91216e-06 3.40292e-06 -1.07556e-06 -3.65608e-10 8.39863e-07 -2.01476e-05 -4.36293e-09 -1.67427e-07 -0.000365635 0 -1.20212e-07 4.49093e-06 -0.000616371 -0.000633217 -5.10605e-07 -8.47768e-06 -1.59893e-09 -1.08815e-07 1.63112e-07 -0.000110378 -8.83156e-06 0.000586518 -1.57212e-08 -0.000634559 -2.02425e-08 0.000165665 -1.94198e-07 1.04812e-05 -2.05669e-07 1.16539e-06 -0.000608416 0 1.5284e-05 0.000600654 8.14334e-06 -1.84103e-07 -1.07087e-07 1.07827e-07 0.000610793 -9.31326e-09 -9.63785e-06 -3.46109e-10 0.000517324 -3.24153e-07 0.000388801 -7.44622e-09 1.89806e-06 2.71977e-06 -3.14423e-10 1.20964e-05 9.13809e-05 -8.3373e-07 -2.84443e-08 -2.51821e-05 -4.22207e-07 -3.95686e-08 -1.07001e-09 3.06714e-06 -0.000507216 -8.93075e-06 -4.34106e-07 
0 0 0 0 0 0 0 0 0 0 0 0 0 0 0 0 0 0 0 0 0 0 0 0 0 0 0 0 0 0 0 0 0 0 0 0 0 0 0 0 0 0 0 0 0 0 0 0 0 0 0 0 0 0 0 0 0 0 0 0 0 0 0 0 0 0 0 0 0 0 0 0 0 0 0 0 0 0 0 0 0 0 0 0 0 0 0 0 0 0 0 0 0 0 0 0 0 0 0 0 
-0.000723067 -1.76403e-07 -2.06025e-06 0 0.00280962 -0.000293963 -4.03851e-10 -5.87185e-07 -2.19677e-05 -6.66823e-10 5.19278e-06 -2.16904e-05 -9.25073e-07 -8.99742e-09 -3.75675e-11 -5.73844e-09 -5.51769e-06 -1.88392e-07 3.64482e-06 -1.53052e-05 0.000197695 -4.81287e-07 -2.42299e-05 0.000701396 -0.000596183 -4.01503e-08 -2.43607e-06 -0.00011601 -1.49738e-06 0.000671074 0.000945427 -1.95952e-07 2.49619e-06 5.07963e-05 -3.34911e-06 -0.000200622 -4.39973e-05 -2.10848e-08 -6.35548e-08 -1.12213e-05 2.78175e-05 1.00914e-05 -1.40878e-09 6.85857e-08 -1.30109e-07 5.65219e-08 -5.45137e-07 -0.00123129 0 -4.63207e-07 2.42735e-07 0.00010375 1.72711e-05 -1.04703e-05 -4.81182e-05 -6.16107e-09 7.54042e-07 -8.54661e-10 -0.000345001 -2.51913e-05 -0.000508956 -6.05776e-08 6.46777e-05 -3.79995e-08 -1.08571e-06 5.60663e-06 2.72902e-05 -5.69163e-07 -3.66009e-05 8.50518e-05 0 -1.8526e-07 -3.38163e-06 5.45798e-06 -7.09397e-07 3.1507e-06 5.12877e-07 -2.76039e-06 -3.58864e-08 -5.13941e-05 -1.33365e-09 -0.000668039 -1.24904e-06 -0.0012927 -1.86922e-08 -3.28584e-07 -6.81815e-06 -1.21155e-09 -4.01584e-05 -1.42358e-05 -1.49251e-05 -1.09603e-07 -3.96257e-05 -1.34109e-06 -1.52468e-07 -4.12303e-09 -1.06076e-06 0.000737383 -4.12895e-05 -1.67272e-06 
-0.0147692 -1.82535e-06 -8.24668e-05 0 -0.000293963 0.101712 -1.64716e-08 8.47606e-05 -0.000843369 -2.71973e-08 -0.000142755 -0.00120845 0.000305136 -3.66972e-07 1.18011e-08 1.35262e-06 -0.000244693 -5.08715e-06 0.00407642 -0.000373045 0.00339497 -2.70012e-05 -0.000953973 0.0173931 -0.0208459 -1.63758e-06 -8.8202e-05 0.0020079 -5.38459e-05 0.0211839 -0.00179664 5.47778e-05 5.42522e-05 -0.00383431 0.000203052 -0.00620931 -0.00163093 8.73362e-07 1.52178e-05 -0.00044925 -0.000549946 0.00247674 2.35874e-07 -1.66749e-06 3.02335e-07 1.65099e-06 0.000151854 -0.0519788 0 3.59574e-05 0.000145168 -0.00109462 0.000924555 -0.000422307 -0.00191061 1.75538e-06 -1.65614e-05 -3.48585e-08 -0.017864 -9.44013e-05 -0.00791894 -2.47074e-06 0.00210773 -5.67986e-07 -4.42822e-05 0.00243474 -3.56389e-05 -2.94297e-05 -0.00189334 0.00228176 0 -1.60684e-05 -0.00012693 -0.000116368 -2.89337e-05 7.91802e-05 -1.39048e-06 1.79048e-05 -1.46367e-06 -0.00204049 -5.43946e-08 -0.0179071 -2.54068e-06 -0.0176089 3.49975e-06 -1.19018e-05 -0.000303052 -4.94148e-08 -0.00155093 0.0021144 0.000697366 3.33863e-05 -0.00352211 7.17398e-05 -2.49194e-06 -1.68164e-07 0.000725726 0.0181695 -0.00196155 -4.64209e-05 
-3.74025e-08 -1.20261e-11 -1.04808e-10 0 -4.03851e-10 -1.64716e-08 1.43333e-07 -5.12369e-11 -1.12007e-09 -3.39222e-14 -2.11314e-10 -1.58975e-09 -7.79217e-11 -4.57711e-13 -1.91111e-15 -2.91922e-13 -3.45129e-10 -9.58374e-12 -7.0178e-10 -8.07764e-10 1.04201e-08 -4.48323e-11 -1.24329e-09 3.62682e-08 -3.09891e-08 -2.0425e-12 -1.23926e-10 3.02412e-09 -7.85476e-11 3.67492e-08 4.93254e-08 -9.96836e-12 -2.5799e-11 4.05884e-09 -1.70374e-10 -1.02595e-08 -2.2382e-09 -1.07261e-12 -3.23312e-12 -5.70843e-10 2.9265e-09 -5.25771e-10 -7.16667e-14 -3.2938e-12 6.1888e-11 -8.55222e-13 -3.2819e-11 -7.23638e-08 0 -2.3564e-11 -2.9875e-11 -1.35603e-07 1.15975e-09 -5.32641e-10 -2.44784e-09 -3.13422e-13 -2.13299e-11 -4.34778e-14 4.70719e-08 -2.49107e-09 -2.6328e-08 -3.08167e-12 3.80557e-09 -3.96794e-12 -5.52316e-11 -5.74509e-10 -1.2717e-10 -4.03154e-11 -2.459e-09 7.17906e-09 0 -2.07857e-11 -1.83389e-10 3.70283e-09 -3.6088e-11 -2.09912e-11 -1.54542e-11 -1.69252e-10 -1.82559e-12 -2.61449e-09 -6.78444e-14 -3.45674e-08 -6.35406e-11 6.21281e-09 -1.45961e-12 -1.67155e-11 -4.26717e-10 -6.16333e-14 -2.07394e-09 -7.35557e-10 -1.28205e-09 -5.57567e-12 -5.37333e-09 -8.60282e-11 -7.75624e-12 -2.09744e-13 -2.05729e-10 4.39086e-08 -2.47588e-09 -8.50937e-11 
-6.07684e-06 -2.99926e-08 5.57586e-05 0 -5.87185e-07 8.47606e-05 -5.12369e-11 0.000357339 7.48766e-05 -8.46004e-11 2.18299e-06 -3.96476e-06 -1.94333e-07 -1.14151e-09 -4.76622e-12 -7.2804e-10 2.6626e-06 -2.39014e-08 6.79793e-07 1.63621e-05 -0.000127803 -1.1181e-07 1.50262e-06 3.66455e-06 1.02446e-05 -5.0939e-09 -3.09067e-07 -9.80647e-05 2.41059e-08 -9.31559e-05 -0.000151475 6.68185e-05 -6.43416e-08 -1.04008e-05 0.000175592 -2.168e-05 -5.06531e-06 -2.67504e-09 -8.06326e-09 -1.42366e-06 -1.53014e-05 7.00688e-05 -1.78733e-10 -8.21458e-09 -1.10232e-06 6.112e-07 3.48175e-08 -5.01087e-05 0 1.21123e-06 7.55322e-05 -0.000185655 -7.07476e-05 -1.22838e-06 -6.0248e-06 -7.8166e-10 1.07347e-06 -1.08432e-10 -4.78049e-05 2.92041e-05 4.87793e-05 3.82314e-07 -0.000125239 2.53677e-06 1.26989e-05 8.05387e-06 4.61782e-08 -1.00545e-07 -2.80929e-06 -0.000170342 0 -5.18386e-08 5.6486e-05 -5.17987e-05 -9.00018e-08 2.84316e-07 -3.85421e-08 8.95212e-05 -4.55293e-09 -6.52041e-06 -1.69201e-10 -1.45894e-05 -1.45134e-07 2.85787e-06 -3.6402e-09 -4.16878e-08 -1.30878e-07 -1.53711e-10 -1.39565e-06 -1.06445e-06 9.95596e-06 -1.39055e-08 4.99858e-05 -2.1455e-07 -1.93437e-08 -5.23093e-10 2.11469e-05 -5.35639e-05 -6.11807e-06 -2.1222e-07 
-0.00133376 -6.55658e-07 0.000610329 0 -2.19677e-05 -0.000843369 -1.12007e-09 7.48766e-05 0.00775338 -1.84942e-09 0.00117754 0.00591832 -3.81824e-06 1.45171e-06 -1.04193e-10 -1.59154e-08 -1.67929e-05 8.10417e-06 -1.78273e-05 0.000556101 -0.000352398 8.65244e-06 2.70464e-05 0.00127254 -0.00096586 1.18253e-05 2.91036e-05 -0.0076302 2.98763e-06 -0.00454343 -0.00464078 3.16599e-05 -1.28988e-06 -0.00699845 0.000658918 0.000741829 0.00689341 1.00152e-06 -1.76268e-07 0.0018228 -0.00685972 2.1992e-05 -3.90722e-09 -1.46243e-07 -4.07392e-05 -4.66262e-08 2.30073e-06 -0.00393752 0 1.09086e-05 4.11712e-05 -0.00736193 -0.000651181 0.000965927 0.00687974 1.09579e-07 1.19338e-05 1.3763e-07 -0.00119039 -0.000114142 0.000494273 -9.80105e-08 -0.00758237 2.87034e-06 0.000246382 0.000288488 0.00036193 1.4362e-05 0.00692337 -0.00741391 0 4.56468e-05 0.000661548 -0.0068079 3.92092e-05 -1.14443e-06 -6.25887e-07 0.000641322 3.1138e-06 0.00681757 2.79634e-07 -0.00121971 -3.26419e-06 0.00406779 -6.95771e-08 -8.8132e-07 9.68723e-05 -3.36021e-09 0.0046421 7.50612e-05 0.00136389 -2.80649e-07 0.0067253 6.0598e-06 5.72713e-06 9.48565e-07 3.18138e-05 -0.0054131 0.0068417 3.62374e-05 
1.24909e-07 -1.98571e-11 -1.73055e-10 0 -6.66823e-10 -2.71973e-08 -3.39222e-14 -8.46004e-11 -1.84942e-09 2.36667e-07 -3.48914e-10 4.73751e-08 -1.28661e-10 -7.55756e-13 -3.15556e-15 -4.82011e-13 -5.69865e-10 -1.58243e-11 -1.15875e-09 -1.33375e-09 1.72052e-08 -7.40254e-11 -2.05288e-09 -1.26782e-07 1.35499e-07 -3.3725e-12 -2.04623e-10 -4.50067e-08 -1.29695e-10 -1.75988e-07 -1.05222e-07 -1.64594e-11 -4.25984e-11 -4.32982e-08 -2.81315e-10 3.30599e-08 4.63044e-08 -1.77106e-12 -5.33841e-12 -9.42555e-10 -4.51679e-08 -8.68134e-10 -1.18333e-13 -5.4386e-12 1.02187e-10 -1.41211e-12 -5.41896e-11 -1.19484e-07 0 -3.8908e-11 -4.93284e-11 -3.72363e-08 1.91494e-09 -8.79476e-10 4.59582e-08 -5.17511e-13 -3.52192e-11 -7.17889e-14 -3.7858e-08 -4.11316e-09 1.43195e-07 -5.08833e-12 -2.30383e-07 -6.55172e-12 -9.11963e-11 -9.48608e-10 -2.09978e-10 -6.65672e-11 4.59398e-08 -3.81462e-08 0 -3.43206e-11 -3.02806e-10 -4.3886e-08 -5.95871e-11 -3.46598e-11 -2.55174e-11 -2.79462e-10 -3.01434e-12 4.56831e-08 -1.12022e-13 1.2959e-07 -1.04916e-10 1.2584e-07 -2.41006e-12 -2.76001e-11 -7.04579e-10 -1.01767e-13 -3.42442e-09 -1.21452e-09 -2.11687e-09 -9.20633e-12 4.11278e-08 -1.42047e-10 -1.28068e-11 -3.46322e-13 -3.39692e-10 -1.64166e-07 4.59119e-08 -1.40503e-10 
-0.000381968 -1.23697e-07 7.31979e-07 0 5.19278e-06 -0.000142755 -2.11314e-10 2.18299e-06 0.00117754 -3.48914e-10 0.00147211 0.00133956 2.35152e-05 -4.70788e-09 -1.96571e-11 -3.00262e-09 -3.5499e-06 -5.52422e-08 -6.0383e-06 -6.30508e-06 -0.000152629 4.64554e-06 -8.77147e-06 0.000361477 -0.000315938 4.05658e-07 -1.27467e-06 -0.00138171 -2.17917e-07 -0.000299696 -0.000639527 2.09414e-06 -2.65361e-07 -0.00136626 7.34255e-07 -4.82194e-05 0.00129396 -1.10326e-08 -3.32549e-08 2.14651e-05 -0.00127815 -1.71255e-07 -7.37142e-10 -1.05457e-08 -2.07568e-05 1.90454e-06 2.34824e-05 -0.000714869 0 -1.23722e-08 4.39382e-07 -0.00131843 -1.18112e-06 9.44809e-06 0.0013465 -3.22377e-09 -2.09393e-07 -4.47199e-10 -0.000220138 -2.11891e-05 -0.000256428 -3.16971e-08 -0.0013532 1.48325e-05 -5.68095e-07 6.94841e-05 0.000155852 1.13087e-05 0.00136562 -0.00131813 0 1.3462e-06 2.1347e-05 -0.00135434 4.65477e-07 -2.15909e-07 1.23377e-05 1.35246e-06 7.88921e-09 0.00129651 -6.97827e-10 -0.0003376 -6.5356e-07 0.000632235 -1.50131e-08 -1.71931e-07 1.94543e-05 1.22699e-07 0.000238088 1.06609e-05 0.000218323 4.9265e-07 0.00134551 -8.78193e-07 1.12022e-06 -2.15737e-09 3.31039e-05 -0.000947869 0.00133333 3.02748e-05 
-0.00280893 -9.30595e-07 -6.42346e-06 0 -2.16904e-05 -0.00120845 -1.58975e-09 -3.96476e-06 0.00591832 4.73751e-08 0.00133956 0.0109683 0.00016766 1.97125e-06 -1.47884e-10 -1.59226e-08 -2.64398e-05 4.32507e-06 -4.37311e-05 -1.54756e-05 0.000306169 -3.46917e-06 6.4066e-05 0.00264402 -0.00236664 1.34519e-05 6.03404e-05 -0.0107381 1.8619e-06 -0.0070154 -0.00492911 -2.31362e-07 -1.74302e-06 -0.0106642 -1.2157e-05 0.00438131 0.0100719 2.00334e-07 -2.50182e-07 0.00200725 -0.0106671 -1.28914e-05 -5.54564e-09 -2.54878e-07 2.78896e-06 1.37049e-06 6.26304e-05 -0.00553143 0 -1.82341e-06 2.46491e-06 -0.00981606 7.68863e-05 0.00161411 0.010746 1.02414e-07 3.24695e-05 -3.36435e-09 -0.00171713 -0.000192062 0.00114496 -1.68463e-07 -0.0106742 -8.03769e-08 -4.14054e-06 0.000490841 0.000283286 4.42702e-06 0.010769 -0.0103875 0 -3.01754e-07 -1.41908e-05 -0.0106706 0.000168011 -1.57765e-06 -1.16586e-06 -7.47688e-06 2.18873e-06 0.0105618 -5.24987e-09 -0.00263054 -4.62017e-06 0.00572739 5.70538e-08 -1.29347e-06 0.000142004 -4.76925e-09 0.0064055 -5.63815e-05 0.00258311 -4.31451e-07 0.0101628 -5.99695e-06 -5.26853e-07 4.04364e-08 0.000481674 -0.00769187 0.0105018 4.08187e-05 
-0.000103148 -4.56132e-08 -3.97519e-07 0 -9.25073e-07 0.000305136 -7.79217e-11 -1.94333e-07 -3.81824e-06 -1.28661e-10 2.35152e-05 0.00016766 0.000543344 5.28264e-07 1.33261e-08 -1.10721e-09 -9.5902e-07 -3.63496e-08 0.000258218 -3.06372e-06 -0.000381548 -1.70042e-07 -3.93561e-06 8.57561e-05 -0.000102567 -7.74687e-09 -4.70033e-07 -0.000288553 -2.97918e-07 -8.89497e-05 -0.000195197 -3.78083e-08 -9.78516e-08 -0.000467869 2.55905e-05 0.000301481 0.000191964 -4.06824e-09 4.17737e-07 1.09582e-05 -0.000484304 0.000329116 -2.7182e-10 -1.24928e-08 -1.76527e-06 1.43342e-06 7.25955e-05 -0.000255538 0 9.09729e-06 3.81834e-05 -0.000476218 3.69876e-06 2.83164e-05 0.000156862 2.00548e-06 -8.09009e-08 -1.64904e-10 -8.65625e-05 -9.44822e-06 0.000121959 -1.16883e-08 -0.000270286 2.11617e-07 -2.09484e-07 0.000480038 1.1301e-05 1.83709e-06 0.0001812 -0.000458338 0 5.71163e-07 1.60443e-06 -0.000367682 6.60646e-06 -7.96161e-08 -5.86153e-08 4.12472e-06 -6.92416e-09 6.98837e-05 -2.57323e-10 -0.000125685 1.51233e-06 0.000164596 -5.53607e-09 -6.33993e-08 -6.95134e-07 -2.33765e-10 1.16872e-05 -2.29651e-06 0.000413941 6.88524e-08 6.32032e-05 -2.32958e-07 -2.94182e-08 -7.95527e-10 0.000457436 -0.000370752 -1.93396e-06 6.91725e-06 
-8.33294e-07 -2.67931e-10 -2.33502e-09 0 -8.99742e-09 -3.66972e-07 -4.57711e-13 -1.14151e-09 1.45171e-06 -7.55756e-13 -4.70788e-09 1.97125e-06 5.28264e-07 3.19332e-06 -4.25778e-14 -6.50376e-12 -7.68916e-09 -2.13517e-10 -1.5635e-08 -1.79962e-08 -7.81184e-07 4.82335e-07 -2.76994e-08 3.24689e-07 -2.07075e-07 -4.5505e-11 -2.76097e-09 -1.93929e-06 -1.74997e-09 -3.14596e-07 -3.77424e-08 -2.22086e-10 -5.74779e-10 -2.45291e-06 -3.79577e-09 3.01428e-07 1.9568e-06 -2.38968e-11 -7.2031e-11 -1.27179e-08 -1.94147e-06 -1.17137e-08 -1.59667e-12 -7.33828e-11 -4.81955e-07 -1.90536e-11 -7.31178e-10 -9.38866e-07 0 -5.24984e-10 -6.65586e-10 -2.31778e-06 2.58382e-08 -1.18667e-08 1.95213e-06 -6.98276e-12 -4.75211e-10 -9.68644e-13 -5.10817e-07 -5.54987e-08 -5.86562e-07 -6.86567e-11 -1.92188e-06 -8.84021e-11 -1.23051e-09 1.77053e-06 -2.83322e-09 4.82435e-07 1.95188e-06 -2.33006e-06 0 -4.63087e-10 4.79248e-07 -1.92417e-06 5.29196e-07 -4.67664e-10 -3.44305e-10 -3.77077e-09 -4.06724e-11 1.65085e-07 -1.51151e-12 -2.86796e-07 -1.41563e-09 2.04617e-07 -3.25188e-11 -3.72407e-10 -9.50685e-09 -1.37313e-12 1.77128e-07 4.66946e-07 1.48104e-07 -1.24221e-10 1.35695e-06 -1.91663e-09 -1.72802e-10 -4.67291e-12 5.25417e-07 -1.85842e-06 5.48173e-07 1.25144e-06 
-3.47931e-09 -1.11871e-12 -9.74956e-12 0 -3.75675e-11 1.18011e-08 -1.91111e-15 -4.76622e-12 -1.04193e-10 -3.15556e-15 -1.96571e-11 -1.47884e-10 1.33261e-08 -4.25778e-14 1.33333e-08 -2.71556e-14 -3.21051e-11 -8.91511e-13 1.32681e-08 -7.51408e-11 -1.2364e-08 -4.17044e-12 -1.15655e-10 3.37379e-09 -2.88271e-09 -1.9e-13 -1.1528e-11 2.81314e-10 -7.30676e-12 3.41853e-09 -8.74492e-09 -9.27289e-13 -2.39991e-12 -1.29558e-08 -1.58487e-11 -9.54371e-10 -2.08205e-10 -9.97778e-14 -3.00756e-13 -5.31017e-11 -1.30611e-08 1.32844e-08 -6.66667e-15 -3.064e-13 5.75702e-12 -7.95556e-14 -3.05293e-12 -6.73152e-09 0 -2.192e-12 -2.77907e-12 -1.26143e-08 1.07884e-10 -4.9548e-11 -2.27706e-10 -2.91556e-14 -1.98418e-12 -4.04444e-15 -2.13285e-09 -2.31727e-10 -2.44911e-09 -2.86667e-13 3.54007e-10 -3.69111e-13 -5.13782e-12 1.32799e-08 -1.18297e-11 -3.75027e-12 -2.28744e-10 -1.26655e-08 0 -1.93356e-12 -1.70595e-11 -1.29889e-08 -3.35702e-12 -1.95267e-12 -1.4376e-12 -1.57444e-11 -1.69822e-13 -2.43208e-10 -6.31111e-15 -3.21557e-09 -5.91076e-12 7.08956e-09 -1.35778e-13 -1.55493e-12 -3.96946e-11 -5.73333e-15 -1.92925e-10 -6.84239e-11 1.32141e-08 -5.18667e-13 -4.99844e-10 -8.00262e-12 -7.21511e-13 -1.95111e-14 1.33142e-08 -9.24881e-09 -2.30315e-10 -7.91569e-12 
-2.98131e-07 -1.70883e-10 -1.48924e-09 0 -5.73844e-09 1.35262e-06 -2.91922e-13 -7.2804e-10 -1.59154e-08 -4.82011e-13 -3.00262e-09 -1.59226e-08 -1.10721e-09 -6.50376e-12 -2.71556e-14 2.03666e-06 -4.90405e-09 -1.36178e-10 -9.97181e-09 -1.14778e-08 -8.52715e-08 -6.37035e-10 1.55667e-07 2.82013e-07 -4.40334e-07 -2.90225e-11 -1.76091e-09 3.6304e-08 -1.11611e-09 2.18021e-09 4.75463e-08 -1.41643e-10 -3.66586e-10 -2.92327e-07 -2.42089e-09 5.08864e-08 -3.18033e-08 -1.52411e-11 -4.59404e-11 -8.11128e-09 3.49169e-08 -7.47084e-09 -1.01833e-12 -4.68026e-11 8.79385e-10 -1.21521e-11 -4.66336e-10 -8.9824e-07 0 -3.34828e-10 -4.24502e-10 -7.33494e-07 1.64793e-08 -7.56845e-09 -2.81154e-08 -4.45351e-12 -3.03083e-10 -6.17789e-13 -3.25792e-07 1.97937e-07 -1.34102e-07 -4.37883e-11 -1.85926e-07 -5.63817e-11 -7.84802e-10 -8.16337e-09 -1.80699e-09 -5.72853e-10 -2.8274e-08 -3.46572e-08 0 -2.95351e-10 -2.60583e-09 4.59479e-08 -5.12785e-10 -2.9827e-10 -2.19593e-10 -2.40495e-09 -2.59403e-11 -3.04834e-08 -9.64022e-13 -4.91178e-07 -9.02868e-10 -5.30402e-07 -2.07401e-11 -2.37516e-10 -6.06335e-09 -8.75767e-13 -2.94693e-08 -1.04518e-08 -1.8217e-08 -7.92263e-11 1.43649e-07 -1.2224e-09 -1.10211e-10 -2.98032e-12 -2.92326e-09 3.83911e-07 -2.85139e-08 -1.20912e-09 
-0.000587428 -2.02029e-07 -1.76068e-06 0 -5.51769e-06 -0.000244693 -3.45129e-10 2.6626e-06 -1.67929e-05 -5.69865e-10 -3.5499e-06 -2.64398e-05 -9.5902e-07 -7.68916e-09 -3.21051e-11 -4.90405e-09 0.00240208 -8.43322e-08 -1.13327e-05 -1.35698e-05 0.000123835 -7.53145e-07 -1.1653e-05 0.000574719 -0.000519654 -3.43123e-08 -2.08186e-06 4.89694e-05 -3.16201e-07 0.000603265 0.000752889 2.71587e-06 -2.20069e-07 5.71351e-05 8.11987e-08 -0.000155454 -3.75466e-05 -1.8019e-08 -5.43137e-08 -9.58969e-06 4.89828e-05 -3.76918e-06 -1.20394e-09 -5.53331e-08 -3.037e-06 -1.4367e-08 -5.51332e-07 -0.000351332 0 -3.95855e-07 1.16479e-06 0.000116663 1.50396e-05 -8.74458e-06 -4.10717e-05 -5.26523e-09 1.59501e-06 -7.3039e-10 -0.000382286 -2.47979e-05 -0.000427761 -5.17694e-08 5.68337e-05 9.56675e-07 -9.27844e-07 -9.37127e-06 -1.84301e-06 -6.77264e-07 -4.13091e-05 0.000103562 0 -3.49183e-07 -3.08079e-06 -0.000173896 -6.06248e-07 -1.12634e-07 -2.59618e-07 -2.84329e-06 -3.06684e-08 -4.39212e-05 -1.13973e-09 -0.000572813 5.09257e-06 -0.00100861 -2.45202e-08 -2.30807e-07 -7.16848e-06 -1.03539e-09 -3.48405e-05 -1.04901e-05 -2.1534e-05 -9.36665e-08 -8.16007e-05 -1.4452e-06 5.56368e-07 -3.52353e-09 -3.45607e-06 3.93547e-05 -4.15928e-05 -1.4295e-06 
2.21788e-05 -5.61006e-09 1.31778e-06 0 -1.88392e-07 -5.08715e-06 -9.58374e-12 -2.39014e-08 8.10417e-06 -1.58243e-11 -5.52422e-08 4.32507e-06 -3.63496e-08 -2.13517e-10 -8.91511e-13 -1.36178e-10 -8.43322e-08 6.68589e-05 -3.27372e-07 1.04652e-06 -2.02125e-05 3.35753e-07 4.73351e-07 -2.31513e-05 -7.69939e-06 -9.52802e-10 -5.78103e-08 -2.37293e-05 -3.66416e-08 -4.13169e-05 -3.84003e-05 -4.65012e-09 -1.2035e-08 -2.08466e-05 1.29386e-06 4.15107e-05 1.66559e-05 -5.00361e-10 -1.50821e-09 1.8257e-05 -2.06582e-05 -1.01933e-07 -3.34317e-11 -1.53652e-09 -2.0678e-06 -3.98951e-10 -1.53097e-08 -3.25402e-05 0 3.45674e-07 3.09397e-07 -2.44973e-05 -1.92565e-06 2.41529e-07 2.09314e-05 -1.46208e-10 -9.95016e-09 -2.02819e-11 -1.17569e-06 -6.53886e-08 1.45916e-05 -1.43756e-09 -2.41114e-05 -1.851e-09 2.14757e-06 -1.48002e-07 -5.93232e-08 3.0786e-07 2.09262e-05 -2.60144e-05 0 5.70304e-07 1.75112e-06 -2.0896e-05 -1.68346e-08 -9.79214e-09 -7.2092e-09 1.28771e-06 -8.51616e-10 2.09504e-05 -3.16486e-11 2.10314e-05 -2.9641e-08 3.01057e-05 -6.80892e-10 -7.7976e-09 5.40094e-06 -2.87512e-11 1.22092e-05 1.13687e-06 1.76527e-06 -2.60098e-09 1.62701e-05 -4.01311e-08 -3.6182e-09 1.33235e-07 1.80697e-07 -4.07338e-05 2.12484e-05 2.23638e-07 
0.0010775 -7.41358e-08 -3.45681e-06 0 3.64482e-06 0.00407642 -7.0178e-10 6.79793e-07 -1.78273e-05 -1.15875e-09 -6.0383e-06 -4.37311e-05 0.000258218 -1.5635e-08 1.32681e-08 -9.97181e-09 -1.13327e-05 -3.27372e-07 0.00487217 -2.73625e-05 -0.00209608 1.77452e-05 -3.95265e-05 -0.000882764 0.000519136 -6.977e-08 -4.23322e-06 -9.5232e-05 -2.56645e-06 0.00097828 -0.00258119 -3.4051e-07 2.61787e-05 -0.00291403 4.49569e-05 0.000257875 6.48649e-05 1.13003e-06 1.89296e-05 -1.91428e-05 -0.00240096 0.00241879 1.44219e-07 -1.12513e-07 -1.91393e-05 -2.92136e-08 5.84323e-05 -0.00244965 0 5.42151e-05 5.16328e-05 -0.00240816 3.52262e-05 -1.32912e-05 -8.16027e-05 1.99596e-06 -7.28611e-07 -1.48516e-09 -0.000736414 2.84672e-05 0.0025763 -1.05267e-07 -1.98484e-05 -3.55415e-08 -1.88666e-06 0.0024163 -3.664e-06 1.21962e-05 -8.20939e-05 -0.00195398 0 -7.10022e-07 2.93789e-05 -0.00146887 -5.42734e-07 5.02363e-05 8.62098e-07 1.97385e-05 -6.23605e-08 -8.66786e-05 -2.31751e-09 -0.000555691 1.37095e-05 0.00197157 1.68681e-06 -5.70988e-07 -9.03627e-06 -2.10534e-09 -3.75674e-05 0.000135091 0.00147823 2.33795e-05 0.000252779 -1.91531e-06 -2.64946e-07 -7.16468e-09 0.000697136 -0.00338349 -8.25906e-05 -1.73391e-07 
0.0040871 -4.72842e-07 0.000576119 0 -1.53052e-05 -0.000373045 -8.07764e-10 1.63621e-05 0.000556101 -1.33375e-09 -6.30508e-06 -1.54756e-05 -3.06372e-06 -1.79962e-08 -7.51408e-11 -1.14778e-08 -1.35698e-05 1.04652e-06 -2.73625e-05 0.0056038 -0.00131575 1.45306e-05 -3.04536e-05 -0.00413123 0.000571758 -8.03067e-08 -4.78919e-06 -0.000792245 -3.08832e-06 -0.00408314 -0.00369292 -3.91934e-07 -9.34363e-07 -0.000209265 0.000450825 -0.000319928 -2.82814e-05 -4.21728e-08 -1.27119e-07 2.34567e-06 4.17438e-05 -1.63189e-05 -2.81778e-09 7.87161e-07 -4.66567e-05 -3.36255e-08 -1.29037e-06 -0.00282004 0 -9.26486e-07 1.08154e-05 -0.000546876 -0.00106179 -1.80756e-05 -3.58738e-05 1.14344e-07 -8.38646e-07 3.01624e-07 0.0018112 -6.34536e-05 0.00343257 -1.21165e-07 -0.001484 -1.56011e-07 0.000113982 -1.36951e-05 2.56966e-05 1.19482e-05 -2.02392e-05 -0.000361191 0 5.48894e-05 0.000517326 4.22072e-05 -1.30224e-06 -8.25328e-07 -3.94293e-07 0.000491499 -7.17782e-08 -4.39561e-05 1.90666e-07 0.00411547 -2.49828e-06 0.00299127 -5.73888e-08 2.67945e-06 -1.27809e-05 -2.42329e-09 -2.5883e-05 0.000218123 -4.56608e-05 -2.02557e-07 -0.000145884 -1.88244e-06 4.01708e-07 1.6842e-07 1.10145e-05 -0.00390711 -2.63864e-05 -6.057e-07 
-0.025398 4.86295e-06 -0.000644569 0 0.000197695 0.00339497 1.04201e-08 -0.000127803 -0.000352398 1.72052e-08 -0.000152629 0.000306169 -0.000381548 -7.81184e-07 -1.2364e-08 -8.52715e-08 0.000123835 -2.02125e-05 -0.00209608 -0.00131575 0.0674131 -0.000260788 -0.00101831 0.0254765 -0.015825 8.49281e-07 6.09184e-05 0.000171604 2.40524e-05 0.0198623 0.0178654 -8.39409e-06 1.09218e-05 0.000201604 -0.000859674 -0.0278552 0.000559432 1.90691e-07 -1.87968e-05 0.000263119 -0.000716931 -0.000179278 -6.98427e-09 -9.90606e-06 0.000326377 -1.3129e-06 1.59021e-07 0.00922623 0 -0.000136368 -2.53909e-05 0.00304173 0.00130676 0.000176457 0.000775908 -1.97437e-06 3.65116e-07 -2.81282e-07 -0.00340695 -0.00425906 -0.0301826 1.17301e-06 -0.000408034 -2.35108e-05 -0.000346037 -0.000253754 -0.00010846 -0.000254569 0.000770568 0.00105246 0 -0.000134051 -0.00117606 -0.00112956 -6.61964e-06 1.06466e-05 -3.6915e-05 -0.000832249 8.55932e-07 0.000827729 -1.58923e-07 -0.0204682 2.22509e-05 -0.0382649 1.00309e-07 -7.68612e-07 0.000162526 -9.20731e-08 0.000310422 -0.000747918 3.08212e-05 1.03796e-06 0.00209325 -1.33683e-06 -8.3494e-06 -7.02851e-08 -0.000390239 0.022817 0.000949782 5.52584e-06 
0.000141643 -2.62436e-08 8.46795e-06 0 -4.81287e-07 -2.70012e-05 -4.48323e-11 -1.1181e-07 8.65244e-06 -7.40254e-11 4.64554e-06 -3.46917e-06 -1.70042e-07 4.82335e-07 -4.17044e-12 -6.37035e-10 -7.53145e-07 3.35753e-07 1.77452e-05 1.45306e-05 -0.000260788 0.000312685 -1.19979e-06 -0.000188239 0.000184255 -4.45716e-09 -2.70434e-07 -3.15107e-05 -1.71407e-07 6.17644e-05 -0.000173355 -2.1753e-08 -5.62989e-08 -0.000259276 -3.11791e-07 -1.81684e-05 -4.88423e-06 -2.34066e-09 9.36278e-07 -1.2457e-06 3.44957e-06 1.0496e-05 -1.56392e-10 -7.18776e-09 -0.000266975 -1.86627e-09 -7.1618e-08 -6.77631e-05 0 9.46619e-05 3.8814e-07 -0.000254355 -6.68258e-05 -1.16233e-06 -5.3417e-06 -6.83953e-10 -4.65463e-08 -9.48776e-11 -4.59672e-05 1.3414e-05 -9.16979e-06 -6.72484e-09 -3.96545e-06 1.06647e-05 6.23281e-06 2.48297e-06 -2.77511e-07 0.000250159 -5.36605e-06 -0.000255727 0 9.45946e-05 0.000265696 3.63034e-06 -7.87515e-08 2.35753e-06 3.08863e-05 4.38399e-06 -3.98382e-09 -5.70536e-06 -1.48051e-10 0.000197447 -1.38659e-07 0.000125506 -3.18518e-09 5.46857e-07 -9.31185e-07 -1.34497e-10 -3.01244e-06 0.000268502 -3.9437e-07 -1.21673e-08 -9.96239e-06 1.28935e-07 -1.69257e-08 -4.57706e-10 -4.48943e-07 -0.000160926 -5.4029e-06 -1.85692e-07 
0.000271091 -6.74456e-07 -7.86009e-07 0 -2.42299e-05 -0.000953973 -1.24329e-09 1.50262e-06 2.70464e-05 -2.05288e-09 -8.77147e-06 6.4066e-05 -3.93561e-06 -2.76994e-08 -1.15655e-10 1.55667e-07 -1.1653e-05 4.73351e-07 -3.95265e-05 -3.04536e-05 -0.00101831 -1.19979e-06 0.0085989 -0.000293491 -0.00161383 -5.02732e-08 0.00036662 -0.000858545 7.43985e-06 -0.00067878 -0.0056603 -6.03258e-07 4.09205e-06 -0.0006632 6.69295e-05 -0.000457523 7.51267e-05 1.38176e-06 -1.9566e-07 -2.96925e-05 -0.000729863 -3.08616e-05 1.65663e-07 -1.93317e-08 -4.06747e-05 -5.17557e-08 -1.88612e-06 0.00288147 0 1.13173e-05 -1.80795e-06 0.000138234 -0.000124872 0.000639953 0.000582663 -1.89675e-08 -8.50828e-07 -2.63116e-09 -0.00129434 0.0019982 0.000598867 -1.86494e-07 -0.00158497 3.07987e-06 7.28209e-05 6.67023e-05 -7.69596e-06 1.70689e-06 0.000716365 -0.00469469 0 -8.74562e-07 0.000167062 -0.000774732 8.19605e-06 1.26301e-06 -2.18579e-07 -6.95599e-06 -8.3813e-08 0.000781422 1.85894e-07 -0.0020019 2.78029e-07 0.0045098 -8.83317e-08 1.81176e-06 -2.15837e-05 4.2627e-07 0.000892357 -1.59006e-05 0.0003312 -3.37424e-07 0.000315488 -4.75286e-06 4.46806e-05 -1.26932e-08 -2.76014e-06 -0.00128146 0.000728823 -5.14963e-06 
-0.186837 2.12304e-05 -0.000535447 0 0.000701396 0.0173931 3.62682e-08 3.66455e-06 0.00127254 -1.26782e-07 0.000361477 0.00264402 8.57561e-05 3.24689e-07 3.37379e-09 2.82013e-07 0.000574719 -2.31513e-05 -0.000882764 -0.00413123 0.0254765 -0.000188239 -0.000293491 0.189008 -0.159687 3.4824e-06 0.000197194 -0.00210102 0.000135574 0.174495 0.161121 1.24243e-05 1.06444e-05 -0.000565343 -0.00063756 -0.0260298 0.00385502 1.89354e-06 -1.36791e-05 0.000998537 -0.00490983 0.000836048 -3.01497e-08 -1.07786e-05 0.000214542 1.46977e-06 5.79372e-05 0.123547 0 -7.25612e-05 3.64332e-05 0.0189022 0.00599748 0.000903759 0.00423108 5.53301e-07 2.35215e-05 -2.2658e-07 -0.0863605 -0.00177659 -0.131855 3.8069e-06 0.00157847 1.14907e-08 -0.00028403 0.000982895 0.000177163 -0.000183686 0.00425029 -0.0090655 0 -0.000107303 -0.00081057 -0.006307 4.09881e-05 3.69368e-05 -3.16121e-06 -0.000773547 3.22281e-06 0.00426448 -2.63564e-07 -0.178772 0.000107252 -0.134033 -1.02327e-06 -8.30978e-05 0.000739506 1.08805e-07 0.0033993 -0.00210878 0.00220221 5.54969e-06 0.00942605 -0.00036826 -4.41415e-06 1.93606e-07 0.000286924 0.175084 0.00395311 0.000149994 
0.157963 -1.81402e-05 0.000491442 0 -0.000596183 -0.0208459 -3.09891e-08 1.02446e-05 -0.00096586 1.35499e-07 -0.000315938 -0.00236664 -0.000102567 -2.07075e-07 -2.88271e-09 -4.40334e-07 -0.000519654 -7.69939e-06 0.000519136 0.000571758 -0.015825 0.000184255 -0.00161383 -0.159687 0.169459 -3.08089e-06 -0.000184983 0.00126549 -0.000118481 -0.153854 -0.141208 -9.86287e-06 -7.21178e-06 -8.7822e-05 0.000634163 0.0136285 -0.00325983 -1.61792e-06 -4.87015e-06 -0.00085269 0.00251453 0.00085731 3.55232e-07 -2.97835e-06 -0.000212782 -1.27335e-06 -4.9504e-05 -0.108908 0 0.000106356 -2.71265e-05 -0.0212112 -0.00619954 -0.000715948 -0.00355267 -3.66097e-07 -2.93339e-05 2.37752e-07 0.0759882 -0.000130958 0.107542 -3.64503e-06 -0.00209381 -2.03522e-06 0.000298296 0.000688767 -0.000182715 0.000185689 -0.00355876 0.00574376 0 0.00010357 0.000857853 0.00434742 -5.43282e-05 -2.88563e-05 3.56231e-06 0.000824898 -2.75371e-06 -0.00377989 9.09972e-08 0.159012 -9.48576e-05 0.114711 -1.82833e-06 7.77664e-05 -0.000565987 -9.29673e-08 -0.00292532 0.00038417 -0.000775787 -1.62363e-06 -0.00808313 0.000360039 -3.05947e-06 -1.39711e-07 -0.000196977 -0.149942 -0.00341017 -0.000128355 
-3.59517e-06 -1.19562e-09 -1.04198e-08 0 -4.01503e-08 -1.63758e-06 -2.0425e-12 -5.0939e-09 1.18253e-05 -3.3725e-12 4.05658e-07 1.34519e-05 -7.74687e-09 -4.5505e-11 -1.9e-13 -2.90225e-11 -3.43123e-08 -9.52802e-10 -6.977e-08 -8.03067e-08 8.49281e-07 -4.45716e-09 -5.02732e-08 3.4824e-06 -3.08089e-06 1.42498e-05 7.43461e-08 -1.33993e-05 -7.8091e-09 -7.80311e-06 -8.23614e-06 -9.9104e-10 -2.56491e-09 -1.34331e-05 -1.69383e-08 1.86002e-06 1.30408e-05 -1.06638e-10 -3.21432e-10 -5.67524e-08 -1.33357e-05 -5.22714e-08 -7.125e-12 -3.27465e-10 -6.71805e-08 -8.5025e-11 -3.26282e-09 -6.97431e-06 0 7.09906e-08 -2.97013e-09 -1.29282e-05 -5.80322e-08 -5.29544e-08 1.33833e-05 -3.116e-11 -2.12059e-09 -4.3225e-12 -2.16948e-06 -2.47659e-07 -2.50082e-06 -3.06375e-10 -1.35217e-05 7.29388e-08 -5.49105e-09 -5.71169e-08 -1.2643e-08 6.93252e-08 1.33822e-05 -1.30429e-05 0 -2.06649e-09 5.5101e-08 -1.33285e-05 -3.58782e-09 -2.08691e-09 -1.53644e-09 -1.68268e-08 -1.81497e-10 1.33667e-05 -6.745e-12 -3.42997e-06 -6.31712e-09 7.28364e-06 -1.45112e-10 -1.66183e-09 1.14243e-07 -6.1275e-12 9.33714e-06 2.05278e-10 7.9207e-08 -5.54325e-10 1.31025e-05 -8.5528e-09 -7.71115e-10 -2.08525e-11 -2.04533e-08 -9.40133e-06 1.30872e-05 1.9154e-07 
-0.000196916 -7.25431e-08 -6.32212e-07 0 -2.43607e-06 -8.8202e-05 -1.23926e-10 -3.09067e-07 2.91036e-05 -2.04623e-10 -1.27467e-06 6.03404e-05 -4.70033e-07 -2.76097e-09 -1.1528e-11 -1.76091e-09 -2.08186e-06 -5.78103e-08 -4.23322e-06 -4.78919e-06 6.09184e-05 -2.70434e-07 0.00036662 0.000197194 -0.000184983 7.43461e-08 0.000863856 -0.000804625 -3.90475e-07 -0.000633718 -0.000542453 -6.01303e-08 2.75438e-06 -0.000803543 -1.02771e-06 0.000397274 0.000175096 1.7402e-06 -1.95026e-08 0.00011061 -0.000815614 -3.17151e-06 -4.32302e-10 -1.98686e-08 -2.62668e-06 5.91508e-07 -1.97968e-07 -0.000216237 0 -1.42141e-07 5.89791e-07 -0.000297758 -2.01276e-05 0.00035896 0.000768804 -1.8906e-09 -1.28665e-07 -2.62263e-10 -0.000138068 2.01636e-05 -0.000135113 5.21411e-07 -0.000838261 -2.39351e-08 -3.33163e-07 2.00783e-06 -7.60435e-07 -2.43187e-07 0.000800517 -0.000790082 0 -1.25382e-07 -1.10623e-06 -0.000809357 4.13565e-06 -1.26621e-07 -9.32215e-08 -1.02095e-06 2.92321e-07 0.000816376 -4.09246e-10 -0.000208301 -3.76618e-07 0.000448658 -8.80454e-09 -1.0083e-07 9.12693e-05 -3.71779e-10 0.000783846 -4.43697e-06 0.00039253 -3.36331e-08 0.000580977 8.31068e-07 5.33213e-07 -1.2652e-09 -1.24098e-06 -0.000595678 0.000816819 -5.13295e-07 
0.00232653 3.10236e-07 -0.000635906 0 -0.00011601 0.0020079 3.02412e-09 -9.80647e-05 -0.0076302 -4.50067e-08 -0.00138171 -0.0107381 -0.000288553 -1.93929e-06 2.81314e-10 3.6304e-08 4.89694e-05 -2.37293e-05 -9.5232e-05 -0.000792245 0.000171604 -3.15107e-05 -0.000858545 -0.00210102 0.00126549 -1.33993e-05 -0.000804625 0.0206534 5.82128e-07 0.0134845 0.0109959 -2.95293e-05 -1.24124e-05 0.0169705 -0.000778938 -0.00853909 -0.0151795 -2.30545e-06 -1.97409e-06 -0.003896 0.0168684 -0.0003079 -6.94507e-08 3.71511e-07 8.15835e-05 -2.66078e-06 -7.55691e-05 0.00956973 0 -6.64481e-05 -0.000101762 0.0159882 0.000866605 -0.00356903 -0.016557 -2.14053e-06 -4.23769e-05 -2.96933e-07 0.00110036 0.000105426 -0.00266991 -1.91764e-05 0.0178319 -2.02493e-05 -0.000356667 -0.000800123 -0.000522717 -4.41423e-05 -0.016756 0.0173123 0 -6.95837e-05 -0.000920789 0.016556 -0.000245438 -4.62012e-06 -6.88849e-06 -0.00082906 -1.24679e-05 -0.0165146 -2.73347e-07 0.00204425 8.99978e-06 -0.0107575 1.14853e-07 -8.32862e-05 -0.00290259 -1.14261e-07 -0.0122983 -0.0001635 -0.0069875 8.20732e-07 -0.0153782 -0.0001157 -9.97162e-06 -1.12913e-06 -0.0006221 0.0141898 -0.0165192 -4.29076e-05 
-0.000139308 2.47069e-06 -4.00712e-07 0 -1.49738e-06 -5.38459e-05 -7.85476e-11 2.41059e-08 2.98763e-06 -1.29695e-10 -2.17917e-07 1.8619e-06 -2.97918e-07 -1.74997e-09 -7.30676e-12 -1.11611e-09 -3.16201e-07 -3.66416e-08 -2.56645e-06 -3.08832e-06 2.40524e-05 -1.71407e-07 7.43985e-06 0.000135574 -0.000118481 -7.8091e-09 -3.90475e-07 5.82128e-07 0.000547706 0.00014015 0.000115529 -3.8112e-08 3.31362e-07 6.90151e-06 -6.5139e-07 -3.60251e-05 -1.28733e-06 -4.10092e-09 2.74305e-07 -2.18251e-06 2.29557e-06 -2.01018e-06 -2.74003e-10 -1.25932e-08 -4.26717e-07 -3.26977e-09 -1.25477e-07 0.000171158 0 -9.00923e-08 -1.14221e-07 1.40912e-05 4.18742e-06 -1.36645e-06 -1.80883e-06 -1.19831e-09 3.75116e-07 -1.66229e-10 -8.3891e-05 -7.79745e-06 -0.000100463 -1.17821e-08 -1.90802e-05 -1.51707e-08 -2.11167e-07 -1.18319e-06 1.53792e-07 -1.54138e-07 -2.13149e-06 1.93044e-05 0 -7.94701e-08 -7.01153e-07 -0.00025949 -1.37975e-07 -8.02556e-08 -5.90861e-08 -6.47101e-07 -6.97978e-09 -2.03265e-06 -2.5939e-10 -0.000130998 9.91373e-06 -0.000207175 -5.58053e-09 -6.39085e-08 -1.63147e-06 -2.35643e-10 -7.10931e-06 -2.81226e-06 -4.10833e-06 -2.13175e-08 9.33528e-05 -3.28912e-07 -6.32113e-09 -8.01916e-10 -7.86563e-07 -0.000103631 -3.81938e-06 6.73133e-06 
-0.173039 2.14419e-05 -0.000514434 0 0.000671074 0.0211839 3.67492e-08 -9.31559e-05 -0.00454343 -1.75988e-07 -0.000299696 -0.0070154 -8.89497e-05 -3.14596e-07 3.41853e-09 2.18021e-09 0.000603265 -4.13169e-05 0.00097828 -0.00408314 0.0198623 6.17644e-05 -0.00067878 0.174495 -0.153854 -7.80311e-06 -0.000633718 0.0134845 0.00014015 0.190654 0.161477 -4.99356e-05 -6.11576e-07 0.0118324 -0.000758152 -0.0327981 -0.0102109 -1.41468e-06 -9.13337e-06 -0.00294557 0.0107808 0.000808477 -3.71805e-07 -1.29082e-05 -7.71997e-05 -2.04688e-06 1.67989e-05 0.125909 0 2.84171e-05 -8.15707e-05 0.0310446 0.00580711 -0.00274202 -0.0112931 -7.76028e-07 -2.11958e-05 2.11049e-08 -0.0860454 -0.00165584 -0.125894 -1.4321e-05 0.0173437 4.07772e-06 -0.000270324 0.000343622 -0.000345587 6.21847e-05 -0.0114662 0.00603411 0 1.50608e-05 -0.000409683 0.00931732 -0.000177744 3.68583e-05 2.33573e-05 -0.000575225 -8.46112e-06 -0.0112902 -3.51976e-07 -0.168494 0.000110483 -0.135096 3.0901e-08 -7.84432e-05 -0.00213373 1.10248e-07 -0.00909534 0.000565739 -0.00466791 5.04022e-06 -0.00512294 -0.000420822 -4.8259e-06 -2.14817e-07 -0.000138293 0.177023 -0.0115471 0.000107003 
-0.16603 1.46171e-05 -0.000478886 0 0.000945427 -0.00179664 4.93254e-08 -0.000151475 -0.00464078 -1.05222e-07 -0.000639527 -0.00492911 -0.000195197 -3.77424e-08 -8.74492e-09 4.75463e-08 0.000752889 -3.84003e-05 -0.00258119 -0.00369292 0.0178654 -0.000173355 -0.0056603 0.161121 -0.141208 -8.23614e-06 -0.000542453 0.0109959 0.000115529 0.161477 0.225705 -4.41835e-05 -4.64888e-05 0.0143587 -0.000739638 -0.0274433 -0.00847393 -1.60809e-06 -1.34109e-05 -0.00257741 0.0100664 -0.00093219 -3.27935e-07 -1.34854e-06 0.000247559 -4.8002e-07 7.50623e-05 0.121318 0 -0.000105815 -9.77928e-05 0.0309731 0.00499549 -0.00243595 -0.00887746 -1.2875e-06 -8.14209e-06 -1.98947e-07 -0.07136 -0.00308142 -0.11416 -1.22312e-05 0.0150515 -1.58633e-05 -0.000237794 -0.000991221 -0.000254027 -0.000182366 -0.00896753 0.0126321 0 -9.46286e-05 -0.000833088 0.00747145 -5.98459e-05 5.78462e-06 -2.86792e-05 -0.000743171 -8.09692e-06 -0.0095064 -3.10445e-07 -0.156404 0.000117679 -0.177151 -1.1756e-06 -7.21608e-05 -0.0019438 -2.82024e-07 -0.00925972 -0.00329537 -0.00538554 3.88335e-06 -0.000904272 -0.000392064 -3.36613e-05 -9.59755e-07 -0.000470217 0.162997 -0.0090796 0.000192592 
-1.29747e-05 -5.8352e-09 2.28915e-06 0 -1.95952e-07 5.47778e-05 -9.96836e-12 6.68185e-05 3.16599e-05 -1.64594e-11 2.09414e-06 -2.31362e-07 -3.78083e-08 -2.22086e-10 -9.27289e-13 -1.41643e-10 2.71587e-06 -4.65012e-09 -3.4051e-07 -3.91934e-07 -8.39409e-06 -2.1753e-08 -6.03258e-07 1.24243e-05 -9.86287e-06 -9.9104e-10 -6.01303e-08 -2.95293e-05 -3.8112e-08 -4.99356e-05 -4.41835e-05 6.95418e-05 -1.25179e-08 -1.30173e-05 6.81707e-05 -4.04467e-06 -8.29331e-07 -5.20441e-10 -1.56874e-09 -2.76978e-07 -1.42434e-05 3.37749e-05 -3.47733e-11 -1.59818e-09 3.00286e-08 4.76252e-07 -1.59241e-08 -3.51083e-05 0 1.25857e-06 5.29122e-05 -6.49726e-05 -4.61061e-06 -2.58442e-07 -6.47714e-07 -1.52075e-10 -1.03495e-08 -2.10958e-11 -1.07516e-05 -9.6869e-07 1.14354e-05 -1.49525e-09 -5.73068e-05 2.54474e-06 3.3232e-06 2.85791e-06 -6.17039e-08 -1.95614e-08 2.48687e-06 -4.02567e-05 0 -1.00854e-08 4.66768e-06 -5.54669e-06 -1.75102e-08 -1.01851e-08 -7.49852e-09 1.59612e-05 -8.85793e-10 -1.01191e-06 -3.29188e-11 -1.47891e-05 -3.08305e-08 -2.71375e-05 -7.08217e-10 -8.11053e-09 -2.07047e-07 -2.99051e-11 -6.92963e-07 -3.56899e-07 -4.72063e-07 -2.70537e-09 2.32695e-05 -4.17417e-08 -3.7634e-09 -1.0177e-10 1.16018e-06 -1.13685e-05 -6.61322e-07 -4.12882e-08 
-5.90888e-06 5.61565e-07 -1.31614e-07 0 2.49619e-06 5.42522e-05 -2.5799e-11 -6.43416e-08 -1.28988e-06 -4.25984e-11 -2.65361e-07 -1.74302e-06 -9.78516e-08 -5.74779e-10 -2.39991e-12 -3.66586e-10 -2.20069e-07 -1.2035e-08 2.61787e-05 -9.34363e-07 1.09218e-05 -5.62989e-08 4.09205e-06 1.06444e-05 -7.21178e-06 -2.56491e-09 2.75438e-06 -1.24124e-05 3.31362e-07 -6.11576e-07 -4.64888e-05 -1.25179e-08 0.000179961 -2.9733e-05 -2.1395e-07 -1.24802e-05 -1.44066e-06 -1.34695e-09 -4.06005e-09 -7.16846e-07 -2.80583e-05 3.19131e-05 -8.99967e-11 -4.13625e-09 -1.12283e-07 -1.07396e-09 -4.12131e-08 -8.93955e-05 0 1.63742e-07 -3.7516e-08 -1.75795e-05 1.11971e-06 5.71127e-07 -1.58725e-06 -3.93585e-10 -2.67854e-08 -5.4598e-11 -1.0389e-05 3.46118e-05 -1.03485e-05 -3.86986e-09 -1.15111e-05 -4.98282e-09 -6.9358e-08 2.06852e-05 -1.59695e-07 -5.06267e-08 -1.6946e-06 -2.05714e-05 0 -2.6102e-08 -2.30294e-07 -3.99011e-06 -4.53181e-08 3.03066e-08 -1.94069e-08 -2.12541e-07 -2.29252e-09 -1.66319e-06 -8.51968e-11 -1.51786e-05 -7.97922e-08 -3.31711e-05 -1.83293e-09 1.56901e-06 1.17748e-06 -7.73971e-11 -2.03772e-06 -4.17022e-07 1.12004e-06 -7.00174e-09 -3.41432e-06 1.73864e-06 -9.74004e-09 -2.6339e-10 6.94986e-07 -1.9861e-05 6.58753e-06 -1.06858e-07 
