0.0283749 0.0073964 0.000595364 -0.00418951 0.00146859 -7.98555e-06 1.70925e-06 5.84716e-07 9.25457e-06 -0.000682898 0.000166643 -7.00553e-08 -0.00483438 -0.0122105 4.89363e-05 0.0187663 3.59058e-05 -1.10592e-05 0.0174963 -0.000138958 0.0217446 0.00404182 9.87944e-07 -0.0179487 -1.04974e-05 -0.000168223 -4.62305e-05 -8.4878e-05 -0.0192107 1.69243e-06 -0.00835863 -1.39629e-06 0.00361153 -0.000103088 -0.0246535 0 -4.77411e-09 3.21182e-05 0.000306322 -3.32609e-05 -3.63522e-05 -0.000737181 -8.71031e-08 -0.00136989 -1.18281e-07 -0.000176192 -7.69703e-08 0.00066399 1.81841e-05 -3.29163e-06 -0.0165498 6.42676e-05 0.000204745 1.02756e-06 -0.00303394 9.10901e-05 6.62675e-07 0.016307 0.000713604 -3.11778e-09 1.62013e-06 7.65503e-06 0.00241494 -2.11892e-06 -6.46872e-06 -0.0101958 0.000552021 2.69227e-06 -1.18703e-05 1.63297e-06 0.0155169 2.16749e-07 -2.947e-05 3.82836e-06 -0.00180921 4.56936e-06 -7.645e-07 -0.0208628 -1.93967e-05 0.00386401 0.000811434 1.10837e-06 0 -1.8921e-07 0.00019813 0.000852607 0.000518572 -1.40495e-07 -1.22568e-07 0 -1.79354e-06 0 7.60053e-08 -8.32089e-06 0.00059883 5.74242e-05 0.00354169 -1.91725e-06 2.18405e-05 -0.00358457 
0.0073964 0.119627 -0.00109605 -0.0081854 0.00118323 6.04638e-06 -3.99651e-07 2.46575e-06 -8.77243e-05 -0.00427392 -0.000833824 -5.54788e-07 -0.0535512 -0.0168882 0.000110375 -0.00458482 -5.86578e-06 -0.000357126 0.00163231 0.00266856 0.000269747 -0.00391306 -1.70351e-06 0.0167155 -2.70256e-05 -0.00100055 -0.00023416 -0.000510741 -0.0164379 -8.75713e-07 -0.00557564 -4.81819e-06 0.00195087 -8.14949e-05 -0.00123649 0 4.3975e-08 -3.93062e-06 0.00988944 -2.05826e-05 -0.000132094 -0.000211212 -2.4734e-07 -0.00654646 -5.62198e-07 0.00568833 -3.65845e-07 -0.00140676 -3.96089e-06 -2.31552e-05 -0.073637 3.75138e-05 -3.57181e-05 -1.38706e-06 0.0097698 -0.00421691 2.03335e-07 0.00450502 0.00257982 -1.4819e-08 -6.16596e-06 7.90967e-05 0.000521036 -1.00614e-05 -2.77629e-05 0.00768264 0.000453623 7.61371e-07 5.9207e-05 -8.41444e-07 -0.000677633 2.70191e-08 0.0007673 -1.74678e-06 -0.0106421 -4.91413e-07 1.41596e-06 -0.0432937 -9.56951e-05 -0.000914118 -0.00111614 -2.8688e-06 0 -7.95998e-07 -0.000454343 -0.000237715 0.00235686 -6.67783e-07 -5.82574e-07 0 -1.58773e-05 0 -1.89869e-08 -3.49991e-05 -8.69514e-05 3.64164e-05 0.0186304 -8.5831e-06 -3.26399e-05 0.0481704 
0.000595364 -0.00109605 0.0187039 0.000323556 6.2677e-07 -7.7537e-07 -5.48507e-08 -1.32522e-07 4.23287e-06 0.00436796 -8.99229e-05 -7.61426e-08 -0.00122666 -0.00433451 -1.06117e-05 0.000427802 -1.53648e-06 -3.46936e-05 -0.000475008 0.00012879 -0.000157973 0.00309378 5.64608e-06 -0.00404992 -7.20802e-06 -0.000136229 -3.21803e-05 0.00176151 -0.00337872 1.33145e-07 -0.000525151 -3.49593e-06 0.000200866 -6.92021e-05 -0.00415658 0 -3.11435e-09 -6.55666e-07 0.000131083 -2.86361e-06 0.000498296 -0.00180872 -5.6821e-08 0.000693415 6.6284e-07 -0.000452353 -5.02109e-08 0.00364878 -1.0871e-06 -3.17797e-06 0.00169679 -1.35281e-06 -5.49854e-06 1.85584e-07 -0.00269351 -0.000558037 -4.39187e-08 -8.93047e-05 -0.00015365 -2.03386e-09 -8.63183e-07 -1.2549e-05 3.09882e-05 -1.0256e-06 -3.71648e-06 0.00105494 -4.23758e-06 1.90453e-07 1.43114e-05 8.87848e-07 -0.00137315 -8.6439e-09 -1.13252e-05 -3.20714e-07 -0.00128726 3.43739e-07 -1.13362e-07 -0.00235476 -1.40533e-05 0.000261382 -0.000161825 1.66602e-08 0 -1.34299e-08 -6.22739e-05 -2.73391e-05 0.000311764 1.01683e-07 4.73377e-07 0 -2.0451e-06 0 -2.60588e-09 -2.44999e-06 -3.39186e-05 2.03541e-06 -0.00401319 3.64175e-06 0.000106802 -0.00314776 
-0.00418951 -0.0081854 0.000323556 0.0467834 -0.0013427 2.73326e-05 -2.54846e-06 -6.0189e-06 8.15111e-05 -0.0046429 -0.00359487 1.59823e-07 0.0240692 -0.0108438 -9.60227e-05 0.00352768 -3.66955e-05 -0.0016292 0.000145887 -0.000205768 0.000599028 -0.00127572 -4.33049e-07 -0.00643663 -7.59747e-05 0.000180606 8.14261e-05 8.71797e-05 -0.00107187 -4.43318e-06 0.007171 -0.000153851 -0.00380825 1.34347e-05 0.00225615 0 8.03673e-09 -3.0998e-05 -0.000189045 3.35025e-05 -0.000354894 0.00675275 -9.33707e-08 0.00228043 -2.74219e-07 -0.02254 -2.29043e-06 -0.000859223 -1.62964e-06 8.12424e-06 0.00564175 -6.13073e-05 -0.000218772 -2.83992e-06 -0.000943091 0.000915167 -3.33324e-08 0.000825322 -0.00238245 5.24848e-09 -4.7918e-07 5.41439e-05 -0.0016914 -1.323e-06 -1.47572e-05 0.0075691 -0.000537698 -2.56354e-06 -0.000134727 -5.02532e-06 0.00371903 -3.41027e-07 3.29262e-05 -3.57571e-06 0.00344131 -3.31408e-06 -2.24566e-05 -0.00216351 -5.27548e-05 0.000579992 -0.0014161 -1.96992e-05 0 -1.40815e-06 -0.000120432 -0.000326777 -0.000904558 2.65095e-08 1.09664e-07 0 -1.63368e-05 0 -7.32754e-08 -7.73998e-05 -0.00036824 -6.77723e-05 -0.00635051 1.21128e-06 -7.05897e-05 -0.027639 
0.00146859 0.00118323 6.2677e-07 -0.0013427 0.00165644 1.43111e-07 2.85604e-08 2.02628e-06 -3.05599e-07 -5.4706e-05 2.34826e-06 -6.62571e-09 -0.000966205 -0.000292685 2.21994e-06 0.000694738 -1.76923e-07 6.80491e-06 0.000849278 -2.76723e-06 0.000861989 -9.53066e-05 1.51166e-06 -0.00106684 -6.39403e-07 -1.19549e-05 -2.81822e-06 -6.12234e-06 -0.0008486 -1.04584e-08 -0.00147846 5.24665e-06 0.000174373 -1.29161e-05 -0.00113588 0 -2.71002e-10 -5.70541e-08 0.000110095 -2.10987e-05 -2.07602e-06 -0.000173677 -4.9444e-09 -7.79073e-05 -6.7142e-09 0.00015812 -4.36921e-09 -2.46975e-05 7.5827e-08 -2.76538e-07 -0.0009444 6.05656e-05 -5.74186e-07 -2.41689e-08 -0.000247619 -4.07826e-05 -3.82168e-09 0.000816336 0.000202738 -1.76981e-10 -7.51117e-08 -1.88847e-06 0.000391925 -1.2028e-07 -3.67196e-07 -0.000623742 0.000454945 3.53985e-08 4.36441e-06 -1.00492e-08 0.000432453 -7.52168e-10 -1.16588e-06 -2.79076e-08 -0.000127213 -1.64979e-08 -9.54313e-08 -0.000712873 -1.24637e-06 -1.99571e-05 8.70384e-05 2.24903e-07 0 -1.07405e-08 8.11065e-07 -3.41131e-07 2.22895e-05 -7.97519e-09 -6.95755e-09 0 -2.09285e-07 0 -2.26756e-10 -5.83594e-07 5.30414e-05 2.57708e-05 0.000240712 -2.0797e-08 1.0992e-05 0.000360152 
-7.98555e-06 6.04638e-06 -7.7537e-07 2.73326e-05 1.43111e-07 8.62459e-05 -9.69752e-07 1.57959e-09 -2.86473e-08 9.25898e-07 -5.16104e-05 3.44438e-10 2.88507e-05 4.66302e-05 4.80029e-08 -6.33485e-05 9.54393e-09 -3.35683e-05 -7.68865e-05 4.83318e-07 -3.91634e-05 -3.48759e-05 1.99303e-09 4.97371e-05 -1.08101e-05 -1.55285e-05 1.46505e-07 -1.1213e-05 4.54899e-05 5.43684e-10 9.97757e-06 1.68093e-08 -7.66023e-06 -1.28526e-08 6.50894e-05 0 1.4088e-11 2.96596e-09 3.36191e-06 6.43305e-07 -1.15221e-05 1.35554e-05 2.57035e-10 -3.24508e-05 3.49038e-10 6.05564e-07 2.27134e-10 6.69406e-07 5.76201e-09 1.43758e-08 2.79697e-05 -3.07079e-07 -1.62682e-06 1.25642e-09 -5.04327e-06 -1.81778e-05 1.9867e-10 2.38526e-06 9.21454e-07 9.20036e-12 -1.39429e-07 -4.96516e-06 -1.73004e-07 -2.09204e-05 1.90887e-08 3.15043e-05 -3.6635e-07 2.39209e-10 4.79436e-08 5.22408e-10 2.26066e-06 3.91015e-11 9.16263e-08 1.45078e-09 -1.7768e-06 -1.72476e-07 -1.05039e-07 2.30098e-05 6.47926e-08 -1.79399e-05 -7.40176e-06 1.82455e-09 0 5.58347e-10 -3.40186e-06 -6.76525e-07 -1.06529e-06 4.14591e-10 3.61689e-10 0 1.08797e-08 0 1.1788e-11 -1.91966e-06 1.9487e-07 6.71568e-09 -6.07678e-06 5.93308e-09 3.35111e-08 1.6095e-05 
1.70925e-06 -3.99651e-07 -5.48507e-08 -2.54846e-06 2.85604e-08 -9.69752e-07 2.87666e-06 -5.26814e-11 9.55427e-10 1.39719e-08 1.06556e-06 -1.14875e-11 -1.78966e-06 -1.55518e-06 -1.60096e-09 2.39259e-06 -3.18303e-10 1.07505e-06 2.50376e-06 -1.61193e-08 2.22551e-06 -1.94685e-07 -6.64702e-11 -1.77492e-06 -1.10858e-09 -2.07271e-08 -4.88615e-09 -1.07939e-08 -2.51928e-06 -1.81326e-11 -1.75023e-06 -5.60614e-10 -1.52226e-08 4.28652e-10 -2.57137e-06 0 -4.69856e-13 -9.8919e-11 -1.38138e-07 1.12104e-10 -3.59934e-09 -4.81904e-07 -8.57247e-12 -1.3738e-07 -1.16409e-11 -7.21133e-08 -7.57522e-12 -4.9229e-08 -1.92171e-10 -4.79454e-10 -1.06876e-06 -3.19761e-10 -9.95509e-10 -4.19034e-11 -1.95748e-08 -8.99008e-08 -6.62592e-12 2.02996e-06 -3.07318e-08 -3.06844e-13 -1.30227e-10 -3.27418e-09 -8.23766e-09 -2.08539e-10 -6.36635e-10 -1.08795e-06 3.10993e-08 -7.97796e-12 -1.59899e-09 -1.7423e-11 9.45297e-07 -1.30409e-12 -3.05586e-09 -4.83855e-11 -2.20559e-07 -2.86037e-11 -1.65456e-10 -1.61529e-06 -2.16092e-09 -5.23665e-08 -2.7067e-08 -6.08511e-11 0 -1.86216e-11 2.39056e-07 1.7541e-06 5.39831e-08 -1.38272e-11 -1.20628e-11 0 -3.62853e-10 0 -3.93144e-13 7.18988e-07 1.78683e-06 -2.23977e-10 4.1734e-07 -1.97876e-10 -1.11764e-09 -5.51244e-07 
5.84716e-07 2.46575e-06 -1.32522e-07 -6.0189e-06 2.02628e-06 1.57959e-09 -5.26814e-11 1.8313e-05 6.08241e-09 -5.35885e-07 -1.13153e-07 -7.31312e-11 -3.70659e-06 2.16129e-07 -1.0192e-08 -9.82809e-07 -2.02637e-09 -5.27418e-08 6.19733e-07 1.54049e-07 6.64354e-07 -1.18607e-06 -4.2316e-10 -4.38095e-06 -7.05741e-09 -1.31952e-07 -3.11061e-08 -6.53824e-08 -6.70987e-07 -1.15435e-10 -1.79892e-06 -3.56896e-09 -9.69098e-08 2.72887e-09 -9.09771e-07 0 -2.99118e-12 -6.29734e-10 -8.79411e-07 7.13671e-10 -2.2914e-08 -3.15342e-06 -5.45737e-11 -8.74581e-07 -7.4108e-11 1.07425e-06 -4.82251e-11 -3.10067e-07 -1.22339e-09 -3.05228e-09 1.58403e-06 -2.03565e-09 -6.33757e-09 -2.66764e-10 -1.17296e-06 -5.72323e-07 -4.21817e-11 -2.6007e-07 -3.89768e-08 -1.95342e-12 -8.29045e-10 -2.0844e-08 -5.24423e-08 -1.32759e-09 -4.05292e-09 -3.31609e-06 1.06244e-06 -5.0789e-11 1.53154e-07 -1.10918e-10 -5.1754e-06 -8.30204e-12 -1.94541e-08 -3.0803e-10 -1.20745e-06 -1.82096e-10 -1.05332e-09 -7.53366e-07 -1.37568e-08 1.24663e-06 -5.89797e-08 -3.87388e-10 0 -1.18548e-10 8.69951e-08 -3.754e-08 1.46999e-07 -8.80261e-11 -7.67939e-11 0 -2.30998e-09 0 -2.50282e-12 -6.44141e-09 -4.13749e-08 -1.42588e-09 2.36686e-06 -1.25971e-09 -7.1151e-09 6.08402e-06 
9.25457e-06 -8.77243e-05 4.23287e-06 8.15111e-05 -3.05599e-07 -2.86473e-08 9.55427e-10 6.08241e-09 0.00033202 -9.55981e-05 -4.65785e-06 1.32631e-09 0.000204094 0.000116099 -9.15159e-07 5.07074e-05 -4.6325e-07 6.4319e-07 2.61106e-05 -5.95323e-05 3.32308e-05 -1.68756e-05 7.67442e-09 -9.14017e-05 -3.80201e-06 2.39307e-06 -1.77125e-05 -2.42377e-06 0.000142688 2.09353e-09 5.73998e-06 -2.02386e-05 -2.89245e-06 1.53051e-06 -3.17384e-05 0 5.42479e-11 1.14208e-08 -0.000123138 -1.29431e-08 -1.37766e-07 -0.000113776 9.89747e-10 6.70138e-06 1.34402e-09 -2.14107e-05 8.74609e-10 1.65715e-06 2.21874e-08 5.53561e-08 4.55193e-05 3.69185e-08 1.14938e-07 4.83803e-09 -9.552e-05 9.01963e-06 7.65006e-10 1.5446e-05 -9.48848e-06 3.54272e-11 1.50355e-08 -2.84197e-06 9.51092e-07 2.40772e-08 7.35037e-08 -0.000180712 2.57929e-07 9.21107e-10 -2.44539e-06 -5.64655e-07 1.16132e-06 1.50566e-10 -2.32238e-05 5.58643e-09 -5.57283e-05 3.30248e-09 -1.50897e-07 4.82535e-05 -3.39717e-06 6.04605e-06 8.48397e-07 -8.57297e-06 0 2.14999e-09 7.10229e-07 -3.79177e-07 -3.64604e-06 1.59644e-09 1.39273e-09 0 4.18938e-08 0 4.53911e-11 -5.86512e-07 7.50374e-07 2.58596e-08 8.41753e-05 2.28461e-08 -1.09096e-06 -0.000149105 
-0.000682898 -0.00427392 0.00436796 -0.0046429 -5.4706e-05 9.25898e-07 1.39719e-08 -5.35885e-07 -9.55981e-05 0.0333474 -0.000148937 -1.37932e-07 -0.0201587 -0.0101997 1.30037e-05 0.0010126 -3.69524e-06 -4.19988e-05 -0.00252144 -4.47931e-05 -0.0029761 0.0116907 2.05552e-05 0.00824996 9.37958e-05 -0.000127159 1.96514e-05 0.00339645 -0.0108043 7.22798e-08 -0.0009804 7.9353e-06 -0.00010074 -1.34465e-05 -0.0103706 0 -5.64161e-09 -1.18773e-06 -0.00132491 1.34604e-06 0.000782012 0.0134618 -1.02931e-07 -0.00162414 -1.39774e-07 0.00345329 -9.09566e-08 0.010121 -9.77419e-07 -5.21353e-06 -0.0119712 -3.8394e-06 1.91347e-06 4.16019e-06 -0.0035049 0.000547591 -7.95582e-08 -0.00192109 -0.000301403 -3.68432e-09 -1.38031e-06 -2.06402e-05 -9.48673e-05 3.32712e-07 -6.79082e-06 0.00578981 -2.41038e-05 -9.57923e-08 7.32241e-05 3.86747e-06 0.00777656 -1.56584e-08 -2.12955e-05 -5.30971e-07 -0.00091621 1.65525e-08 2.08001e-06 -0.00651345 -1.75647e-06 -0.000607447 -0.00021891 1.1136e-05 0 -8.35921e-08 0.000625227 0.000119463 0.000378792 -1.66025e-07 -1.4484e-07 0 -3.72349e-06 0 -4.72053e-09 0.000105354 -5.97798e-05 -2.50932e-06 -0.00817992 2.62074e-06 0.000112784 -1.96638e-05 
0.000166643 -0.000833824 -8.99229e-05 -0.00359487 2.34826e-06 -5.16104e-05 1.06556e-06 -1.13153e-07 -4.65785e-06 -0.000148937 0.00614057 1.19929e-08 -0.00317494 -0.00244545 -3.35535e-06 0.00315144 -3.37012e-07 0.00266271 0.00320768 -2.57524e-05 0.00296429 0.000736522 -1.4277e-07 -0.00290106 4.34489e-05 3.42807e-05 -1.00882e-05 3.22159e-05 -0.00253222 -3.89467e-08 7.35599e-05 0.000106746 -3.00764e-05 7.10695e-07 -0.00343964 0 -1.0092e-09 -2.12467e-07 0.000606748 -4.05881e-07 3.0009e-05 -0.0010275 7.8254e-08 -4.04656e-05 -2.50033e-08 0.000329956 2.3804e-06 -8.9445e-05 2.73391e-06 -7.73145e-07 -0.00115898 1.47652e-06 4.28084e-05 3.49666e-06 0.00227732 0.00021735 -1.42317e-08 0.00058902 -3.05016e-05 -6.59066e-10 1.97695e-06 5.20241e-05 -1.05069e-05 1.97321e-05 -4.34085e-07 -0.00156997 -1.09169e-06 -1.71357e-08 -1.31444e-06 -3.74226e-08 -0.00101923 -2.80103e-09 -6.56364e-06 1.32607e-06 -0.000466896 -6.14373e-08 1.61795e-06 -0.0022626 2.26525e-06 3.14629e-05 0.00149143 9.74597e-06 0 -3.99971e-08 0.000102333 1.06477e-05 0.000112783 1.43697e-06 -2.59095e-08 0 -7.79367e-07 0 -8.44429e-10 0.000121643 -7.60283e-06 -3.44411e-07 0.000886639 -4.25015e-07 -2.0939e-06 0.000710712 
-7.00553e-08 -5.54788e-07 -7.61426e-08 1.59823e-07 -6.62571e-09 3.44438e-10 -1.14875e-11 -7.31312e-11 1.32631e-09 -1.37932e-07 1.19929e-08 3.99332e-06 1.35897e-06 -2.15887e-06 -2.22242e-09 3.36763e-06 -4.41862e-10 2.5166e-08 1.69274e-07 -2.23765e-08 3.59379e-06 2.57307e-06 -9.22726e-11 -2.62124e-06 -1.53891e-09 -2.87729e-08 -6.78286e-09 -1.49839e-08 -3.57125e-06 -2.51713e-11 -1.1683e-07 -7.78234e-10 -2.11318e-08 -4.60716e-08 -3.56953e-06 0 -6.52244e-13 -1.37317e-10 -6.84276e-08 1.5562e-10 -4.99654e-09 -7.15242e-07 -1.19001e-11 -1.90708e-07 -1.61597e-11 -1.00106e-07 -1.05158e-11 -6.83388e-08 -2.66768e-10 -6.65569e-10 -2.2749e-06 -4.43886e-10 -1.38195e-09 -5.81696e-11 1.7285e-06 3.59187e-06 -9.19798e-12 2.05321e-06 -4.26612e-08 -4.25956e-13 -1.80778e-10 -4.54516e-09 3.52313e-08 -2.8949e-10 -8.83765e-10 -1.51028e-06 -3.10118e-09 -1.10748e-11 -2.21968e-09 -2.41863e-11 -8.93894e-07 -1.81031e-12 -4.24209e-09 -6.71679e-11 -3.06176e-07 -3.9707e-11 -2.29683e-10 -3.32972e-06 -2.99975e-09 -7.26941e-08 -9.07232e-10 -8.44723e-11 0 -2.58502e-11 -1.51923e-08 -8.18581e-09 7.49384e-08 -1.91946e-11 -1.67454e-11 0 -5.03706e-10 0 -5.45756e-13 -1.40459e-09 1.04311e-07 -3.10921e-10 5.79344e-07 -2.74688e-10 -1.55149e-09 -7.65226e-07 
-0.00483438 -0.0535512 -0.00122666 0.0240692 -0.000966205 2.88507e-05 -1.78966e-06 -3.70659e-06 0.000204094 -0.0201587 -0.00317494 1.35897e-06 0.235085 0.0988634 -0.000328269 0.0156226 -6.31855e-06 -0.00166357 0.00219065 -0.00338179 0.0157501 -0.0193489 -1.4332e-05 -0.0414171 -0.000171673 0.00172262 -0.00101471 -0.00232256 0.0164541 -2.12149e-06 0.00451595 -9.67892e-05 -0.00179893 3.87934e-05 0.00374023 0 6.1719e-08 -2.09229e-05 -0.0212522 4.21769e-06 -0.000463687 -0.106685 9.49389e-07 0.00576178 -5.97548e-07 -0.0154917 -1.63827e-06 -0.0102206 -1.36603e-05 -0.000101134 0.0689101 -1.70904e-05 -3.1446e-05 -6.94568e-06 -0.0102698 0.00720239 -7.49637e-07 0.00196285 -0.00151741 4.03063e-08 5.08623e-06 -5.64954e-05 -0.00118732 -2.84302e-05 2.43867e-05 -0.119455 -0.000400626 -1.71537e-06 -4.75416e-05 -3.49803e-06 -0.067966 -5.20317e-08 -0.000645707 -8.11754e-06 -0.0440852 -4.0727e-06 3.62722e-06 0.0342341 -0.000143094 0.00661415 -0.00563213 -1.31601e-05 0 -3.56725e-06 -0.000521179 -0.000575587 0.011622 -1.57703e-06 1.58454e-06 0 1.63201e-05 0 -2.83576e-08 -0.000200863 -9.6711e-06 -3.81856e-05 0.0765138 1.66625e-05 -9.07895e-05 -0.0684821 
-0.0122105 -0.0168882 -0.00433451 -0.0108438 -0.000292685 4.66302e-05 -1.55518e-06 2.16129e-07 0.000116099 -0.0101997 -0.00244545 -2.15887e-06 0.0988634 0.24835 -0.000285616 -0.0496789 4.19005e-05 -0.00142961 -0.041916 -0.00263892 -0.0511828 -0.016678 -1.24919e-05 0.0784021 -0.000155138 -0.00389522 -0.000911367 -0.00198886 0.0570394 2.52563e-06 -1.44593e-05 -9.5851e-05 0.00129846 6.1731e-05 0.0502219 0 -8.83011e-08 1.57966e-05 -0.0251482 -1.68487e-05 -0.000175683 -0.0566363 1.19896e-06 -0.0237389 -8.57705e-07 0.00693509 -1.42363e-06 -0.00463689 -3.04885e-05 -8.60517e-05 0.00905649 1.93325e-06 -0.000185975 -6.23168e-06 -0.0512815 -0.0168912 -3.88559e-07 -0.0295263 0.00449926 -3.43327e-08 -2.35838e-05 -0.000536662 0.000214129 -3.62579e-05 6.51723e-05 -0.120411 -0.000356799 1.07068e-06 -0.000101148 2.58898e-06 -0.0272854 -2.45081e-07 -0.000495073 7.33345e-06 -0.0379313 -5.37556e-06 2.21872e-06 0.0838955 -8.44343e-05 -0.00942961 -0.00488576 -4.8659e-06 0 3.33726e-07 -0.00121208 -0.00108155 0.00795265 -1.69858e-06 -1.067e-06 0 4.74914e-05 0 6.27821e-08 -0.00018858 -0.00116943 5.56073e-06 0.048631 1.06293e-05 -0.000100508 -0.0539826 
4.89363e-05 0.000110375 -1.06117e-05 -9.60227e-05 2.21994e-06 4.80029e-08 -1.60096e-09 -1.0192e-08 -9.15159e-07 1.30037e-05 -3.35535e-06 -2.22242e-09 -0.000328269 -0.000285616 0.000556224 -5.65553e-05 -6.15804e-08 -1.40613e-06 -1.49457e-05 -3.11852e-06 9.33357e-06 -3.41081e-05 -1.28596e-08 0.000109649 -2.07805e-07 -4.00995e-06 -1.35298e-07 -2.08824e-06 4.17177e-05 -3.50802e-09 -8.53942e-05 -1.08459e-07 2.37683e-05 -9.57071e-07 9.49726e-06 0 -9.09004e-11 -1.91373e-08 -1.44615e-05 -1.64498e-06 -6.96346e-07 0.000287003 -1.65847e-09 -2.61381e-05 -2.2521e-09 5.44519e-05 -1.46554e-09 -5.06075e-06 -3.71783e-08 1.03724e-06 -0.000309913 1.41471e-07 2.87404e-07 -8.10684e-09 -8.55904e-05 -1.65426e-05 -1.28188e-09 -1.12939e-05 -5.34218e-06 -5.93636e-11 -2.51943e-08 1.61399e-05 -1.06036e-06 -4.0345e-08 -1.23166e-07 0.000236596 2.03778e-05 -1.54345e-09 2.07319e-07 -3.37074e-09 0.000255418 -2.52295e-10 -4.81202e-07 -9.36089e-09 0.000140783 -5.5338e-09 -3.20099e-08 -0.000317742 -3.74729e-07 2.11227e-06 -3.49984e-06 -1.17725e-08 0 -3.60263e-09 -2.11729e-06 7.15846e-07 -9.00617e-06 -2.67507e-09 -2.33373e-09 0 -7.01993e-08 0 -7.60596e-11 -1.82418e-07 5.76597e-06 4.13335e-07 -0.000208903 -3.82821e-08 5.90442e-07 1.59381e-06 
0.0187663 -0.00458482 0.000427802 0.00352768 0.000694738 -6.33485e-05 2.39259e-06 -9.82809e-07 5.07074e-05 0.0010126 0.00315144 3.36763e-06 0.0156226 -0.0496789 -5.65553e-05 0.132137 -9.81084e-06 0.00233674 0.0630825 -0.000855342 0.0789868 0.0122722 -1.77053e-06 -0.0853985 -1.22781e-07 0.00597247 -0.000195915 0.00279228 -0.0620066 -9.47655e-07 -0.00322311 0.000102827 -0.000460141 -1.26519e-05 -0.0747714 0 1.37741e-07 -5.38797e-06 -0.0010747 3.82279e-06 0.000393352 -0.01755 3.79737e-07 0.0045741 7.26033e-08 -0.00389901 2.22072e-06 0.00230296 4.61327e-05 -2.31352e-05 -0.0286392 1.89664e-05 0.000287266 6.70425e-06 -0.000650588 0.025544 5.42429e-07 0.0464536 -0.00158276 6.662e-08 3.69601e-05 0.000540837 0.000634857 5.51378e-05 -3.44732e-05 -0.051237 0.000485574 -2.71214e-07 -8.65344e-05 -7.75673e-07 0.00813211 -7.10318e-08 -0.000155272 8.65784e-06 -0.0114692 8.352e-06 -4.96216e-06 -0.0582101 0.000190088 0.0138161 0.00523399 6.2422e-06 0 -7.94292e-07 0.00248485 0.00148832 0.00293095 3.23685e-06 -2.00378e-07 0 -1.85107e-05 0 -2.1414e-08 0.000262728 0.00179902 5.91362e-06 0.0213343 -9.0247e-06 -4.46463e-05 -0.0240171 
3.59058e-05 -5.86578e-06 -1.53648e-06 -3.66955e-05 -1.76923e-07 9.54393e-09 -3.18303e-10 -2.02637e-09 -4.6325e-07 -3.69524e-06 -3.37012e-07 -4.41862e-10 -6.31855e-06 4.19005e-05 -6.15804e-08 -9.81084e-06 0.000110638 -9.5335e-08 -7.27549e-06 -6.20024e-07 -7.84425e-06 -3.91184e-06 -2.55675e-09 -6.48878e-05 1.10692e-07 -7.97259e-07 -1.87944e-07 -2.88517e-07 1.10555e-05 6.26359e-08 -4.13353e-05 -2.15638e-08 3.99578e-05 -1.52351e-06 -4.14236e-05 0 -1.80728e-11 1.38953e-06 -4.20344e-06 -3.20569e-06 -1.38447e-07 -1.77384e-05 -3.29737e-10 -3.53093e-06 -4.47764e-10 -2.14048e-06 -2.91378e-10 -1.76691e-06 -7.39179e-09 -1.8442e-08 -1.47311e-05 5.57701e-07 3.50414e-08 -1.6118e-09 -1.68563e-05 -3.148e-06 -2.54864e-10 -4.93082e-06 6.33046e-05 -1.18027e-11 -5.00913e-09 -1.2594e-07 3.96931e-05 -8.02139e-09 -2.4488e-08 -3.94211e-05 -4.25964e-08 -3.06869e-10 -6.15044e-08 -6.7017e-10 -1.62594e-05 -5.01613e-11 -1.17543e-07 -1.86113e-09 -8.48373e-06 -1.10023e-09 -6.36422e-09 1.32011e-05 1.36881e-07 1.80907e-06 -7.9779e-07 -2.34062e-09 0 -7.16274e-10 9.75708e-07 -2.26818e-07 2.07644e-06 -5.31858e-10 -4.63992e-10 0 -1.3957e-08 0 -1.51222e-11 -3.89193e-08 -2.49989e-07 -8.61521e-09 1.56629e-05 -7.61124e-09 -4.29897e-08 -4.9334e-06 
-1.10592e-05 -0.000357126 -3.46936e-05 -0.0016292 6.80491e-06 -3.35683e-05 1.07505e-06 -5.27418e-08 6.4319e-07 -4.19988e-05 0.00266271 2.5166e-08 -0.00166357 -0.00142961 -1.40613e-06 0.00233674 -9.5335e-08 0.00287167 0.00242328 -1.43045e-05 0.00214192 5.53455e-06 -6.65464e-08 -0.00117977 1.93535e-05 2.29092e-05 -4.48842e-06 1.97737e-05 -0.00204838 -1.81534e-08 3.98305e-05 9.97354e-05 -1.50768e-05 2.19144e-07 -0.00248966 0 -4.70395e-10 -9.90325e-08 0.00040776 1.12232e-07 2.06199e-05 -0.000513788 -8.5823e-09 -7.92506e-05 -1.16543e-08 -4.68461e-05 2.61575e-06 -2.59289e-05 3.47609e-07 -2.23337e-07 -0.00133919 1.69654e-06 1.62933e-05 4.47152e-08 0.000812437 1.64276e-06 -6.63352e-09 0.000621135 -2.02637e-05 -3.07196e-10 1.65962e-06 4.05421e-05 -3.98711e-06 1.51546e-05 -6.37365e-07 -0.00108385 8.10113e-07 -7.98711e-09 -1.60082e-06 -1.7443e-08 -9.91856e-05 -1.30558e-09 -2.79604e-06 -4.8441e-08 -0.000217569 -2.86365e-08 6.57687e-07 -0.00179562 9.59931e-07 -4.56132e-05 0.00151682 1.96241e-06 0 -1.8643e-08 -3.5466e-06 -5.78022e-06 5.24917e-05 1.11282e-06 -1.20767e-08 0 -3.63269e-07 0 -3.93595e-10 0.00011876 -5.83664e-06 -2.24234e-07 0.000416482 -1.98103e-07 -9.12258e-07 -0.000456736 
0.0174963 0.00163231 -0.000475008 0.000145887 0.000849278 -7.68865e-05 2.50376e-06 6.19733e-07 2.61106e-05 -0.00252144 0.00320768 1.69274e-07 0.00219065 -0.041916 -1.49457e-05 0.0630825 -7.27549e-06 0.00242328 0.0724607 -0.000440603 0.060093 0.00278265 -5.9391e-07 -0.0471848 2.36323e-05 -0.000297052 -0.00012341 -0.000202224 -0.0503742 -4.95731e-07 -0.00445681 0.00010615 -2.63649e-05 2.25568e-06 -0.0624539 0 1.50488e-07 -2.70437e-06 -0.000486056 2.41149e-06 -2.77499e-05 -0.00933516 -2.34365e-07 0.00364949 -2.98253e-07 -0.00195906 2.42623e-06 -0.00131262 2.72662e-05 -1.03379e-05 -0.0298249 1.54413e-05 7.18902e-05 3.81059e-07 -0.00399081 0.016697 5.48852e-07 0.0487636 -0.000811743 7.49444e-08 3.3183e-05 0.000166766 0.000900299 2.70354e-05 -1.74051e-05 -0.0259052 0.000553658 -1.28111e-07 -4.3715e-05 -4.76332e-07 0.0262411 1.94347e-07 -8.02849e-05 -3.16156e-07 -0.0052052 8.80133e-06 -1.96011e-06 -0.0492558 0.000156169 0.00777323 0.00509066 5.45638e-06 0 -5.09101e-07 0.00200379 0.00141084 0.00113209 2.58198e-06 1.96878e-07 0 -9.81346e-06 0 -1.07483e-08 0.000181308 0.00196889 7.50997e-06 0.0104216 -5.32645e-06 -2.08288e-05 -0.0149612 
-0.000138958 0.00266856 0.00012879 -0.000205768 -2.76723e-06 4.83318e-07 -1.61193e-08 1.54049e-07 -5.95323e-05 -4.47931e-05 -2.57524e-05 -2.23765e-08 -0.00338179 -0.00263892 -3.11852e-06 -0.000855342 -6.20024e-07 -1.43045e-05 -0.000440603 0.00557207 -0.000560213 -0.000349692 -1.29477e-07 -0.000864561 -2.15941e-06 -4.0041e-05 -9.49775e-06 -1.94655e-05 -0.00261711 1.78013e-07 7.61998e-05 1.46444e-08 -2.53322e-05 -2.45027e-07 0.000564996 0 -9.15233e-10 -1.92685e-07 0.00136172 1.717e-07 -2.58784e-06 -0.000962202 -1.66983e-08 -6.66255e-05 -2.26754e-08 -0.000125066 -1.47558e-08 -8.62001e-05 -3.7433e-07 -8.0393e-07 -0.00121555 -2.59529e-07 -1.93915e-06 -8.16238e-08 0.00285084 -0.000174715 -1.29067e-08 -0.000316651 -4.62692e-05 -5.97703e-10 -2.53669e-07 -5.04779e-06 -1.47395e-05 -4.06214e-07 -1.2401e-06 0.00299428 -4.3516e-06 -1.55403e-08 1.5832e-05 -3.39383e-08 -0.00164255 -2.54024e-09 -7.58586e-08 -9.42503e-08 -0.000419438 -5.57171e-08 5.61771e-06 -0.00229721 -4.2026e-06 -0.000101965 -4.42072e-05 -1.18532e-07 0 -3.62731e-08 -2.13179e-05 -1.14864e-05 8.15406e-05 -2.6934e-08 -2.34972e-08 0 -7.06803e-07 0 -7.65807e-10 -1.97093e-06 -1.26598e-05 1.37141e-08 -0.000347012 -3.85444e-07 -1.30373e-06 0.00391182 
0.0217446 0.000269747 -0.000157973 0.000599028 0.000861989 -3.91634e-05 2.22551e-06 6.64354e-07 3.32308e-05 -0.0029761 0.00296429 3.59379e-06 0.0157501 -0.0511828 9.33357e-06 0.0789868 -7.84425e-06 0.00214192 0.060093 -0.000560213 0.0900428 0.00827266 -6.71902e-07 -0.0642641 9.24891e-05 0.00645625 -0.000166629 -0.00024728 -0.0584999 -6.3067e-07 -0.00552559 0.000114558 0.000992651 -5.99744e-05 -0.0720969 0 1.46991e-07 -3.44051e-06 -0.00054494 -1.75758e-06 -8.40556e-05 -0.013011 -2.01493e-07 -1.0975e-05 -4.04883e-07 -0.00246738 7.76526e-07 -0.00162998 4.37861e-05 -1.59959e-05 -0.0322222 3.07317e-05 0.000291072 2.67589e-06 0.00305762 0.0268017 4.99543e-07 0.0479649 -0.00100741 7.2661e-08 3.89339e-05 0.000255187 0.000909176 6.93456e-07 -2.21095e-05 -0.0376913 0.000579436 -7.41483e-08 -5.42844e-05 -6.05991e-07 0.0191604 1.84642e-07 -0.000105783 -1.66623e-06 -0.00766475 7.7818e-06 -3.16141e-06 -0.0587619 3.68242e-05 0.0161173 0.00381815 6.81687e-06 0 -6.4768e-07 0.00139311 0.00145842 0.001872 6.0241e-07 -2.26224e-07 0 -1.20571e-05 0 -1.3674e-08 1.68912e-05 0.00186209 6.9165e-06 0.0143642 -6.61901e-06 -6.76278e-06 -0.0184136 
0.00404182 -0.00391306 0.00309378 -0.00127572 -9.53066e-05 -3.48759e-05 -1.94685e-07 -1.18607e-06 -1.68756e-05 0.0116907 0.000736522 2.57307e-06 -0.0193489 -0.016678 -3.41081e-05 0.0122722 -3.91184e-06 5.53455e-06 0.00278265 -0.000349692 0.00827266 0.0630972 1.95995e-05 -0.00257114 0.000176032 0.00257716 -8.62333e-05 0.00344217 -0.0180414 2.23407e-07 -0.00209626 -1.04225e-05 0.00140789 -1.23687e-05 -0.0249162 0 -1.1054e-08 8.61316e-08 -0.00323268 -1.15261e-06 0.000710917 0.0161047 -2.01679e-07 0.000411363 -2.53868e-07 -0.00112766 -1.34884e-07 0.0112863 2.66856e-05 -9.44647e-06 -0.0308923 -6.16613e-06 0.000198499 9.4175e-06 -0.00109363 0.00889444 -1.55884e-07 -0.000340649 -0.000423986 -7.21893e-09 -1.37091e-07 -7.21762e-05 0.000612221 1.54172e-05 -1.41277e-05 -0.00112853 -5.25576e-05 2.05641e-07 -1.78049e-05 4.10677e-06 -0.00304023 -3.06804e-08 2.40667e-05 1.17017e-05 0.00188671 1.49039e-06 1.13308e-05 -0.0181063 0.000126001 0.00198383 -0.000280941 1.79651e-05 0 -2.98099e-07 0.00156161 0.000324233 0.0011582 1.22803e-06 -2.83794e-07 0 -1.80327e-06 0 7.07507e-08 9.28921e-07 -0.000104135 3.50173e-05 -0.00233391 5.06469e-06 7.40126e-05 -0.00734908 
9.87944e-07 -1.70351e-06 5.64608e-06 -4.33049e-07 1.51166e-06 1.99303e-09 -6.64702e-11 -4.2316e-10 7.67442e-09 2.05552e-05 -1.4277e-07 -9.22726e-11 -1.4332e-05 -1.24919e-05 -1.28596e-08 -1.77053e-06 -2.55675e-09 -6.65464e-08 -5.9391e-07 -1.29477e-07 -6.71902e-07 1.95995e-05 2.31061e-05 6.16268e-06 -8.90462e-09 -1.66489e-07 -3.92478e-08 6.32985e-08 -2.06643e-05 -1.45649e-10 -2.4171e-06 -4.5031e-09 -1.22275e-07 -4.13224e-07 -2.06544e-05 0 -3.77409e-12 -7.94561e-10 -6.92921e-07 9.00467e-10 -8.91152e-09 1.61081e-05 -6.88579e-11 -1.10349e-06 -9.3505e-11 -5.79246e-07 -6.08476e-11 2.37457e-06 -1.5436e-09 -3.85119e-09 -1.25833e-05 -2.56846e-09 -7.99637e-09 -3.36587e-10 -3.55764e-06 3.13454e-06 -5.32224e-11 2.67702e-07 -2.46851e-07 -2.46471e-12 -1.04604e-09 -2.62997e-08 1.00383e-06 -1.67508e-09 -5.11374e-09 1.13144e-05 -1.79444e-08 -6.40825e-11 -1.28438e-08 -1.39949e-10 1.55682e-05 -1.0475e-11 -2.45461e-08 -3.88654e-10 -1.77163e-06 -2.29757e-10 -1.32902e-09 -1.80201e-05 -1.73575e-08 -4.07297e-07 -2.17414e-07 -4.88783e-10 0 -1.49577e-10 9.87592e-08 -4.73657e-08 4.33617e-07 -1.11066e-10 -9.6894e-11 0 -2.9146e-09 0 -3.15791e-12 -8.12738e-09 -5.22044e-08 -1.79909e-09 -7.62107e-06 -1.58943e-09 3.74356e-07 -4.42784e-06 
-0.0179487 0.0167155 -0.00404992 -0.00643663 -0.00106684 4.97371e-05 -1.77492e-06 -4.38095e-06 -9.14017e-05 0.00824996 -0.00290106 -2.62124e-06 -0.0414171 0.0784021 0.000109649 -0.0853985 -6.48878e-05 -0.00117977 -0.0471848 -0.000864561 -0.0642641 -0.00257114 6.16268e-06 0.225538 -5.61853e-05 -0.00470502 0.000394476 -0.0011729 0.039484 -2.70754e-06 0.00490228 -6.05456e-05 -0.00198536 2.95708e-05 0.0522455 0 -1.07213e-07 -2.13516e-05 -0.0133136 2.31568e-05 -5.84431e-05 0.0534418 -4.32752e-07 -0.0270632 -2.37625e-06 0.00602315 -1.11865e-07 0.00198568 -3.816e-05 5.10871e-05 -0.0525228 -7.12137e-05 -0.000219444 -4.19163e-06 -0.0656104 -0.0192854 -4.91918e-07 -0.0348095 -0.00393617 -7.00165e-08 -2.91521e-05 -0.000117051 -0.00185874 -4.4465e-05 -1.18155e-05 0.0124313 -0.000461114 -1.82043e-06 7.52731e-05 7.771e-08 0.0464905 -1.9757e-07 0.000364173 -6.92406e-06 0.0248453 -6.49352e-06 1.49625e-05 0.0302015 0.000100939 -0.0118197 -0.000729886 -1.85514e-06 0 3.47541e-07 -0.00134498 -0.00122417 -0.00640641 -2.94178e-06 -1.25856e-07 0 3.30333e-05 0 -8.97086e-08 1.86673e-05 -0.00146712 -4.0941e-05 -0.0451787 -2.43185e-05 -5.79961e-06 -0.0310544 
-1.04974e-05 -2.70256e-05 -7.20802e-06 -7.59747e-05 -6.39403e-07 -1.08101e-05 -1.10858e-09 -7.05741e-09 -3.80201e-06 9.37958e-05 4.34489e-05 -1.53891e-09 -0.000171673 -0.000155138 -2.07805e-07 -1.22781e-07 1.10692e-07 1.93535e-05 2.36323e-05 -2.15941e-06 9.24891e-05 0.000176032 -8.90462e-09 -5.61853e-05 0.000385221 3.63433e-05 -6.54569e-07 1.94004e-07 -0.000161327 -2.42912e-09 -1.73122e-05 5.6949e-06 2.33738e-06 5.7424e-08 -0.000192188 0 -6.29438e-11 -1.32516e-08 1.37911e-05 1.50179e-08 1.46412e-05 0.000147547 -1.1484e-09 -1.44973e-05 -1.55946e-09 -1.00726e-06 -1.01481e-09 2.81651e-05 1.84256e-07 -6.42296e-08 -0.000123612 -4.28364e-08 -1.33362e-07 -5.61356e-09 1.34289e-06 4.28165e-05 -8.87636e-10 2.03658e-07 -2.29695e-06 -4.11061e-11 -1.74457e-08 -4.1529e-07 -5.16884e-07 -2.79368e-08 -8.52862e-08 -3.82366e-05 -2.99274e-07 -1.06876e-09 -2.14207e-07 3.04333e-07 5.92336e-05 -1.74701e-10 -2.72709e-07 -6.48192e-09 -4.72034e-06 -3.83186e-09 -2.21652e-08 -0.000114469 1.12385e-06 -4.05227e-07 1.9434e-05 9.85148e-08 0 -2.49463e-09 4.50557e-07 7.02004e-06 4.1118e-06 -1.85235e-09 -1.61598e-09 0 -4.86093e-08 0 -5.26672e-11 -1.35547e-07 8.39343e-07 -3.00049e-08 2.04986e-05 -2.65083e-08 1.23609e-07 -4.60702e-05 
-0.000168223 -0.00100055 -0.000136229 0.000180606 -1.19549e-05 -1.55285e-05 -2.07271e-08 -1.31952e-07 2.39307e-06 -0.000127159 3.42807e-05 -2.87729e-08 0.00172262 -0.00389522 -4.00995e-06 0.00597247 -7.97259e-07 2.29092e-05 -0.000297052 -4.0041e-05 0.00645625 0.00257716 -1.66489e-07 -0.00470502 3.63433e-05 0.00715332 -1.16884e-05 -2.3539e-05 -0.00643844 -4.5417e-08 0.000107921 1.03425e-05 -3.78117e-05 1.07365e-06 -0.00643643 0 -1.17685e-09 -2.47764e-07 -0.000307364 1.84121e-07 -9.01533e-06 -0.000630926 -2.14716e-08 -0.000271527 -2.91572e-08 -0.000180623 -1.89738e-08 -0.000112785 -5.80003e-08 -1.2009e-06 -0.00365768 -8.0091e-07 4.81465e-05 2.5171e-07 0.00568295 0.00687894 -1.65961e-08 -0.000273914 -7.69343e-05 -7.68558e-10 1.70715e-06 0.000120602 -2.01797e-05 -5.22331e-07 -1.59459e-06 -0.00272165 -5.51885e-06 -1.99825e-08 -4.005e-06 -4.36397e-08 -0.00209053 -3.26637e-09 -7.65407e-06 -1.21192e-07 -0.000548311 -7.1644e-08 -4.14421e-07 -0.00597171 -5.02917e-06 0.00328064 0.000186028 -1.52415e-07 0 -4.66419e-08 -2.46651e-05 -1.46298e-05 0.000134712 -3.46332e-08 -3.02139e-08 0 -9.08844e-07 0 -9.84715e-10 -2.33432e-06 -8.33862e-06 -5.60999e-07 0.000989196 -3.25624e-07 -2.21938e-06 -0.00129618 
-4.62305e-05 -0.00023416 -3.21803e-05 8.14261e-05 -2.81822e-06 1.46505e-07 -4.88615e-09 -3.11061e-08 -1.77125e-05 1.96514e-05 -1.00882e-05 -6.78286e-09 -0.00101471 -0.000911367 -1.35298e-07 -0.000195915 -1.87944e-07 -4.48842e-06 -0.00012341 -9.49775e-06 -0.000166629 -8.62333e-05 -3.92478e-08 0.000394476 -6.54569e-07 -1.16884e-05 0.00169566 2.263e-05 3.22394e-05 -1.07065e-08 1.26779e-05 -3.31018e-07 -8.9083e-06 -9.1869e-06 0.000135271 0 -2.77429e-10 -5.84074e-08 -4.09946e-05 6.61924e-08 -2.12526e-06 0.0010134 -5.06167e-09 1.62299e-05 -6.87345e-09 -4.06998e-05 -4.47284e-09 6.94824e-05 -1.13469e-07 3.17357e-06 8.4308e-05 -1.88805e-07 -5.87805e-07 -2.47422e-08 -0.000249015 -5.30258e-05 -3.91232e-09 -9.3269e-05 -1.71558e-05 -1.81178e-10 -7.68932e-08 -7.93263e-07 -4.86398e-06 -1.23133e-07 -3.75905e-07 0.000950198 -1.12907e-06 -4.71064e-09 -8.44132e-07 -1.02875e-08 -0.000144112 -7.70008e-10 -1.13102e-06 -2.85696e-08 0.000662593 -1.68892e-08 -9.76947e-08 0.00017226 -1.27593e-06 -3.05335e-05 1.23948e-05 -3.59299e-08 0 -1.09953e-08 -6.29532e-06 -2.72847e-06 -0.000363979 -8.16435e-09 -7.12257e-09 0 -2.14249e-07 0 -2.32135e-10 -5.97435e-07 -3.69082e-06 -1.32249e-07 -0.00111086 -1.16837e-07 4.11008e-06 -0.000324402 
-8.4878e-05 -0.000510741 0.00176151 8.71797e-05 -6.12234e-06 -1.1213e-05 -1.07939e-08 -6.53824e-08 -2.42377e-06 0.00339645 3.22159e-05 -1.49839e-08 -0.00232256 -0.00198886 -2.08824e-06 0.00279228 -2.88517e-07 1.97737e-05 -0.000202224 -1.94655e-05 -0.00024728 0.00344217 6.32985e-08 -0.0011729 1.94004e-07 -2.3539e-05 2.263e-05 0.00373815 -0.00320879 -2.36515e-08 5.62239e-05 -5.31246e-07 -1.98559e-05 2.92453e-07 -0.00327482 0 -6.12864e-10 -1.29027e-07 -0.00017712 -5.00442e-07 0.000554642 0.00111459 -1.11816e-08 -0.000116683 -1.5184e-08 -9.29322e-05 -9.88086e-09 0.00341404 3.99339e-07 -6.25384e-07 -0.00187896 -4.17085e-07 1.02816e-06 9.38676e-07 -0.000480204 7.14131e-05 -8.64263e-09 -0.000192267 -4.00788e-05 -4.00238e-10 -9.653e-08 -4.27073e-06 -1.02083e-05 7.02132e-06 -8.20405e-07 -0.00117138 -2.91394e-06 -1.04062e-08 -6.42329e-07 1.53941e-07 -0.00101686 -1.70101e-09 -3.98597e-06 -6.31125e-08 -0.000131163 3.19357e-07 5.08511e-08 -0.00161935 -1.55302e-07 -6.57851e-05 -3.0422e-05 -7.93721e-08 0 -2.42894e-08 0.000131158 1.26718e-05 4.93871e-05 1.75298e-07 -1.57343e-08 0 -4.73293e-07 0 -5.12804e-10 3.76355e-06 -6.53732e-06 -2.92148e-07 9.3748e-05 2.78564e-07 3.45889e-05 -0.000695284 
-0.0192107 -0.0164379 -0.00337872 -0.00107187 -0.0008486 4.54899e-05 -2.51928e-06 -6.70987e-07 0.000142688 -0.0108043 -0.00253222 -3.57125e-06 0.0164541 0.0570394 4.17177e-05 -0.0620066 1.10555e-05 -0.00204838 -0.0503742 -0.00261711 -0.0584999 -0.0180414 -2.06643e-05 0.039484 -0.000161327 -0.00643844 3.22394e-05 -0.00320879 0.0945258 4.12915e-07 0.00251724 -0.000144571 0.000368954 9.665e-05 0.0733798 0 -9.2736e-08 3.6346e-06 -0.0127547 -3.37571e-06 -0.000570055 -0.00354585 3.1498e-07 0.00117953 4.07724e-07 0.00260889 -2.355e-06 -0.00850036 -3.7679e-05 1.586e-05 0.0507031 7.47235e-06 -0.000297659 -6.797e-06 -0.0178558 -0.0277137 -4.86543e-07 -0.0441602 0.00109933 -7.20589e-08 -3.91884e-05 -0.000302293 -0.000757519 -2.24809e-05 2.3272e-05 0.0106981 -0.000469176 8.98021e-08 4.44185e-05 4.46843e-07 -0.0286184 4.79164e-08 -0.000194115 1.56784e-06 0.00675706 -8.88901e-06 2.79388e-07 0.0773289 -8.87775e-05 -0.00889439 -0.00586943 -1.17775e-05 0 5.44217e-07 -0.00176025 -0.00113854 -0.00182626 -1.24861e-06 2.53226e-07 0 1.31924e-05 0 1.44454e-08 -0.000303373 -0.00122588 -1.06204e-05 -0.0108207 2.8306e-06 -9.14476e-05 0.00112727 
1.69243e-06 -8.75713e-07 1.33145e-07 -4.43318e-06 -1.04584e-08 5.43684e-10 -1.81326e-11 -1.15435e-10 2.09353e-09 7.22798e-08 -3.89467e-08 -2.51713e-11 -2.12149e-06 2.52563e-06 -3.50802e-09 -9.47655e-07 6.26359e-08 -1.81534e-08 -4.95731e-07 1.78013e-07 -6.3067e-07 2.23407e-07 -1.45649e-10 -2.70754e-06 -2.42912e-09 -4.5417e-08 -1.07065e-08 -2.36515e-08 4.12915e-07 6.30329e-06 -3.51888e-06 -1.22841e-09 7.76644e-07 9.3926e-10 -3.10104e-06 0 -1.02954e-12 -2.16751e-10 -1.69354e-07 -6.30877e-08 -7.88686e-09 -1.12898e-06 -1.87839e-11 -3.01025e-07 -2.55075e-11 -7.13476e-08 -1.65988e-11 -6.78704e-08 -4.21084e-10 -1.05058e-09 -9.57515e-07 6.26327e-08 -2.18135e-09 -9.18186e-11 -9.70497e-07 -1.9699e-07 -1.45187e-11 1.29868e-06 3.49599e-06 -6.72356e-13 -2.85352e-10 -7.17437e-09 3.50862e-06 -4.5695e-10 -1.39499e-09 -1.75725e-06 -4.89511e-09 -1.74812e-11 -3.50369e-09 -3.81772e-11 1.37512e-06 -2.85751e-12 -6.69599e-09 -1.06022e-10 -4.83288e-07 -6.26761e-11 -3.62547e-10 9.44151e-07 -4.735e-09 -1.14745e-07 -5.93091e-08 -1.33337e-10 0 -4.08036e-11 2.10935e-06 -1.2921e-08 1.18288e-07 -3.0298e-11 -2.6432e-11 0 -7.95081e-10 0 -8.61456e-13 -2.21709e-09 5.62426e-07 -4.90778e-10 7.0114e-07 -4.33585e-10 -2.44897e-09 -1.17122e-06 
-0.00835863 -0.00557564 -0.000525151 0.007171 -0.00147846 9.97757e-06 -1.75023e-06 -1.79892e-06 5.73998e-06 -0.0009804 7.35599e-05 -1.1683e-07 0.00451595 -1.44593e-05 -8.53942e-05 -0.00322311 -4.13353e-05 3.98305e-05 -0.00445681 7.61998e-05 -0.00552559 -0.00209626 -2.4171e-06 0.00490228 -1.73122e-05 0.000107921 1.26779e-05 5.62239e-05 0.00251724 -3.51888e-06 0.0147596 -1.05317e-06 -0.00506502 7.13539e-05 0.00845159 0 -6.42193e-08 -3.30614e-05 0.000540602 3.50061e-05 8.62513e-06 -0.000176324 4.46527e-08 0.000698244 6.06358e-08 -0.00309686 3.94582e-08 -0.00139303 -1.08157e-05 2.18407e-06 0.00835879 -6.34977e-05 -5.34112e-05 1.28269e-07 0.00227839 0.000202714 -3.5882e-07 -0.0038135 -0.00104447 1.59831e-09 4.49988e-08 1.65948e-05 -0.00237465 1.08625e-06 8.06141e-07 0.00523258 -0.000691843 -2.73178e-06 -1.32044e-05 -4.78258e-06 -0.00800903 -2.23207e-07 1.35009e-05 -2.98797e-06 0.00101115 -5.43434e-06 5.95171e-07 0.0050742 4.69927e-06 -0.00193736 6.25215e-05 -6.91304e-06 0 9.69974e-08 -0.000279464 -0.000998271 -0.0001804 7.20238e-08 6.28335e-08 0 -1.47328e-06 0 -7.79522e-08 5.27042e-06 -0.00141127 -6.14267e-05 -0.00165429 9.37376e-07 -1.7415e-05 -0.00152733 
-1.39629e-06 -4.81819e-06 -3.49593e-06 -0.000153851 5.24665e-06 1.68093e-08 -5.60614e-10 -3.56896e-09 -2.02386e-05 7.9353e-06 0.000106746 -7.78234e-10 -9.67892e-05 -9.5851e-05 -1.08459e-07 0.000102827 -2.15638e-08 9.97354e-05 0.00010615 1.46444e-08 0.000114558 -1.04225e-05 -4.5031e-09 -6.05456e-05 5.6949e-06 1.03425e-05 -3.31018e-07 -5.31246e-07 -0.000144571 -1.22841e-09 -1.05317e-06 0.000194845 -1.03128e-06 -3.54294e-07 -0.000114931 0 -3.18309e-11 -6.70139e-09 4.68783e-05 7.5946e-09 -1.97175e-07 -3.4422e-05 -5.80752e-10 -1.52695e-06 -7.88628e-10 6.39126e-06 -5.13193e-10 -3.33508e-06 -1.30189e-08 -3.24812e-08 -7.82034e-05 -2.16626e-08 1.48589e-06 -2.8388e-09 0.000114978 3.48956e-06 -4.48881e-10 1.76753e-05 6.74705e-07 -2.07876e-11 -8.82237e-09 -2.21814e-07 -1.41404e-07 -1.41277e-08 -4.31296e-08 -3.01014e-05 2.83532e-06 -5.40476e-10 1.28501e-06 -1.18034e-09 -4.39746e-05 -8.83471e-11 -2.07023e-07 -3.27794e-09 -1.44954e-05 -1.93779e-09 -1.1209e-08 -0.000115044 -1.46394e-07 -3.30763e-06 6.18296e-05 -4.12243e-09 0 -1.26154e-09 -7.41418e-07 -3.99485e-07 3.62382e-06 -9.36739e-10 -8.17211e-10 0 -2.45819e-08 0 -2.66341e-11 1.73479e-06 -4.40295e-07 1.48264e-08 1.10499e-05 -1.34054e-08 1.80951e-07 9.21864e-06 
0.00361153 0.00195087 0.000200866 -0.00380825 0.000174373 -7.66023e-06 -1.52226e-08 -9.69098e-08 -2.89245e-06 -0.00010074 -3.00764e-05 -2.11318e-08 -0.00179893 0.00129846 2.37683e-05 -0.000460141 3.99578e-05 -1.50768e-05 -2.63649e-05 -2.53322e-05 0.000992651 0.00140789 -1.22275e-07 -0.00198536 2.33738e-06 -3.78117e-05 -8.9083e-06 -1.98559e-05 0.000368954 7.76644e-07 -0.00506502 -1.03128e-06 0.00526376 -1.94748e-05 -0.00309068 0 -8.64321e-10 3.2808e-05 -0.000247935 -3.40138e-05 -5.49116e-06 8.64978e-05 -1.57694e-08 -0.000246259 -2.1414e-08 0.00146429 -1.3935e-08 0.000939391 -5.01739e-08 -8.81978e-07 -0.00300646 2.58385e-05 -5.67951e-07 9.58336e-09 -0.00080829 -0.000165347 -1.21887e-08 -0.000295399 0.000821114 -5.64454e-10 -2.39558e-07 -5.65301e-06 0.00128829 -3.83617e-07 -5.87786e-07 -0.00198863 5.39047e-06 1.41199e-06 1.69193e-06 -3.20504e-08 0.00194237 -2.39893e-09 -5.37473e-06 -2.34074e-09 -0.000401955 -5.26177e-08 -1.94364e-07 -0.00115589 -3.55512e-06 0.0011935 -3.42843e-05 9.80616e-08 0 -3.42553e-08 4.91256e-07 9.18258e-06 9.74745e-05 -2.54357e-08 -2.21901e-08 0 2.02585e-06 0 7.92768e-08 -1.86129e-06 -2.51888e-06 3.74798e-06 0.000685453 -3.64003e-07 -1.72595e-06 0.000980658 
