2.76592e-05 -3.31883e-09 -4.76152e-08 -4.72064e-10 -2.45128e-08 -9.22996e-09 -3.18579e-09 -1.03362e-06 -1.84353e-07 5.16985e-06 -2.50092e-09 1.04352e-05 -1.10174e-05 4.74556e-08 9.73269e-06 -1.18625e-08 -1.86758e-06 4.20789e-06 5.18315e-06 3.84979e-07 -2.12759e-05 -1.11908e-08 2.1701e-06 -4.57312e-10 -2.55896e-06 -5.05698e-06 -4.714e-06 -1.96468e-06 -2.37879e-08 -1.11459e-08 -4.32782e-07 -1.09017e-05 1.42718e-07 -1.45144e-06 -1.55597e-09 -1.80417e-09 -8.3902e-12 -6.90909e-06 -3.64098e-10 -4.65058e-07 -2.41472e-10 1.13919e-05 8.78963e-07 7.89847e-08 -1.89932e-11 -3.17895e-07 -1.03641e-05 -1.50286e-11 -4.62844e-11 -3.4575e-11 1.23442e-05 -1.89206e-07 -3.33392e-06 -5.23004e-06 3.86198e-06 -2.93001e-08 1.44277e-07 -5.20963e-08 -2.73327e-09 -4.17949e-08 -6.51946e-10 -3.70819e-09 -1.13158e-05 -4.72064e-11 -9.9057e-06 -5.79763e-08 -8.00112e-09 -3.46119e-10 1.04348e-05 3.28343e-06 -4.09442e-09 -1.41158e-09 2.08135e-06 -4.23382e-10 -5.44546e-07 2.844e-08 -1.37277e-09 -2.305e-12 -7.44976e-11 -1.44639e-06 -3.70346e-07 -4.3334e-12 -1.06546e-09 -1.23775e-07 -6.75843e-07 -4.58507e-06 -1.3863e-07 2.94343e-06 -1.70231e-06 -1.0633e-08 -2.89771e-06 0 -6.77037e-08 5.18896e-06 -1.31627e-08 -1.29249e-08 -7.09387e-10 -4.21617e-06 -4.93132e-09 9.86552e-06 
-3.31883e-09 0.000119972 -2.06551e-07 -2.04777e-09 -1.06335e-07 -4.00388e-08 -1.38197e-08 7.12791e-05 3.38471e-05 -1.08454e-05 -1.08488e-08 -3.77896e-05 7.05314e-05 -1.10372e-08 -7.53234e-05 -5.14583e-08 -9.35004e-05 -3.85545e-06 -7.62106e-06 1.90253e-06 -1.34622e-05 9.04789e-07 -1.86486e-06 -1.98378e-09 -1.61325e-05 -2.01634e-05 -0.000110878 -7.60158e-06 -1.0319e-07 -4.83498e-08 -1.87737e-06 1.53165e-05 0.000113444 8.33307e-05 -6.74965e-09 -7.82633e-09 -3.6396e-11 -3.05696e-05 -1.57942e-09 -1.96072e-06 -1.04748e-09 -6.45687e-05 -3.43967e-07 -3.33239e-08 -8.23908e-11 -1.91401e-06 6.65017e-05 -6.51928e-11 -2.00778e-10 -1.49983e-10 -6.4125e-05 -1.74618e-06 -0.000105241 -1.80651e-05 -5.38487e-06 -1.27101e-07 -3.9286e-08 -2.25989e-07 -1.18567e-08 -1.81303e-07 -2.82809e-09 -1.60858e-08 6.70535e-05 -2.04777e-10 -4.08052e-05 -2.51496e-07 -3.47081e-08 -1.50143e-09 -3.89916e-05 -1.85001e-05 -1.77612e-08 -6.12332e-09 -7.31594e-07 -1.8366e-09 -2.36219e-06 1.2337e-07 -5.95494e-09 -9.99889e-12 -3.23164e-10 -4.94432e-06 -2.05595e-06 -1.87979e-11 -4.62189e-09 -5.36924e-07 -2.93175e-06 9.91427e-05 0.000101385 -0.000106264 0.000108005 -4.61249e-08 9.10039e-05 0 1.35297e-06 -6.29765e-05 -5.70985e-08 -5.6067e-08 -3.07726e-09 2.24341e-06 -2.13916e-08 -6.96429e-05 
-4.76152e-08 -2.06551e-07 0.00171848 -2.93794e-08 -1.52558e-06 -5.74435e-07 -1.9827e-07 0.000515209 0.000153626 -0.000155599 2.43525e-08 -0.000539646 0.00100305 -1.5835e-07 -0.00106583 -7.38271e-07 -0.00116485 -2.66774e-05 -0.000109339 2.78586e-05 0.000342247 5.7802e-06 -2.48251e-05 -2.84613e-08 -0.000231403 -0.000261292 -0.00120567 -0.000102674 -5.57128e-07 -6.93674e-07 -2.62146e-05 0.000928019 0.000947397 0.000916095 -9.68371e-08 5.24382e-07 -5.22172e-10 -0.000290166 -2.266e-08 -2.81e-05 -1.50282e-08 -0.000924457 -3.79775e-06 -4.78097e-07 -1.18206e-09 -1.24102e-05 0.000901228 7.57313e-08 -2.88055e-09 -2.15181e-09 -0.000919827 -2.47191e-05 -0.00132414 -0.000335749 0.000418097 -1.54018e-06 -1.73636e-07 -3.10226e-06 -1.70108e-07 -1.26781e-06 -4.05745e-08 -2.30783e-07 0.000981777 2.13729e-07 -0.000436973 -2.55488e-06 -4.97957e-07 -2.1541e-08 -0.000559412 -0.000278706 9.71847e-07 -8.78512e-08 -1.04962e-05 -2.63496e-08 -3.38504e-05 1.76999e-06 -8.54354e-08 -1.43454e-10 -4.63643e-09 0.000120279 -3.0023e-05 -2.69693e-10 -6.63101e-08 1.83677e-06 -4.20617e-05 0.00124348 0.000293922 -0.00117991 0.00135441 -6.61753e-07 0.00134959 0 -3.46027e-06 -0.00089052 -8.19191e-07 3.31561e-06 -4.41494e-08 2.19995e-05 -3.06905e-07 -0.000991406 
-4.72064e-10 -2.04777e-09 -2.93794e-08 1.70664e-05 -1.51248e-08 -5.69503e-09 -1.96568e-09 7.07103e-06 6.4053e-06 4.88737e-06 -1.54311e-09 -5.32845e-06 -1.26108e-06 -1.56991e-09 3.50948e-06 -7.31932e-09 -5.85932e-06 3.68161e-06 3.49933e-06 2.78673e-07 -4.18429e-06 1.97618e-08 -1.15253e-07 -2.82169e-10 -1.33799e-06 4.43643e-06 -8.37581e-06 3.77081e-06 -1.46775e-08 -6.87718e-09 -2.67033e-07 -6.86305e-06 2.35303e-06 -1.30116e-06 -9.60057e-10 -1.1132e-09 -5.17689e-12 -1.47047e-06 -2.24654e-10 -2.86949e-07 -1.48992e-10 1.2892e-06 2.9612e-06 -4.73993e-09 -1.17191e-11 4.57755e-07 -6.4947e-06 -9.27289e-12 -2.85582e-11 -2.13333e-11 -1.94101e-06 7.38293e-07 -7.4574e-06 -1.31276e-06 6.08073e-06 -1.80786e-08 1.13775e-06 -3.21443e-08 -1.68647e-09 2.84088e-06 -4.02261e-10 -2.28801e-09 -7.17855e-06 -2.91271e-11 -6.24595e-06 -3.57723e-08 -4.93682e-09 -2.13561e-10 -2.93943e-06 4.27299e-06 4.14034e-09 -8.70969e-10 2.99273e-07 -2.61234e-10 -3.35994e-07 -3.25912e-06 -8.47019e-10 -1.42222e-12 -4.59662e-11 -7.55781e-07 1.16172e-07 -2.67378e-12 -6.57408e-10 -7.63709e-08 -4.17006e-07 2.70186e-06 3.95446e-06 -4.05811e-06 1.00384e-06 -6.56071e-09 2.38674e-06 0 1.48924e-08 -2.04099e-06 -8.12157e-09 -7.97486e-09 -4.37703e-10 -6.47757e-06 -3.0427e-09 6.20793e-07 
-2.45128e-08 -1.06335e-07 -1.52558e-06 -1.51248e-08 0.000885435 -2.95726e-07 -1.02072e-07 6.86374e-08 0.000247946 0.000119773 -8.01291e-08 7.27567e-05 -0.000362576 -8.15204e-08 0.000328076 -3.5007e-07 8.87404e-05 -2.5043e-05 -3.1079e-05 -7.5806e-05 -0.00032587 3.93812e-06 -1.08171e-05 -1.46522e-08 -9.57312e-05 -0.000155244 1.71946e-05 -6.2842e-05 3.78419e-08 -2.50445e-07 -1.28629e-05 -0.000359256 -2.12058e-05 -7.36403e-05 -4.98528e-08 -5.78052e-08 -2.6882e-10 -0.000223525 -1.16656e-08 -1.42004e-05 -7.7367e-09 0.000351106 -3.94826e-06 -2.4613e-07 -6.08538e-10 0.000103976 -0.0003433 -4.81513e-10 -1.48294e-09 -1.10777e-09 0.000319347 -1.14339e-05 7.90158e-05 -0.000174531 4.72411e-06 9.65457e-06 7.93167e-07 -1.30249e-06 -8.75733e-08 -1.1691e-06 1.25245e-06 -1.1881e-07 -0.000333941 -1.51248e-09 -0.000327755 7.3912e-07 3.70365e-06 -1.10896e-08 2.27249e-05 6.2518e-05 -1.31184e-07 -4.52268e-08 5.14979e-06 -1.35651e-08 1.68362e-05 9.11211e-07 -4.39831e-08 -7.38517e-11 2.48428e-06 -2.52854e-05 2.28496e-05 -1.38841e-10 -3.41372e-08 -3.73904e-06 4.52428e-05 -0.000152413 -4.14166e-06 9.27922e-05 -8.16665e-05 -3.40678e-07 -9.50501e-05 0 -2.16921e-06 0.000162246 -4.21728e-07 -4.1411e-07 -2.27286e-08 3.73646e-06 -1.57998e-07 0.000340845 
-9.22996e-09 -4.00388e-08 -5.74435e-07 -5.69503e-09 -2.95726e-07 0.000333582 -3.84337e-08 -7.39344e-06 0.000104645 0.000172865 -3.01714e-08 -0.000100599 -0.000132669 2.42638e-07 0.000113812 2.83557e-07 -0.000133453 0.000181251 0.000236482 -1.30213e-05 -0.000131684 2.51499e-06 1.77703e-05 -5.51706e-09 0.000112404 -5.92746e-05 -0.000183825 8.19068e-05 -2.10313e-07 -1.14465e-07 -5.19446e-06 -0.000132367 -8.3082e-06 -2.59191e-05 -1.87714e-08 -2.17657e-08 -1.0122e-10 -8.28892e-05 -4.39252e-09 -1.03385e-06 -2.91314e-09 8.1672e-05 -1.42063e-06 1.20657e-07 -2.29136e-10 -4.49302e-06 -8.42787e-05 -1.81307e-10 -5.5838e-10 -4.17117e-10 5.47861e-05 4.67004e-05 -0.000143987 -6.13533e-05 0.000187248 -3.53479e-07 -3.25912e-08 -5.85162e-07 -3.29745e-08 -5.04218e-07 -7.86515e-09 -4.4736e-08 -0.000110696 -5.69503e-10 -0.000118005 -5.19432e-07 2.36807e-07 -4.17562e-09 -0.000103822 0.000161107 -4.93955e-08 -1.70295e-08 6.57204e-06 -5.10773e-09 -1.5228e-06 3.43103e-07 -1.65612e-08 -2.78078e-11 -8.98747e-10 -7.26611e-06 2.2068e-05 -5.22786e-11 3.20479e-07 -1.49323e-06 -8.15344e-06 -5.65189e-05 -1.67244e-06 -1.09294e-05 -3.29106e-05 -7.16106e-08 -3.29125e-05 0 -8.16785e-07 -5.02032e-05 -1.58796e-07 -1.55927e-07 1.84775e-07 -0.000189441 -5.9492e-08 0.000124404 
-3.18579e-09 -1.38197e-08 -1.9827e-07 -1.96568e-09 -1.02072e-07 -3.84337e-08 0.000115163 -4.31539e-06 -2.03082e-05 -8.51398e-06 -1.04139e-08 4.6192e-05 -4.16894e-05 -1.05947e-08 3.61028e-05 -6.0621e-09 1.66411e-05 -1.1709e-06 -7.07888e-06 -7.48267e-06 -3.5302e-05 -4.65986e-08 9.49657e-06 -1.90425e-09 -1.02425e-05 -1.3714e-05 9.14607e-07 5.10396e-05 -7.23864e-08 -4.64116e-08 7.89122e-06 -4.05177e-05 9.5094e-06 -8.06084e-06 1.01876e-08 -7.51259e-09 -3.49369e-11 -2.59997e-05 -1.51611e-09 -7.03177e-07 -1.00549e-09 -6.0457e-05 2.29491e-06 -3.1988e-08 -7.9088e-11 3.95961e-05 -1.7646e-05 -6.25793e-11 -1.92729e-10 -1.43971e-10 -3.47144e-05 1.29382e-06 7.02968e-06 -1.95441e-05 -4.88567e-06 -1.12006e-07 1.73896e-06 1.56974e-06 -1.13814e-08 2.25263e-06 -2.71471e-09 -1.5441e-08 -3.95187e-05 -1.96568e-10 -3.82315e-05 -2.41414e-07 -3.33168e-08 -1.44124e-09 5.55145e-06 -1.73527e-05 1.15295e-06 -5.87785e-09 -7.02266e-07 -1.76297e-09 -1.1875e-06 -2.26491e-06 -5.71622e-09 -9.59806e-12 -3.10209e-10 1.37405e-05 2.92121e-05 -1.80443e-11 -4.43661e-09 -5.15399e-07 7.89114e-07 -1.3135e-05 -3.17256e-07 4.81591e-06 -8.10678e-06 -4.42758e-08 -8.83193e-06 0 2.33475e-06 4.65447e-05 -5.48095e-08 -5.38194e-08 -2.9539e-09 2.05348e-06 -2.05341e-08 3.87856e-05 
-1.03362e-06 7.12791e-05 0.000515209 7.07103e-06 6.86374e-08 -7.39344e-06 -4.31539e-06 0.0396362 0.0170027 0.00318932 7.01833e-06 -0.0130141 0.0138541 -2.56658e-06 -0.0128549 -1.42118e-05 -0.0206304 0.00324629 0.0011594 0.000585449 -0.000286808 4.00322e-05 -0.000491792 -5.33582e-07 0.000439201 0.00147316 -0.015552 -0.00264682 -2.62044e-05 -1.63507e-05 -0.000627575 0.0125671 0.00383583 0.00199463 8.13083e-06 -1.64351e-06 -1.25415e-08 0.00213338 1.85575e-06 -0.000673871 -2.47614e-07 -0.0124868 -3.57123e-05 6.4204e-06 -2.83907e-08 -0.000454996 0.00252267 2.34202e-07 -6.91851e-08 -5.16821e-08 -0.0165511 0.00125405 -0.0189824 -0.00334792 0.0200318 -4.09272e-05 -3.7074e-06 0.000157721 -1.15897e-06 3.31291e-05 -9.74518e-07 -5.50294e-06 0.00766706 -7.05633e-08 -0.00244054 6.40114e-05 0.000117277 -1.80706e-07 -0.0130934 0.000366646 6.90264e-05 -1.90667e-06 0.000839846 -6.32864e-07 -0.000784305 -1.47684e-05 4.91468e-06 -3.44547e-09 1.08864e-06 0.0110995 -0.000718301 -6.47749e-09 4.92736e-06 0.00163104 -0.00101023 0.0142644 0.00334912 -0.0159603 0.012783 1.11827e-05 0.0137192 0 -3.65888e-06 -0.0175479 -1.8442e-05 0.00038725 7.59621e-07 -0.00409543 -6.50458e-06 -0.0176931 
-1.84353e-07 3.38471e-05 0.000153626 6.4053e-06 0.000247946 0.000104645 -2.03082e-05 0.0170027 0.207896 0.0626805 -1.10654e-05 -0.0897544 -0.027557 1.48684e-05 0.0209505 0.000239617 -0.0567677 0.0171532 0.0144832 0.000496164 -0.0238435 0.000264893 0.0020743 -4.30414e-06 -0.017334 -0.00247168 -0.032387 -0.0103119 -0.000192847 0.000154498 -0.00408084 -0.0285848 0.00860666 -0.0074652 -4.57719e-06 -1.14126e-05 -8.94247e-08 -0.0520427 1.15603e-06 -0.00199401 -2.57366e-06 0.0406649 0.00123403 0.000155367 -2.02434e-07 -0.00397119 -0.0359008 6.3155e-08 -3.29977e-07 5.14825e-07 0.0250059 -0.00114035 -0.0465578 -0.00508805 0.0297139 -0.00026012 -1.69723e-05 0.000781849 -2.67618e-05 0.00091995 -6.88859e-06 -3.28028e-05 -0.0301517 8.30197e-07 -0.0501171 0.000832105 0.000159459 2.13099e-06 -0.0813377 0.102232 0.000102571 -1.3345e-05 0.0042136 -4.51251e-06 -0.00569242 -0.000511576 -3.88126e-06 -2.45672e-08 1.89932e-06 0.0275242 -0.00156972 -4.61864e-08 2.5554e-05 0.000992608 -0.00680781 0.0362338 0.00146937 -0.0490327 0.0329829 0.000129888 0.0350396 0 0.000998329 -0.0315729 -1.66873e-05 -0.000123093 -6.78414e-06 -0.0129248 -1.23425e-05 0.0237613 
5.16985e-06 -1.08454e-05 -0.000155599 4.88737e-06 0.000119773 0.000172865 -8.51398e-06 0.00318932 0.0626805 0.0822184 -8.17263e-06 -0.0284358 -0.0368099 2.70888e-05 0.0332264 0.000251249 -0.0105927 0.0225019 0.0257817 0.000867228 -0.0245573 0.000296824 0.00535518 -1.49442e-06 0.00452669 -0.014364 -0.0178417 -0.00644304 -7.76217e-05 -3.47996e-05 -0.00141133 -0.0365296 -0.00132733 -0.0076679 -5.08466e-06 -5.57241e-06 -2.74179e-08 -0.0222787 2.33685e-06 -0.00145621 -6.62425e-07 0.0413217 0.000490352 3.02564e-05 -6.20668e-08 -0.00127655 -0.0351157 9.42222e-08 -1.5125e-07 7.70348e-07 0.0359493 0.000898397 -0.00999822 -0.0174537 0.0215956 -4.96213e-05 4.64083e-05 -0.000159706 -8.93189e-06 0.000291014 -2.07046e-06 -1.21111e-05 -0.0352115 -4.09298e-08 -0.0330702 0.000571263 0.000187697 3.88227e-06 -0.0237274 0.073042 4.43668e-05 -4.61283e-06 0.00540095 -1.38355e-06 -0.00164285 -0.000293603 -3.17932e-06 -7.53238e-09 2.44989e-06 -0.00116972 -0.00116538 -1.41609e-08 3.29382e-05 -2.2436e-05 -0.00206765 -0.0153036 -0.000437346 0.00878672 -0.00873112 3.77647e-06 -0.0098282 0 0.000112628 -0.0400646 -4.30135e-05 -4.19831e-05 -2.31816e-06 -0.0161207 -1.18448e-05 0.0330253 
-2.50092e-09 -1.08488e-08 2.43525e-08 -1.54311e-09 -8.01291e-08 -3.01714e-08 -1.04139e-08 7.01833e-06 -1.10654e-05 -8.17263e-06 9.04085e-05 -2.84766e-05 5.3106e-05 -8.31713e-09 -5.66937e-05 -3.87767e-08 -6.88678e-05 -2.9053e-06 -5.74289e-06 1.47637e-06 -7.00601e-05 -3.65811e-08 -1.40527e-06 -1.49489e-09 -1.21567e-05 -9.68721e-06 3.31602e-06 -5.73675e-06 -7.77592e-08 -3.64343e-08 -1.4147e-06 5.34841e-05 -2.19764e-06 4.8239e-05 -5.08624e-09 -5.89758e-09 -2.74264e-11 -2.16121e-05 -1.19018e-09 -1.52021e-06 -7.89337e-10 -4.86128e-05 5.92555e-07 -2.51114e-08 -6.20861e-11 -1.44231e-06 4.5788e-05 -4.91264e-11 -1.51297e-10 -1.13021e-10 -4.76584e-05 -1.31585e-06 -7.47414e-05 6.42546e-05 7.2822e-06 -9.57778e-08 -2.96042e-08 -1.70296e-07 -8.93467e-09 -1.36622e-07 -2.13112e-09 -1.21216e-08 5.19039e-05 -1.54311e-10 4.90515e-05 8.6715e-07 -2.61545e-08 -1.13141e-09 -2.93824e-05 -1.17352e-06 -1.33841e-08 -4.61426e-09 -5.51297e-07 -1.38398e-09 -1.78005e-06 -5.337e-07 -4.48738e-09 -7.53472e-12 -2.43522e-10 -4.58472e-06 -1.59197e-06 -1.41653e-11 -3.48285e-09 1.47873e-06 -2.20924e-06 7.39029e-05 -4.53161e-07 -7.57125e-05 6.77473e-05 1.31909e-07 7.29231e-05 0 -2.21314e-07 -3.62564e-05 2.26973e-07 -4.22496e-08 -2.31889e-09 -6.03613e-06 2.11388e-06 -5.24365e-05 
1.04352e-05 -3.77896e-05 -0.000539646 -5.32845e-06 7.27567e-05 -0.000100599 4.6192e-05 -0.0130141 -0.0897544 -0.0284358 -2.84766e-05 0.215756 -0.128863 1.7009e-05 0.116476 -7.96574e-05 0.0693949 -0.00771591 -0.0191623 0.000227218 -0.0349301 -0.000127416 0.00379087 -4.92047e-06 0.0340612 -0.0564575 0.015978 -0.0143773 -5.38018e-05 -6.15048e-05 0.00848902 -0.127737 -0.00769727 -0.0221604 9.53979e-06 -1.99763e-05 -9.55342e-08 -0.0802835 8.34234e-07 -0.00523775 -1.58616e-06 0.100601 -0.00145342 -8.74705e-05 -2.16264e-07 0.00644332 -0.118889 -1.71122e-07 7.12987e-07 -2.70184e-08 0.123927 -0.00385241 0.0384936 -0.0618913 -0.0139856 0.000566404 8.49964e-05 -0.00015212 -3.11221e-05 -0.000475837 1.59467e-05 7.09803e-05 -0.130755 -5.37511e-07 -0.1159 -0.000659782 -7.1064e-05 -3.91772e-06 0.193345 -0.0501533 -4.66207e-05 2.52505e-05 -0.00190666 -2.4108e-06 0.0109905 0.00032058 -1.55909e-05 -2.62457e-08 -8.4826e-07 -0.0156555 0.00624352 -4.93419e-08 -1.21318e-05 -0.00140557 0.0155423 -0.0544663 -0.00157807 0.0358273 -0.0312926 -8.64446e-05 -0.0342345 0 -0.000770625 0.143342 -0.000149852 -0.000144881 1.20263e-06 0.00586502 -5.59033e-05 0.131037 
-1.10174e-05 7.05314e-05 0.00100305 -1.26108e-06 -0.000362576 -0.000132669 -4.16894e-05 0.0138541 -0.027557 -0.0368099 5.3106e-05 -0.128863 0.242286 -3.63844e-05 -0.218476 -0.000174967 -0.0985357 -0.0131919 -0.026109 -0.00298376 0.0313971 -0.000101032 -0.00640382 -6.60126e-06 -0.044003 0.0962568 -0.00780587 -0.0285948 0.000230074 -0.000163776 -0.00640699 0.238209 0.0128521 0.0421633 -1.21294e-05 3.77653e-05 1.78308e-07 0.149285 -1.93224e-06 0.00884892 -3.59827e-06 -0.221748 0.00193587 -9.73828e-05 4.03641e-07 -0.00578895 0.219014 7.27194e-08 -6.89703e-07 -5.15216e-07 -0.218302 -0.00590614 -0.051274 0.115619 -0.00484768 -0.000434895 -0.000129914 -0.000460428 5.65104e-05 0.000814504 -9.71492e-06 -5.52573e-05 0.227039 8.66558e-07 0.216932 0.000293642 -0.000115331 -5.04766e-06 -0.132261 -0.0649078 3.76208e-05 -1.11546e-05 -0.00248127 -6.92326e-07 -0.00811294 -0.000561144 2.33405e-05 4.89856e-08 -1.11012e-06 0.0112284 -0.00690328 9.20929e-08 -1.02036e-05 0.00222043 -0.0100671 0.101858 0.00293011 -0.0649015 0.0581161 0.000141334 0.0637146 0 0.00141825 -0.182423 0.000279731 0.000271485 -1.04575e-05 0.00705674 0.00010411 -0.239034 
4.74556e-08 -1.10372e-08 -1.5835e-07 -1.56991e-09 -8.15204e-08 2.42638e-07 -1.05947e-08 -2.56658e-06 1.48684e-05 2.70888e-05 -8.31713e-09 1.7009e-05 -3.63844e-05 9.19782e-05 3.28173e-05 6.87722e-06 -1.91879e-05 3.10876e-05 2.77041e-05 -3.95313e-05 -6.89447e-05 2.4945e-07 -1.42967e-06 -1.52085e-09 8.58883e-06 -1.43176e-05 -1.42975e-05 -5.67588e-06 8.90547e-10 -3.70669e-08 -8.25935e-07 -3.64097e-05 -9.29673e-07 -7.75543e-06 -5.17456e-09 -5.99998e-09 -2.79026e-11 -2.18135e-05 -1.21085e-09 -1.54661e-06 -8.03044e-10 3.06656e-05 1.08864e-06 2.04453e-07 -6.31642e-11 -1.12736e-06 -3.51387e-05 -4.99794e-11 -1.53924e-10 -1.14983e-10 4.05458e-05 -9.88694e-07 -7.78252e-06 -1.77581e-05 1.44384e-05 8.02559e-07 7.98817e-08 -1.73253e-07 -9.08982e-09 -1.38994e-07 -2.16813e-09 -1.2332e-08 -3.67435e-05 -1.56991e-10 -3.06796e-05 3.38595e-08 -2.66087e-08 -1.15106e-09 3.08474e-05 2.62316e-05 -1.36165e-08 -4.69439e-09 -2.8087e-07 -1.40801e-09 9.89046e-07 9.45807e-08 -4.5653e-09 -7.66556e-12 -2.47751e-10 -3.51682e-06 -1.16962e-06 -1.44112e-11 -3.54333e-09 -4.11627e-07 3.84357e-05 -1.59798e-05 -4.6103e-07 1.04537e-05 -9.14205e-06 -3.53612e-08 -9.72802e-06 0 -2.25157e-07 -7.90039e-06 -4.3774e-08 -4.29832e-08 -2.35915e-09 -3.64068e-05 -1.63997e-08 3.44422e-05 
9.73269e-06 -7.53234e-05 -0.00106583 3.50948e-06 0.000328076 0.000113812 3.61028e-05 -0.0128549 0.0209505 0.0332264 -5.66937e-05 0.116476 -0.218476 3.28173e-05 0.233676 0.000155703 0.101963 0.0117934 0.0234735 0.00266917 -0.0262317 8.28068e-05 0.00572709 6.15429e-06 0.0390659 -0.0869248 0.00921196 0.0259291 -0.000189174 0.000146616 0.00581063 -0.21752 -0.0126285 -0.0382155 9.17281e-06 -3.9537e-05 -1.20422e-07 -0.13841 4.17319e-06 -0.00848318 3.24961e-06 0.200155 -0.00210173 9.07609e-05 -4.31065e-07 0.00559916 -0.206854 -9.44188e-08 6.22874e-07 4.65294e-07 0.197006 0.00530852 0.0540437 -0.118247 0.0038066 0.00039305 0.000116977 0.000369608 -3.15236e-05 -0.000863581 8.77358e-06 4.97364e-05 -0.207537 -9.34719e-07 -0.194977 -0.000376953 0.000107419 4.5479e-06 0.11995 0.0585178 -1.70493e-05 9.33307e-06 0.00225667 5.36435e-06 0.00732569 0.000595211 -2.60526e-05 -5.23137e-08 1.00255e-06 -0.013005 0.00625706 -9.83498e-08 1.35252e-05 -0.00232877 0.00909158 -0.104278 -0.00272916 0.0672982 -0.0614151 -0.00012316 -0.0662424 0 -0.0015315 0.165584 -0.00029793 -0.00028857 9.43326e-06 -0.00620969 -0.000106877 0.21588 
-1.18625e-08 -5.14583e-08 -7.38271e-07 -7.31932e-09 -3.5007e-07 2.83557e-07 -6.0621e-09 -1.42118e-05 0.000239617 0.000251249 -3.87767e-08 -7.96574e-05 -0.000174967 6.87722e-06 0.000155703 0.000428683 -0.000208424 0.00024027 0.000122447 -0.000187604 -0.000279019 -9.68456e-08 -4.53219e-06 -7.0906e-09 -4.69522e-05 -1.99981e-05 -9.865e-05 -3.00774e-05 -3.6883e-07 -1.72816e-07 -2.52692e-06 -0.000172997 -1.05832e-05 -3.4764e-05 -2.41252e-08 -2.79735e-08 -1.3009e-10 -0.000109631 -5.64531e-09 -6.9107e-06 -3.74401e-09 0.000174466 -1.3667e-06 5.72709e-05 -2.94488e-10 -4.68121e-06 -0.000165356 -2.33018e-10 -7.17637e-10 7.94639e-08 0.000141152 -3.60135e-06 -8.33924e-05 -8.42593e-05 0.000137716 1.91904e-06 6.24714e-09 2.10558e-06 -4.23792e-08 -6.28028e-07 -1.01084e-08 -5.74953e-08 -0.000165208 -7.31932e-10 -0.000158494 1.37775e-06 -1.24057e-07 -5.36655e-09 0.000176293 0.000247111 -6.34837e-08 -2.18865e-08 1.53417e-05 -6.56452e-09 -3.82982e-06 -9.15706e-07 -2.12847e-08 -3.57389e-11 -1.15508e-09 6.99171e-05 -5.66443e-06 -6.71891e-11 -1.65199e-08 -1.59578e-06 5.91511e-05 -7.35189e-05 -2.14944e-06 4.62088e-05 -4.1486e-05 -1.64863e-07 -5.70447e-06 0 -1.04974e-06 -0.000139123 -2.04086e-07 -2.00399e-07 -1.0999e-08 -0.000297851 -7.64598e-08 0.000149076 
-1.86758e-06 -9.35004e-05 -0.00116485 -5.85932e-06 8.87404e-05 -0.000133453 1.66411e-05 -0.0206304 -0.0567677 -0.0105927 -6.88678e-05 0.0693949 -0.0985357 -1.91879e-05 0.101963 -0.000208424 0.172016 -0.0168441 -0.00994822 0.00537453 0.0337715 -0.000299361 -0.00322392 3.30295e-06 0.01358 -0.0212662 0.0380954 0.0149817 -0.000224462 8.70174e-05 0.00344142 -0.0953016 -0.0179956 -0.0467179 5.04209e-07 -4.97517e-05 -1.49708e-07 -0.00328597 -9.4095e-07 -0.00810692 1.92709e-06 0.0877727 -0.00223942 -3.99063e-05 4.49103e-08 0.00340665 -0.0879334 -1.80063e-07 3.69377e-07 -6.07404e-07 0.0879597 0.000372396 0.0946171 -0.0906384 -0.02794 0.000184362 -6.93425e-06 6.07929e-05 1.46831e-05 -0.00115157 5.14292e-06 2.95536e-05 -0.0890939 -1.14993e-06 -0.0684914 -0.000746808 -0.000115443 -2.2111e-06 0.0672834 0.00346944 -0.000113567 9.8186e-06 -0.0044292 -5.77116e-06 0.00424849 0.000707655 -8.63118e-06 -6.49381e-08 -2.0988e-06 -0.023442 0.00335044 3.45831e-08 -2.8457e-05 -0.00336823 0.00523834 -0.124927 -0.00390555 0.0873764 -0.0765793 -0.000207923 -0.0846476 0 -0.00187529 0.0894946 -0.000363198 -0.000318505 5.54799e-06 0.0141024 -0.000138485 0.101724 
4.20789e-06 -3.85545e-06 -2.66774e-05 3.68161e-06 -2.5043e-05 0.000181251 -1.1709e-06 0.00324629 0.0171532 0.0225019 -2.9053e-06 -0.00771591 -0.0131919 3.10876e-05 0.0117934 0.00024027 -0.0168441 0.0310998 0.0192894 4.9779e-05 -0.020784 0.000283186 0.00569154 -5.31255e-07 0.0108813 -0.00529308 -0.0184194 -0.00212096 -2.76341e-05 -1.25147e-05 -0.000490525 -0.0130597 0.000335874 -0.00262165 -1.80755e-06 -2.09588e-06 -9.74681e-09 -0.0082088 -4.22969e-07 -0.000539874 -2.80515e-07 0.0141683 0.000304895 1.29026e-05 -2.20642e-08 -0.0003848 -0.012428 -1.74586e-08 -5.37681e-08 8.43168e-07 0.0141783 0.00167228 -0.0156273 -0.00632304 0.0197865 3.14491e-05 5.18259e-05 -5.96964e-05 -3.17521e-06 -4.33194e-05 -7.40692e-07 -3.1311e-06 -0.0130038 5.84942e-08 -0.0118847 -5.15504e-05 0.000107432 5.40792e-06 -0.00339862 0.0217025 -4.32978e-06 -6.5982e-07 0.00546378 -4.91839e-07 -0.000614137 1.03847e-06 -8.08061e-07 -2.67769e-09 -6.32098e-08 0.000587201 -0.00032121 -5.03407e-09 3.06489e-05 0.000167486 -0.000689886 -0.00552971 -0.000160031 0.00265424 -0.00298713 2.00245e-05 -0.00343282 0 -7.8304e-05 -0.0112887 -1.52909e-05 -1.44847e-05 -8.24087e-07 -0.0168904 -5.57199e-06 0.0109082 
5.18315e-06 -7.62106e-06 -0.000109339 3.49933e-06 -3.1079e-05 0.000236482 -7.07888e-06 0.0011594 0.0144832 0.0257817 -5.74289e-06 -0.0191623 -0.026109 2.77041e-05 0.0234735 0.000122447 -0.00994822 0.0192894 0.0594816 0.000499438 -0.0207039 0.000262313 0.00516777 -1.43462e-07 0.00645535 -0.0109503 -0.0160092 0.0199687 -4.41176e-05 2.5819e-05 -0.000805227 -0.0258394 -0.000994208 -0.00541453 -3.57298e-06 -4.14293e-06 -1.92665e-08 -0.0161975 -7.99414e-07 -0.000805251 1.15551e-06 0.0285301 0.00019937 -1.66736e-05 -4.36142e-08 -0.000876012 -0.0245385 -3.45103e-08 -4.29499e-08 8.03938e-07 0.0232253 0.00396093 -0.0109849 -0.012475 0.0164501 -6.5186e-06 3.0287e-05 -0.000105469 -6.27643e-06 -9.55706e-05 -1.43374e-06 -8.44182e-06 -0.0253069 4.93292e-09 -0.0232623 -0.000120521 1.86636e-05 8.67187e-06 -0.0157487 0.0258645 8.09796e-06 -2.76809e-06 0.00468705 5.21117e-07 -0.000877179 3.39504e-05 -2.60896e-06 -5.29299e-09 -1.47736e-07 -0.00125012 -2.09834e-05 -9.95082e-09 2.99767e-05 8.1272e-05 -0.00130611 -0.0110249 -0.000318326 0.00629974 -0.00612997 -1.99799e-05 -0.00691421 0 -0.000155468 -0.00145231 -3.02255e-05 -2.94195e-05 9.31103e-06 -0.0141105 -1.13205e-05 0.0244794 
3.84979e-07 1.90253e-06 2.78586e-05 2.78673e-07 -7.5806e-05 -1.30213e-05 -7.48267e-06 0.000585449 0.000496164 0.000867228 1.47637e-06 0.000227218 -0.00298376 -3.95313e-05 0.00266917 -0.000187604 0.00537453 4.9779e-05 0.000499438 0.0160619 0.00273317 5.51957e-06 0.000240967 5.6631e-08 -0.000361544 -0.00305844 -0.000754102 0.00108487 -0.000108537 -0.00025906 0.000142443 -0.00197735 -0.00010544 0.00125409 -2.44802e-07 -1.14483e-05 4.95297e-09 -0.00182848 7.82706e-08 -0.00969813 1.42548e-07 0.00293689 6.9037e-05 -7.19384e-05 1.12122e-08 0.000247766 -0.0029926 8.87181e-09 2.7323e-08 -2.62923e-07 0.0036504 0.000207821 -0.00188811 -0.00618886 0.000537934 -0.000765903 1.72294e-06 -0.000385113 9.10193e-07 2.24861e-05 -1.37651e-05 -1.09576e-05 -0.00290125 2.78673e-08 -0.00378186 -6.80849e-05 4.10329e-06 -5.75676e-07 0.000160737 0.000552152 2.41705e-06 -2.20004e-06 7.83563e-05 -1.95673e-06 -0.00299659 3.88911e-05 7.73716e-07 1.36071e-09 4.39781e-08 -0.00108943 -0.00138854 2.55813e-09 6.28973e-07 6.58677e-05 -0.00151634 -0.000675012 8.1007e-05 -0.000366153 0.00156311 -7.23431e-05 0.00107078 0 3.70107e-05 0.00187145 7.05362e-06 7.55659e-06 3.12105e-07 7.80404e-05 -4.96557e-06 0.00303336 
-2.12759e-05 -1.34622e-05 0.000342247 -4.18429e-06 -0.00032587 -0.000131684 -3.5302e-05 -0.000286808 -0.0238435 -0.0245573 -7.00601e-05 -0.0349301 0.0313971 -6.89447e-05 -0.0262317 -0.000279019 0.0337715 -0.020784 -0.0207039 0.00273317 0.160551 -0.000285781 -0.0110637 -3.60478e-06 -0.063838 0.00187927 0.0130713 0.00981873 5.19369e-05 8.00329e-05 0.00218975 0.0307994 0.00219626 0.00535369 4.57744e-08 -1.12913e-05 -3.57208e-08 0.0363463 1.03812e-06 0.00183523 1.4407e-06 -0.0182566 -0.00208997 -2.36384e-05 3.12987e-08 -0.00465656 0.0327415 -3.08333e-08 3.36207e-07 -9.9885e-07 -0.0423372 -0.00304199 0.0298622 -0.0100476 -0.015267 -0.000737236 -0.000174275 0.000360001 1.95376e-05 -0.0010867 -1.63943e-05 2.20761e-05 0.0332631 2.29571e-07 0.0231065 0.000108222 -0.000180587 -4.61915e-06 -0.0448017 -0.0121053 -8.39284e-05 -1.1297e-06 -0.00472642 -7.11245e-07 -0.011495 0.000692174 8.08168e-06 1.67434e-08 5.17812e-07 0.00670983 0.00187405 3.14775e-08 -2.47672e-05 -0.000613063 -0.0173429 -0.0159559 0.00075648 0.0232103 -0.0108449 -0.000227913 -0.0139864 0 -0.00165927 -0.00906439 -0.000184827 5.80054e-05 4.98294e-06 0.0140732 -0.000136073 -0.0306258 
-1.11908e-08 9.04789e-07 5.7802e-06 1.97618e-08 3.93812e-06 2.51499e-06 -4.65986e-08 4.00322e-05 0.000264893 0.000296824 -3.65811e-08 -0.000127416 -0.000101032 2.4945e-07 8.28068e-05 -9.68456e-08 -0.000299361 0.000283186 0.000262313 5.51957e-06 -0.000285781 0.00040442 -4.14811e-06 -6.68911e-09 0.000221823 -4.49752e-05 -0.000296611 -2.62912e-05 -3.47946e-07 -1.63031e-07 -6.33031e-06 -0.000112276 3.16803e-05 5.23831e-06 -2.27592e-08 -2.63896e-08 -1.22724e-10 -0.000102635 4.67433e-09 -5.76575e-06 -3.53201e-09 0.000120277 -5.12555e-08 -1.12365e-07 -2.77814e-10 9.91282e-06 -9.27568e-05 -2.19824e-10 -6.77003e-10 -5.05729e-10 0.00012372 1.33587e-05 -0.000310445 -7.40279e-05 0.000285996 1.15476e-06 -1.32469e-07 -7.62014e-07 -3.99796e-08 -5.74668e-07 -9.53603e-09 -5.42398e-08 -0.000113767 -6.90489e-10 -0.000123369 -8.4802e-07 -7.03247e-09 -5.06269e-09 -0.000126293 0.000266353 -5.98891e-08 -2.06472e-08 0.000100946 -6.19282e-09 -7.85842e-06 3.32659e-07 2.47659e-06 -3.37153e-11 -1.08968e-09 -1.07097e-05 -6.67354e-06 -6.33847e-11 5.87749e-07 3.34955e-06 -9.84223e-06 -5.8138e-06 1.09256e-05 -0.000148342 2.41873e-05 1.79114e-06 1.30453e-05 0 5.93031e-07 -0.000210914 4.74136e-07 -1.89052e-07 -1.03762e-08 -0.000297389 -7.21305e-08 6.29142e-05 
2.1701e-06 -1.86486e-06 -2.48251e-05 -1.15253e-07 -1.08171e-05 1.77703e-05 9.49657e-06 -0.000491792 0.0020743 0.00535518 -1.40527e-06 0.00379087 -0.00640382 -1.42967e-06 0.00572709 -4.53219e-06 -0.00322392 0.00569154 0.00516777 0.000240967 -0.0110637 -4.14811e-06 0.0153006 -1.33631e-07 0.00709109 -0.00276968 -0.0057973 -0.000990489 -1.30964e-05 -2.32955e-06 0.000315073 -0.00633955 -0.000305653 -0.00128383 6.44237e-06 -9.20432e-07 -4.71446e-09 -0.0039737 -2.04587e-07 -0.000261317 -1.35683e-07 0.000472326 -6.21735e-05 -4.31653e-06 -1.06723e-08 0.000456997 -0.00601389 -8.44459e-09 -2.60073e-08 3.60572e-07 0.00568987 5.75058e-05 -0.00472374 -0.00306216 0.0057055 -1.42271e-05 0.000163678 -2.60597e-05 -1.53583e-06 -1.84546e-05 1.07004e-07 -2.08364e-06 -0.00592309 -2.65253e-08 -0.00576632 -3.25769e-05 1.7175e-06 -7.78179e-08 0.00530671 0.00425274 1.86427e-05 6.68016e-06 0.000231405 -2.37899e-07 -0.000301121 -1.52285e-06 -1.41359e-07 -1.29518e-09 -4.18603e-08 -0.00065938 -0.0002626 -2.43494e-09 1.77798e-06 0.000191254 0.00011475 -0.00269723 -7.59028e-05 0.00143043 -0.00153536 -5.74134e-06 -0.00169115 0 -3.80428e-05 0.000557528 -7.39611e-06 -7.2625e-06 -3.85272e-07 -0.00505678 -2.77091e-06 0.00551422 
-4.57312e-10 -1.98378e-09 -2.84613e-08 -2.82169e-10 -1.46522e-08 -5.51706e-09 -1.90425e-09 -5.33582e-07 -4.30414e-06 -1.49442e-06 -1.49489e-09 -4.92047e-06 -6.60126e-06 -1.52085e-09 6.15429e-06 -7.0906e-09 3.30295e-06 -5.31255e-07 -1.43462e-07 5.6631e-08 -3.60478e-06 -6.68911e-09 -1.33631e-07 1.65331e-05 4.87039e-06 -1.99606e-06 8.40415e-07 1.4569e-05 -1.42188e-08 -6.66227e-09 -2.58689e-07 -6.74545e-06 -4.42691e-07 -1.4155e-06 -9.30055e-10 -1.07841e-09 -5.01511e-12 -4.0141e-06 -2.17634e-10 -6.46481e-08 -1.44336e-10 -3.29046e-06 -7.63328e-08 -4.5918e-09 -1.13529e-11 7.01626e-06 -2.72747e-06 -8.98311e-12 -2.76658e-11 -2.06667e-11 -1.42932e-06 5.54939e-06 2.02398e-06 -3.04434e-06 -6.08664e-07 -1.75136e-08 -5.41334e-09 -3.11398e-08 -1.63377e-09 -2.49823e-08 -3.89691e-10 -2.21651e-09 -2.9063e-06 -2.82169e-11 -5.94076e-06 -3.46544e-08 -4.78254e-09 -2.06887e-10 -5.34278e-06 -2.68377e-06 -2.44737e-09 -8.43751e-10 -1.00809e-07 -2.5307e-10 8.34506e-07 1.69996e-08 -8.20549e-10 -1.37778e-12 -4.45298e-11 -8.64558e-07 1.49556e-06 -2.59022e-12 -6.36864e-10 -7.39844e-08 -3.77308e-07 -2.87215e-06 -8.28637e-08 -4.42578e-06 -1.64316e-06 -6.35569e-09 -1.8018e-06 0 -4.04688e-08 7.64227e-06 -7.86777e-09 -7.72564e-09 -4.24025e-10 3.09126e-07 -2.94762e-09 6.57368e-06 
-2.55896e-06 -1.61325e-05 -0.000231403 -1.33799e-06 -9.57312e-05 0.000112404 -1.02425e-05 0.000439201 -0.017334 0.00452669 -1.21567e-05 0.0340612 -0.044003 8.58883e-06 0.0390659 -4.69522e-05 0.01358 0.0108813 0.00645535 -0.000361544 -0.063838 0.000221823 0.00709109 4.87039e-06 0.116375 -0.0234303 -0.00649291 0.000973271 -0.000106604 -4.8619e-05 -0.00192185 -0.0434636 -0.00355897 -0.0113689 -6.8934e-06 -8.71656e-06 -4.07839e-08 -0.0240212 -1.76651e-06 -0.0022004 -1.17377e-06 0.0225483 -0.000583278 -3.46482e-05 -9.23241e-08 0.004636 -0.040135 -7.30525e-08 -1.21651e-07 7.15268e-07 0.0462816 0.00829692 0.00369484 -0.0264608 0.00959145 -0.000115538 -2.15858e-05 -0.000252248 -1.28995e-05 -0.000197024 -1.93905e-06 -1.72985e-05 -0.0453245 -2.26132e-07 -0.0378396 -0.000280764 1.54474e-05 -7.52449e-07 0.0458552 -0.00341039 -1.68559e-05 -4.77823e-06 0.000457303 -2.05802e-06 0.00952632 0.000100101 -6.52621e-06 -1.12044e-08 -3.62125e-07 -0.00688361 3.42551e-05 -2.10642e-08 6.60089e-06 -0.000564476 -0.00298558 -0.0233177 -0.000673295 0.0133689 -0.0133187 2.15242e-05 -0.01465 0 -0.000329101 0.030745 -6.39257e-05 -6.09965e-05 -3.09159e-06 -0.0103823 -2.38906e-05 0.0415841 
-5.05698e-06 -2.01634e-05 -0.000261292 4.43643e-06 -0.000155244 -5.92746e-05 -1.3714e-05 0.00147316 -0.00247168 -0.014364 -9.68721e-06 -0.0564575 0.0962568 -1.43176e-05 -0.0869248 -1.99981e-05 -0.0212662 -0.00529308 -0.0109503 -0.00305844 0.00187927 -4.49752e-05 -0.00276968 -1.99606e-06 -0.0234303 0.149401 0.00399816 -0.00824917 -9.41458e-05 -7.01084e-05 -0.00270387 0.093716 -0.00385403 -0.0113163 -9.45459e-06 -9.88486e-07 -5.54573e-08 0.0909335 3.65006e-06 0.00405323 -1.66074e-07 -0.0884356 0.001441 0.000130244 -1.25541e-07 -0.00266301 0.0752622 4.06644e-08 -2.72596e-07 -2.28533e-07 -0.0911654 -0.0024455 -0.00907875 0.0212349 -0.00600353 -0.000185303 -5.49843e-05 -0.000236265 -4.64296e-06 0.00107992 -4.30922e-06 -2.45103e-05 0.0906153 -3.12024e-07 0.0996806 -0.000162963 -3.64756e-05 -1.65443e-06 -0.0577954 -0.0285045 6.91802e-05 -7.80024e-06 -0.000919226 -2.5118e-06 -0.00358472 -0.000809478 -7.18367e-06 -1.52355e-08 -4.92412e-07 -0.00927568 -0.00293902 -1.19761e-08 7.2753e-07 -0.000738779 -0.00423238 0.0123885 0.0004915 -0.0198191 0.00630997 -8.01816e-06 0.0101364 0 0.00138411 -0.0859473 -2.89122e-05 -8.29038e-05 -4.68555e-06 0.00278521 2.87984e-05 -0.0956555 
-4.714e-06 -0.000110878 -0.00120567 -8.37581e-06 1.71946e-05 -0.000183825 9.14607e-07 -0.015552 -0.032387 -0.0178417 3.31602e-06 0.015978 -0.00780587 -1.42975e-05 0.00921196 -9.865e-05 0.0380954 -0.0184194 -0.0160092 -0.000754102 0.0130713 -0.000296611 -0.0057973 8.40415e-07 -0.00649291 0.00399816 0.0482477 0.00335797 4.2209e-05 2.04831e-05 0.000794435 -0.00611014 -0.0168446 -0.0131156 1.40611e-06 -1.95109e-06 1.54189e-08 0.0104143 -1.68755e-06 0.000822564 4.43759e-07 0.00528105 -0.002073 -4.05922e-06 3.49043e-08 0.0008011 -0.00379367 -2.69048e-07 8.50581e-08 -8.19794e-07 0.00583598 -0.00146932 0.0422345 0.0060323 -0.0263076 1.02722e-05 -5.95667e-05 4.36522e-05 2.39967e-06 -0.00130595 1.18143e-06 6.81465e-06 -0.00616666 -1.43991e-06 0.0150304 -0.000990202 -0.000144509 -4.48726e-06 0.0130618 -0.014046 -0.000137972 2.2241e-06 -0.00461149 7.78061e-07 0.000944964 0.000739492 -6.8439e-06 4.23596e-09 -2.27643e-06 -0.0184707 0.000740003 7.96361e-09 -3.10986e-05 -0.00174197 0.0012413 -0.0198705 -0.0044129 0.0223624 -0.0214814 -2.01762e-05 -0.0201132 0 -0.00165692 0.0261429 2.17027e-05 -0.000385371 1.30366e-06 0.0143733 -3.52176e-05 0.00941151 
-1.96468e-06 -7.60158e-06 -0.000102674 3.77081e-06 -6.2842e-05 8.19068e-05 5.10396e-05 -0.00264682 -0.0103119 -0.00644304 -5.73675e-06 -0.0143773 -0.0285948 -5.67588e-06 0.0259291 -3.00774e-05 0.0149817 -0.00212096 0.0199687 0.00108487 0.00981873 -2.62912e-05 -0.000990489 1.4569e-05 0.000973271 -0.00824917 0.00335797 0.0665011 -5.74178e-05 1.45051e-05 -0.000587907 -0.0275299 -0.0013091 -0.00279215 -3.36955e-06 -4.579e-06 -2.17285e-08 -0.0177867 1.91708e-06 -0.00111179 8.03798e-06 0.0261132 0.000188734 8.19656e-05 -4.91875e-08 0.00329988 -0.0218336 -2.25354e-09 4.6802e-08 -8.95403e-08 0.0108481 0.00201707 0.00833155 -0.0134032 -0.00320045 3.13304e-05 8.56283e-06 -7.78261e-05 -6.90513e-06 -9.46814e-05 -1.43504e-06 -7.1666e-06 -0.0187471 -1.22252e-07 -0.0255862 -7.9487e-05 -1.75242e-05 3.71364e-06 -0.0195239 -0.00726684 -9.48349e-06 -2.85563e-06 -0.000418793 6.49688e-06 0.000453846 5.77656e-05 -2.93844e-06 -5.96936e-09 -1.9293e-07 -0.00328776 0.00453887 -1.12224e-08 -2.73928e-06 -0.000214374 -0.00170245 -0.0115375 -0.000354802 0.00672533 -0.00705925 -2.239e-05 -0.00771897 0 0.000177395 0.0315906 -3.40879e-05 -3.27854e-05 1.52462e-05 0.00131992 -1.09742e-05 0.0288184 
-2.37879e-08 -1.0319e-07 -5.57128e-07 -1.46775e-08 3.78419e-08 -2.10313e-07 -7.23864e-08 -2.62044e-05 -0.000192847 -7.76217e-05 -7.77592e-08 -5.38018e-05 0.000230074 8.90547e-10 -0.000189174 -3.6883e-07 -0.000224462 -2.76341e-05 -4.41176e-05 -0.000108537 5.19369e-05 -3.47946e-07 -1.30964e-05 -1.42188e-08 -0.000106604 -9.41458e-05 4.2209e-05 -5.74178e-05 0.00085927 1.61201e-05 1.16805e-05 0.000209324 7.0293e-06 0.00031059 -4.83784e-08 2.27238e-07 -2.6087e-10 -0.000163624 1.58679e-07 1.88365e-06 -7.50789e-09 -0.000306883 -3.69725e-06 -2.38851e-07 -5.9054e-10 -1.14854e-05 0.000289708 -4.67272e-10 -1.43908e-09 -1.07501e-09 -0.000391016 -6.69917e-06 -0.000244159 -2.25004e-05 -3.25296e-05 -8.61003e-07 -2.81584e-07 9.40802e-05 3.95017e-07 2.4605e-06 -2.02704e-08 4.71371e-07 0.000115825 -1.46775e-09 0.000254747 -1.58261e-06 -2.48772e-07 -1.07616e-08 -0.000242078 -0.000137554 -1.27304e-07 -4.38892e-08 -5.05374e-06 -1.31639e-08 -7.5378e-06 -6.57377e-08 -4.26823e-08 -7.16675e-11 -2.31629e-09 5.29516e-06 0.000166598 -1.34735e-10 -3.31276e-08 4.39491e-06 -1.92501e-05 0.00019121 -4.3103e-06 -0.000244672 0.000252872 -2.93936e-07 0.000222453 0 -1.94172e-06 -7.34207e-05 1.12408e-06 -4.01863e-07 -2.20564e-08 1.50164e-05 1.33733e-05 -0.000230349 
-1.11459e-08 -4.83498e-08 -6.93674e-07 -6.87718e-09 -2.50445e-07 -1.14465e-07 -4.64116e-08 -1.63507e-05 0.000154498 -3.47996e-05 -3.64343e-08 -6.15048e-05 -0.000163776 -3.70669e-08 0.000146616 -1.72816e-07 8.70174e-05 -1.25147e-05 2.5819e-05 -0.00025906 8.00329e-05 -1.63031e-07 -2.32955e-06 -6.66227e-09 -4.8619e-05 -7.01084e-05 2.04831e-05 1.45051e-05 1.61201e-05 0.000402798 6.89843e-06 -0.000161104 -5.1062e-06 -3.26194e-05 -2.26678e-08 -2.62837e-08 -1.22231e-10 -0.000103033 -5.3043e-09 0.000160692 -3.51784e-09 -2.38261e-06 -1.86043e-06 1.47614e-05 -2.76699e-10 7.18205e-06 -6.2666e-05 -2.18942e-10 -6.74286e-10 -5.037e-10 -0.000185516 2.92336e-07 4.93295e-05 -7.6838e-05 -1.73244e-05 2.93147e-07 -1.2527e-07 3.5251e-05 -3.98192e-08 -6.08882e-07 -9.49777e-09 -5.40222e-08 -9.51234e-05 -6.87718e-10 -0.000147678 -6.87951e-07 -1.16563e-07 -5.04237e-09 -0.000125292 -1.35937e-05 -5.96488e-08 4.79436e-07 -2.45697e-06 -6.16797e-09 -5.76313e-06 4.14323e-07 -1.99989e-08 -3.358e-11 -1.08531e-09 0.000188182 0.000170818 -6.31304e-11 -1.5522e-08 -1.80319e-06 -9.01923e-06 -6.80585e-05 -2.0196e-06 -2.37341e-05 -3.96613e-05 -1.54905e-07 -4.39145e-05 0 -9.86329e-07 0.000145635 -1.91758e-07 -1.88294e-07 -1.03346e-08 7.5342e-06 -7.18411e-08 0.00016498 
-4.32782e-07 -1.87737e-06 -2.62146e-05 -2.67033e-07 -1.28629e-05 -5.19446e-06 7.89122e-06 -0.000627575 -0.00408084 -0.00141133 -1.4147e-06 0.00848902 -0.00640699 -8.25935e-07 0.00581063 -2.52692e-06 0.00344142 -0.000490525 -0.000805227 0.000142443 0.00218975 -6.33031e-06 0.000315073 -2.58689e-07 -0.00192185 -0.00270387 0.000794435 -0.000587907 1.16805e-05 6.89843e-06 0.0154017 -0.00637024 -0.000310136 1.24577e-05 3.14317e-06 -9.57235e-07 -4.7461e-09 -0.00400016 -1.89293e-07 -0.000133897 -1.36594e-07 0.00202872 -5.2645e-05 -4.33217e-06 -1.07439e-08 -0.000173567 -0.00596417 -8.50126e-09 -2.61818e-08 -1.95581e-08 -0.00396582 -0.000219385 0.00190607 -0.00308179 -0.000428077 -1.52709e-05 2.47036e-06 9.23906e-07 -1.54613e-06 -2.35655e-05 -3.58788e-07 1.1379e-05 -0.00605272 -2.67033e-08 -0.00581619 -1.11322e-05 -4.48601e-06 -1.9579e-07 0.00707371 -0.00181203 -2.3161e-06 1.52151e-06 -9.51179e-05 -2.39496e-07 -0.000280821 1.37111e-05 -7.13202e-07 -1.30387e-09 -4.21412e-08 -6.67202e-05 0.000107704 -2.45128e-09 -6.02703e-07 -6.95225e-05 0.000461295 -0.00271218 -7.82656e-05 0.00177596 -0.00154019 -5.9581e-06 -0.00169687 0 -3.82981e-05 0.00729142 -7.44575e-06 -6.9279e-06 1.63539e-06 0.000292461 -2.78951e-06 0.00654692 
-1.09017e-05 1.53165e-05 0.000928019 -6.86305e-06 -0.000359256 -0.000132367 -4.05177e-05 0.0125671 -0.0285848 -0.0365296 5.34841e-05 -0.127737 0.238209 -3.64097e-05 -0.21752 -0.000172997 -0.0953016 -0.0130597 -0.0258394 -0.00197735 0.0307994 -0.000112276 -0.00633955 -6.74545e-06 -0.0434636 0.093716 -0.00611014 -0.0275299 0.000209324 -0.000161104 -0.00637024 0.241534 0.0108447 0.0418109 -2.44085e-06 3.09081e-05 1.79576e-07 0.148096 -1.68719e-06 0.00718883 -3.56176e-06 -0.219192 0.00191371 -0.000112925 4.06513e-07 -0.00578392 0.217083 -4.83418e-08 -6.82705e-07 -5.09989e-07 -0.216192 -0.00592705 -0.0494823 0.114027 -0.00460947 -0.000430685 -0.000131421 -0.000443145 5.31404e-05 0.000789416 -9.61635e-06 -5.46966e-05 0.225717 -3.59638e-07 0.215432 0.000286741 -0.000117892 -4.99533e-06 -0.131198 -0.0644213 3.88198e-05 -1.08811e-05 -0.00244386 -4.21165e-06 -0.00802515 -0.00054939 1.66314e-05 4.93341e-08 -1.09886e-06 0.0110832 -0.00688021 9.27481e-08 -1.48091e-05 0.0022576 -0.00996724 0.100273 0.00123979 -0.0634797 0.0564853 9.28215e-05 0.0620165 0 0.00142434 -0.180819 0.000277045 0.000258699 -1.03503e-05 0.00697926 0.000100972 -0.236119 
1.42718e-07 0.000113444 0.000947397 2.35303e-06 -2.12058e-05 -8.3082e-06 9.5094e-06 0.00383583 0.00860666 -0.00132733 -2.19764e-06 -0.00769727 0.0128521 -9.29673e-07 -0.0126285 -1.05832e-05 -0.0179956 0.000335874 -0.000994208 -0.00010544 0.00219626 3.16803e-05 -0.000305653 -4.42691e-07 -0.00355897 -0.00385403 -0.0168446 -0.0013091 7.0293e-06 -5.1062e-06 -0.000310136 0.0108447 0.0260588 0.0207134 6.80445e-07 2.02135e-05 -8.12196e-09 -0.00676279 3.17543e-07 3.55364e-05 3.92915e-07 -0.0118741 -0.000113561 8.20692e-06 -1.8386e-08 0.000184685 0.0123269 3.15452e-07 -4.48047e-08 -3.34696e-08 -0.0130029 -0.000369937 -0.0191098 -0.00282191 -0.00103986 -2.82133e-05 -6.0969e-06 -2.66841e-05 5.90782e-07 -3.4032e-05 -6.31103e-07 -3.21631e-06 0.0111399 1.36764e-06 -0.00633474 -4.96275e-06 1.10747e-05 -2.9172e-07 -0.008691 -0.00225984 2.85648e-06 -8.89786e-07 -2.9976e-05 1.20502e-05 -0.000485587 2.75308e-05 6.18446e-06 -2.23131e-09 -7.21159e-08 0.0127493 -0.000272689 -4.19486e-09 -9.48066e-07 9.18159e-05 -0.000652469 0.0177498 0.00422388 -0.0175623 0.0196399 -1.0293e-05 0.0183654 0 7.18742e-05 -0.012906 7.54828e-07 0.000387955 -6.86707e-07 0.000468839 -3.22699e-06 -0.012694 
