0.000451719 -1.31254e-08 -6.70761e-05 -1.7806e-05 -1.63606e-05 -8.18734e-09 -0.000138704 -5.25016e-06 -0.000239508 0.000401282 -0.000365445 3.73994e-05 0.000214398 -7.28606e-08 0.000271671 -6.86896e-05 -0.000345561 2.90714e-07 -1.88069e-07 -9.28853e-08 6.9895e-06 -0.000283231 -0.000269601 -1.66553e-05 1.24083e-07 0 0.000355501 -3.39244e-09 -9.14734e-05 -4.89544e-07 1.41307e-05 -0.000107591 8.84467e-05 2.1608e-08 5.02237e-09 2.81317e-05 -7.90089e-07 -0.000236201 -4.61567e-07 -1.38699e-06 -6.40848e-05 -4.52225e-06 -0.000185832 -7.0189e-07 1.96194e-05 -7.24876e-05 0.000322995 -0.000133798 0.00042544 -3.87343e-08 -5.11176e-05 0.000379579 0.000397199 -7.0221e-05 -5.92024e-07 -4.5601e-05 -0.000299661 -4.23071e-08 1.31407e-06 0.000420728 0.000237005 -1.63596e-09 -7.18564e-07 -1.4915e-06 3.02268e-08 2.34407e-05 -4.75992e-05 -0.000425382 -0.000186317 -6.15126e-07 -1.02843e-08 0.000392071 0.00042556 -0.000223917 -5.09598e-07 0.00042536 -0.00027148 -1.95216e-08 -2.88242e-06 -0.000427943 4.3735e-05 -0.000424571 1.59302e-05 -6.20732e-08 -1.16182e-07 0.000171367 6.30475e-05 -1.00546e-07 4.35414e-05 -6.26336e-07 -6.80206e-05 -7.98398e-11 3.03371e-08 -0.000249273 1.12671e-06 0.000113447 -0.000417836 -2.84787e-08 0.000216637 -5.84335e-05 
-1.31254e-08 2.90425e-05 -3.92329e-06 -1.14432e-06 -8.24842e-06 -5.26168e-10 -8.27784e-06 -3.58187e-07 -1.12171e-05 1.9481e-05 -1.51514e-05 4.16227e-07 1.85695e-05 -4.68246e-09 2.93158e-06 -4.45554e-06 -1.43102e-05 -1.02523e-09 -1.20865e-08 -5.96937e-09 1.50955e-05 -1.07552e-05 -9.34926e-06 2.72789e-06 -1.66031e-10 0 1.48782e-05 -2.18019e-10 -6.08912e-06 -3.14611e-08 -2.67329e-07 -6.5799e-06 1.18607e-05 -6.7517e-09 7.67795e-09 2.56765e-07 1.25575e-08 -7.75972e-06 3.70337e-07 -8.91366e-08 -4.11847e-06 -2.90627e-07 -5.85246e-06 -4.51077e-08 2.30674e-06 -4.65849e-06 -7.53885e-08 -8.07994e-06 1.90317e-05 -2.4893e-09 2.44497e-06 1.93334e-05 4.97932e-06 -4.33361e-06 -3.80471e-08 -2.93059e-06 -1.25659e-05 -2.5212e-08 -2.30924e-09 1.90407e-05 6.94253e-07 -1.05137e-10 4.85466e-07 -9.58529e-08 -4.13868e-10 9.59539e-06 -1.83235e-06 -1.9028e-05 -1.14324e-05 -3.95318e-08 -6.60929e-10 1.92787e-05 1.90338e-05 -7.81911e-06 -3.27498e-08 1.90743e-05 -1.22969e-05 -1.25458e-09 -1.85242e-07 -2.23327e-05 2.30225e-07 -1.89694e-05 -2.98323e-09 -3.9892e-09 -7.46656e-09 -3.29408e-08 -2.7323e-09 -1.03176e-08 1.8566e-05 -4.02521e-08 -3.06498e-06 -5.13099e-12 2.05857e-07 -1.45979e-05 1.77371e-06 1.33823e-05 -1.88627e-05 -1.83021e-09 -7.02716e-08 -3.2716e-06 
-6.70761e-05 -3.92329e-06 0.126456 -0.00533931 -0.0431243 -2.69055e-06 0.101855 -0.00174724 -0.079962 -0.00560192 0.0272499 -3.63394e-05 -0.00801239 -1.67936e-05 -0.00720207 -0.022022 0.0288646 -4.73248e-06 -6.18038e-05 -2.76042e-05 -0.00114052 -0.0889178 -0.0681308 -0.00820034 -8.48995e-07 0 0.100822 -1.11483e-06 0.109928 -0.000137319 -0.00606161 0.0867103 -0.00526797 -3.40413e-05 -0.000761849 -0.00418724 0.00124142 -0.0758417 -0.000145665 -0.000449551 -0.0208976 -0.00144807 -0.0482055 -0.000111417 -0.00397107 -0.0188956 -0.00163121 0.0338258 -0.00829126 2.14102e-06 0.0406704 -0.00307896 -0.00736596 -0.0230277 -0.000189172 -0.0147426 0.0424515 -0.000118381 -1.18082e-05 -0.00824584 -0.000112839 -5.37614e-07 -0.000214821 -0.000352077 -1.54963e-06 0.00198518 -0.0143195 0.00794904 0.0851922 -0.000202144 -3.24964e-06 -0.00365409 -0.00828109 -0.086092 -0.000163199 -0.00807408 -0.0835203 9.23477e-06 -0.000935067 0.00760449 -0.000633508 0.00860901 -7.62801e-06 -7.36864e-06 -2.80133e-05 -0.000168352 -1.39715e-05 -4.34556e-05 -0.00679683 0.000466615 -0.0218714 -2.62372e-08 9.94815e-06 0.0300438 -0.000251167 -0.00252816 0.00969395 1.35459e-06 -0.000221075 -0.020402 
-1.7806e-05 -1.14432e-06 -0.00533931 0.037848 -0.0114848 -7.13804e-07 0.0255345 0.00849791 -0.0212171 -0.00140031 -0.0243824 -6.74756e-06 -0.00159118 -6.35227e-06 -0.00189671 0.030697 -0.0269067 2.01583e-06 -1.60866e-05 -8.0981e-06 -0.000194395 -0.0233134 -0.0220695 0.0230366 -2.25239e-07 0 -0.00484364 -7.24325e-08 -0.00796868 0.000102133 0.0150241 -0.00913491 0.00275051 3.86725e-06 -0.000201643 -0.00111238 6.26204e-05 -0.0194514 -4.02412e-05 -0.000117863 0.0306679 -0.000394184 -0.0158411 0.000569497 -0.000920071 0.00790921 -0.000590606 0.0245279 -0.00161786 -3.25034e-06 -0.00292045 -0.000767403 0.0114759 0.0292199 1.41784e-05 0.000628136 0.0117175 -2.61928e-05 3.08394e-06 -0.0016501 -3.0266e-05 3.2737e-07 0.000377759 -1.68281e-05 -4.61456e-07 -0.00164056 -0.00264381 0.0014793 0.0218703 -5.24158e-05 9.71338e-06 -0.000968244 -0.00164356 -0.0220626 -4.0532e-05 -0.00169368 -0.019407 -1.70197e-06 -0.00025129 -0.000889371 -0.000163127 0.00170994 -4.04708e-06 6.43949e-05 0.000100657 -4.46877e-05 -3.70666e-06 -1.2867e-05 -0.00168487 -5.28697e-05 -0.00594177 -6.96074e-09 -5.87873e-06 -0.0285614 -9.35656e-05 -0.000651874 0.00165595 -6.0955e-07 5.15823e-05 0.00840631 
-1.63606e-05 -8.24842e-06 -0.0431243 -0.0114848 0.207984 -5.34481e-06 -0.0897252 -0.00363601 0.133731 -0.0107839 0.0539093 -6.81889e-05 -0.0158551 3.20356e-05 -0.000119969 -0.0452327 0.0684594 1.82457e-05 -0.000122774 9.47099e-05 -0.00234766 0.1089 0.114233 -0.016429 -1.55987e-06 0 -0.0617915 -2.21463e-06 -0.0643151 -0.000319081 -0.0121317 -0.0702609 -0.01058 -6.0647e-05 -0.00151286 -0.00548609 -0.000514734 0.119292 -0.000123171 0.000329468 -0.041787 0.00273994 -0.0181778 -0.00041482 -0.00783655 -0.041579 -0.00439513 -0.0858948 -0.0163101 -2.4443e-05 -0.0357601 -0.00597195 -0.0130657 -0.0331525 -0.000386481 -0.0297653 -0.114297 -0.00025553 -2.21072e-05 -0.0162231 -0.000164143 -1.06798e-06 -0.000553955 0.00130352 -4.20406e-06 -0.00639851 -0.017883 0.0163354 -0.0955294 -0.000362323 -5.16038e-06 -0.00714689 -0.0162869 0.107603 -0.000332072 -0.0158769 0.0465179 -1.2504e-05 -0.00115701 0.000711526 0.000133936 0.0153194 6.7433e-05 -3.88789e-05 -5.94919e-05 -0.000200622 -2.77547e-05 -9.21932e-05 -0.0134737 -0.000387247 0.0850993 -5.21205e-08 -6.79716e-05 0.0597395 -0.000694381 -0.005005 0.0147861 -1.62746e-05 -0.000633925 -0.0435495 
-8.18734e-09 -5.26168e-10 -2.69055e-06 -7.13804e-07 -5.34481e-06 1.81163e-05 -5.57733e-06 -2.2343e-07 -2.82271e-06 -6.83426e-07 3.39533e-06 -4.43297e-09 -9.77568e-07 -2.92083e-09 1.7234e-05 -2.77928e-06 4.22911e-06 4.32694e-07 -7.53931e-09 -3.72358e-09 -1.44203e-07 6.7294e-06 7.14899e-06 -1.00976e-06 -1.03567e-10 0 -3.82073e-06 -1.35996e-10 -4.03739e-06 -1.96248e-08 -7.4895e-07 -4.31858e-06 -6.50358e-07 -4.21158e-09 -9.29363e-08 1.29211e-05 -3.1673e-08 -9.49793e-06 3.68163e-07 -5.56017e-08 -2.56902e-06 1.5882e-05 -4.35941e-06 -2.81373e-08 -4.84422e-07 7.96412e-06 -2.75745e-07 -5.37903e-06 -1.01155e-06 1.21511e-06 -2.203e-06 -3.80471e-07 -8.9867e-07 1.52887e-05 -2.3733e-08 -1.82805e-06 5.00144e-06 -1.57268e-08 -1.44046e-09 -1.0059e-06 -1.39809e-08 -6.55823e-11 -3.40172e-08 -5.97912e-08 -2.58163e-10 4.61063e-06 -1.90815e-06 1.01387e-06 -7.70103e-06 -2.46591e-08 -4.12275e-10 -4.45754e-07 -1.0102e-06 -1.05787e-05 -2.04287e-08 -9.84951e-07 -1.09571e-05 -7.8258e-10 1.45111e-05 -1.71765e-05 -8.71892e-08 1.05038e-06 -1.86088e-09 -2.48838e-09 -4.65749e-09 4.66119e-07 -1.70436e-09 -6.43595e-09 -8.30029e-07 -2.51085e-08 1.53252e-05 -3.20061e-12 -4.66341e-09 -1.43394e-05 -4.34269e-08 -3.08405e-07 -1.6875e-05 -1.14165e-09 -4.38341e-08 -2.67494e-06 
-0.000138704 -8.27784e-06 0.101855 0.0255345 -0.0897252 -5.57733e-06 0.213081 0.00844988 -0.164106 -0.0116119 -0.00229773 -7.52693e-05 -0.0165956 -1.13593e-07 -0.0147763 0.0307707 -0.0315848 -6.81732e-06 -0.000120015 -5.94314e-05 -0.00199623 -0.12838 -0.140888 0.0131142 -1.51991e-06 0 0.0864362 1.38236e-06 0.121574 0.000512836 0.0103152 0.103859 -0.00767397 0.000107553 -0.00157924 -0.00873109 0.00116244 -0.146364 -0.000311856 -0.000740012 0.0236945 -0.00304436 -0.0784615 0.000537723 -0.00822722 0.0323601 -0.00401469 0.117164 -0.0171087 -1.0953e-05 0.0352117 -0.00637977 0.00272507 0.0165523 -0.000105068 -0.00253124 0.0712083 -0.000190368 -2.0591e-05 -0.0170817 -0.000222351 -6.44439e-07 0.000341623 -0.00086756 5.22638e-06 -0.00439478 0.00165642 0.0166797 0.174571 -0.000418242 9.41089e-06 -0.00757469 -0.0171506 -0.137139 -0.000340451 -0.0167345 -0.102006 2.62483e-05 -0.00196221 0.0122873 -0.00143507 0.0178232 -2.4782e-05 8.94449e-05 -4.0348e-05 -0.000349168 -2.89621e-05 2.83744e-06 -0.0140846 0.000807989 -0.0458768 -5.43879e-08 -1.27619e-05 -0.00533104 -0.000519476 -0.00524009 0.0190513 2.59499e-05 0.000859612 0.00624417 
-5.25016e-06 -3.58187e-07 -0.00174724 0.00849791 -0.00363601 -2.2343e-07 0.00844988 0.0121807 -0.0066934 -0.000465239 -0.0094295 -2.95106e-06 -0.000664582 -1.98834e-06 -0.000598972 0.0100574 -0.00932576 -4.35349e-07 -2.41902e-06 -2.39481e-06 -9.03489e-05 -0.00748258 -0.00743596 0.0107658 -7.05027e-08 0 -0.00248388 -9.25785e-08 -0.00236053 0.000404454 0.00794973 -0.00199665 0.000682011 6.13965e-06 -6.32459e-05 -0.000350817 6.24521e-05 -0.00643906 -1.2596e-05 -3.48373e-05 0.00909867 -0.000123374 -0.00506951 7.06257e-05 -0.000329458 -4.22021e-05 -0.000187592 0.00841275 -0.000685887 -1.05705e-06 -0.00149824 -0.000259004 0.00482568 0.00992957 -3.83948e-06 -0.00114274 0.00386984 8.54067e-07 -9.17251e-07 -0.000684261 -9.02412e-06 1.85355e-07 0.00014289 -3.89492e-05 2.09237e-08 -0.000640802 -0.0012846 0.000620129 0.00707255 -1.67866e-05 1.31693e-05 -0.000303439 -0.000686395 -0.00711722 -1.19034e-05 -0.000670415 -0.00648076 -2.89404e-07 -7.86502e-05 -0.00261801 -5.8007e-05 0.000714734 -1.26679e-06 9.43427e-05 -1.8139e-06 -1.39878e-05 -1.16023e-06 5.59876e-06 -0.000563605 -1.69458e-05 -0.00186489 -2.1788e-09 -7.6793e-07 -0.0092934 -2.9546e-05 -0.000209945 0.000824404 8.64283e-06 2.83768e-05 -0.00142159 
-0.000239508 -1.12171e-05 -0.079962 -0.0212171 0.133731 -2.82271e-06 -0.164106 -0.0066934 0.248141 -0.0201441 0.100433 -0.000132087 -0.02928 2.62077e-05 -0.00937023 -0.0832716 0.126216 9.75815e-06 -0.000226018 6.45824e-05 -0.0042954 0.201375 0.209143 -0.0302675 -3.10479e-06 0 -0.114315 -2.21363e-06 -0.118163 -0.000587227 -0.0224403 -0.129139 -0.0194929 -0.000118991 -0.00278567 -0.0105395 -0.000948928 0.218924 0.000412728 0.000849764 -0.0769573 0.000800635 0.1169 -0.000767923 -0.0145222 -0.0802768 -0.00825471 -0.153304 -0.0303068 -4.65068e-05 -0.0585742 -0.0111681 -0.0253493 -0.069911 -0.000711482 -0.0547779 -0.0611735 -0.000460096 -4.31828e-05 -0.030141 -0.000371135 -1.7094e-06 -0.00101655 0.0011111 -7.24934e-06 -0.0106365 0.00605801 0.0303675 -0.191826 -0.000700153 -1.07394e-05 -0.0133374 -0.0302687 0.207413 -0.000611824 -0.0295108 0.106297 -2.27173e-05 -0.00268199 0.0095958 -0.000466199 0.0293933 2.166e-05 -7.21249e-05 -0.000118895 -0.000574817 -5.10575e-05 -8.1905e-06 -0.0248745 -0.000728397 0.0587922 -9.59498e-08 -5.48724e-05 0.108409 -0.00128249 -0.00924386 0.029912 -2.84718e-05 -0.00130965 -0.0800797 
0.000401282 1.9481e-05 -0.00560192 -0.00140031 -0.0107839 -6.83426e-07 -0.0116119 -0.000465239 -0.0201441 0.0363005 -0.0302423 0.000129179 0.0348263 -6.08193e-06 0.0144308 -0.00541305 -0.0285821 -5.54977e-07 -1.56988e-05 -5.80126e-07 0.00596726 -0.0233766 -0.0207323 0.00923187 8.43467e-08 0 0.0294016 -2.83179e-07 0.00863902 -3.9114e-05 0.0100294 -0.00899007 0.0203772 -6.79627e-06 0.00119668 0.00311296 -4.56214e-05 -0.0195663 -3.81686e-05 -0.000113254 -0.00534146 -0.000376078 -0.0149364 -5.85892e-05 0.0139334 -0.00605016 0.0108495 -0.0106119 0.035282 7.44338e-06 0.0163365 0.0193528 0.0168744 -0.00587789 -4.94183e-05 -0.00380322 -0.0254163 0.000284556 -2.87607e-06 0.035232 0.000676815 -1.36559e-07 2.70374e-05 -0.000124351 -5.37561e-07 0.0131119 -0.00392915 -0.0352673 -0.0160331 -4.01167e-05 1.8203e-08 0.0188786 0.0352679 -0.018899 -4.25379e-05 0.0350125 -0.0228758 -1.62953e-06 -0.000240605 -0.0159252 0.00105395 -0.0352535 4.29849e-06 -2.5848e-06 -8.96144e-06 0.000299581 8.80878e-05 -1.45798e-06 0.0313155 7.35092e-06 -0.0056003 -6.6645e-09 1.30396e-05 -0.0294124 0.000307511 0.0127606 -0.031318 -2.37722e-06 0.000348936 0.00329042 
-0.000365445 -1.51514e-05 0.0272499 -0.0243824 0.0539093 3.39533e-06 -0.00229773 -0.0094295 0.100433 -0.0302423 0.153552 -0.000198336 -0.0437167 -2.85476e-06 -0.0139306 -0.103129 0.141876 5.87178e-07 -0.000333181 1.07593e-05 -0.00596566 0.115577 0.111702 -0.0449048 -4.39371e-06 0 -0.022464 1.39205e-06 0.0132577 -0.000590928 -0.0326568 -0.0222597 -0.0281626 -0.000180861 -0.00415796 -0.00840796 8.48482e-05 0.0992809 0.000192624 -0.00046074 -0.10305 0.00173704 0.0753961 -0.00071303 -0.0216728 -0.0752881 -0.0116911 -0.0801699 -0.0451829 -1.97132e-05 -0.0154579 -0.0167285 -0.0386974 -0.0960279 -0.000981294 -0.0739024 -0.000194022 -0.000426158 -6.38811e-05 -0.0450032 -0.000559741 -6.08994e-08 -0.00074384 -0.00201037 -1.74717e-06 -0.00815515 0.0147364 0.0449268 -0.052359 -0.00105869 -1.6969e-05 -0.0199125 -0.0451962 0.106506 -0.000907905 -0.0440666 0.0174033 3.42644e-06 0.0010826 0.015975 -0.00386372 0.0448809 3.19182e-06 -7.403e-05 -0.000134572 -0.000848273 -7.62183e-05 -9.9872e-05 -0.0371348 0.000149232 0.0281156 -1.43199e-07 -4.54e-05 0.147929 -0.0017026 -0.0137981 0.0390792 -1.33089e-05 -0.000724232 -0.0980209 
3.73994e-05 4.16227e-07 -3.63394e-05 -6.74756e-06 -6.81889e-05 -4.43297e-09 -7.52693e-05 -2.95106e-06 -0.000132087 0.000129179 -0.000198336 0.00024463 0.000230213 -3.94497e-08 0.000105531 -3.12513e-05 -0.00018757 -8.63756e-09 -1.01829e-07 -5.0292e-08 3.8269e-05 -0.0001538 -0.00014674 8.86516e-06 1.52679e-08 0 0.000192056 -1.83681e-09 -5.20537e-05 1.44494e-06 -7.52891e-06 -5.83282e-05 0.000163166 -5.68831e-08 4.54048e-05 0.000130373 -4.27787e-07 -0.000128282 -2.49912e-07 -7.50976e-07 -2.34315e-05 -2.44854e-06 -0.000100161 -3.80032e-07 -4.66277e-06 -3.92478e-05 5.0809e-05 -7.25344e-05 0.000230968 -2.09724e-08 0.000133089 9.00446e-05 0.000176922 -3.68956e-05 -3.20546e-07 -2.46902e-05 -0.000164923 -8.24113e-08 -1.94553e-08 0.000228461 4.93445e-05 -8.85778e-10 7.72188e-08 -8.0756e-07 -3.48683e-09 2.41417e-06 -2.56355e-05 -0.000230936 -0.000103953 -3.33055e-07 -5.56833e-09 0.000227363 0.000229996 -0.000143011 -2.75917e-07 0.000227247 -0.000150557 -1.05698e-08 -1.56066e-06 -0.000210051 1.02657e-05 -0.000230443 -2.51337e-08 -3.3609e-08 4.90428e-07 9.89141e-07 9.62031e-06 -8.69261e-08 3.63227e-05 -3.05791e-07 -3.70277e-05 -4.32286e-11 -6.29857e-08 -0.000191287 1.56535e-05 0.000122578 -0.000223316 -1.54195e-08 3.1078e-05 0.000106035 
0.000214398 1.85695e-05 -0.00801239 -0.00159118 -0.0158551 -9.77568e-07 -0.0165956 -0.000664582 -0.02928 0.0348263 -0.0437167 0.000230213 0.0510479 -8.69954e-06 0.0182049 -0.0062458 -0.0413389 -8.58107e-07 -2.24188e-05 -7.93716e-06 0.0069887 -0.0338967 -0.0308851 0.0201092 4.66486e-06 0 0.0422749 -4.05057e-07 0.0152142 -1.91149e-05 0.0155939 -0.0128608 0.0273023 2.71193e-05 0.0047776 0.0107294 -4.90898e-05 -0.0282702 -5.51111e-05 -0.000164997 -0.00674543 -0.000539946 -0.0215131 -8.38055e-05 0.0252484 -0.00865308 0.0128746 -0.0124191 0.0509184 5.77179e-06 0.0292498 0.0189125 0.0245827 -0.00839006 -6.97609e-05 -0.00543876 -0.0360303 0.000514412 1.79563e-05 0.0508291 0.000585368 4.1333e-08 0.000465142 -0.000178085 -7.68924e-07 0.0150193 -0.00565985 -0.0508662 -0.0229096 0.00117415 1.28539e-06 0.0228253 0.0509055 -0.0287598 -6.08459e-05 0.0499034 -0.0331645 -2.33087e-06 -0.00034416 -0.0187733 0.00202738 -0.0507987 -5.17255e-06 -4.16819e-06 -6.13544e-06 0.000455173 4.71003e-05 6.41925e-08 0.0431754 5.67229e-06 -0.00816474 -9.53286e-09 7.40536e-05 -0.0426764 0.00192841 0.0147319 -0.0459279 -3.40035e-06 0.000470776 0.0132187 
-7.28606e-08 -4.68246e-09 -1.67936e-05 -6.35227e-06 3.20356e-05 -2.92083e-09 -1.13593e-07 -1.98834e-06 2.62077e-05 -6.08193e-06 -2.85476e-06 -3.94497e-08 -8.69954e-06 0.000161197 9.8188e-05 -2.21966e-05 -4.76444e-06 2.32431e-06 -6.70936e-08 -3.31368e-08 -1.15662e-06 3.18461e-05 1.25634e-05 -8.98603e-06 -9.2166e-10 0 -1.19146e-05 -1.21025e-09 1.11739e-05 -1.47978e-07 -6.66503e-06 8.2049e-06 -5.15765e-06 1.02585e-06 -8.27056e-07 3.08383e-05 -2.81864e-07 -7.54337e-05 -1.64664e-07 7.98524e-07 -2.27789e-05 7.225e-05 -6.27535e-05 -2.50399e-07 -4.31095e-06 4.44634e-05 -2.45391e-06 -1.53226e-06 -8.37198e-06 -1.38185e-08 -1.71082e-05 -1.83587e-06 -7.27075e-06 6.82567e-05 -2.01204e-07 -1.62681e-05 -5.65087e-05 -2.32886e-08 -1.28189e-08 -8.32171e-06 8.89146e-08 -5.83628e-10 1.06086e-08 6.18124e-06 -2.29743e-09 5.8904e-05 -1.65143e-05 8.35595e-06 -1.87561e-05 -2.19446e-07 7.96644e-08 -3.96684e-06 -8.35998e-06 -7.99197e-05 -1.81799e-07 -8.13525e-06 -5.76802e-05 2.89702e-07 1.30503e-06 -0.000101546 2.10742e-06 8.3375e-06 -1.65603e-08 -2.21446e-08 -4.14478e-08 1.19714e-06 -1.51674e-08 1.99273e-06 -7.38657e-06 -2.23445e-07 8.51062e-05 -2.84828e-11 -4.15005e-08 3.96429e-06 -2.96464e-07 -2.11455e-06 -5.961e-05 -1.01598e-08 -3.90087e-07 -2.30247e-05 
0.000271671 2.93158e-06 -0.00720207 -0.00189671 -0.000119969 1.7234e-05 -0.0147763 -0.000598972 -0.00937023 0.0144308 -0.0139306 0.000105531 0.0182049 9.8188e-05 0.0463493 -0.00590445 -0.0115536 1.35001e-05 -4.46967e-06 3.72958e-05 0.00109976 -0.00490236 -0.00317102 -0.00194101 4.3248e-06 0 0.0116225 -3.65749e-07 -0.00864145 -5.08493e-05 -0.000975593 -0.0114789 0.0177309 -2.27002e-06 0.0020044 0.0178677 -8.29052e-05 -0.0199281 0.00037374 -3.90193e-05 -0.00563664 0.00606672 -0.00851758 -6.41629e-05 0.000877973 -0.00546575 0.00073579 -0.0137591 0.0194948 6.26006e-05 0.000895547 0.0122286 0.0163792 0.0125912 -6.30479e-05 -0.00415445 -0.00919291 0.000249951 3.57093e-05 0.0194287 0.000373246 2.73696e-06 0.000735267 0.000103743 -6.94306e-07 0.0265485 -0.0050728 -0.0192228 -0.019099 0.000979801 -1.21115e-08 0.018678 0.0194152 -0.0221879 -3.51513e-05 0.0192979 -0.0202198 -2.10468e-06 0.0060646 -0.0383392 0.00152014 -0.0195335 3.42153e-05 -3.39563e-06 -5.40593e-06 0.000982958 1.54961e-06 0.000106384 0.0130642 -6.75271e-05 0.0142349 -8.60777e-09 5.69582e-05 -0.0190255 0.00106048 0.0124244 -0.0316097 4.08629e-06 0.000132142 0.00274644 
-6.86896e-05 -4.45554e-06 -0.022022 0.030697 -0.0452327 -2.77928e-06 0.0307707 0.0100574 -0.0832716 -0.00541305 -0.103129 -3.12513e-05 -0.0062458 -2.21966e-05 -0.00590445 0.129876 -0.115428 -2.05205e-06 0.000351811 -3.00409e-05 -0.00118643 -0.0933785 -0.0921226 0.0254147 -8.10328e-07 0 -0.023443 -1.1216e-06 -0.0270857 0.000702049 0.0170109 0.0368484 0.00115378 0.00014793 -0.000649062 -0.00391694 -8.7304e-05 -0.0803747 -0.000156684 -0.000307206 0.119107 -0.00152843 -0.0631569 0.000663506 -0.00299814 0.0996373 -0.00232215 0.103612 -0.00621901 -1.30355e-05 -0.015914 -0.00317444 0.0138595 0.109403 0.00104253 0.0819971 0.0390387 -0.000105509 2.91724e-05 -0.00633075 -0.000117866 -3.25345e-07 0.000117102 -0.000286696 -1.46276e-06 -0.00754935 -0.00594861 0.00627362 0.0860329 -0.000133001 1.48756e-05 -0.00309603 -0.00620481 -0.0879766 0.000952668 -0.00629628 0.0158417 -1.11348e-06 -0.000978467 0.00382292 -0.00055062 0.00644692 -1.57578e-05 8.67053e-05 0.000139924 2.75965e-05 -1.33957e-05 -4.34156e-05 -0.00565923 -0.00019459 -0.0232106 -2.71025e-08 -2.13227e-05 -0.111986 -0.000358702 -0.00221739 0.00782406 2.29593e-05 0.000459044 0.0946586 
-0.000345561 -1.43102e-05 0.0288646 -0.0269067 0.0684594 4.22911e-06 -0.0315848 -0.00932576 0.126216 -0.0285821 0.141876 -0.00018757 -0.0413389 -4.76444e-06 -0.0115536 -0.115428 0.178944 2.78034e-06 -0.000318974 1.92625e-05 -0.00563996 0.135605 0.137959 -0.0424815 -4.14218e-06 0 -0.0295825 -4.10997e-07 -0.00772857 -0.000819256 -0.031603 -0.0446371 -0.0270127 -0.000168413 -0.00393097 -0.00699508 0.000222717 0.122074 0.000238419 0.000335587 -0.10817 0.00232919 0.0920024 -0.000452038 -0.0204971 -0.1095 -0.011016 -0.109669 -0.0427389 7.59125e-06 -0.0107131 -0.0158245 -0.0364354 -0.096537 -0.0010042 -0.0772256 0.00136422 -0.00038171 -6.07394e-05 -0.0425565 -0.000524976 3.78377e-07 -0.000697927 0.000147103 -2.94018e-06 -0.00581372 0.013617 0.0424727 -0.0785133 -0.000993178 -1.49377e-05 -0.0188265 -0.0427396 0.124853 -0.000862931 -0.041669 0.00717636 -2.68096e-05 0.00148838 0.013602 -0.00173026 0.0423341 7.27458e-06 -6.81433e-05 -0.00018394 -0.000795157 -7.2079e-05 -4.1748e-05 -0.03512 0.000182962 0.0353159 -1.35426e-07 -3.23442e-05 0.148395 -0.00159768 -0.0130474 0.0360816 -2.25762e-05 -0.00116016 -0.108665 
2.90714e-07 -1.02523e-09 -4.73248e-06 2.01583e-06 1.82457e-05 4.32694e-07 -6.81732e-06 -4.35349e-07 9.75815e-06 -5.54977e-07 5.87178e-07 -8.63756e-09 -8.58107e-07 2.32431e-06 1.35001e-05 -2.05205e-06 2.78034e-06 3.52988e-05 -1.46902e-08 9.32745e-07 -2.50977e-07 7.37545e-06 3.37634e-06 9.49166e-07 -2.01798e-10 0 -5.38795e-06 -2.64985e-10 -6.84678e-06 -3.82386e-08 -1.26598e-06 -7.26467e-06 -7.57212e-07 5.12714e-09 -7.75131e-09 1.31537e-06 -6.17143e-08 -1.41399e-05 -3.60533e-08 3.51661e-07 -1.22903e-06 2.31734e-05 -1.395e-05 -5.4825e-08 -9.43887e-07 2.35713e-05 -5.37285e-07 -7.05428e-06 -1.07659e-07 -3.02556e-09 -3.00251e-06 5.05327e-07 -2.54376e-07 1.59764e-05 -4.62434e-08 7.18082e-07 -2.23445e-05 -3.06433e-08 6.20527e-07 -1.29986e-07 7.49425e-07 -1.27786e-10 -6.62819e-08 2.7435e-06 -5.03025e-10 5.7649e-07 -3.718e-06 1.12177e-07 -9.49198e-06 -4.80479e-08 -8.0331e-10 8.14557e-08 -1.05031e-07 -4.40643e-06 -3.9805e-08 -3.72493e-07 -1.88666e-05 -1.52484e-09 7.48527e-08 -1.66347e-05 3.33447e-07 -4.33572e-08 3.03041e-07 -4.84857e-09 -9.07504e-09 2.6663e-07 -3.32091e-09 -1.25403e-08 -1.6173e-06 -4.89234e-08 2.07116e-05 -6.23633e-12 -9.08657e-09 -1.10345e-06 -8.46166e-08 -9.09213e-08 -2.98573e-05 -2.22449e-09 2.21257e-07 -2.41874e-06 
-1.88069e-07 -1.20865e-08 -6.18038e-05 -1.60866e-05 -0.000122774 -7.53931e-09 -0.000120015 -2.41902e-06 -0.000226018 -1.56988e-05 -0.000333181 -1.01829e-07 -2.24188e-05 -6.70936e-08 -4.46967e-06 0.000351811 -0.000318974 -1.46902e-08 0.00041598 -8.55334e-08 -3.31245e-06 -0.000261541 -0.000251002 -2.3085e-05 -2.37901e-09 0 -8.77282e-05 -3.12392e-09 -9.22352e-05 -4.50797e-07 -1.68806e-05 -9.91409e-05 0.000336657 -9.67432e-08 -2.09815e-06 -1.1377e-05 -7.27553e-07 -0.000218174 -4.25034e-07 7.59895e-05 0.000356781 -4.16431e-06 -0.000170847 5.61367e-06 -1.11275e-05 -1.60668e-05 -6.33408e-06 0.0002708 -1.04828e-05 -3.56685e-08 -5.01379e-05 -8.73969e-06 -1.79431e-05 -5.72774e-05 -5.45165e-07 0.000369418 0.000105651 -3.61256e-07 5.53578e-07 -2.26397e-05 -3.21152e-07 -1.50648e-09 -7.814e-07 -1.37345e-06 -5.93019e-09 -2.16546e-05 0.000176525 2.00461e-05 0.000238755 -5.66439e-07 -9.47026e-09 -1.02026e-05 -2.19318e-05 -0.000244115 0.000357677 -2.25884e-05 0.000159066 -1.79764e-08 -2.65427e-06 2.15974e-05 -1.99947e-06 -0.000193989 -4.27459e-08 -5.716e-08 -1.06986e-07 -4.71998e-07 -3.91503e-08 -1.47838e-07 -1.90664e-05 -1.13427e-07 -6.2941e-05 -7.35204e-11 -1.07122e-07 -0.000329354 -9.60882e-07 5.41904e-06 2.80558e-05 -2.62246e-08 -1.0069e-06 0.000329578 
-9.28853e-08 -5.96937e-09 -2.76042e-05 -8.0981e-06 9.47099e-05 -3.72358e-09 -5.94314e-05 -2.39481e-06 6.45824e-05 -5.80126e-07 1.07593e-05 -5.0292e-08 -7.93716e-06 -3.31368e-08 3.72958e-05 -3.00409e-05 1.92625e-05 9.32745e-07 -8.55334e-08 0.000205491 -1.20598e-06 4.1555e-05 4.97952e-05 -1.08924e-05 -1.17497e-09 0 -1.30861e-05 -1.54287e-09 -3.91641e-05 -2.22643e-07 -8.08682e-06 -4.58542e-05 1.10517e-05 -4.77803e-08 -1.05436e-06 1.50972e-05 -3.5933e-07 5.09162e-05 4.95341e-06 -1.77467e-07 -5.47888e-06 4.02996e-06 -6.33049e-05 5.33745e-06 -3.52576e-06 -1.77738e-05 -7.34994e-07 -5.29084e-05 9.97728e-06 -1.76163e-08 -7.69683e-07 -3.3831e-06 1.27846e-05 -3.049e-05 -2.42584e-07 -1.82592e-05 -0.000124248 -7.17534e-08 5.3658e-08 9.80803e-06 1.04472e-06 -7.44031e-10 -2.35924e-07 4.46834e-06 -2.92885e-09 1.6615e-05 -1.36146e-05 7.06569e-06 -5.45714e-05 -1.76424e-07 -4.67725e-09 -4.19708e-06 9.99258e-06 2.54246e-05 -2.31763e-07 -7.77093e-06 -5.5984e-05 -8.87835e-09 -1.31091e-06 -1.08199e-05 5.21417e-06 -3.23101e-05 -2.11117e-08 -2.82307e-08 -5.28392e-08 8.93552e-07 -1.93359e-08 -7.30157e-08 -8.92667e-06 -2.84855e-07 7.0321e-05 -3.63109e-11 -5.29063e-08 1.53094e-05 -4.92678e-07 -2.85218e-06 -2.67864e-05 -1.2952e-08 1.5927e-06 -7.77048e-06 
6.9895e-06 1.50955e-05 -0.00114052 -0.000194395 -0.00234766 -1.44203e-07 -0.00199623 -9.03489e-05 -0.0042954 0.00596726 -0.00596566 3.8269e-05 0.0069887 -1.15662e-06 0.00109976 -0.00118643 -0.00563996 -2.50977e-07 -3.31245e-06 -1.20598e-06 0.00789633 -0.00463589 -0.00424496 0.0025736 -3.21695e-08 0 0.00585724 -5.97507e-08 0.00110229 -7.32564e-06 0.00159105 -0.00180586 0.00294817 -1.05706e-06 0.000380278 -0.000183661 -1.46576e-06 -0.00417213 -8.12955e-06 -2.4039e-05 -0.00112726 -7.90367e-05 -0.00304331 -1.17957e-05 0.00211994 -0.0012417 0.00130189 -0.0010564 0.00702335 -4.55581e-08 0.00389319 0.00525591 0.00144931 -0.00122883 -1.04273e-05 -0.000802456 -0.0048894 -2.03634e-06 -6.32875e-07 0.0070249 8.13738e-06 -2.88141e-08 0.000110428 -2.62697e-05 -1.13426e-07 0.00234775 -0.000379454 -0.00702247 -0.00292119 -1.08342e-05 3.12197e-07 0.003492 0.0070149 -0.00333844 -8.9755e-06 0.00700829 -0.00489248 -3.43832e-07 -5.07078e-05 -0.00251713 0.000137819 -0.00702049 -8.17592e-07 4.18671e-06 -6.69636e-07 -4.47824e-07 7.27451e-06 6.15899e-06 0.00696625 -1.07983e-05 -0.00119531 1.7526e-07 1.95044e-05 -0.00583675 0.000196057 0.00251671 -0.00668106 -4.3826e-07 -5.44547e-06 -0.00100819 
-0.000283231 -1.07552e-05 -0.0889178 -0.0233134 0.1089 6.7294e-06 -0.12838 -0.00748258 0.201375 -0.0233766 0.115577 -0.0001538 -0.0338967 3.18461e-05 -0.00490236 -0.0933785 0.135605 7.37545e-06 -0.000261541 4.1555e-05 -0.00463589 0.233474 0.201338 -0.0348674 -3.59322e-06 0 -0.132051 -8.04996e-07 -0.112304 -0.000676797 -0.0258233 -0.126312 -0.0225333 -0.000136466 -0.00322439 -0.00308907 -0.0010929 0.19256 0.000374242 0.000893441 -0.0880164 0.00369369 0.13589 -0.000796034 -0.0168069 -0.0811531 -0.0095333 -0.135775 -0.0350353 4.39015e-06 -0.0552209 -0.0129601 -0.0295898 -0.0740838 -0.000823363 -0.0605891 -0.0491658 -0.000263062 -4.97662e-05 -0.0348981 -0.000427911 8.77976e-07 -0.000840292 0.000738549 -5.68686e-06 -0.00821898 0.0271243 0.0351509 -0.157968 -0.000805591 -1.26837e-05 -0.0154342 -0.0350486 0.210441 -0.000702491 -0.0341703 0.0975115 -2.5778e-05 0.00236879 0.00651147 -0.000914589 0.0343412 1.41406e-05 -7.10804e-05 -0.00016028 -0.000639543 -5.90954e-05 -3.35638e-06 -0.0287976 -0.000562984 0.0557408 -1.11044e-07 -4.69089e-05 0.119193 -0.00146483 -0.0106999 0.0268714 -2.10859e-05 -0.00125301 -0.0915564 
-0.000269601 -9.34926e-06 -0.0681308 -0.0220695 0.114233 7.14899e-06 -0.140888 -0.00743596 0.209143 -0.0207323 0.111702 -0.00014674 -0.0308851 1.25634e-05 -0.00317102 -0.0921226 0.137959 3.37634e-06 -0.000251002 4.97952e-05 -0.00424496 0.201338 0.238893 -0.0336383 -3.44749e-06 0 -0.115574 -1.58114e-06 -0.1113 -0.000653072 -0.0246668 -0.141911 -0.0207872 -0.000126062 -0.00310054 -0.00224843 -0.00105423 0.204862 0.000401959 -0.000517781 -0.0851249 0.00390025 0.136023 -0.000895047 -0.0161846 -0.0896771 -0.00874499 -0.162037 -0.0318434 -1.58814e-05 -0.0542131 -0.0107111 -0.0275475 -0.0726054 -0.000790619 -0.0605578 -0.0414107 -0.00027384 -4.5888e-05 -0.0317159 -0.000272964 9.61816e-07 -0.000981901 -0.00116759 -3.54016e-06 0.00274031 0.0136522 0.0318729 -0.171505 -0.000772993 -1.22e-05 -0.0135578 -0.0318625 0.200959 -0.000680455 -0.0310819 0.0809754 -2.58042e-05 0.00247052 0.0040588 -0.00275143 0.0311028 2.35395e-05 -6.89126e-05 -0.000154136 -0.000606224 -5.66866e-05 -7.40871e-06 -0.0260092 -0.000784686 0.0592528 -1.06953e-07 -2.51472e-05 0.11429 -0.00142966 -0.00997617 0.0240811 -2.11331e-05 -0.00144871 -0.0884102 
-1.66553e-05 2.72789e-06 -0.00820034 0.0230366 -0.016429 -1.00976e-06 0.0131142 0.0107658 -0.0302675 0.00923187 -0.0449048 8.86516e-06 0.0201092 -8.98603e-06 -0.00194101 0.0254147 -0.0424815 9.49166e-07 -2.3085e-05 -1.08924e-05 0.0025736 -0.0348674 -0.0336383 0.05263 1.91804e-06 0 0.0131276 -4.18396e-07 0.00696243 0.00048112 0.0304245 -0.0128018 0.00564697 0.000197823 0.00149988 0.00360478 7.28736e-05 -0.0292182 -5.6926e-05 -0.000165037 0.0246409 -0.000552381 -0.0226471 0.000330728 0.0178693 0.000678426 0.00820066 0.019547 0.020095 -4.66718e-06 0.0168765 0.000458879 0.016911 0.0236032 -4.81321e-05 0.00113435 -0.00469573 0.000285229 -1.64828e-06 0.01999 -2.52295e-05 2.649e-07 3.35816e-05 -0.000176083 -7.07579e-07 -0.00286154 -0.00579651 -0.0201412 0.00893056 0.000247795 1.69916e-05 0.000116505 0.020061 -0.0325022 -4.3253e-05 0.0191219 -0.0313402 -2.1643e-06 -0.000354837 -0.00135281 -0.000119311 -0.0199156 -5.49507e-06 9.46177e-05 -2.7356e-06 -9.78602e-06 -3.36684e-06 3.96626e-06 0.018394 -4.37605e-05 -0.00843315 -9.84679e-09 1.56429e-05 -0.0440698 0.000436906 -0.000113348 -0.018776 4.28767e-06 0.000360076 0.011704 
1.24083e-07 -1.66031e-10 -8.48995e-07 -2.25239e-07 -1.55987e-06 -1.03567e-10 -1.51991e-06 -7.05027e-08 -3.10479e-06 8.43467e-08 -4.39371e-06 1.52679e-08 4.66486e-06 -9.2166e-10 4.3248e-06 -8.10328e-07 -4.14218e-06 -2.01798e-10 -2.37901e-09 -1.17497e-09 -3.21695e-08 -3.59322e-06 -3.44749e-06 1.91804e-06 5.71663e-06 0 4.02771e-06 -4.29131e-11 -1.37321e-07 -6.19256e-09 -2.36329e-07 -1.12272e-06 2.08145e-06 -1.32895e-09 1.26067e-06 4.9973e-06 -9.99433e-09 -2.99705e-06 -5.83866e-09 -1.7545e-08 -7.43982e-07 -5.72049e-08 -2.36116e-06 -8.87865e-09 -1.52858e-07 -8.50275e-07 -8.70107e-08 -1.40401e-06 5.09081e-06 -4.89975e-10 3.06485e-06 -1.06723e-07 4.72643e-06 -8.25694e-07 -7.48889e-09 -5.10169e-07 -3.61448e-06 -4.96254e-09 -4.54532e-10 5.09259e-06 8.92169e-09 -2.06943e-11 1.12599e-07 -1.88669e-08 -8.14625e-11 1.69587e-06 -6.02113e-07 -5.09008e-06 -2.12337e-06 5.25552e-07 -1.30092e-10 5.26934e-06 5.09123e-06 -3.35385e-06 -6.44623e-09 5.0992e-06 -3.45078e-06 -2.46941e-10 -3.64615e-08 -3.49665e-06 1.44582e-06 -5.07856e-06 1.12746e-07 -7.85203e-10 -1.46966e-09 1.20183e-07 -5.37805e-10 -2.03085e-09 4.75312e-09 -7.92292e-09 -8.65074e-07 -1.00994e-12 -1.47153e-09 -4.27144e-06 2.7963e-07 6.7935e-07 -5.01819e-06 -3.60245e-10 3.09502e-07 4.50593e-06 
0 0 0 0 0 0 0 0 0 0 0 0 0 0 0 0 0 0 0 0 0 0 0 0 0 0 0 0 0 0 0 0 0 0 0 0 0 0 0 0 0 0 0 0 0 0 0 0 0 0 0 0 0 0 0 0 0 0 0 0 0 0 0 0 0 0 0 0 0 0 0 0 0 0 0 0 0 0 0 0 0 0 0 0 0 0 0 0 0 0 0 0 0 0 0 0 0 0 0 0 
0.000355501 1.48782e-05 0.100822 -0.00484364 -0.0617915 -3.82073e-06 0.0864362 -0.00248388 -0.114315 0.0294016 -0.022464 0.000192056 0.0422749 -1.19146e-05 0.0116225 -0.023443 -0.0295825 -5.38795e-06 -8.77282e-05 -1.30861e-05 0.00585724 -0.132051 -0.115574 0.0131276 4.02771e-06 0 0.166419 6.56877e-07 0.1257 -0.000106059 0.0109803 0.0866046 0.0235518 -4.48023e-06 0.00397069 0.00743567 0.0011133 -0.110496 -0.000215396 -0.000565041 -0.0222078 -0.00210938 -0.0795108 9.62645e-05 0.0210488 -0.0152136 0.0118903 0.0338963 0.0435815 7.7708e-06 0.0700474 0.0163242 0.0181727 -0.0298089 0.000741888 -0.0165601 0.00406912 0.000376862 1.43784e-05 0.0435051 0.000548678 -5.26775e-07 0.000371527 -0.000435091 -2.97193e-06 0.010613 -0.0197744 -0.0435394 0.0659655 0.000927524 1.05072e-06 0.0191599 0.0435945 -0.12009 -0.000236857 0.0426059 -0.110571 -3.95332e-06 -0.00134477 -0.0112449 0.00138514 -0.0431184 -4.37249e-06 -2.45872e-05 0.000185219 0.00082041 7.41896e-05 4.17193e-05 0.0360617 0.000309829 -0.0319126 1.39408e-07 7.04334e-05 -0.0182982 0.0016915 0.0132649 -0.0369938 -6.87327e-06 0.000935566 0.00278519 
-3.39244e-09 -2.18019e-10 -1.11483e-06 -7.24325e-08 -2.21463e-06 -1.35996e-10 1.38236e-06 -9.25785e-08 -2.21363e-06 -2.83179e-07 1.39205e-06 -1.83681e-09 -4.05057e-07 -1.21025e-09 -3.65749e-07 -1.1216e-06 -4.10997e-07 -2.64985e-10 -3.12392e-09 -1.54287e-09 -5.97507e-08 -8.04996e-07 -1.58114e-06 -4.18396e-07 -4.29131e-11 0 6.56877e-07 7.50661e-06 3.0271e-06 -8.13157e-09 6.79672e-07 -2.76075e-07 -2.69477e-07 -1.74507e-09 -3.85083e-08 1.46636e-06 -1.31238e-08 -3.54215e-06 -7.66686e-09 -2.30386e-08 -1.03448e-06 -7.51168e-08 2.72285e-06 1.50079e-08 -2.00721e-07 -1.16072e-06 -1.14255e-07 2.04524e-07 -4.19138e-07 -6.43396e-10 2.86718e-06 -1.57649e-07 -3.72365e-07 -1.17178e-06 -9.83381e-09 -7.27454e-07 6.38604e-07 -6.51641e-09 -5.96855e-10 -4.16798e-07 -5.79302e-09 -2.71741e-11 1.15905e-07 -2.47746e-08 -1.0697e-10 -3.90611e-07 4.54602e-06 -1.2599e-06 -9.07598e-07 -1.02175e-08 -1.70827e-10 -1.84699e-07 -4.18579e-07 1.21266e-06 -8.46467e-09 -4.08116e-07 -1.71549e-06 -3.24263e-10 -4.78783e-08 2.9958e-07 -3.6127e-08 -1.59811e-06 -7.7106e-10 -1.03107e-09 -1.92984e-09 -8.51401e-09 -7.06202e-10 -2.66674e-09 -3.43924e-07 -1.04037e-08 -9.69279e-07 -1.32618e-12 -1.93229e-09 1.1851e-06 -1.7994e-08 -1.27788e-07 -1.2055e-06 -4.73045e-10 -1.81627e-08 1.0283e-06 
-9.14734e-05 -6.08912e-06 0.109928 -0.00796868 -0.0643151 -4.03739e-06 0.121574 -0.00236053 -0.118163 0.00863902 0.0132577 -5.20537e-05 0.0152142 1.11739e-05 -0.00864145 -0.0270857 -0.00772857 -6.84678e-06 -9.22352e-05 -3.91641e-05 0.00110229 -0.112304 -0.1113 0.00696243 -1.37321e-07 0 0.1257 3.0271e-06 0.173191 -0.000177827 0.00787315 0.112769 -0.00116738 -1.30471e-05 0.000966688 -0.000344771 0.00120645 -0.110904 -0.000227267 -0.000551492 -0.0307898 -0.00218385 -0.0725649 6.73347e-06 0.016168 -0.00304896 0.00736396 0.0582824 0.0148493 -1.52424e-06 0.0566823 -0.00131462 -0.00286134 -0.0347101 -0.000133596 -0.0187873 0.0164235 -4.56601e-05 -1.57492e-05 0.0148552 -0.000104208 -5.70069e-07 -0.000360319 -0.000698937 -2.56568e-06 0.000909717 -0.0227735 -0.0152063 0.097267 4.37687e-05 -3.83144e-06 -0.00207183 0.0148273 -0.110878 -0.000248242 0.0141852 -0.0840192 2.95301e-05 -0.00142129 0.00854295 -0.000653837 -0.014402 -1.60276e-05 -2.40432e-05 -5.29456e-05 -0.000245771 -1.87546e-06 3.97474e-05 0.0154681 0.000699848 -0.0332066 -3.93711e-08 -3.20178e-06 0.0180087 -0.000172919 -0.0036044 -0.00972235 -5.96358e-06 -0.000139761 -0.0130085 
-4.89544e-07 -3.14611e-08 -0.000137319 0.000102133 -0.000319081 -1.96248e-08 0.000512836 0.000404454 -0.000587227 -3.9114e-05 -0.000590928 1.44494e-06 -1.91149e-05 -1.47978e-07 -5.08493e-05 0.000702049 -0.000819256 -3.82386e-08 -4.50797e-07 -2.22643e-07 -7.32564e-06 -0.000676797 -0.000653072 0.00048112 -6.19256e-09 0 -0.000106059 -8.13157e-09 -0.000177827 0.00108207 0.000341518 0.000422457 2.04566e-05 9.68178e-07 -4.23026e-06 -2.45223e-05 2.71951e-06 -0.000567505 -1.07636e-06 -1.62125e-06 0.000222911 -1.06997e-05 -0.000441658 -1.59908e-06 -1.59249e-05 0.000635723 -1.53643e-05 0.000639796 -1.84836e-05 -9.28451e-08 -4.8067e-05 -2.11294e-05 9.51626e-05 0.000567441 1.06909e-05 -7.25341e-05 0.000286234 1.28632e-06 6.40538e-07 -2.46425e-05 -6.09293e-07 -3.92135e-09 4.89268e-06 -3.31842e-06 -1.54363e-08 -5.51536e-05 3.37595e-05 1.74756e-05 0.000581591 -1.47444e-06 -7.98442e-09 -2.58662e-05 -1.91296e-05 -0.000633048 -1.22149e-06 -3.88197e-05 -0.000277651 5.06541e-07 -6.90907e-06 -0.000204455 -3.69662e-06 2.20551e-05 -1.11267e-07 6.69121e-06 2.24849e-07 -1.22861e-06 -1.01908e-07 4.18433e-08 -3.81531e-05 -1.50131e-06 -0.000163416 -1.91374e-10 -2.78839e-07 -0.000536462 -2.28662e-06 -1.84371e-05 9.61737e-06 7.32507e-06 7.30237e-06 0.000262295 
1.41307e-05 -2.67329e-07 -0.00606161 0.0150241 -0.0121317 -7.4895e-07 0.0103152 0.00794973 -0.0224403 0.0100294 -0.0326568 -7.52891e-06 0.0155939 -6.66503e-06 -0.000975593 0.0170109 -0.031603 -1.26598e-06 -1.68806e-05 -8.08682e-06 0.00159105 -0.0258233 -0.0246668 0.0304245 -2.36329e-07 0 0.0109803 6.79672e-07 0.00787315 0.000341518 0.0396313 -0.00788758 0.000217532 0.000210503 0.00152238 0.00250401 -5.17579e-05 -0.0216731 -4.22226e-05 -0.000122234 0.0164603 -0.000408767 -0.0166199 0.000197287 0.0147437 0.00171367 0.00872579 0.0147134 0.015544 -3.54328e-06 0.011144 0.000283555 0.00835094 0.0162659 -4.63663e-05 -0.00120612 -0.00432552 0.000355806 -2.54031e-06 0.0155146 1.21836e-05 3.17015e-07 2.01563e-05 -0.000129344 -5.52434e-07 -0.000996015 -0.0042305 -0.015554 0.00592444 -4.69363e-05 5.3759e-06 0.000603001 0.0155302 -0.0242368 -4.60729e-05 0.014754 -0.0212055 -4.091e-07 -0.000256413 -0.00237193 7.95698e-05 -0.0154402 -2.22635e-06 4.80751e-05 1.22054e-05 -1.09713e-05 -3.6625e-06 -5.6795e-06 0.015665 -4.73817e-05 -0.00623804 -7.30347e-09 3.48191e-06 -0.0322738 0.000119238 -0.000609508 -0.0145473 6.89153e-06 0.000507809 -0.00149547 
-0.000107591 -6.5799e-06 0.0867103 -0.00913491 -0.0702609 -4.31858e-06 0.103859 -0.00199665 -0.129139 -0.00899007 -0.0222597 -5.83282e-05 -0.0128608 8.2049e-06 -0.0114789 0.0368484 -0.0446371 -7.26467e-06 -9.91409e-05 -4.58542e-05 -0.00180586 -0.126312 -0.141911 -0.0128018 -1.12272e-06 0 0.0866046 -2.76075e-07 0.112769 0.000422457 -0.00788758 0.181553 -0.00839249 -5.50353e-05 -0.00121407 -0.00673629 0.00108952 -0.124789 -0.00024337 -0.000583841 0.0316991 -0.00238166 -0.0937297 3.25043e-05 -0.0063738 0.0630703 -0.00316388 0.106214 -0.0132514 -1.16787e-06 0.025077 -0.00490817 -0.0109377 0.0266429 0.000636975 0.0402123 0.0493811 -0.000205224 1.71006e-06 -0.0132163 -0.000171062 -8.62921e-07 -0.000111282 -0.000741648 8.31428e-08 -0.0117029 -0.0216512 0.0130842 0.136731 -0.000323621 -1.75131e-06 -0.00586359 -0.0132717 -0.123576 -0.000266931 -0.0129411 -0.0294229 2.8393e-05 -0.00150265 0.0120386 -0.00112273 0.0138013 -2.40252e-05 -3.12184e-05 -2.80391e-05 -0.000266681 -2.23889e-05 2.24303e-05 -0.0109168 0.00083243 -0.0360668 -4.21131e-08 -2.62137e-05 -0.0170092 -0.00033137 -0.00400522 0.0153241 2.38017e-05 0.000349182 0.0383221 
8.84467e-05 1.18607e-05 -0.00526797 0.00275051 -0.01058 -6.50358e-07 -0.00767397 0.000682011 -0.0194929 0.0203772 -0.0281626 0.000163166 0.0273023 -5.15765e-06 0.0177309 0.00115378 -0.0270127 -7.57212e-07 0.000336657 1.10517e-05 0.00294817 -0.0225333 -0.0207872 0.00564697 2.08145e-06 0 0.0235518 -2.69477e-07 -0.00116738 2.04566e-05 0.000217532 -0.00839249 0.0346097 -8.24862e-06 0.00181608 0.00650305 -6.0937e-05 -0.0187924 -3.66644e-05 4.0514e-06 0.000394803 -0.000359047 -0.0136716 0.000504202 0.0072146 -0.00501009 0.00273266 -0.00627356 0.0287418 7.05649e-06 0.010982 0.0151167 0.0201977 -0.00211772 -4.44939e-05 -0.00214759 -0.0190992 5.16006e-05 1.84524e-05 0.0286739 6.43766e-05 -1.29952e-07 0.00119511 -2.79368e-05 4.58178e-06 0.014139 -0.00292543 -0.0284574 -0.0100629 0.000842581 1.35131e-05 0.0189312 0.0287009 -0.0197735 0.000351817 0.0282933 -0.0204634 -1.55069e-06 -0.000227374 -0.017141 0.00104506 -0.0288629 -3.68736e-06 2.27826e-05 0.000179624 0.000821598 6.83614e-06 -1.05362e-05 0.0214781 2.12939e-05 -0.00542237 1.70325e-07 6.25861e-05 -0.028091 0.000774526 0.014493 -0.0250987 -2.26219e-06 0.000167299 0.0130984 
2.1608e-08 -6.7517e-09 -3.40413e-05 3.86725e-06 -6.0647e-05 -4.21158e-09 0.000107553 6.13965e-06 -0.000118991 -6.79627e-06 -0.000180861 -5.68831e-08 2.71193e-05 1.02585e-06 -2.27002e-06 0.00014793 -0.000168413 5.12714e-09 -9.67432e-08 -4.77803e-08 -1.05706e-06 -0.000136466 -0.000126062 0.000197823 -1.32895e-09 0 -4.48023e-06 -1.74507e-09 -1.30471e-05 9.68178e-07 0.000210503 -5.50353e-05 -8.24862e-06 0.000232416 -9.49209e-07 2.25073e-05 -4.06423e-07 -0.000121876 -2.37431e-07 -7.13471e-07 0.000148648 5.83041e-06 -9.20006e-05 -3.61053e-07 1.58873e-05 5.59562e-06 -2.62832e-06 0.000149064 2.64433e-05 -1.9925e-08 1.13848e-05 -4.88213e-06 -6.57825e-06 9.38252e-05 1.98795e-07 0.000108513 3.45763e-05 2.6582e-06 -1.84837e-08 2.61257e-05 -6.60676e-08 -8.41541e-10 -2.56503e-07 -1.1723e-07 -3.3127e-09 -1.18333e-05 -2.44851e-05 -2.73035e-05 8.42084e-05 -3.16422e-07 6.21376e-07 -5.70984e-06 2.68272e-05 -0.000136385 -2.62138e-07 3.12794e-06 -0.000142041 -1.00419e-08 8.47281e-07 -2.18198e-06 -1.1188e-06 -2.63117e-05 -2.38785e-08 1.74736e-07 -5.97642e-08 -1.36999e-07 -2.187e-08 -8.2585e-08 2.84292e-05 -3.22188e-07 -2.55252e-05 -4.10697e-11 -5.98401e-08 -0.000179501 -2.87247e-07 -3.9574e-06 -4.61702e-05 -1.46495e-08 6.11409e-05 -1.01377e-05 
