0.0171435 -0.000348882 -0.0137575 0.000296156 0.0106181 0.000165015 -0.00340795 -0.00251077 -0.0149966 0.00926941 0.016373 -0.00209992 -0.00227268 -0.0125058 -0.00944194 -4.00349e-05 -9.28184e-06 0.00154061 -0.0117876 -0.013934 0.011464 -0.0131592 0.0163656 -7.45977e-06 -0.00996932 -0.000167156 -0.000686577 9.55825e-05 4.99696e-05 -0.000972804 -0.0022078 -2.196e-06 0.000255436 0.0142257 -0.00145706 -0.000979834 -0.00253278 0.0149949 -0.000144 -0.0126242 0.00966015 0.016394 -0.00213523 -0.00192461 -0.000658011 0.00331757 0.0122624 0.00104598 0.016133 -0.00149735 0.000803376 -0.000751157 -8.45936e-05 -0.00116451 4.37924e-08 -0.00222192 0.000385164 -5.36306e-06 -0.00220243 -0.0027323 -0.000257438 -0.00223977 9.76382e-07 6.24102e-06 -0.00205014 -0.000912422 -3.58434e-05 0.000152983 -0.000701132 -0.00119067 0.00218845 -0.00207095 -0.000579149 -5.82229e-06 -4.31172e-05 -0.0139682 0.00336824 -7.27172e-07 0.00359931 0.000134093 -5.99497e-07 4.252e-05 -0.0123008 0.00236438 -0.00150364 6.46444e-06 -0.000222502 -8.37024e-06 -0.00056279 -0.014955 -0.000279275 -4.26423e-06 0.0132603 -0.00062081 -3.20556e-06 -3.04699e-07 0.0163897 -0.0100748 -0.00224706 -0.000132697 
-0.000348882 0.0195958 0.00421624 -1.01781e-05 -0.00142041 -4.26893e-06 -0.0038191 -0.00353403 0.00199401 -0.00829586 -0.000417233 -0.0032123 -0.00355415 0.00289425 0.00842039 -7.65918e-06 -9.9438e-06 -7.80733e-05 0.00645127 0.00402084 -0.000201287 0.00472224 -0.000398925 -4.1241e-05 0.00855509 -0.0031492 -0.000814095 -4.2412e-06 -2.34766e-06 -0.00134727 -0.00337216 1.62667e-05 -2.12634e-05 -0.000319961 -0.00143777 -0.00126438 -0.00382618 -0.000362054 0.000962677 0.0055163 -0.00209354 -0.000395525 -0.00320731 -0.00299437 -0.000454065 -0.000101755 -0.000293498 -7.93293e-05 -0.00071195 -0.00259845 -3.10062e-05 -0.00121837 -9.61755e-05 -0.00130119 -8.3515e-08 -0.00327145 -1.88138e-05 -3.85937e-05 -0.00235635 -0.00383055 -0.000288458 0.0103047 -8.6451e-06 -4.68697e-07 -0.00313384 -0.00459599 -4.11841e-05 -3.22829e-06 -0.00109741 -0.000819488 -0.000341984 -0.0030222 -0.00064169 -6.87489e-06 1.64466e-05 0.00393863 -7.58616e-05 1.421e-05 -0.000400609 -0.00022635 -1.78721e-06 0.00324405 -0.0094932 -4.31375e-05 0.00590282 6.2148e-05 -0.000253007 -4.45243e-06 -0.00066734 -0.0123982 -0.000320161 -5.3109e-06 -0.00030636 -0.000714686 3.78027e-07 -1.42523e-07 -0.000394173 0.0081034 0.00686821 -0.000147383 
-0.0137575 0.00421624 0.166774 -0.000326017 0.00363582 -0.00016828 -0.000489087 -0.11812 0.0250466 0.0682377 -0.0158966 -0.126758 -0.140249 0.149147 0.11429 7.84312e-05 9.60917e-05 -0.00231585 0.136836 0.158433 -0.0103351 0.145168 -0.0157093 -0.00161437 0.120632 -0.123728 -0.0320801 -5.8347e-05 -6.18347e-05 0.0124713 -0.125882 2.49108e-05 -0.000824912 -0.0126261 -0.0134512 0.011298 -0.14979 -0.0142937 0.00173991 0.147125 0.00911042 -0.0155967 -0.126568 -0.118153 0.00651026 -0.00401234 -0.0115735 -0.0031223 -0.0278152 -0.0182402 -0.00117416 -0.0480614 0.000204763 0.0137939 -6.16588e-07 -0.121077 -0.000849105 -0.00133485 0.0181257 -0.117503 -0.00875772 0.0260323 -0.000340903 -9.26551e-06 -0.123364 0.0365763 0.000397674 -0.000125522 -0.01071 -0.00150287 -0.0134583 -0.118651 -0.0041413 -4.17382e-05 6.41346e-05 0.153957 -0.00296871 -1.51049e-05 -0.0152652 -0.00889407 -2.73285e-05 0.12847 0.101808 -0.00244625 0.0180059 4.45529e-05 0.000417125 -0.000353726 -0.0195657 0.0037219 0.00315452 -0.000208269 -0.0114679 -0.0224332 3.6459e-05 -9.63631e-06 -0.0155458 0.117486 0.00984388 0.000908914 
0.000296156 -1.01781e-05 -0.000326017 0.00175819 0.00021147 1.5134e-05 5.03773e-05 -0.000302291 -0.000654669 0.000390687 0.000567715 -0.000282466 -0.00031079 -0.000466372 8.09912e-05 -3.39602e-06 4.14971e-06 1.3778e-06 -0.000207905 -0.000247119 0.000535409 -0.000361072 0.000564678 -1.71601e-06 2.71092e-07 -0.000271121 -7.16621e-05 -3.73582e-07 -2.14719e-07 -0.000113159 -0.000262199 5.8499e-07 9.83703e-06 0.000564559 0.000366335 -8.93826e-05 -0.000325013 0.000491869 -1.07862e-05 -0.000173871 0.00037597 0.000564911 -0.000282067 -0.000262926 9.03577e-05 7.57403e-05 0.000569014 6.72236e-06 0.000535679 -0.000194613 -9.96121e-07 -0.000107421 3.73592e-06 -9.12791e-05 -7.35634e-09 -0.000267822 3.06145e-06 1.00516e-07 -0.000166086 -0.000334433 -1.18106e-05 -0.000134875 -6.64829e-07 -4.12847e-08 -0.000275889 -0.000282802 1.18423e-05 1.69897e-06 -7.20956e-05 6.3031e-05 7.14999e-06 -0.000263683 -5.18892e-05 1.1911e-06 2.54443e-05 -0.000290774 0.000118373 1.07993e-06 -3.02306e-05 -1.87678e-05 -1.57424e-07 0.000153865 -0.000943397 2.92741e-05 0.000122527 -7.28042e-07 -1.92432e-05 -8.44939e-07 -3.74194e-05 -0.000833859 -2.82011e-05 -4.67805e-07 0.000551924 -3.32617e-05 8.15003e-07 -3.07581e-08 0.00056457 -0.00027815 3.28647e-05 -1.20283e-05 
0.0106181 -0.00142041 0.00363582 0.00021147 0.085851 0.000122341 -0.0111476 -0.0162705 -0.00625277 0.0130036 0.0135375 -0.0145662 -0.0162144 0.00734542 0.0149079 -0.000192575 7.65039e-05 0.00157645 0.0132235 0.00330191 0.00741207 -0.0358808 0.0132012 -0.000187719 0.0151051 -0.0123343 -0.0033329 0.000179932 7.75972e-05 0.00756696 -0.0152068 2.43626e-05 -4.78273e-05 0.00980037 -0.00278579 -0.00546693 -0.0165198 0.0125826 0.00099268 0.00877673 -0.000746565 0.0131603 -0.0145648 -0.0140783 -0.00164913 0.00259217 0.0080973 0.00109164 0.0124399 -0.0123275 0.00114228 -0.00516503 -0.000451713 -0.00561979 -3.96144e-07 -0.0156136 1.80137e-05 -0.000178325 -0.011978 -0.0122785 -0.00133236 -0.0092227 -3.96104e-05 1.46786e-07 -0.0140696 0.037643 -0.000177719 2.5267e-05 -0.00207369 -0.00198165 -3.67918e-05 -0.0136922 -0.00272644 3.51897e-05 -9.25231e-05 0.00316555 0.000895377 5.42376e-06 0.00439502 0.000480422 1.89926e-05 0.0136193 -0.0107562 0.00212218 0.00533696 -6.48231e-06 0.00176572 -4.43206e-05 -0.00301624 -0.00740603 -0.00151024 -2.41283e-05 0.00866919 -0.00335472 -1.76937e-05 -1.65634e-06 0.0130931 -0.0366756 -0.0120179 -0.000188257 
0.000165015 -4.26893e-06 -0.00016828 1.5134e-05 0.000122341 0.000213448 -3.75026e-06 -3.84844e-05 -0.000153637 0.000115267 0.000171368 -2.98482e-05 -3.79747e-05 -0.000152967 -0.000115475 -4.90031e-07 1.13698e-05 -7.88764e-07 -0.000106873 -0.000132862 0.000111408 -0.000160661 0.000171237 -3.46997e-07 -0.000121941 -2.74322e-05 -8.6921e-06 -4.52834e-08 -2.6027e-08 -1.35031e-05 -3.12597e-05 -2.68703e-08 3.0803e-05 0.000165745 -1.73463e-05 -1.32927e-05 -4.08396e-05 0.000117515 -1.76199e-06 -0.000117664 0.000121647 0.000171274 -3.42716e-05 -3.0987e-05 -8.0012e-06 3.06769e-05 7.3683e-05 1.07463e-05 0.000167895 -8.17012e-06 -2.06201e-07 -9.65758e-06 -1.04011e-06 2.46297e-05 -8.9169e-10 -3.54541e-05 9.89967e-06 -2.53982e-08 -2.44401e-05 -3.26935e-05 3.479e-05 -2.74325e-05 -9.23038e-08 -5.00428e-09 1.57432e-06 -2.70138e-05 -4.39723e-07 3.48865e-07 -1.13342e-05 4.26787e-06 2.3432e-05 -2.49904e-05 -6.72981e-06 -7.34033e-08 1.22534e-05 -0.000169739 6.07428e-06 -8.89769e-09 5.01269e-06 -2.41674e-06 1.80918e-07 -3.72581e-05 -0.000150512 6.08513e-06 -1.84904e-05 4.38418e-07 -2.73901e-06 -1.02418e-07 3.1345e-05 -0.000149952 -3.41836e-06 4.66629e-07 0.000159279 -7.10952e-06 -4.02022e-08 -3.72831e-09 0.000171287 -0.000122949 -2.79696e-05 -1.63013e-06 
-0.00340795 -0.0038191 -0.000489087 5.03773e-05 -0.0111476 -3.75026e-06 0.157258 -0.0158511 0.0151739 0.0379897 -0.00331223 -0.00939525 -0.00438746 -0.0497859 -0.0293055 -0.000422585 -7.18416e-05 -0.000728004 -0.04085 0.0053555 -0.00236135 0.0160555 -0.00379954 0.000307555 -0.0269903 -0.00907704 0.0100539 -4.09259e-05 -1.76223e-05 -0.0100113 -0.00409167 -1.82111e-05 -0.00018013 -0.00309989 0.0399581 -0.0111511 0.00387698 -0.00349299 -0.000215857 -0.0169125 -0.00352076 -0.00382265 -0.00941244 -0.0189146 0.0262996 -0.000877243 -0.00286687 -0.000125165 -0.00322705 0.0130793 -0.000241151 0.00189152 -0.000843733 -0.0016498 1.51028e-06 -0.0200721 -3.14179e-05 0.000152184 0.0227457 -0.0160956 0.0117788 -0.0240614 5.67278e-05 1.0435e-05 -0.00882119 -0.0368506 -2.7932e-05 -3.12877e-05 0.0379517 0.0335336 -0.0033118 -0.00767572 0.0142724 0.000166356 -5.34256e-05 0.00761645 -0.000748366 4.70459e-08 0.000880204 -0.000444258 8.29943e-06 0.00988653 -0.0518831 -0.000613731 -0.0157948 -7.55097e-05 -0.00248145 -8.01026e-05 0.0176845 0.0214503 -0.00175942 0.000212094 -0.00288661 0.013722 -2.87605e-05 -4.86786e-07 -0.00382504 0.00906824 -0.021729 0.000774292 
-0.00251077 -0.00353403 -0.11812 -0.000302291 -0.0162705 -3.84844e-05 -0.0158511 0.147766 -0.00520872 -0.0705307 -0.00375431 0.126878 0.123986 -0.106056 -0.0811432 8.08597e-06 -3.0627e-05 0.00013306 -0.0927165 -0.119855 -0.00253682 -0.110173 -0.00358881 0.000303569 -0.0857869 0.122136 0.0282561 -3.82344e-05 -2.19755e-05 -0.0101138 0.124844 -1.82342e-05 0.000584217 -0.00288824 -0.0148128 -0.0112669 0.122003 -0.00326766 -0.00147417 -0.105869 -0.0198404 -0.00356249 0.126858 0.106102 -0.00672602 -0.000911527 -0.00208352 0.000724597 -0.0041939 0.0192682 -0.000184536 0.0498319 -0.000877993 -0.0120028 9.7378e-07 0.108582 3.79646e-06 0.000429062 -0.0216272 0.120751 -0.0026367 -0.0199656 0.000321781 -4.18863e-06 0.124584 -0.037921 -0.000370744 -2.9013e-05 -0.00997945 -0.0125797 0.0112498 0.118696 -0.00582445 -6.19204e-05 -0.000395117 -0.120538 -0.000690831 1.62207e-05 -0.00340951 -0.0015311 -1.60483e-05 -0.126709 -0.0721434 -0.000586217 -0.0155786 -7.39084e-05 -1.64598e-05 0.000367291 -0.00599862 0.01122 -0.00278087 -4.78577e-05 -0.00275774 -0.00615734 -3.31742e-05 1.01821e-05 -0.00355198 -0.0802607 -0.00275872 -0.00071798 
-0.0149966 0.00199401 0.0250466 -0.000654669 -0.00625277 -0.000153637 0.0151739 -0.00520872 0.0900008 -0.0283081 -0.0183671 -0.00618814 -0.00634031 0.0163472 0.0525177 0.000157555 3.83912e-05 -0.00269332 0.0544277 0.0236356 -0.0119008 0.0184388 -0.0178114 -0.00158027 0.0549836 -0.00850891 -0.0141783 -8.35558e-05 -6.63522e-05 0.00543602 -0.00411364 -1.71772e-05 -0.000258255 -0.0143644 -0.00283954 -0.0439067 -0.0073974 -0.0162887 6.4377e-05 0.0522842 -0.048844 -0.0177628 -0.00636743 -0.00343139 0.00371642 -0.00369537 -0.013031 -0.00352527 -0.0214593 -0.00486355 -0.00135079 -0.00797444 -0.00399065 -0.0253964 -8.12329e-07 -0.00884362 -0.000456879 -0.00146543 -0.0338737 -0.00110564 0.00147139 -0.000198591 -8.42279e-05 -1.27093e-05 -0.00425185 -0.0367731 -0.00146042 -0.000143091 0.000466483 0.00677344 -0.000980635 -0.00627066 0.00114846 2.46457e-05 0.00024813 0.0236042 -0.00343798 -1.9629e-05 -0.00678712 -0.00304866 -3.96719e-05 0.00824066 0.017635 -0.0028154 0.00842008 -0.000109474 0.00126877 -0.000167017 0.00183994 0.012688 -0.0139348 2.53473e-05 -0.013465 -0.00251026 1.26275e-05 -8.05365e-06 -0.0176982 0.0516503 0.00464305 -0.000289629 
0.00926941 -0.00829586 0.0682377 0.000390687 0.0130036 0.000115267 0.0379897 -0.0705307 -0.0283081 0.244817 0.0118677 -0.0687739 -0.0758281 0.0438769 -0.0565343 -0.000977185 -0.000184087 0.00122031 0.0109058 0.0661664 0.00772141 0.0591018 0.0112956 -0.000762949 -0.049313 -0.0647587 -0.0173682 0.000114191 2.63521e-05 0.0011421 -0.0645986 -1.27319e-05 -0.000275037 0.00914088 -0.00429525 0.032902 -0.0798207 0.0103529 0.000581478 0.0368729 0.0544704 0.0113094 -0.0686774 -0.0640444 0.00425697 0.00170484 0.00779011 -0.000137951 0.00593327 0.0280789 0.000733655 -0.0260559 0.0014127 0.0336987 1.0057e-06 -0.0641311 3.80498e-05 -0.000664599 0.0584188 -0.0819233 -0.00521384 -0.0220189 -0.000178827 1.21409e-05 -0.0667877 0.0809586 0.000665533 9.15788e-05 0.000898559 -0.00874676 -0.00479834 -0.0639613 0.000102003 -4.77462e-05 -0.00110152 0.0623046 0.00216064 -1.73911e-05 -0.000879403 -0.00245984 4.51417e-05 0.0676373 0.0368988 0.00177579 -0.0320053 2.94385e-05 -0.00508032 -0.000203395 -0.00674149 0.0286214 0.00893236 -0.000112356 0.00875215 -0.0100174 -5.84726e-05 -4.05437e-06 0.0112582 -0.018642 -0.0538764 0.00312205 
0.016373 -0.000417233 -0.0158966 0.000567715 0.0135375 0.000171368 -0.00331223 -0.00375431 -0.0183671 0.0118677 0.0204345 -0.00335539 -0.00358914 -0.0146413 -0.0111805 -4.78797e-05 -9.93565e-06 0.0021925 -0.0139198 -0.0155283 0.0130303 -0.01522 0.0193785 -1.82446e-05 -0.0118316 -0.00116057 -0.000831827 9.87833e-05 6.77657e-05 -0.000599277 -0.00340116 1.16633e-05 0.00015838 0.0156556 -0.000903355 -0.000618562 -0.00309538 0.0177331 -0.000125084 -0.0145677 0.0109257 0.0193628 -0.00335019 -0.00311718 -0.000770176 0.00377722 0.0137665 0.00147035 0.019544 -0.00198776 0.00132019 -0.00126002 -0.000101026 -0.000942396 2.94994e-08 -0.00345353 0.000468399 -2.23415e-05 -0.00244228 -0.00409083 -0.00030702 -0.00264612 -4.44984e-06 1.27108e-05 -0.00326794 0.000887432 -2.49152e-05 0.000156211 0.000609431 -0.00140975 0.00211976 -0.00298313 -0.000676543 -6.53221e-06 -5.45893e-05 -0.0155141 0.00370036 -8.69795e-07 0.00603117 0.00141832 4.3228e-05 0.00129255 -0.0145729 0.00306828 -0.00170616 1.59299e-05 -0.000266379 -9.77526e-06 -0.000605445 -0.0174244 -0.000297799 -5.03649e-06 0.0143899 -0.000746562 1.50336e-06 -3.64461e-07 0.0192866 -0.0116713 -0.0026653 -0.000149643 
-0.00209992 -0.0032123 -0.126758 -0.000282466 -0.0145662 -2.98482e-05 -0.00939525 0.126878 -0.00618814 -0.0687739 -0.00335539 0.134928 0.132006 -0.11515 -0.0870037 1.90223e-05 -8.55058e-05 0.000163427 -0.10313 -0.128258 -0.00226522 -0.118664 -0.00319653 0.0014054 -0.0918607 0.129371 0.0325507 -3.41019e-05 -1.04003e-05 -0.00999095 0.132019 -2.02354e-05 0.000697989 -0.00257673 -0.0129611 -0.0100222 0.129968 -0.00291584 -0.00132692 -0.115755 -0.0176991 -0.00317892 0.134498 0.110294 -0.00603384 -0.000809856 -0.00175493 0.00161679 -0.00293521 0.0243323 -0.000110309 0.0511357 -0.000783281 -0.0107559 -5.15121e-08 0.115097 5.31881e-05 0.00132173 -0.0208895 0.127351 -0.00232052 -0.0206152 0.000356618 -3.73195e-06 0.131253 -0.0379767 -0.000328059 -2.58675e-05 -0.00901135 -0.0112273 0.0117975 0.126129 -0.00528171 -5.50617e-05 -1.36453e-05 -0.128754 -0.000616759 1.70327e-05 -0.00309987 -0.00143126 -1.43703e-05 -0.1344 -0.0799206 -0.00052304 -0.0139222 -6.64583e-05 0.000214213 0.000377488 -0.00520796 0.0120735 -0.00247512 -4.22796e-05 -0.00246267 -0.005264 -3.01587e-05 1.05223e-05 -0.0031696 -0.0909573 -0.00332574 -0.000552289 
-0.00227268 -0.00355415 -0.140249 -0.00031079 -0.0162144 -3.79747e-05 -0.00438746 0.123986 -0.00634031 -0.0758281 -0.00358914 0.132006 0.146234 -0.127002 -0.0962552 -3.06833e-06 -9.46004e-05 0.000143159 -0.114659 -0.141395 -0.00238434 -0.127577 -0.00339758 0.00142495 -0.101629 0.126752 0.03295 -3.77281e-05 -1.23878e-05 -0.0110004 0.130891 -2.23871e-05 0.000725646 -0.00270798 0.00253572 -0.0110684 0.143678 -0.00321245 -0.00146785 -0.128154 -0.0194659 -0.0033953 0.131816 0.121883 -0.00661769 0.000278781 -0.00188713 0.00168144 0.00781115 0.0221706 -0.000134148 0.0500142 -0.000836953 -0.0118941 5.30416e-07 0.124397 0.00042484 0.00126229 -0.0213539 0.123878 0.000458585 -0.0228065 0.000349227 -4.13268e-06 0.128446 -0.0366937 -0.000359618 -2.74143e-05 0.00086745 -0.00661791 0.011576 0.123446 -0.000245037 1.29237e-05 -6.01358e-05 -0.138976 -0.00068077 1.12402e-05 0.00816632 0.00686081 -1.58983e-05 -0.131803 -0.0821144 -0.000559327 -0.0154025 -7.35251e-05 -5.75082e-05 0.000368636 0.0101798 0.0137614 -0.00275102 0.000215083 -0.00260572 0.0110377 -3.2658e-05 1.02237e-05 -0.00336898 -0.100757 -0.00555363 -0.00069774 
-0.0125058 0.00289425 0.149147 -0.000466372 0.00734542 -0.000152967 -0.0497859 -0.106056 0.0163472 0.0438769 -0.0146413 -0.11515 -0.127002 0.203014 0.110466 0.000163168 0.000116782 -0.002042 0.159987 0.143528 -0.00977224 0.127793 -0.0142644 -0.00144841 0.134787 -0.112358 -0.0291662 -7.29334e-05 -4.48605e-05 0.0159654 -0.120903 -2.26017e-05 -0.000761071 -0.0114837 -0.0331031 0.0168954 -0.135542 -0.0129813 0.000566063 0.147827 0.00408158 -0.014178 -0.114917 -0.107299 -0.0169634 -0.00364583 -0.0105207 -0.00284028 -0.0249408 -0.0367959 -0.00111023 -0.0436901 0.00126103 0.00923019 -2.53368e-06 -0.108266 -0.000769868 -0.00129972 -0.0043473 -0.103715 -0.0102342 0.0280197 -0.000309892 -1.55042e-05 -0.112398 0.0550524 0.000444052 -0.000114698 -0.0287437 -0.0198121 -0.012229 -0.107764 -0.00553377 -0.000110967 0.000224939 0.141734 -0.0026961 -2.49056e-05 -0.0140379 -0.0078464 -4.09509e-05 0.116649 0.122384 -0.00226011 0.0219534 -5.34052e-05 0.0013198 -0.000334803 -0.0223274 0.00235786 0.00396906 -0.000190184 -0.0105023 -0.0189748 -1.08111e-05 -1.11737e-05 -0.0141316 0.0971041 0.0103173 -0.00108465 
-0.00944194 0.00842039 0.11429 8.09912e-05 0.0149079 -0.000115475 -0.0293055 -0.0811432 0.0525177 -0.0565343 -0.0111805 -0.0870037 -0.0962552 0.110466 0.248307 0.000638079 0.000212623 -0.00200529 0.145038 0.108651 -0.00713117 0.0911254 -0.0107934 -0.00111169 0.19731 -0.0853045 -0.0220253 -3.83113e-05 -6.47115e-05 0.00415237 -0.0913243 3.0581e-05 -0.00056189 -0.00867186 -0.00310998 -0.0341705 -0.103106 -0.00981322 0.00316148 0.123435 -0.0544778 -0.0107043 -0.0868676 -0.0810929 0.0141908 -0.0027537 -0.00794306 -0.00214603 -0.0190697 -0.0705376 -0.000841729 -0.0330038 -0.00263009 -0.0278881 -2.2602e-06 -0.08927 -0.000597526 -0.000920772 -0.0624938 -0.0788334 -0.005614 0.0181886 -0.000233966 -1.16645e-05 -0.0848262 -0.0597851 -0.000857764 -8.63785e-05 -0.00216239 0.0134205 -0.00925506 -0.081822 -0.00645906 9.04216e-06 0.000787479 0.106286 -0.00206151 -5.24329e-06 -0.0107361 -0.00611514 -4.51079e-05 0.0881473 0.0478562 -0.0016723 0.0378909 -3.51709e-05 0.00185392 -0.00023495 -0.0178456 -0.0234618 -0.00865171 -0.000142781 -0.00828499 -0.0187117 7.41647e-05 -8.3536e-06 -0.0106694 0.155014 0.0388968 -0.00327758 
-4.00349e-05 -7.65918e-06 7.84312e-05 -3.39602e-06 -0.000192575 -4.90031e-07 -0.000422585 8.08597e-06 0.000157555 -0.000977185 -4.78797e-05 1.90223e-05 -3.06833e-06 0.000163168 0.000638079 0.00229003 -1.22104e-06 -8.37186e-06 0.000339739 5.86993e-05 -3.20243e-05 0.000136189 -4.56459e-05 -1.98739e-06 0.000573535 2.09481e-05 5.15267e-05 -4.86848e-07 -2.7982e-07 -0.000141268 1.16213e-05 1.97111e-06 -1.59749e-06 -3.67861e-05 -0.000179802 -0.000143843 -3.41753e-05 -4.1629e-05 1.71666e-05 0.000227743 -0.000238422 -4.54024e-05 3.25477e-05 -0.000137904 -8.60955e-05 -1.16805e-05 -3.36907e-05 6.28505e-05 -6.21314e-05 -0.000255711 -2.74205e-06 1.43603e-05 -1.11823e-05 -0.000151361 -9.58669e-09 -0.000142158 -2.32801e-06 1.2065e-06 -0.00029749 -8.27583e-05 -2.88529e-05 -0.000209064 2.42952e-08 -5.38018e-08 1.55508e-05 -0.000530242 -4.72752e-06 -3.70576e-07 -0.00011645 -0.000120017 -4.96382e-07 2.87652e-05 -7.5901e-05 5.0275e-06 -2.56619e-06 5.15435e-05 -8.7024e-06 -9.56603e-08 -4.5516e-05 -2.25194e-05 -2.05154e-07 -3.27746e-05 0.000190087 -7.43063e-06 6.56872e-05 9.4789e-07 -2.77909e-05 9.31622e-05 -7.40592e-05 -0.000334454 -3.67379e-05 -8.29718e-08 -3.51682e-05 -7.84269e-05 5.46445e-06 5.09658e-06 -4.52548e-05 0.000582173 -0.000187595 2.61094e-06 
-9.28184e-06 -9.9438e-06 9.60917e-05 4.14971e-06 7.65039e-05 1.13698e-05 -7.18416e-05 -3.0627e-05 3.83912e-05 -0.000184087 -9.93565e-06 -8.55058e-05 -9.46004e-05 0.000116782 0.000212623 -1.22104e-06 0.00053169 2.5853e-07 0.000169686 0.0001071 -7.49788e-06 8.85506e-05 -1.06132e-05 -1.03053e-06 0.000187224 -8.38713e-05 -2.16353e-05 1.31716e-06 -4.48529e-08 -3.56468e-05 -8.97938e-05 -6.69542e-08 -5.65702e-07 -8.52579e-06 -3.49592e-05 -3.36455e-05 -0.000101847 -9.64822e-06 -2.00379e-06 0.000146963 -3.00393e-05 -1.05228e-05 -8.53732e-05 -7.97371e-05 -1.77299e-05 -2.70714e-06 -7.80838e-06 -2.08718e-06 -1.89177e-05 -6.52017e-05 -8.29426e-07 -3.24449e-05 -2.59169e-06 -1.16291e-05 -2.22188e-09 -8.82629e-05 -5.90544e-07 -1.00343e-06 -6.05714e-05 -0.000104376 8.60427e-06 -5.95184e-05 -2.29999e-07 -1.24695e-08 -6.9338e-05 -0.000112124 -1.09568e-06 -8.58871e-08 -2.99032e-05 -3.62284e-05 -9.09832e-06 -8.0435e-05 -4.0911e-06 -1.82903e-07 -9.71565e-07 8.61731e-05 -2.02754e-06 -2.21709e-08 -1.04514e-05 -6.0186e-06 5.24522e-08 8.64694e-05 -0.000325784 -6.21444e-07 0.000303906 -7.65614e-08 -6.69162e-06 -2.55202e-07 1.82469e-06 -0.000261569 -8.51772e-06 3.82039e-07 -8.15081e-06 -1.9069e-05 -1.00174e-07 -9.29003e-09 -1.04886e-05 0.00019188 0.00015676 -7.18547e-07 
0.00154061 -7.80733e-05 -0.00231585 1.3778e-06 0.00157645 -7.88764e-07 -0.000728004 0.00013306 -0.00269332 0.00122031 0.0021925 0.000163427 0.000143159 -0.002042 -0.00200529 -8.37186e-06 2.5853e-07 0.00402175 -0.0024469 -0.00235539 0.000404019 -0.00214369 0.00214244 -8.3285e-06 -0.00213309 0.000850201 -5.40207e-05 1.55202e-05 2.40911e-05 -0.000160967 0.000119655 2.05104e-07 7.32592e-06 0.000494363 -0.000277414 0.00035954 0.000146335 0.00212937 -2.45567e-05 -0.00235247 0.000524442 0.00219306 0.000191703 0.000210309 -0.000140648 0.000180581 0.000542369 8.04302e-06 0.00224654 -0.000443349 0.000287731 0.00020482 6.35906e-05 -5.48109e-05 -1.68656e-08 0.000242511 -8.25976e-07 -7.03721e-06 0.000179197 3.37052e-05 -3.22266e-05 -0.000305467 -1.74585e-06 3.66201e-06 0.000165747 0.00145841 -8.06034e-06 1.04806e-06 0.000205023 -0.000267294 -6.4926e-05 -0.000188002 -0.000127645 1.96164e-06 1.0999e-05 -0.00241385 0.000126998 -1.41626e-07 0.00187672 0.000720649 1.63591e-05 -0.000199765 -0.00241188 0.00145319 -0.000340374 2.94177e-07 -3.59029e-05 -3.20495e-07 4.51742e-05 -0.00193157 0.000201494 -5.89187e-07 0.00021274 -8.56441e-05 1.31961e-06 -7.05179e-08 0.00219651 -0.00207226 -0.000512381 -1.75325e-05 
-0.0117876 0.00645127 0.136836 -0.000207905 0.0132235 -0.000106873 -0.04085 -0.0927165 0.0544277 0.0109058 -0.0139198 -0.10313 -0.114659 0.159987 0.145038 0.000339739 0.000169686 -0.0024469 0.219126 0.130382 -0.00880314 0.112484 -0.013468 -0.0013864 0.175439 -0.100789 -0.0274533 -3.48695e-05 -4.04526e-05 0.0182803 -0.108391 5.28167e-06 -0.000700057 -0.0108266 -0.044021 -0.0335682 -0.123734 -0.012252 0.00114771 0.179793 -0.0482883 -0.0133641 -0.10297 -0.0957327 -0.0198776 -0.00343854 -0.00991528 -0.00267816 -0.0237558 -0.05556 -0.00104765 -0.0407692 -0.00105023 -0.0236187 -2.37222e-06 -0.0996409 -0.000730947 -0.00125897 -0.0361812 -0.0898025 -0.00931904 0.0340284 -0.00029118 -1.58387e-05 -0.100838 0.00714847 -0.00137788 -0.00010752 -0.0364521 -0.0245724 -0.009894 -0.0993029 -0.00575394 -0.000158303 0.000456151 0.127135 -0.00258198 -1.05747e-05 -0.0133672 -0.00758864 -2.55984e-05 0.104596 0.105717 -0.0020811 0.0274459 9.9127e-05 0.00174361 -0.00031067 -0.0182653 -0.00885711 -0.0106295 -0.000171068 -0.01015 -0.0230118 5.44958e-05 -9.8135e-06 -0.0133203 0.138895 0.0239216 -0.00183776 
-0.013934 0.00402084 0.158433 -0.000247119 0.00330191 -0.000132862 0.0053555 -0.119855 0.0236356 0.0661664 -0.0155283 -0.128258 -0.141395 0.143528 0.108651 5.86993e-05 0.0001071 -0.00235539 0.130382 0.16082 -0.0104749 0.141561 -0.0157168 -0.0014416 0.11477 -0.12526 -0.0324883 -6.04982e-05 -5.4751e-05 0.0117298 -0.127109 1.0931e-05 -0.00084926 -0.0127531 -0.00452112 0.0120403 -0.143202 -0.0144173 0.00165971 0.144841 0.00952917 -0.0157232 -0.128106 -0.118753 0.00710304 -0.00406347 -0.0117203 -0.00310577 -0.0268969 -0.0195207 -0.00118826 -0.0486434 0.000944431 0.0134602 -2.17228e-06 -0.120951 -0.000857483 -0.00126924 0.0211044 -0.119351 -0.00270477 0.0257773 -0.000345288 -3.10657e-06 -0.124848 0.0370755 0.000355969 -0.000127159 -0.00451291 0.00477314 -0.0136056 -0.120111 -0.00285426 -0.000128065 8.97905e-05 0.154682 -0.00300854 -1.53409e-05 -0.0139463 -0.00793118 -2.77349e-05 0.130059 0.097763 -0.00246983 0.0173982 6.30841e-05 0.000261234 -0.000358668 -0.0130369 0.00318458 0.00305322 -0.000207239 -0.0115983 -0.013689 3.43725e-05 -9.81342e-06 -0.015733 0.114257 0.00858037 0.000854129 
0.011464 -0.000201287 -0.0103351 0.000535409 0.00741207 0.000111408 -0.00236135 -0.00253682 -0.0119008 0.00772141 0.0130303 -0.00226522 -0.00238434 -0.00977224 -0.00713117 -3.20243e-05 -7.49788e-06 0.000404019 -0.00880314 -0.0104749 0.0138958 -0.00988731 0.0130317 -1.33299e-05 -0.00743231 -0.00177606 -0.000572374 -1.88953e-06 4.88508e-06 -9.06973e-05 -0.00234896 8.35607e-06 0.000147712 0.0126455 -0.00117301 -0.000832564 -0.00268978 0.0116274 -0.000115624 -0.00942716 0.00719904 0.0130363 -0.0022618 -0.00210559 -0.00052661 0.00357562 0.0122038 0.000138069 0.0128025 -0.00129269 8.22313e-05 -0.000859381 -6.84293e-05 -0.000939303 5.77988e-08 -0.00232767 0.00047748 -1.28771e-05 -0.00173406 -0.00260872 -0.000207202 -0.00173179 5.9595e-08 1.97963e-06 -0.0022093 -0.00244633 -2.76431e-05 0.000132544 -0.000478126 -0.000923441 0.00161108 -0.00195405 -0.000465543 -2.83929e-06 -3.25237e-05 -0.0105105 0.00268275 -5.8741e-07 0.00152437 -9.03992e-05 5.2769e-06 0.000391291 -0.00970759 0.000835226 -0.00117827 -4.97937e-06 -0.000177592 -6.06482e-06 -0.000458339 -0.0117307 -0.000224268 -3.74353e-06 0.0119552 -0.000504778 1.46925e-06 -2.46136e-07 0.0130361 -0.0074514 -0.00180829 -9.19148e-05 
-0.0131592 0.00472224 0.145168 -0.000361072 -0.0358808 -0.000160661 0.0160555 -0.110173 0.0184388 0.0591018 -0.01522 -0.118664 -0.127577 0.127793 0.0911254 0.000136189 8.85506e-05 -0.00214369 0.112484 0.141561 -0.00988731 0.18487 -0.0150206 0.000279702 0.0956709 -0.115594 -0.0279023 -0.000150571 -7.84671e-05 0.00587686 -0.118718 -1.53135e-05 -0.000802855 -0.0120827 -0.00304921 0.0137768 -0.130368 -0.0136727 0.000571486 0.125124 0.0110966 -0.0149323 -0.118327 -0.110072 0.0076588 -0.00383173 -0.0110821 -0.00129736 -0.0249793 -0.0146898 -0.000975259 -0.0459164 0.000647929 0.0146763 1.75757e-07 -0.114059 -0.000814154 0.000228429 0.0294802 -0.115755 -0.0025534 0.0258701 -0.00032648 -8.74202e-06 -0.117671 0.000427484 0.000402799 -0.000121171 0.00053488 0.00934642 -0.0128176 -0.112074 0.00419576 -2.83315e-05 -5.49027e-05 0.142298 -0.0028457 -1.36645e-05 -0.0143668 -0.00838062 -3.1617e-05 0.120159 0.0902812 -0.00233938 0.0125076 6.68406e-05 -0.00221837 -0.000333662 -0.00903549 -0.00203151 0.00380537 -0.000198892 -0.0109532 -0.0100845 4.03497e-05 -9.05508e-06 -0.0148847 0.136885 0.016423 0.000917589 
0.0163656 -0.000398925 -0.0157093 0.000564678 0.0132012 0.000171237 -0.00379954 -0.00358881 -0.0178114 0.0112956 0.0193785 -0.00319653 -0.00339758 -0.0142644 -0.0107934 -4.56459e-05 -1.06132e-05 0.00214244 -0.013468 -0.0157168 0.0130317 -0.0150206 0.0195526 4.96509e-06 -0.0113972 -0.00105047 -0.000797997 9.9065e-05 6.72778e-05 -0.000545436 -0.00322709 -2.50765e-06 0.000160521 0.0156692 -0.00114754 -0.000645011 -0.00314643 0.0176779 -0.000164136 -0.0143734 0.0105935 0.0193156 -0.00319667 -0.00294988 -0.000744671 0.00377787 0.01378 0.00146681 0.019084 -0.00209155 0.00127418 -0.00120781 -3.27263e-05 -0.00130964 3.33395e-08 -0.00327949 0.000472799 -1.69068e-05 -0.00235758 -0.00390941 -0.000259591 -0.00248035 -2.40565e-06 4.70569e-06 -0.00312375 0.000535408 -3.37048e-05 0.000156359 0.000276091 -0.0012917 0.00214105 -0.00283211 -0.000622177 -6.17943e-06 -5.48098e-05 -0.0156082 0.00369869 -8.31476e-07 0.00554799 0.000946859 3.50468e-05 0.00113049 -0.0140389 0.00301113 -0.00165812 1.40899e-05 -0.00025257 -9.33418e-06 -0.000538697 -0.0174628 -0.000312037 -3.56562e-06 0.0144011 -0.000599381 -3.74684e-06 -3.48405e-07 0.0192501 -0.0115245 -0.00260931 -0.000152003 
-7.45977e-06 -4.1241e-05 -0.00161437 -1.71601e-06 -0.000187719 -3.46997e-07 0.000307555 0.000303569 -0.00158027 -0.000762949 -1.82446e-05 0.0014054 0.00142495 -0.00144841 -0.00111169 -1.98739e-06 -1.03053e-06 -8.3285e-06 -0.0013864 -0.0014416 -1.33299e-05 0.000279702 4.96509e-06 0.00205825 -0.00117287 0.00138743 0.00153699 -4.37471e-07 7.89523e-06 -0.000137509 -6.42113e-05 -2.59587e-07 -1.08327e-06 -1.22352e-05 0.000234445 -8.47731e-05 0.00157912 -2.73103e-05 -1.70221e-05 -0.00142933 -0.000141511 -2.28976e-05 0.00140879 -0.000281507 -7.35628e-05 -3.48247e-06 -1.47904e-05 0.00156881 0.00144987 -0.000226222 0.000106691 -0.000115768 3.26451e-05 -0.000112797 -8.61439e-09 6.44737e-06 1.08437e-05 0.00148286 9.17805e-05 -0.000124682 -1.98981e-05 -0.000236541 -1.91723e-07 -4.83451e-08 -0.000228195 -0.000449461 -4.24805e-06 -8.63245e-08 0.000126583 0.000118891 -2.91916e-05 0.000603704 -1.37264e-07 -5.25797e-07 9.30006e-06 -0.00135751 -3.18264e-06 -8.59583e-08 -1.88153e-05 5.6658e-06 -1.84347e-07 -0.0014316 -0.000153752 -3.66295e-06 -0.000123488 -8.5255e-07 -2.60776e-05 8.40562e-07 -1.61926e-05 -0.00150062 -2.58072e-05 -1.24474e-07 -1.2058e-05 0.000244891 -3.88383e-07 -3.60182e-08 -2.2765e-05 0.000339881 0.00122563 -7.2949e-06 
-0.00996932 0.00855509 0.120632 2.71092e-07 0.0151051 -0.000121941 -0.0269903 -0.0857869 0.0549836 -0.049313 -0.0118316 -0.0918607 -0.101629 0.134787 0.19731 0.000573535 0.000187224 -0.00213309 0.175439 0.11477 -0.00743231 0.0956709 -0.0113972 -0.00117287 0.244906 -0.0900634 -0.0232554 -0.000101406 -3.1473e-05 -0.00235257 -0.0964365 2.13601e-05 -0.000594032 -0.00915631 -0.0269415 -0.0360638 -0.109303 -0.0103621 0.00134081 0.150285 -0.0572827 -0.0113021 -0.0917163 -0.085611 -0.00802711 -0.00290758 -0.00838672 -0.00226417 -0.020205 -0.0724708 -0.000888163 -0.0348479 -0.00277924 -0.0316764 -2.38644e-06 -0.0914204 -0.000626467 -0.00105425 -0.0657557 -0.0752251 -0.00821631 0.0293373 -0.000247034 -1.3393e-05 -0.0895683 -0.0522349 -0.00116732 -9.13052e-05 -0.0234268 -0.00875277 -0.00976909 -0.0863913 -0.00698871 -6.89535e-05 0.000721875 0.112739 -0.00217967 -6.503e-06 -0.0113924 -0.00646059 -3.95495e-05 0.0930713 0.0782693 -0.00177155 0.0358389 -7.15816e-05 0.00297898 -0.000254247 -0.0188069 -0.0207746 -0.0091486 -0.000151699 -0.00874997 -0.019792 7.2583e-05 -8.88144e-06 -0.0112654 0.165981 0.0364901 -0.00350826 
-0.000167156 -0.0031492 -0.123728 -0.000271121 -0.0123343 -2.74322e-05 -0.00907704 0.122136 -0.00850891 -0.0647587 -0.00116057 0.129371 0.126752 -0.112358 -0.0853045 2.09481e-05 -8.38713e-05 0.000850201 -0.100789 -0.12526 -0.00177606 -0.115594 -0.00105047 0.00138743 -0.0900634 0.132834 0.0326659 -2.83568e-05 9.79758e-06 -0.00905918 0.126732 -1.98487e-05 0.000661217 -0.0011065 -0.013151 -0.00989553 0.124785 -0.000959917 -0.00130104 -0.113003 -0.0162651 -0.000987289 0.129466 0.104855 -0.0058915 -0.000301731 -0.00181093 0.00178977 -0.000533326 0.0203119 2.8717e-06 0.0508081 -0.000767788 -0.0105654 -5.3458e-09 0.109824 -2.56178e-05 0.00133143 -0.0205019 0.122171 -0.002318 -0.0202093 0.000339333 -1.64659e-06 0.12643 -0.0361665 -0.000324817 -1.33847e-05 -0.00884325 -0.0110324 0.010678 0.120917 -0.00517228 -5.41653e-05 -2.77937e-05 -0.125737 1.55854e-05 1.71607e-05 -0.00209449 -0.00130685 -1.0859e-05 -0.129331 -0.0796951 6.73302e-05 -0.0136489 -6.51882e-05 0.000183396 0.000371068 -0.00521073 0.00975 -0.00242602 -4.11835e-05 -0.00104973 -0.00559507 -2.85435e-05 1.0216e-05 -0.000989924 -0.0888924 -0.00508616 -0.000536096 
-0.000686577 -0.000814095 -0.0320801 -7.16621e-05 -0.0033329 -8.6921e-06 0.0100539 0.0282561 -0.0141783 -0.0173682 -0.000831827 0.0325507 0.03295 -0.0291662 -0.0220253 5.15267e-05 -2.16353e-05 -5.40207e-05 -0.0274533 -0.0324883 -0.000572374 -0.0279023 -0.000797997 0.00153699 -0.0232554 0.0326659 0.0390561 -7.49231e-06 4.23659e-06 -0.00272726 0.0310413 -5.12423e-06 5.51349e-05 -0.000650207 -0.00182049 -0.00256036 0.0328753 -0.000719037 -0.000336016 -0.029429 -0.00446781 -0.000788442 0.032586 0.00966925 -0.00150153 -1.43699e-05 -0.000597358 0.00191945 0.000784742 -0.00166986 4.23812e-05 0.0269878 -0.000197537 -0.002721 3.66191e-08 0.0142467 -3.84763e-05 0.00134319 -0.00441584 0.029527 -0.000445619 -0.00523351 8.73008e-05 -9.17662e-07 0.0310314 -0.00955009 -8.38562e-05 -6.57323e-06 -0.00096737 -0.00172106 -0.000515352 0.0317365 -0.000303528 -1.25715e-05 0.000267068 -0.0321016 -0.000156195 1.91499e-05 -0.000310987 1.07045e-05 -3.63566e-06 -0.0325251 -0.0224339 -0.000132513 -0.00352106 -1.68293e-05 0.000145497 0.000168802 4.89874e-05 0.00241193 -0.000536163 -9.34703e-06 -0.000622302 0.000111776 -7.56999e-06 8.70567e-06 -0.000795251 -0.0216382 -0.00304903 0.000224837 
9.55825e-05 -4.2412e-06 -5.8347e-05 -3.73582e-07 0.000179932 -4.52834e-08 -4.09259e-05 -3.82344e-05 -8.35558e-05 0.000114191 9.87833e-05 -3.41019e-05 -3.77281e-05 -7.29334e-05 -3.83113e-05 -4.86848e-07 1.31716e-06 1.55202e-05 -3.48695e-05 -6.04982e-05 -1.88953e-06 -0.000150571 9.9065e-05 -4.37471e-07 -0.000101406 -2.83568e-05 -7.49231e-06 0.000212062 5.07475e-07 3.84088e-05 -3.58023e-05 5.49971e-07 -9.55549e-08 1.9584e-05 -1.78263e-05 -7.73504e-06 -3.98074e-05 9.93631e-05 5.58295e-05 -4.45736e-05 6.64928e-05 9.84711e-05 -3.4049e-05 -3.17925e-05 -8.00222e-06 2.20617e-07 -1.72333e-06 3.73918e-05 9.56579e-05 -2.7732e-05 2.12596e-06 -1.20263e-05 -7.1335e-07 -1.40604e-05 -8.85899e-10 -3.52238e-05 -2.3546e-07 -4.09388e-07 -2.77752e-05 -4.14212e-05 -3.12955e-06 -2.71909e-05 -9.17043e-08 -4.97178e-09 -1.31848e-05 0.000139977 -4.36867e-07 -3.42446e-08 -8.76246e-07 -1.48914e-05 -3.32765e-06 -3.20708e-05 -6.02712e-06 -7.29265e-08 -5.8275e-07 -7.84814e-05 -6.20398e-07 -8.8399e-09 9.47971e-05 -5.0438e-07 -1.89581e-08 3.44425e-05 -0.000117327 6.26311e-07 -1.0817e-05 5.25658e-07 -2.72122e-06 -1.01753e-07 -6.79864e-06 -8.93945e-05 -3.39616e-06 -5.63362e-08 -1.36987e-06 -7.60315e-06 -3.99411e-08 -3.70409e-09 9.83714e-05 -9.19733e-05 -2.77879e-05 1.69605e-05 
4.99696e-05 -2.34766e-06 -6.18347e-05 -2.14719e-07 7.75972e-05 -2.6027e-08 -1.76223e-05 -2.19755e-05 -6.63522e-05 2.63521e-05 6.77657e-05 -1.04003e-05 -1.23878e-05 -4.48605e-05 -6.47115e-05 -2.7982e-07 -4.48529e-08 2.40911e-05 -4.04526e-05 -5.4751e-05 4.88508e-06 -7.84671e-05 6.72778e-05 7.89523e-06 -3.1473e-05 9.79758e-06 4.23659e-06 5.07475e-07 0.000121895 -8.12631e-06 -1.8651e-05 -1.53436e-08 -1.2964e-07 5.21952e-06 -1.00939e-05 -7.3104e-06 -1.39819e-05 6.6899e-05 -1.00614e-06 -4.58883e-05 2.02372e-05 6.76219e-05 -1.03699e-05 -1.8273e-05 -4.53267e-06 -5.8705e-07 3.01406e-05 1.05463e-05 6.86294e-05 -1.43088e-05 7.79992e-06 -7.43527e-06 -5.30593e-07 -5.95629e-06 -5.09177e-10 -2.02452e-05 3.31334e-07 7.74137e-06 -1.57873e-05 3.184e-06 -1.73207e-06 -1.48946e-07 -5.27078e-08 -2.85757e-09 -1.80754e-05 8.01187e-05 -2.51093e-07 -1.96824e-08 1.14405e-05 -8.39564e-06 -1.22836e-06 -1.07929e-05 -4.04655e-06 -4.19151e-08 -2.98274e-07 -5.49602e-05 -4.67698e-07 -5.0808e-09 5.30142e-05 -8.00021e-07 3.3577e-07 9.85796e-06 -4.28469e-05 1.98399e-05 -1.04318e-05 -5.03923e-08 2.00226e-05 -5.84835e-08 -4.00759e-06 -7.53066e-05 -1.95197e-06 -3.23797e-08 1.86878e-06 -4.20664e-06 -2.29565e-08 -2.12895e-09 6.72997e-05 -5.51951e-05 -6.93798e-06 -6.1751e-07 
-0.000972804 -0.00134727 0.0124713 -0.000113159 0.00756696 -1.35031e-05 -0.0100113 -0.0101138 0.00543602 0.0011421 -0.000599277 -0.00999095 -0.0110004 0.0159654 0.00415237 -0.000141268 -3.56468e-05 -0.000160967 0.0182803 0.0117298 -9.06973e-05 0.00587686 -0.000545436 -0.000137509 -0.00235257 -0.00905918 -0.00272726 3.84088e-05 -8.12631e-06 0.0639645 -0.0104186 -8.64427e-06 -7.20496e-05 -0.000598599 -0.00436385 -0.00414748 -0.0119008 -0.000509853 -0.00055939 0.0147053 -0.00661028 -0.000531102 -0.00981324 -0.00919828 -0.00127887 9.16916e-05 -0.000310388 -5.85324e-06 -0.00132667 -0.00717892 -6.2605e-05 -0.0037799 -0.000275176 -0.00286447 3.66473e-07 -0.00783915 -7.51002e-05 -0.00013243 -0.0087665 -0.0123944 -0.000994149 -0.00371658 -2.58078e-05 -1.6099e-06 -0.0100277 0.0236292 -0.000141197 -1.08653e-05 -0.00166949 -0.00367724 -0.00101477 -0.0101767 0.000156909 -2.01741e-05 -0.000175209 0.01157 -0.000257569 -2.86242e-06 -0.00102115 -0.000751306 -6.13877e-06 0.00994916 0.0161255 -0.000218965 -0.00511231 -2.70934e-05 -0.000857158 -3.29484e-05 -0.00226706 0.00733164 -0.00109709 -1.82221e-05 -0.00064562 -0.00242707 -9.58655e-06 -1.19941e-06 -0.00053093 -0.00951286 -0.00891142 -0.000380232 
-0.0022078 -0.00337216 -0.125882 -0.000262199 -0.0152068 -3.12597e-05 -0.00409167 0.124844 -0.00411364 -0.0645986 -0.00340116 0.132019 0.130891 -0.120903 -0.0913243 1.16213e-05 -8.97938e-05 0.000119655 -0.108391 -0.127109 -0.00234896 -0.118718 -0.00322709 -6.42113e-05 -0.0964365 0.126732 0.0310413 -3.58023e-05 -1.8651e-05 -0.0104186 0.140303 -2.12444e-05 0.000685724 -0.00265988 -0.0115063 -0.0103822 0.128873 -0.00294093 -0.00139225 -0.114481 -0.0180581 -0.00321716 0.131809 0.11066 -0.00630774 -0.000856363 -0.00179581 0.000324138 -0.00291181 0.0302524 -0.000205398 0.0506496 -0.000821934 -0.0111588 5.68338e-07 0.115316 2.72152e-05 -0.000148297 -0.0143393 0.125587 -0.00221013 -0.0216003 0.000352439 -3.91986e-06 0.130017 -0.0396243 -0.000343934 -2.46251e-05 -0.0088077 -0.0112015 0.0116778 0.124218 -0.00548709 -5.69114e-05 -3.90378e-05 -0.127648 -0.000646318 1.66152e-05 -0.00184184 -0.00025059 -1.50868e-05 -0.131701 -0.0778804 -0.000547836 -0.0146169 -6.78754e-05 0.000117408 0.000371818 -0.00350914 0.0144022 -0.00260382 -4.48322e-05 -0.0025265 -0.00333126 -3.16217e-05 1.02756e-05 -0.00321482 -0.0900883 -0.00563662 -0.000271339 
-2.196e-06 1.62667e-05 2.49108e-05 5.8499e-07 2.43626e-05 -2.68703e-08 -1.82111e-05 -1.82342e-05 -1.71772e-05 -1.27319e-05 1.16633e-05 -2.02354e-05 -2.23871e-05 -2.26017e-05 3.0581e-05 1.97111e-06 -6.69542e-08 2.05104e-07 5.28167e-06 1.0931e-05 8.35607e-06 -1.53135e-05 -2.50765e-06 -2.59587e-07 2.13601e-05 -1.98487e-05 -5.12423e-06 5.49971e-07 -1.53436e-08 -8.64427e-06 -2.12444e-05 0.000125844 9.60949e-06 -2.01712e-06 -7.28296e-06 1.71998e-05 -2.28949e-05 -2.28268e-06 1.27313e-05 2.29704e-05 1.85756e-05 -2.48959e-06 -2.0204e-05 -1.88651e-05 -4.64836e-06 -6.40485e-07 -1.84739e-06 -4.99329e-07 -4.48129e-06 -1.03622e-05 -1.96235e-07 -7.67618e-06 -6.1317e-07 3.61815e-05 -5.25675e-10 -2.09011e-05 -1.39717e-07 -2.42923e-07 7.16875e-06 5.51501e-06 4.33632e-06 3.97992e-06 -5.44156e-08 -2.95016e-09 -9.47189e-06 2.22029e-07 -2.59228e-07 -2.03201e-08 -6.99149e-06 1.21804e-05 -2.15258e-06 -1.90302e-05 -1.86433e-06 5.37673e-06 2.73675e-05 -3.70703e-06 -4.82852e-07 -5.24543e-09 -2.52159e-06 -1.0614e-06 9.78751e-07 -7.88083e-07 -7.03602e-05 -4.09644e-07 3.42694e-05 1.25797e-06 1.33219e-05 2.75629e-06 -3.4796e-06 -5.9564e-05 6.18812e-06 -3.34288e-08 -1.50841e-06 -3.94823e-06 1.66297e-06 -2.19794e-09 -2.4815e-06 4.74347e-06 -5.2888e-06 -8.61004e-07 
0.000255436 -2.12634e-05 -0.000824912 9.83703e-06 -4.78273e-05 3.0803e-05 -0.00018013 0.000584217 -0.000258255 -0.000275037 0.00015838 0.000697989 0.000725646 -0.000761071 -0.00056189 -1.59749e-06 -5.65702e-07 7.32592e-06 -0.000700057 -0.00084926 0.000147712 -0.000802855 0.000160521 -1.08327e-06 -0.000594032 0.000661217 5.51349e-05 -9.55549e-08 -1.2964e-07 -7.20496e-05 0.000685724 9.60949e-06 0.00106227 0.000159047 -8.88194e-05 -6.72567e-05 0.000665347 8.30674e-06 -7.89643e-06 -0.000755618 -7.25485e-07 0.000159002 0.000662837 0.000611814 -4.00427e-05 5.48051e-05 0.000127078 -3.33888e-06 0.000151984 0.000374448 -1.53467e-06 -3.67734e-05 -5.18073e-06 -7.11617e-05 -4.44148e-09 0.000621291 2.75228e-05 -4.59149e-07 -0.000138842 0.000674474 -1.56901e-05 -0.000136707 6.43357e-06 -2.49262e-08 0.000715263 -0.000239602 -2.19025e-06 4.9498e-07 -5.97759e-05 -5.93387e-05 -1.67007e-05 0.000711662 -3.52942e-05 8.44381e-07 2.4565e-05 -0.000851129 -4.02633e-06 -4.43191e-08 -1.08185e-05 -6.11106e-06 -9.5047e-08 -0.000842486 -0.000724135 2.75555e-06 -7.87401e-05 -4.39565e-07 2.43704e-05 -3.1681e-07 -3.54225e-05 -0.000307906 -1.69667e-05 -2.82443e-07 0.00015623 -3.80019e-05 -2.00246e-07 -1.85706e-08 0.000159607 -0.000614893 -7.71988e-05 -7.68628e-06 
0.0142257 -0.000319961 -0.0126261 0.000564559 0.00980037 0.000165745 -0.00309989 -0.00288824 -0.0143644 0.00914088 0.0156556 -0.00257673 -0.00270798 -0.0114837 -0.00867186 -3.67861e-05 -8.52579e-06 0.000494363 -0.0108266 -0.0127531 0.0126455 -0.0120827 0.0156692 -1.22352e-05 -0.00915631 -0.0011065 -0.000650207 1.9584e-05 5.21952e-06 -0.000598599 -0.00265988 -2.01712e-06 0.000159047 0.0157699 -0.00125992 -0.00090772 -0.00297679 0.0141899 -0.000132271 -0.0115871 0.00969734 0.0156509 -0.00257274 -0.00237068 -0.000602016 0.00372913 0.0132059 0.000379653 0.0154185 -0.00157264 0.000124402 -0.000973257 -7.62397e-05 -0.00107418 4.97284e-08 -0.00263033 0.000474272 -1.59933e-05 -0.00198823 -0.00314656 -0.000235542 -0.00203809 -7.09154e-07 2.461e-06 -0.00251474 -0.00231811 -3.13262e-05 0.000151022 -0.000788449 -0.00107096 0.00220068 -0.00224922 -0.000515484 -5.21031e-06 -4.40325e-05 -0.0127562 0.00370427 -6.6794e-07 0.00195626 -0.000148909 1.14642e-05 0.000531359 -0.0113062 0.00112836 -0.00135234 -6.11142e-06 -0.000205008 -7.45178e-06 -0.000498909 -0.0140758 -0.000256613 -4.24342e-06 0.0144572 -0.000549548 -3.00794e-06 -2.7988e-07 0.0156459 -0.00925449 -0.00209576 -0.000122372 
