0.24817 -0.00392091 -0.0051157 -0.00930157 -0.000165255 -0.0392197 -0.0167123 0.0393162 -0.00677872 -0.029643 -0.0894701 -0.00600737 4.86924e-05 0.0788728 -0.00374706 -0.0257764 0.0202646 -0.00735783 -0.144289 0.0358941 -0.00364029 -0.0104528 0.0250435 0.00954344 -2.07651e-05 -0.00014331 -0.0166615 9.30363e-06 -0.0898638 -0.0186683 -9.35805e-05 -0.000110446 -0.000125152 -0.000179848 -0.0197042 0.0238387 -0.00886862 0.0343988 -0.0335461 -2.19578e-05 -0.00951765 -2.67953e-05 -0.000792782 2.91617e-08 -7.26965e-05 -0.000617917 -0.00600931 0.202489 0.000279494 -0.0191374 -3.32712e-05 -0.000493075 -0.00215733 -0.0156136 -0.0156328 -0.0127812 -0.00410783 -0.00237596 -0.000192624 -8.52598e-07 9.28119e-08 -1.77164e-05 -0.000773574 -6.42472e-07 -0.128242 0.000579989 -0.00558162 -0.00106485 -0.0046392 -0.00452529 -0.0209974 -0.0286506 -1.97214e-05 -2.19591e-05 -0.00598553 -0.0535301 -0.00257096 0.0930419 0.000199854 0.0260626 -0.000206426 -8.37967e-05 0.018307 0.113922 -5.89474e-05 -0.00479725 -0.0925912 8.73869e-05 -0.000737869 0.00112694 0.0670295 -0.00710892 0.141007 -0.0038478 -0.024921 -0.0057644 -0.000293962 -0.0851589 -0.00330054 -0.0148728 
-0.00392091 0.00719949 3.05705e-05 -0.000196313 6.83896e-05 -0.000410431 0.00164353 -0.00667285 -6.46385e-05 0.00600989 -0.00126013 -8.071e-05 -4.1426e-05 -0.00203534 -4.27975e-05 0.00687545 -0.00691017 -6.70631e-05 0.00415206 -0.0067029 -4.37485e-05 -1.90915e-06 -0.00659609 -0.000168642 7.88483e-06 -6.91397e-07 0.00160843 -2.47083e-06 -0.00102183 0.00525201 1.93865e-06 9.50003e-06 0.000106534 2.13661e-06 0.00679761 -0.00320922 -2.20246e-05 -0.00676383 -0.000381746 9.74204e-06 -7.44973e-05 1.30927e-05 -1.06093e-05 -1.83719e-09 -1.80412e-06 -4.14192e-06 -2.91076e-05 -0.00438986 -3.82245e-06 0.00544332 7.44136e-06 0.000571498 0.00034405 0.00265825 -0.000168166 -0.000105276 -5.95302e-05 0.00187939 3.09569e-05 -1.59788e-08 5.34752e-06 -2.36708e-07 -1.73899e-05 5.0258e-08 -0.000864026 -2.95384e-05 -0.000102111 1.67289e-05 0.00297004 -2.56117e-06 0.00681701 -0.000390625 -2.86433e-07 -3.15707e-07 2.1095e-05 -0.000782355 8.35416e-05 -0.000295617 6.41448e-06 -0.005812 3.72196e-06 8.55067e-07 -0.00683379 -0.00564273 5.9725e-05 -4.21378e-05 -0.00444713 -1.22461e-05 1.06644e-05 -1.43261e-05 0.000786938 -5.91803e-05 -0.00106693 1.00496e-06 0.00688692 0.00437925 -3.06968e-07 -0.00113493 -5.68403e-05 0.00629982 
-0.0051157 3.05705e-05 0.0093423 -0.000251992 -2.39961e-06 -0.000684871 -0.000261877 -0.00868235 -8.08281e-05 0.00890113 -0.00164592 0.00864455 -5.38957e-05 -0.00297724 -2.72895e-05 0.00888219 0.000228534 0.00913292 -0.00248592 -0.00867581 -8.81562e-05 -0.000247896 -0.00895345 -0.000226636 -6.47808e-05 -2.81722e-06 -0.000253461 3.61767e-05 -0.00160285 -0.000609783 -1.62736e-06 -1.68539e-06 -2.21886e-06 -5.18911e-07 -0.000110914 -0.00892123 0.00754154 -0.00880961 -0.000622455 2.52583e-06 0.0087762 -4.19958e-07 -1.39404e-05 -2.38925e-09 -2.34624e-06 -1.1191e-05 0.00908478 -0.00572333 -1.0277e-05 -0.000216963 4.11928e-05 9.84271e-05 0.00199566 -0.000408605 -0.000196604 -0.000204845 -7.88749e-05 -1.63876e-05 -3.35064e-06 -2.07802e-08 1.98003e-07 -3.07836e-07 -2.27974e-05 -1.26693e-08 0.00701828 -3.8121e-05 0.00910259 4.37693e-06 1.34735e-05 -6.67135e-05 -0.000240785 -0.00050788 -3.72503e-07 -4.10574e-07 0.00923207 -0.00101792 -4.75785e-05 -0.00769997 0.00044227 -0.00863371 -3.5468e-06 0.000326919 0.000300427 -0.0073463 -9.88573e-07 1.68948e-05 -0.00579638 -2.2882e-05 -1.04792e-05 -2.60133e-05 -0.0079899 0.00913739 -0.00669991 -6.59967e-05 0.00717493 0.000468431 -2.86532e-06 -0.00113941 -5.05935e-05 -0.000191774 
-0.00930157 -0.000196313 -0.000251992 0.0272474 7.75212e-05 -0.00151276 -0.000784515 -0.00731892 -0.000185846 -0.00114686 -0.00407518 3.28183e-05 0.000597605 -0.00738453 0.00074659 -0.000495006 0.000789151 4.15709e-05 0.00349805 -0.00337465 0.00129465 4.33877e-06 -0.00154169 -0.000668645 0.00468082 -3.60248e-06 -0.000778314 -4.77818e-08 -0.00145551 -0.00171301 -2.4638e-06 -4.52014e-06 0.000108265 1.30293e-06 -0.00051432 -0.00205394 0.0027626 0.000324895 -0.00131663 1.19515e-05 6.41375e-05 1.30365e-05 3.26906e-05 1.59565e-07 -6.83726e-06 -8.26397e-06 -7.77106e-05 -0.013244 -3.02673e-05 -0.00090627 -5.08439e-06 -2.66955e-05 0.000506649 -0.000839765 -0.000354974 -0.000115921 0.000489584 -9.94998e-05 -9.76937e-06 2.049e-07 6.99819e-06 -9.15005e-07 8.70309e-05 2.52342e-07 0.011267 0.00191139 0.00555986 -4.84448e-05 -0.000171909 -0.000169229 -0.000874352 0.00445607 3.2278e-07 5.42953e-07 0.000538716 0.00237649 -7.98542e-05 -0.0013693 0.00211954 -0.00111407 -1.06613e-05 0.00030509 -0.00312289 0.00372527 -3.0474e-06 -0.000164511 0.00589135 0.000451949 5.04543e-05 0.00253542 -0.0038764 7.09079e-05 -0.0103795 0.00278627 -0.00094789 -0.000253784 -1.0351e-05 -0.00417851 0.000452341 0.00066223 
-0.000165255 6.83896e-05 -2.39961e-06 7.75212e-05 0.000306999 0.000124487 6.26851e-05 -0.000281582 -3.40978e-06 0.000161153 -5.34279e-05 2.21037e-06 -1.48491e-06 -9.62461e-05 1.42889e-07 0.000219113 -0.000259664 -3.99806e-06 -1.97922e-05 -0.000284024 -1.10905e-06 -6.5131e-06 -0.000219983 -7.12926e-06 0.000101596 -9.33605e-08 6.39467e-05 -1.04629e-07 0.000176768 3.83863e-05 4.70344e-07 4.33942e-07 9.10211e-05 1.92156e-06 0.000232834 -0.000221412 8.62276e-05 -0.000276608 2.50586e-05 8.21738e-06 -6.52113e-06 2.34313e-05 -4.53916e-07 -7.7797e-11 -7.63966e-08 5.88939e-07 6.82115e-05 -0.000182135 -3.34633e-07 0.000142002 3.35476e-05 7.91672e-07 6.85612e-06 -8.26369e-06 2.04603e-05 -6.51596e-06 -2.38827e-06 0.000140995 0.000125544 -6.76629e-10 -8.85657e-09 -1.00235e-08 -7.42311e-07 5.95875e-08 -7.27806e-05 1.86213e-06 8.57988e-05 0.000114238 0.000133724 -3.58163e-06 0.000190674 -1.65412e-05 2.78708e-08 -1.33688e-08 1.08506e-05 2.01445e-05 3.83323e-05 -0.000238416 7.66577e-05 -0.00027306 1.39876e-07 -2.27746e-07 -0.000289728 -0.000206436 3.93866e-05 -5.59777e-07 -0.000184187 9.55067e-07 -3.72186e-07 1.21696e-05 -7.79192e-05 -3.83717e-06 -0.000208241 0.000222876 0.000266747 3.66246e-05 -1.66995e-07 -4.40855e-05 -1.18693e-06 6.97458e-05 
-0.0392197 -0.000410431 -0.000684871 -0.00151276 0.000124487 0.0673603 -0.00223096 0.00303354 0.0105178 -0.00372059 0.0578966 0.000929433 -0.00039022 -0.023026 -0.000210561 -0.00303634 0.00241331 0.00120988 -0.0186135 0.00125151 0.00374478 0.00161841 0.00358269 -0.00175392 0.0008001 0.000121218 -0.00223187 -2.3411e-05 0.0543499 0.00612522 4.41233e-05 -1.48912e-05 0.000205221 8.84379e-05 -0.00227245 0.000619444 -0.000692314 -0.0111591 0.0299802 7.49895e-06 -0.00133626 3.59249e-05 -5.59039e-05 6.82655e-08 1.07634e-05 -3.73948e-06 -0.000767916 -0.0436764 -7.7447e-05 -0.00252633 -5.32071e-06 -7.85994e-05 0.000272553 -0.00328705 0.010759 0.0139167 -0.000607468 0.000264713 0.000107768 4.86625e-07 3.8503e-08 2.88458e-05 0.000555039 1.52425e-07 -0.0167487 0.00011853 -0.000831138 -0.000108658 -0.000589181 0.000555249 -0.00275418 -0.00360172 -2.58556e-06 2.24279e-05 -0.000683675 0.0611302 0.00423496 -0.0592834 -0.000165482 0.00219071 -2.63743e-05 -5.30483e-05 3.17552e-05 -0.0501893 8.65806e-05 -0.000699932 0.0223677 -0.000188696 -5.58414e-05 -0.000153879 -0.0614701 0.00125778 -0.0515821 -0.000425671 -0.00191685 -0.000720807 -3.35025e-05 0.0547869 0.000519185 -0.00336701 
-0.0167123 0.00164353 -0.000261877 -0.000784515 6.26851e-05 -0.00223096 0.0298505 -0.0283354 -0.000397123 0.0287755 -0.00537707 -0.000345307 -0.000150871 -0.0039498 -0.000270165 0.0289931 -0.0296212 -0.0004441 0.0187079 -0.028314 -0.000337929 -0.000804632 -0.0292223 -0.00073809 -0.000220422 -4.93333e-06 0.0296748 -4.78678e-06 -0.005169 0.0243348 1.56756e-05 4.21581e-07 -6.36266e-06 8.19896e-05 0.0287223 -0.0286465 -0.000414787 -0.0287585 -0.00211544 -1.32098e-07 -0.000661895 -1.25893e-06 -4.49609e-05 -7.80243e-09 -7.63532e-06 3.41841e-05 -0.000236309 -0.0117064 -2.98945e-05 0.0294978 3.26106e-05 0.000384554 -0.000149436 0.0274493 -0.000875377 1.05313e-05 -0.000164631 0.000614534 5.71413e-05 -6.78606e-08 -8.88245e-07 -1.00528e-06 -7.4448e-05 -4.13734e-08 -0.00738732 -0.000123802 -0.000520384 0.00143759 0.00479275 -0.000336777 0.0295941 -0.00165896 -1.21646e-06 -1.34079e-06 -0.00029576 -0.00332397 -0.000143367 0.0019332 0.000183753 -0.0236381 0.000358393 -2.18211e-05 -0.029088 -0.0231246 -2.78473e-06 -0.000303638 -0.0189226 -3.07538e-05 -5.61858e-05 -8.49501e-05 0.00442131 -0.000427964 -0.0218338 0.00778704 0.0293057 0.00491631 -1.6525e-05 -0.00332843 -0.000240557 0.0288324 
0.0393162 -0.00667285 -0.00868235 -0.00731892 -0.000281582 0.00303354 -0.0283354 0.0730825 -0.00234901 -0.0487456 0.00203206 -0.0101365 -0.000345524 0.0179868 -0.00685534 -0.0444984 0.0344763 -0.0119817 -0.0323185 0.0499836 -0.00424196 0.00174945 0.0465938 0.00179342 -0.0032629 1.17391e-06 -0.0283919 -3.40132e-05 -0.00246191 -0.02779 -1.73222e-05 -1.67139e-05 -0.00020966 -8.87115e-05 -0.0334223 0.0445957 -0.00899013 0.04621 -3.14764e-05 -3.7825e-05 -0.0155177 -2.40262e-05 -0.000331798 -1.46556e-07 7.75382e-07 1.19434e-05 -0.00887534 0.03779 7.19069e-05 -0.0324162 -8.74854e-05 -0.000904953 -0.00469305 -0.0272416 -0.00331537 0.000622249 7.75132e-05 -0.00295032 -0.00023974 -2.9509e-07 -2.64272e-05 -2.17456e-05 -0.000370157 -2.4336e-07 -0.0164196 -0.00183787 -0.0145156 -0.00166658 -0.00786433 -0.00689147 -0.0339382 -0.0134959 1.91208e-06 -3.0108e-06 -0.0113009 0.00310084 -0.00133643 0.0180009 -0.00285976 0.0470837 -0.000350119 -0.000679334 0.0405697 0.0468007 -8.47537e-05 -0.00058806 0.024384 1.18838e-05 -0.00135165 -0.00250533 0.0150833 -0.012326 0.0483484 -0.0107088 -0.0422123 -0.00981243 -0.000500625 -0.00108024 0.000377251 -0.0343275 
-0.00677872 -6.46385e-05 -8.08281e-05 -0.000185846 -3.40978e-06 0.0105178 -0.000397123 -0.00234901 0.0127493 0.000585645 0.00790615 0.00186511 -6.31901e-05 -0.0040316 0.00101966 0.000472836 0.000157017 0.00328473 -0.00344182 -0.000326752 0.00429907 -0.000289038 -0.000643681 -0.000310251 -9.33093e-05 -3.83999e-06 -0.000369769 -4.4006e-06 0.00628486 0.00320284 1.42466e-06 8.48331e-07 8.73794e-06 -3.44381e-06 -0.000459688 -0.00349483 7.83922e-05 -0.00652805 0.00722799 4.18265e-06 0.000924825 -5.14839e-07 -1.73413e-05 -3.27207e-09 -3.21318e-06 3.17339e-05 -8.88749e-05 -0.00741208 -1.26744e-05 -0.000450072 -2.31259e-06 -1.41067e-05 0.00170123 -0.000580124 -0.000347908 0.00118603 -9.89591e-05 0.000208784 1.89713e-05 4.41542e-07 6.91083e-06 2.68418e-05 0.000423176 -1.73506e-08 -0.00287126 -2.90847e-06 0.000738224 -1.25299e-05 -0.000108 0.00201588 -0.000485735 -0.000684883 -3.83476e-07 1.90444e-05 0.00132818 0.00718932 0.00371317 -0.0104534 4.55127e-06 -0.002474 -2.54545e-06 -2.10878e-06 -0.00385905 -0.00968892 3.11826e-05 0.000727551 -0.00129938 -3.10119e-05 0.000999914 0.000111255 -0.0109644 0.00335978 -0.00916254 -0.000126598 0.000770928 -8.63934e-05 0.00028346 0.00635971 -8.28369e-05 -0.000497285 
-0.029643 0.00600989 0.00890113 -0.00114686 0.000161153 -0.00372059 0.0287755 -0.0487456 0.000585645 0.0516565 -0.00936703 0.00902002 -0.000311178 -0.0111412 0.00611791 0.0436052 -0.033815 0.0107801 0.0216679 -0.0431918 0.000887735 -0.00126575 -0.0439877 -0.00109431 -0.00037397 -1.1552e-05 0.0287485 3.17863e-05 -0.00807709 0.0263973 3.54015e-05 1.25761e-05 1.70449e-06 7.61512e-05 0.0328206 -0.0406312 0.00717816 -0.0434874 -0.00312054 2.80549e-05 0.0160533 -2.25547e-06 -7.95137e-05 -1.38427e-08 1.65631e-05 -4.12447e-05 0.00896484 -0.0260971 -4.54193e-05 0.0329927 8.25595e-05 0.000664567 0.00350245 0.0278794 -0.000344719 -0.000547696 -0.000435512 0.00286134 0.000224224 3.49605e-07 5.86078e-06 -4.53525e-07 -0.000110322 -7.34028e-08 0.00412089 -1.92319e-05 0.00995396 0.00161857 0.00727246 0.00676336 0.0336847 -0.00284742 -2.15819e-06 -2.37876e-06 0.0106188 -0.00589362 -4.35977e-05 -0.00595195 0.000889873 -0.0451152 0.000357459 0.00037523 -0.0345532 -0.037199 8.37668e-06 0.00138736 -0.0267571 -4.09311e-05 0.00115115 -0.000100941 -0.00877374 0.0106309 -0.0318126 0.0077423 0.0409289 0.00917191 0.000507726 -0.00601938 -0.000374248 0.0324119 
-0.0894701 -0.00126013 -0.00164592 -0.00407518 -5.34279e-05 0.0578966 -0.00537707 0.00203206 0.00790615 -0.00936703 0.144128 -0.000723076 -0.0007776 -0.0531199 -0.00131403 -0.00819995 0.00624333 -0.000760744 0.0292473 -0.00750567 0.0046922 0.0142031 0.00871399 -0.0041946 -9.92588e-05 0.00024016 -0.00533566 -5.84908e-05 0.124354 -0.000528152 2.72794e-05 -3.13085e-05 -3.06622e-05 0.000164947 -0.00634175 0.00623281 -0.00322352 -0.00340819 0.0240813 -7.17454e-06 -0.00308928 1.22137e-05 0.00115971 4.24297e-08 8.35793e-05 -0.000127545 -0.00189351 -0.101078 -0.000111986 -0.00615544 -2.67108e-05 -0.000189823 -0.000547913 -0.00789871 0.0219681 0.0149378 -0.00105122 -0.000177286 8.21283e-06 1.88588e-07 9.70632e-07 1.96371e-05 0.00164205 1.87608e-08 0.032681 5.65907e-06 -0.00190434 -0.000338338 -0.0014865 -0.00088597 -0.00673038 0.0174704 -5.80357e-06 1.80049e-05 -0.00206128 0.0835633 0.0024826 -0.126539 -0.000538628 0.00735212 -6.56696e-05 -0.000129321 0.00676962 -0.119328 1.09767e-06 -0.0011524 0.0626131 -0.000385163 -0.000114893 -0.000446924 -0.0851731 -0.000798881 -0.113815 -0.00201343 -0.00748623 -0.00181792 -9.48871e-05 0.124879 0.00269524 -0.00795953 
-0.00600737 -8.071e-05 0.00864455 3.28183e-05 2.21037e-06 0.000929433 -0.000345307 -0.0101365 0.00186511 0.00902002 -0.000723076 0.0111388 -6.40624e-05 -0.00355464 0.000454945 0.00866263 0.000402546 0.01055 -0.00304821 -0.00860128 0.00165312 -0.000297941 -0.00891431 -0.000269407 -7.19675e-05 -3.42493e-06 -0.000345622 3.98717e-05 -0.00189894 0.000824982 -8.30568e-07 -2.4e-06 -2.57378e-06 -2.0202e-06 -0.000246061 -0.0102614 0.00769911 -0.0104258 0.00084249 2.84905e-05 0.00902646 -5.12019e-07 -1.66519e-05 -2.85398e-09 -2.80261e-06 -1.27545e-05 0.00879397 -0.00653521 -1.1366e-05 -0.000395457 3.6734e-06 3.02861e-05 0.00221171 -0.000509895 -0.000238812 -6.11758e-05 -9.4217e-05 -3.333e-05 -3.95571e-06 4.45178e-07 -2.24904e-07 2.0089e-05 0.000270102 -1.51336e-08 0.00652575 3.31149e-06 0.00923931 -1.27546e-06 -9.46585e-05 0.00122769 -0.000429721 -0.000606816 -4.24959e-07 -4.90435e-07 0.00934739 -0.00120867 0.00090676 -0.00919608 0.000769988 -0.010034 -4.28447e-06 0.000387692 -0.00148099 -0.00877429 2.23587e-05 0.000178368 -0.00686865 -2.96869e-05 0.000179669 1.64702e-05 -0.00962716 0.0108768 -0.00799041 -5.87636e-05 0.00713592 0.000338065 2.57804e-05 -0.000301277 -3.87151e-05 -0.000362463 
4.86924e-05 -4.1426e-05 -5.38957e-05 0.000597605 -1.48491e-06 -0.00039022 -0.000150871 -0.000345524 -6.31901e-05 -0.000311178 -0.0007776 -6.40624e-05 0.00568193 -0.00106387 0.000118366 -0.000238248 0.000123752 -4.62969e-05 0.00067242 -0.000486377 2.88024e-05 -0.00013806 -0.000292787 -0.000129644 0.000648105 1.14394e-05 -0.000140045 4.73967e-06 4.29935e-05 -0.000238598 -8.62719e-07 -4.8258e-07 -6.31119e-07 -1.89385e-06 -0.000174353 -0.000306809 -9.37142e-05 -1.39235e-05 8.91142e-05 -2.34793e-07 -0.000118981 -1.63444e-07 -6.73342e-06 -1.4477e-09 -1.31497e-06 -4.48754e-06 -6.33427e-05 0.000173108 2.15396e-05 -0.000182117 -9.19789e-07 -4.74453e-06 -1.0447e-05 -7.93014e-06 -0.000164741 -0.000119989 0.000101411 -2.37756e-05 -1.98689e-06 -1.25911e-08 -1.64809e-07 -1.86524e-07 2.9366e-06 -7.6766e-09 -0.00116543 0.000578156 0.000492947 -1.10147e-05 -4.87447e-05 -6.4946e-05 -0.000170648 -0.000235197 2.14293e-07 1.50456e-06 -4.71329e-05 5.12043e-05 -2.15097e-05 0.000235149 4.58355e-05 -0.000732572 -2.02665e-06 -3.9647e-06 -0.000779459 0.00101079 -5.84547e-07 -1.66168e-05 -0.000296399 3.30306e-05 1.05524e-05 0.000247675 0.00050387 -5.27763e-05 -0.000778463 0.000436799 -0.00026336 -6.10744e-05 -3.10756e-06 -0.00072333 -3.08331e-05 -0.000227169 
0.0788728 -0.00203534 -0.00297724 -0.00738453 -9.62461e-05 -0.023026 -0.0039498 0.0179868 -0.0040316 -0.0111412 -0.0531199 -0.00355464 -0.00106387 0.217101 -0.0027571 -0.00884763 0.00543825 -0.00459021 -0.0595751 0.0161434 -0.00347462 -0.00811209 0.00898776 -0.00721501 -0.00200066 -9.67514e-05 -0.00391644 -9.76493e-05 -0.0540991 -0.00827684 -5.19546e-05 -6.6404e-05 -7.49607e-05 -0.000104169 -0.00589723 0.0088836 -0.00528167 0.0135306 -0.0134231 -1.3091e-05 -0.00653338 -1.58894e-05 -0.000450803 8.59496e-08 -7.63775e-05 -7.79213e-05 -0.00352568 0.0901187 -0.000124301 -0.00483911 -5.02448e-05 -0.000332669 -0.00132351 -0.00489063 -0.00923567 -0.00725228 0.00262022 -0.00125944 -0.000111086 -5.22026e-07 -9.189e-06 -1.01498e-05 -0.000755594 -3.9468e-07 -0.0606169 -0.000724889 -0.00486714 -0.000619571 -0.00260304 -0.00355935 -0.00554969 -0.0166853 8.72557e-06 -1.68059e-06 -0.0034268 -0.0341056 -0.00158928 0.0571574 -0.000535287 0.0189878 -0.000120424 6.16627e-05 0.00386459 0.063128 -3.41828e-05 -0.00104676 -0.153226 -0.000794236 -0.000541256 -0.000778725 0.03681 -0.00441866 0.071911 -0.00212911 -0.00840259 -0.00320441 -0.000173137 -0.0510534 -0.00248562 -0.00709267 
-0.00374706 -4.27975e-05 -2.72895e-05 0.00074659 1.42889e-07 -0.000210561 -0.000270165 -0.00685534 0.00101966 0.00611791 -0.00131403 0.000454945 0.000118366 -0.0027571 0.00869491 0.000464653 0.000299137 0.00169899 0.00132529 -0.00184623 0.00158807 -0.000226975 -0.000892372 -0.000179309 0.000806977 -1.90009e-06 -0.000267263 -2.5153e-06 -0.000348456 -3.48891e-05 -2.16917e-07 -9.76884e-07 3.91961e-06 -2.90705e-06 -0.000292103 -0.0014976 -5.76281e-05 -0.000950538 5.37248e-05 3.69594e-07 0.00623177 -2.83534e-07 -1.27357e-05 -2.2222e-09 2.36446e-06 -1.04053e-05 -3.90123e-05 -0.00468261 -8.31846e-07 -0.000308674 5.22382e-07 -8.17594e-06 0.00116311 -0.000396712 0.00034749 -0.000143257 -7.3207e-05 -3.73909e-05 -5.83043e-07 4.50673e-07 7.05702e-06 1.92237e-05 9.96932e-05 -1.17835e-08 0.00431518 0.000823213 0.00183028 0.000119714 -7.27318e-05 0.00616921 -0.000333294 -0.000407329 -3.46459e-07 2.46813e-06 0.00112911 -7.0205e-05 0.000107036 -0.00112485 1.22855e-05 -0.00717662 -3.11602e-06 -2.39869e-06 -0.00204903 -0.000986656 -4.02256e-08 0.000494165 0.00015285 8.1094e-05 0.00104443 0.000679469 -0.00537396 0.00160911 -0.00406914 0.000200097 -0.000367012 -1.21221e-05 0.000491657 -0.000623815 9.42881e-05 -0.000408195 
-0.0257764 0.00687545 0.00888219 -0.000495006 0.000219113 -0.00303634 0.0289931 -0.0444984 0.000472836 0.0436052 -0.00819995 0.00866263 -0.000238248 -0.00884763 0.000464653 0.0460989 -0.03523 0.0103504 0.0186104 -0.0444054 0.00101569 -0.000963129 -0.0453447 -0.00115905 -0.000125191 2.78847e-06 0.0290493 3.35475e-05 -0.00767147 0.0280476 1.85807e-05 1.32756e-05 0.000147189 8.7958e-05 0.0339398 -0.0411663 0.00756249 -0.0452207 -0.0030667 3.80129e-05 0.00964685 2.69022e-05 -6.5768e-05 1.54394e-07 -8.29538e-06 2.56513e-05 0.00909714 -0.0219991 -4.02072e-05 0.0331564 8.633e-05 0.000940071 0.00400222 0.0281386 -0.00105285 -0.000221716 -0.000325407 0.00301604 0.000204809 -1.06742e-07 2.53028e-05 -2.57941e-07 -4.95009e-05 -5.07898e-09 -0.000571303 -0.000112358 0.0102272 0.00136598 0.00806119 0.000291975 0.0347661 -0.00260476 -1.91345e-06 -1.07901e-06 0.0109373 -0.00508863 0.000355703 -0.00818113 0.00133376 -0.0385779 0.000361886 0.000665325 -0.0361364 -0.0368209 5.53003e-05 0.000273293 -0.0296721 -7.34582e-05 0.00102935 -5.38403e-05 -0.00489147 0.010454 -0.0297593 0.00781682 0.0426441 0.0101311 0.000415142 -0.00453178 -0.000375579 0.0339187 
0.0202646 -0.00691017 0.000228534 0.000789151 -0.000259664 0.00241331 -0.0296212 0.0344763 0.000157017 -0.033815 0.00624333 0.000402546 0.000123752 0.00543825 0.000299137 -0.03523 0.0364257 0.000281953 -0.0219022 0.034324 2.70082e-05 0.000722678 0.0351919 0.000903712 3.92275e-05 -3.81036e-06 -0.029671 7.23215e-06 0.00579187 -0.0285785 -2.24741e-05 -9.65961e-06 -0.000103956 -8.04299e-05 -0.0344691 0.031052 0.000354897 0.0350437 0.00227386 -1.01645e-05 0.000697852 -2.49434e-05 4.83195e-05 9.59095e-09 9.23164e-06 -6.39002e-05 0.000153602 0.015506 -1.26425e-05 -0.0338796 -4.97235e-05 -0.000912666 -0.000438061 -0.0290039 0.00106259 9.81163e-05 0.000138597 -0.0030508 -0.000252643 8.3416e-08 -1.58815e-05 1.23572e-06 4.15501e-05 -9.14273e-09 0.00795697 6.13197e-05 0.000494914 -0.00149401 -0.00822003 0.000329467 -0.0355393 0.00189985 -5.31362e-07 -1.35219e-05 1.85444e-05 0.00400753 -0.000201886 -0.00100143 -0.000302357 0.028721 -0.000365395 2.30669e-05 0.035446 0.0283349 -4.80745e-05 0.000298571 0.0230768 4.45521e-05 -6.652e-05 3.23128e-05 -0.00482581 0.000190745 0.0220301 -0.00826017 -0.0355264 -0.00961712 9.57475e-07 0.00386983 0.000294331 -0.0342899 
-0.00735783 -6.70631e-05 0.00913292 4.15709e-05 -3.99806e-06 0.00120988 -0.0004441 -0.0119817 0.00328473 0.0107801 -0.000760744 0.01055 -4.62969e-05 -0.00459021 0.00169899 0.0103504 0.000281953 0.0142114 -0.00361335 -0.0103018 0.00316201 -3.18081e-05 -0.0106272 -0.000341521 -4.93329e-05 -4.21698e-06 -0.000417223 4.33473e-05 -0.00189239 0.000799765 -2.48805e-06 1.66832e-06 -4.35708e-07 -2.70531e-06 -0.000387813 -0.0120185 0.00779316 -0.012058 0.000768595 2.84142e-05 0.0108637 2.99726e-07 -1.51998e-05 -3.65288e-09 -3.58713e-06 -1.15131e-05 0.00927493 -0.00852762 -1.46724e-05 -0.000506792 3.89714e-05 2.95476e-05 0.00413981 -0.000651948 -0.000285885 -0.000199002 -0.000114504 1.57465e-05 -3.42735e-07 -3.17705e-08 2.45341e-05 1.19269e-06 7.26288e-05 -1.93699e-08 0.00701657 -4.7279e-05 0.0107567 -1.93236e-06 -0.000122569 0.00187384 -0.000553866 -0.000776034 -4.9618e-07 -6.27719e-07 0.0112726 -0.000579601 0.00147672 -0.0112629 0.000757504 -0.0120842 -2.62713e-06 0.000388666 -0.00258583 -0.0105518 2.35892e-05 0.000896855 -0.00844367 -3.21645e-05 0.00136289 0.000161549 -0.0121792 0.0131348 -0.0100817 -0.000138349 0.00785002 0.000523805 0.000534349 0.000694179 -7.47719e-05 -0.000473331 
-0.144289 0.00415206 -0.00248592 0.00349805 -1.97922e-05 -0.0186135 0.0187079 -0.0323185 -0.00344182 0.0216679 0.0292473 -0.00304821 0.00067242 -0.0595751 0.00132529 0.0186104 -0.0219022 -0.00361335 0.197668 -0.0272795 -0.000904504 0.00562631 -0.0182099 -0.00555246 -0.00170784 3.49632e-05 0.0186436 -8.55461e-05 0.0362328 0.00861953 3.49311e-05 5.85315e-05 -4.573e-05 -1.75402e-05 0.0209591 -0.0148562 0.00194377 -0.014415 0.00144321 -1.11443e-05 -0.000557951 -1.27016e-05 0.000448668 -6.87137e-08 -3.21269e-05 0.000622061 -0.00158538 -0.132 -0.000284266 0.0209167 -3.87112e-05 0.000114036 -0.00136408 0.0167943 0.00552309 -0.00116706 0.00304122 0.000515241 2.65938e-05 4.69038e-07 -7.82252e-06 -8.85322e-06 -0.000444102 -1.97697e-07 0.108816 -0.000653791 -0.00425788 0.000836637 0.00328335 0.00124245 0.022285 0.0261918 8.10365e-06 -9.30791e-06 -0.00317064 -0.00705079 -0.00136704 -0.0250195 -0.000765102 -0.0147809 0.000192452 -0.000198098 -0.017521 -0.0554849 -1.58188e-05 0.00496689 0.0512632 -4.84141e-05 -0.000487423 -0.000741004 -0.00171324 -0.00372915 -0.0840669 0.00285155 0.0193358 0.0051383 -0.000147344 0.0303849 -0.00127215 0.0184504 
0.0358941 -0.0067029 -0.00867581 -0.00337465 -0.000284024 0.00125151 -0.028314 0.0499836 -0.000326752 -0.0431918 -0.00750567 -0.00860128 -0.000486377 0.0161434 -0.00184623 -0.0444054 0.034324 -0.0103018 -0.0272795 0.0684256 -0.00245586 -0.0104764 0.0464732 0.00112722 -0.00342491 -0.000273165 -0.0283765 -3.48504e-05 -0.0104396 -0.02608 -2.42246e-05 -9.82029e-06 -0.000206607 -0.000291914 -0.0334068 0.0427922 -0.00889139 0.0453669 0.00407847 -3.8051e-05 -0.00996453 -3.27722e-05 -0.000768051 -2.34616e-07 -9.01095e-05 -4.36561e-05 -0.00885817 0.0342995 5.20638e-05 -0.0324175 -9.44929e-05 -0.000912089 -0.00410624 -0.0273201 -0.0118655 -0.00201592 0.000138407 -0.0030498 -0.000241361 -2.33875e-07 -2.45925e-05 -1.76508e-06 -0.000356219 -4.40749e-07 -0.000599889 -0.00207463 -0.014633 -0.00169687 -0.00780562 -0.000553537 -0.0339131 -0.00240119 2.12486e-06 1.7331e-06 -0.0110469 -0.0137429 -0.000172686 0.0275228 -0.00286442 0.0404465 -0.000352041 -0.000680366 0.0385983 0.0513639 -5.53749e-05 -0.000692582 0.0234957 -2.84349e-05 -0.00127161 -0.00254451 0.0234938 -0.0103907 0.0471862 -0.01076 -0.0413977 -0.00977725 -0.000482265 -0.0104015 9.2411e-05 -0.0343242 
-0.00364029 -4.37485e-05 -8.81562e-05 0.00129465 -1.10905e-06 0.00374478 -0.000337929 -0.00424196 0.00429907 0.000887735 0.0046922 0.00165312 2.88024e-05 -0.00347462 0.00158807 0.00101569 2.70082e-05 0.00316201 -0.000904504 -0.00245586 0.0108717 -2.12018e-05 -0.00210496 -0.000227135 0.00124568 8.1548e-06 -0.000255993 -3.04522e-06 0.000716381 0.00281236 -5.46755e-07 1.74544e-06 5.5805e-06 -3.64299e-06 -0.000384401 -0.00536054 0.000999442 -0.00402901 0.00157855 8.65022e-07 0.00137 6.3836e-07 7.15196e-06 -2.78476e-09 -1.73797e-06 3.94975e-06 -8.29771e-05 -0.00425745 6.05033e-07 -0.00038642 -1.96371e-06 -3.02655e-06 0.00219623 -0.000497534 -0.000285863 0.00131953 -6.40185e-05 8.24125e-05 -3.74197e-06 3.4578e-07 2.6903e-05 2.86645e-05 0.000543319 -1.47666e-08 -0.000396264 0.000303007 0.00252685 -1.15194e-05 -9.25856e-05 0.00179504 -0.000422418 -0.000373775 -4.34167e-07 6.6146e-07 0.00177867 0.00259986 0.00226258 -0.00820211 0.000978585 -0.0049175 -1.34389e-06 -1.52888e-06 -0.00540941 -0.0060739 2.5575e-05 0.00116523 -0.00222047 -2.04181e-05 0.00152974 0.00149211 -0.0078309 0.00369492 -0.0065888 0.00108072 0.000780051 1.45282e-05 0.000496679 0.00618865 0.000217453 0.000582545 
-0.0104528 -1.90915e-06 -0.000247896 4.33877e-06 -6.5131e-06 0.00161841 -0.000804632 0.00174945 -0.000289038 -0.00126575 0.0142031 -0.000297941 -0.00013806 -0.00811209 -0.000226975 -0.000963129 0.000722678 -3.18081e-05 0.00562631 -0.0104764 -2.12018e-05 0.0258033 0.00104146 -0.000599907 -8.18263e-05 0.000225572 -0.000802239 -6.66405e-06 0.0127446 -4.33543e-05 -3.71025e-06 -5.34491e-06 -5.22594e-06 0.000188809 -0.000788616 0.00112206 -0.000375357 -0.000229403 0.00126918 -1.08904e-06 -0.000446907 3.32318e-06 0.000221412 7.99519e-08 8.15194e-05 -1.06782e-05 -0.000283734 -0.0148095 4.49905e-05 -0.000824506 -1.30736e-06 -1.58262e-05 -3.05225e-05 -0.00119386 0.00905705 0.00245794 -0.000134355 0.000120904 -6.67006e-06 3.38265e-07 6.29224e-06 3.01516e-07 0.000825496 1.34394e-07 -0.00553735 9.22537e-05 -0.000311795 -5.19782e-05 -0.000183906 -0.000307921 -0.000833381 -0.000547016 -1.00689e-06 -7.10554e-07 -0.000203346 0.015537 -4.14632e-05 -0.0135463 -8.03577e-05 0.00151994 -1.00804e-05 -1.61338e-05 0.0010903 -0.0130634 -2.87803e-06 -0.000108834 0.0094036 -1.11941e-05 6.23542e-07 -2.69918e-05 -0.0151804 -0.000288405 -0.0131863 -0.000304762 -0.000930025 -8.33532e-05 -1.44137e-05 0.0130306 1.61595e-05 -0.000919047 
0.0250435 -0.00659609 -0.00895345 -0.00154169 -0.000219983 0.00358269 -0.0292223 0.0465938 -0.000643681 -0.0439877 0.00871399 -0.00891431 -0.000292787 0.00898776 -0.000892372 -0.0453447 0.0351919 -0.0106272 -0.0182099 0.0464732 -0.00210496 0.00104146 0.0480634 0.00120938 -0.00165112 -5.25221e-06 -0.0292773 -3.77679e-05 0.00768227 -0.0274986 -1.82644e-05 -1.29232e-05 -4.32493e-05 -7.88354e-05 -0.0339906 0.0435819 -0.00886995 0.0456341 0.00336533 -3.00066e-05 -0.00993392 -1.23961e-05 5.07745e-05 -1.53841e-07 1.24078e-05 -2.63005e-05 -0.00917297 0.0212886 4.179e-05 -0.0332413 -8.22845e-05 -0.000931461 -0.00418857 -0.0284625 0.00120198 0.000344038 0.00022897 -0.00298651 -0.000231761 1.11547e-07 -2.38566e-05 3.22448e-07 -1.48249e-05 6.80082e-08 0.000835525 -0.000612444 -0.0124229 -0.00149122 -0.00811199 -0.000550509 -0.0348497 0.00261049 1.37624e-06 -5.49394e-07 -0.0114567 0.00363418 -5.63453e-05 0.00973821 -0.00272314 0.0399869 -0.000359306 -0.000699725 0.0381243 0.0366533 -9.78323e-06 -0.000500153 0.0310072 3.76512e-05 -0.00132985 -0.00143742 0.00614855 -0.0106917 0.0314257 -0.00993947 -0.0423157 -0.00991901 -0.000512576 0.00505706 0.00024362 -0.0354736 
0.00954344 -0.000168642 -0.000226636 -0.000668645 -7.12926e-06 -0.00175392 -0.00073809 0.00179342 -0.000310251 -0.00109431 -0.0041946 -0.000269407 -0.000129644 -0.00721501 -0.000179309 -0.00115905 0.000903712 -0.000341521 -0.00555246 0.00112722 -0.000227135 -0.000599907 0.00120938 0.0235656 -0.000183713 -7.34155e-06 -0.000738748 -6.38431e-06 -0.00400439 -0.00172112 -3.0102e-06 -4.77789e-06 -5.63473e-06 -6.08306e-06 -0.000868538 0.00118816 -0.000306083 0.00157557 -0.00163806 -9.92192e-07 -0.000427477 -1.21187e-06 -2.56344e-05 -6.11769e-09 -3.9909e-06 -8.34469e-06 -0.000259534 0.00887172 -1.59878e-05 -0.000843237 1.73801e-05 -1.57904e-05 -0.000122097 -0.00108543 -0.000475376 -0.000572537 -0.000190366 -5.08739e-05 -8.57933e-06 -5.32078e-08 -6.96451e-07 -7.88216e-07 -5.81128e-05 -3.24398e-08 -0.00551685 -6.65283e-05 -0.000410427 0.000102309 -0.000198519 -0.000259421 -0.000926174 -0.00128277 -8.20463e-07 -9.67943e-07 -0.000294102 -0.00260552 -0.000121391 0.00437324 -7.42408e-05 -0.00394742 -9.18402e-06 -1.75925e-05 0.00115646 0.00489815 -2.5918e-06 0.00115435 -0.00940406 1.94192e-06 -4.26714e-05 -6.11372e-05 0.00261731 -0.000332979 0.00664723 -0.000279617 -0.00111158 -0.000254639 -1.31319e-05 -0.00388765 -1.3963e-05 -0.00111397 
-2.07651e-05 7.88483e-06 -6.47808e-05 0.00468082 0.000101596 0.0008001 -0.000220422 -0.0032629 -9.33093e-05 -0.00037397 -9.92588e-05 -7.19675e-05 0.000648105 -0.00200066 0.000806977 -0.000125191 3.92275e-05 -4.93329e-05 -0.00170784 -0.00342491 0.00124568 -8.18263e-05 -0.00165112 -0.000183713 0.00760733 3.55274e-06 -0.000208923 6.16811e-06 0.00160651 -0.000455822 -1.20945e-06 -1.3857e-06 0.000125143 5.99274e-06 0.000151886 -0.00217232 0.00291143 -0.00043524 -7.66451e-05 5.91692e-07 -0.00015354 1.4012e-05 -1.06646e-05 -1.94208e-09 -1.82712e-06 -5.22318e-06 0.000115273 -0.00124222 -4.31693e-06 -0.000261343 -1.3904e-06 1.30043e-05 -1.9033e-05 -0.000162787 -0.000147556 -0.000141146 2.89406e-05 -1.42448e-06 3.34313e-06 -1.6891e-08 3.67558e-06 -2.50221e-07 9.23594e-05 2.79702e-07 -0.00151387 0.00174064 0.0042565 -1.41467e-05 -1.56773e-05 -8.49965e-05 -0.000130498 -0.000245596 3.20548e-07 2.5696e-06 -6.36135e-06 0.00460754 -3.1915e-05 -0.00433174 0.00161046 -0.00226344 -2.91549e-06 -5.39531e-06 -0.00341559 0.000505287 8.09998e-06 -5.42317e-05 -0.00139719 8.56697e-05 -8.22703e-06 0.00249227 -0.00383063 -3.33998e-05 -0.00391285 0.00288881 -0.000170458 -1.82044e-05 -4.16877e-06 -8.25628e-05 0.000121945 0.00117032 
-0.00014331 -6.91397e-07 -2.81722e-06 -3.60248e-06 -9.33605e-08 0.000121218 -4.93333e-06 1.17391e-06 -3.83999e-06 -1.1552e-05 0.00024016 -3.42493e-06 1.14394e-05 -9.67514e-05 -1.90009e-06 2.78847e-06 -3.81036e-06 -4.21698e-06 3.49632e-05 -0.000273165 8.1548e-06 0.000225572 -5.25221e-06 -7.34155e-06 3.55274e-06 0.000303921 5.20838e-06 -1.03579e-07 0.000216479 4.66027e-05 -5.24575e-08 1.12714e-08 1.11848e-06 1.00926e-05 -5.88085e-06 -8.63162e-06 -6.02925e-06 -0.000204287 -1.70045e-05 -1.24909e-08 -6.14826e-06 9.80769e-08 -1.69363e-07 -7.70167e-11 -7.56304e-08 -3.60739e-07 -3.3776e-06 -0.000168993 -3.11277e-07 -5.58898e-06 -5.51389e-08 -3.38235e-07 1.01385e-05 -1.03409e-05 6.19409e-06 0.000135244 -1.47584e-06 -1.18497e-06 -1.08007e-07 -6.69843e-10 -8.76774e-09 6.36744e-07 1.10018e-05 -4.08391e-10 -6.70898e-05 8.70141e-06 1.23157e-06 -5.96441e-07 -6.0668e-09 -3.47905e-06 -6.54668e-06 3.55847e-05 -1.20075e-08 5.3432e-08 -2.72827e-06 0.000250057 -1.16873e-06 -0.000246483 -9.49319e-07 9.06301e-07 -9.2286e-08 -1.12128e-07 -5.48241e-06 -0.000230447 7.93618e-07 -3.11948e-06 9.54361e-05 -8.0346e-07 1.04736e-05 -6.21864e-07 -0.00024992 6.97563e-06 -0.000215706 1.26848e-06 -5.6467e-06 -1.73913e-06 -3.19871e-08 0.00023936 2.24054e-06 1.1725e-06 
-0.0166615 0.00160843 -0.000253461 -0.000778314 6.39467e-05 -0.00223187 0.0296748 -0.0283919 -0.000369769 0.0287485 -0.00533566 -0.000345622 -0.000140045 -0.00391644 -0.000267263 0.0290493 -0.029671 -0.000417223 0.0186436 -0.0283765 -0.000255993 -0.000802239 -0.0292773 -0.000738748 -0.000208923 5.20838e-06 0.0298967 -4.84355e-06 -0.00517692 0.0243877 1.49605e-05 4.10995e-07 -5.11091e-06 8.30467e-05 0.0286304 -0.0286747 -0.0004332 -0.028816 -0.00210603 -8.41199e-08 -0.000644853 -9.74737e-07 -3.91903e-05 -7.8149e-09 -7.48756e-06 4.37224e-05 -0.000242946 -0.011661 -2.97214e-05 0.0294577 3.25817e-05 0.000393723 -5.24503e-05 0.0274342 -0.000873129 1.49604e-05 -0.000162679 0.000628517 6.10905e-05 -6.79691e-08 8.93669e-07 -1.00689e-06 -3.27037e-05 -4.14395e-08 -0.00740678 -0.000121833 -0.000514618 0.00144131 0.00480906 -0.000338207 0.029562 -0.00166149 -1.2184e-06 -1.34293e-06 -0.000234098 -0.00332955 -9.85397e-05 0.00183416 0.000190602 -0.0237063 0.000357415 -1.90543e-05 -0.0291448 -0.0231811 -1.96675e-06 -0.000289588 -0.0189606 -3.26439e-05 -1.84412e-06 -6.76492e-05 0.00431605 -0.000353931 -0.0218693 0.00776875 0.0293333 0.00488206 -1.65518e-05 -0.00324095 -0.000240942 0.0288708 
9.30363e-06 -2.47083e-06 3.61767e-05 -4.77818e-08 -1.04629e-07 -2.3411e-05 -4.78678e-06 -3.40132e-05 -4.4006e-06 3.17863e-05 -5.84908e-05 3.98717e-05 4.73967e-06 -9.76493e-05 -2.5153e-06 3.35475e-05 7.23215e-06 4.33473e-05 -8.55461e-05 -3.48504e-05 -3.04522e-06 -6.66405e-06 -3.77679e-05 -6.38431e-06 6.16811e-06 -1.03579e-07 -4.84355e-06 0.000340591 -5.32005e-05 -2.31136e-05 -5.87889e-08 7.53378e-07 -5.01569e-08 -6.62458e-08 -5.90717e-06 -4.20427e-05 4.76281e-05 -2.79335e-05 -2.33811e-05 -1.39985e-08 3.54763e-05 -1.70978e-08 -5.036e-07 -8.63124e-11 -8.47587e-08 -4.27912e-09 4.09081e-05 -1.75495e-06 -2.94595e-07 -6.46939e-06 -4.51273e-08 -3.79059e-07 -9.4542e-07 -1.07852e-05 -9.83031e-06 -8.08346e-06 -2.71271e-06 -8.83568e-07 -1.21043e-07 -7.5069e-10 -9.82598e-09 -1.11207e-08 -8.23562e-07 -4.57683e-10 4.14821e-05 -1.39556e-06 4.80059e-05 -5.50957e-08 3.52813e-09 -3.73033e-06 -7.07647e-06 -1.67251e-05 -1.34568e-08 -1.48321e-08 4.04909e-05 -2.75135e-05 -1.67151e-06 4.49131e-06 1.25294e-05 -9.68374e-05 -1.29574e-07 -1.8934e-07 2.10035e-06 2.16702e-05 -3.70371e-08 -3.10013e-06 -9.63606e-05 -9.00434e-07 -5.08148e-07 7.89693e-06 -5.80225e-06 3.96524e-05 3.86785e-05 8.77143e-06 -6.49892e-06 -2.94129e-06 -1.85274e-07 -4.94803e-05 1.38229e-05 -9.33546e-06 
-0.0898638 -0.00102183 -0.00160285 -0.00145551 0.000176768 0.0543499 -0.005169 -0.00246191 0.00628486 -0.00807709 0.124354 -0.00189894 4.29935e-05 -0.0540991 -0.000348456 -0.00767147 0.00579187 -0.00189239 0.0362328 -0.0104396 0.000716381 0.0127446 0.00768227 -0.00400439 0.00160651 0.000216479 -0.00517692 -5.32005e-05 0.141243 -0.0055011 2.24492e-05 -2.6588e-05 0.00017444 0.000181303 -0.00563611 0.00679831 -0.00292379 -0.00130372 0.0223343 3.63305e-06 -0.00272965 3.91913e-05 0.00113926 4.35452e-08 9.36347e-05 -0.000116714 -0.00183258 -0.102798 -0.000184868 -0.00584337 1.30912e-05 -0.000184284 -0.000828247 -0.00768349 0.0230295 0.0120265 -0.00105869 0.000117027 0.000243997 -6.83766e-08 -4.79571e-06 1.31747e-06 0.00118912 3.74676e-07 0.0390218 0.00149819 2.04185e-05 -4.82382e-07 -0.00110331 -0.00147176 -0.00613424 0.0197348 -6.44298e-06 1.70466e-05 -0.00201322 0.082377 0.00200455 -0.121269 -0.000351855 0.00970301 -6.3235e-05 -0.000124672 0.00604742 -0.11807 3.78464e-05 -0.00123308 0.0616484 -0.000251062 -0.000301892 0.000422225 -0.0778534 -0.00234036 -0.111623 -0.000649074 -0.00729543 -0.00154092 -9.25625e-05 0.11364 0.000396457 -0.00773595 
-0.0186683 0.00525201 -0.000609783 -0.00171301 3.83863e-05 0.00612522 0.0243348 -0.02779 0.00320284 0.0263973 -0.000528152 0.000824982 -0.000238598 -0.00827684 -3.48891e-05 0.0280476 -0.0285785 0.000799765 0.00861953 -0.02608 0.00281236 -4.33543e-05 -0.0274986 -0.00172112 -0.000455822 4.66027e-05 0.0243877 -2.31136e-05 -0.0055011 0.0708619 2.82796e-05 -6.57341e-06 8.46526e-05 6.27669e-05 0.0271962 -0.0267173 -0.000908209 -0.0361522 0.00556409 7.23648e-06 -0.00104027 1.01749e-05 -9.13688e-05 -1.94441e-08 -1.65874e-05 2.57424e-05 -0.000796549 -0.0101478 3.61772e-05 0.0268142 4.65598e-06 0.000884681 0.00115815 0.0218619 -0.00216366 0.00505018 -0.000568936 0.00168805 3.8792e-05 3.00888e-07 1.43131e-05 2.46548e-05 0.000246895 -4.31048e-08 -0.0167703 -0.000159109 -0.00102538 0.000102349 0.00415526 0.000917582 0.0281367 -0.00409878 -1.60815e-06 2.2162e-05 -2.44603e-05 0.00109244 0.0033409 -0.00228304 2.69274e-06 -0.0246155 0.00028531 0.000109119 -0.0370821 -0.0285405 9.38164e-05 -0.000497312 -0.023998 -0.000139936 0.000290155 -0.0001158 -0.0046252 0.00127262 -0.0333677 0.00452594 0.0290815 0.00743423 -2.71344e-05 0.00197624 -0.00050183 0.028852 
-9.35805e-05 1.93865e-06 -1.62736e-06 -2.4638e-06 4.70344e-07 4.41233e-05 1.56756e-05 -1.73222e-05 1.42466e-06 3.54015e-05 2.72794e-05 -8.30568e-07 -8.62719e-07 -5.19546e-05 -2.16917e-07 1.85807e-05 -2.24741e-05 -2.48805e-06 3.49311e-05 -2.42246e-05 -5.46755e-07 -3.71025e-06 -1.82644e-05 -3.0102e-06 -1.20945e-06 -5.24575e-08 1.49605e-05 -5.87889e-08 2.24492e-05 2.82796e-05 0.00017252 6.21668e-09 2.36071e-07 -5.71842e-08 1.98483e-05 -1.53954e-05 2.73991e-07 -2.20904e-05 5.67039e-05 -7.0895e-09 -3.32572e-06 1.71341e-07 -2.15047e-07 -4.37127e-11 -4.29258e-08 -5.14128e-08 -1.91704e-06 -0.000104459 -1.68024e-07 1.77629e-05 -3.12954e-08 3.84693e-07 -8.5392e-07 1.2803e-05 -3.67467e-06 -1.27718e-06 -1.30973e-06 9.75189e-07 1.45203e-06 -3.80185e-10 -4.97634e-09 -5.63203e-09 6.49576e-07 -2.31792e-10 4.9427e-05 3.56557e-07 -2.68806e-06 1.55148e-06 1.3248e-05 -1.98579e-06 2.03034e-05 -4.60088e-06 -6.81515e-09 -7.51168e-09 -2.11985e-06 3.36128e-05 3.72477e-06 -4.08227e-05 -5.38809e-07 -0.000115008 -6.56225e-08 -1.27966e-07 -2.03959e-05 -8.70911e-05 2.57909e-07 7.46262e-06 3.83595e-05 4.0644e-08 -3.215e-07 -3.42595e-07 -5.08036e-05 -2.39764e-06 -6.11531e-05 -1.03152e-06 1.9892e-05 8.00255e-06 -9.38315e-08 2.28512e-05 3.23909e-05 1.0605e-05 
-0.000110446 9.50003e-06 -1.68539e-06 -4.52014e-06 4.33942e-07 -1.48912e-05 4.21581e-07 -1.67139e-05 8.48331e-07 1.25761e-05 -3.13085e-05 -2.4e-06 -4.8258e-07 -6.6404e-05 -9.76884e-07 1.32756e-05 -9.65961e-06 1.66832e-06 5.85315e-05 -9.82029e-06 1.74544e-06 -5.34491e-06 -1.29232e-05 -4.77789e-06 -1.3857e-06 1.12714e-08 4.10995e-07 7.53378e-07 -2.6588e-05 -6.57341e-06 6.21668e-09 0.00021506 5.39393e-07 -7.12878e-08 1.06156e-05 -8.59817e-06 -4.08931e-07 -9.6971e-06 -1.47691e-05 -8.83802e-09 4.11284e-06 -1.07948e-08 -2.6795e-07 -5.44937e-11 -5.35128e-08 -2.55243e-07 -2.11318e-06 -0.000116564 6.22692e-08 6.90238e-06 -3.90139e-08 7.40128e-08 5.2889e-06 -7.26648e-07 -5.87461e-06 -4.35686e-06 -1.79897e-06 3.12072e-06 5.13579e-07 -4.73952e-10 -6.20368e-09 -7.02108e-09 -5.19959e-07 -2.8896e-10 0.000109206 -8.81091e-07 1.88905e-06 4.11318e-07 7.95078e-06 5.03121e-06 9.4801e-06 -1.04165e-05 3.11504e-07 -9.36431e-09 3.36732e-06 -2.22671e-05 -9.04427e-07 2.06625e-05 9.8497e-07 -0.000123746 -8.18072e-08 -1.59527e-07 -1.32033e-05 5.22196e-06 5.66616e-07 3.25461e-06 5.57322e-05 -5.08493e-07 3.70587e-06 -5.93308e-07 2.24127e-05 1.78102e-06 4.19188e-05 -3.16803e-07 9.8544e-06 7.63106e-06 6.96931e-08 -2.82333e-05 3.4994e-05 1.46081e-06 
-0.000125152 0.000106534 -2.21886e-06 0.000108265 9.10211e-05 0.000205221 -6.36266e-06 -0.00020966 8.73794e-06 1.70449e-06 -3.06622e-05 -2.57378e-06 -6.31119e-07 -7.49607e-05 3.91961e-06 0.000147189 -0.000103956 -4.35708e-07 -4.573e-05 -0.000206607 5.5805e-06 -5.22594e-06 -4.32493e-05 -5.63473e-06 0.000125143 1.11848e-06 -5.11091e-06 -5.01569e-08 0.00017444 8.46526e-05 2.36071e-07 5.39393e-07 0.000235211 1.1012e-05 0.000130913 -4.45118e-05 0.000107698 -0.000194846 3.5507e-05 1.03503e-05 -1.59718e-06 2.61782e-05 -2.37748e-07 -5.96009e-11 -3.85281e-08 7.24168e-07 1.93495e-05 -0.000140507 -1.49699e-07 -7.10509e-06 7.81066e-06 9.41583e-07 4.5896e-05 -1.05258e-05 4.00833e-05 1.44182e-05 -1.78757e-06 1.87051e-05 2.98864e-05 -5.18371e-10 -6.78509e-09 6.56542e-08 3.67976e-07 5.9684e-08 -5.4778e-05 5.12999e-07 0.000111473 -4.08234e-07 3.94174e-06 -2.74392e-06 1.51367e-05 -1.2399e-05 3.07078e-08 -1.02419e-08 5.56298e-06 8.7517e-05 8.79166e-05 -0.00019221 3.18387e-05 -0.00018339 1.73859e-07 5.15522e-07 -0.000217183 -9.95187e-05 5.90911e-05 3.26116e-06 -0.000134779 5.04894e-07 1.71644e-07 1.02711e-05 -0.000186468 6.60422e-06 -0.000163741 0.000116905 0.000143559 4.20389e-05 -5.12698e-08 -1.82888e-05 1.0136e-05 -1.13757e-06 
