0.00150114 -0.00049373 0.000588884 1.95852e-05 -0.00114275 -1.00728e-08 -1.06841e-08 0.000706856 -0.00133121 0.000236376 -2.61486e-07 -0.000450662 0.000735557 0.000908904 4.40823e-08 0.000696071 0.000939963 0.000754853 7.49249e-05 -3.50342e-08 0.000369349 6.90336e-05 -0.000565197 -1.62737e-06 -0.000887784 -0.000260068 -2.05662e-09 -7.64177e-08 7.05925e-06 -0.00137828 0.000614632 -1.12278e-06 -0.000652131 -4.55598e-07 0 0.000235373 0 -8.44528e-07 -0.000495976 -6.78383e-08 7.78029e-05 -8.1885e-09 -1.30287e-06 1.88833e-07 4.4e-05 -1.61162e-05 0.000332437 1.92619e-05 -0.000707626 0.000928375 0.000177656 0 2.79948e-06 -6.34978e-05 -2.29833e-06 6.81385e-06 1.22701e-05 0.000755459 -1.00733e-07 -1.45531e-05 0.000751246 -0.00145582 -0.0013998 3.21605e-07 -4.17543e-07 0.000580038 0.00124767 -9.97253e-10 1.34833e-06 4.02082e-06 -1.1749e-07 0.000188718 -1.25568e-05 -0.00124455 0.000131824 2.15617e-05 -0.000165329 -1.67243e-07 1.15787e-06 -3.4954e-08 -2.49407e-06 2.76752e-05 -1.14358e-08 1.13868e-05 -2.83811e-05 -0.000389294 0.00029495 -0.00102611 -2.80491e-06 0.000446661 4.9278e-05 6.89373e-06 0.000134747 1.5439e-05 -0.000965799 4.60826e-06 2.17488e-06 1.61872e-06 3.94687e-07 0.000422083 
-0.00049373 0.0715556 -0.0105036 -0.000934975 -0.014199 -6.8026e-07 -5.74538e-06 -0.0189654 -0.00786435 0.00471766 -0.000152738 0.00156301 -0.000222207 -0.0135274 -1.04508e-05 0.010845 0.000102709 -0.000466345 6.24993e-05 -3.95229e-06 0.0001444 5.62375e-05 0.0128838 -0.000148764 0.000859577 0.0524729 1.52941e-06 -3.25636e-05 -0.0064553 0.0156069 -0.000956288 2.97137e-05 0.00200676 -6.75979e-05 0 -4.40222e-05 0 -0.000279072 -0.0407535 2.86369e-06 -6.98922e-05 4.22515e-07 7.99542e-05 3.88691e-08 -7.65633e-08 -0.0120626 -0.00332716 1.287e-05 0.00426955 -0.000553779 -0.0026613 0 -3.95227e-06 0.0021655 1.65386e-06 0.000250744 3.16728e-05 -0.000298863 3.37433e-06 -0.000968221 0.00240467 0.00384734 0.0165159 -0.000474903 1.85147e-05 -0.0153688 -0.00114332 -6.11876e-07 1.28093e-06 1.39318e-05 -7.20877e-05 -0.000130324 0.000159726 0.00566599 -4.75242e-05 -0.0638667 0.0078234 3.55617e-06 -1.27731e-05 -8.24976e-06 -9.95635e-05 6.89674e-05 3.00073e-07 0.00133035 0.0015037 -0.0103561 -0.00399982 -0.00293309 -0.000999415 8.09974e-05 -4.63772e-05 -1.30761e-05 -0.000196461 0.00200827 0.0152612 -0.000358781 5.36074e-07 3.64835e-06 -2.94529e-07 -0.0002774 
0.000588884 -0.0105036 0.0716601 0.000893616 -0.0175914 1.94307e-08 6.5545e-06 0.013734 -0.0194341 0.0040401 0.000137053 -0.0036058 0.000528645 0.011685 1.39487e-06 0.026544 0.00224989 -1.33793e-05 0.000858286 2.02461e-05 0.000917496 0.000893019 -0.014358 0.00244035 -0.000402239 -0.0114561 1.17343e-05 3.87307e-05 0.00580032 -0.0170294 0.000326878 -2.74695e-05 -0.0267756 -1.03903e-05 0 0.000558593 0 7.00522e-05 -0.00646534 1.31041e-05 -5.71748e-06 8.76811e-07 0.000109402 2.28743e-06 4.818e-05 0.0107847 0.00424162 0.000366016 -0.020587 9.53067e-05 0.00585783 0 -6.49836e-08 -0.00342485 9.29837e-05 -0.000222821 0.000145759 0.000472487 1.58607e-05 0.000787581 -0.00166324 -0.0248056 -0.0164061 0.000503453 0.000229851 0.0126566 0.00132335 6.11794e-07 3.57337e-05 8.23058e-05 7.16947e-05 7.68974e-05 -0.000562044 -0.00432623 3.86976e-05 0.0107086 0.00156143 -4.2866e-06 6.93667e-05 1.08202e-05 0.00138342 7.50687e-07 -7.76812e-08 0.0162775 0.0130433 -0.0229194 0.00257291 -0.00824025 0.00135279 0.00161965 -3.97648e-06 1.22915e-05 0.000288146 0.0108038 -0.0121194 0.000343243 1.14344e-05 4.21872e-05 7.27699e-07 0.000803511 
1.95852e-05 -0.000934975 0.000893616 0.00101545 2.18467e-05 -6.81044e-09 -7.22381e-09 0.000971115 9.24965e-05 -6.41671e-05 -1.56797e-07 -0.000363183 1.17612e-06 0.00086204 4.72721e-06 -0.000149123 3.1752e-05 1.90283e-05 -5.71881e-07 1.16313e-07 -2.82692e-06 -1.74655e-06 -0.000380023 0.000259891 -3.93881e-05 -0.000945535 -2.3928e-08 6.325e-06 0.000453968 -0.000983186 0.000281273 -1.09137e-07 -0.000754403 -3.68892e-07 0 4.56895e-08 0 8.01993e-05 7.48841e-05 -4.58671e-08 1.15275e-05 -5.53645e-09 -1.04768e-06 -3.04267e-09 1.25469e-05 0.000806929 0.000418244 2.2093e-07 -0.000511724 1.81042e-05 0.000338141 0 -4.86218e-09 -4.87246e-05 -9.63956e-07 -3.28787e-06 -3.78217e-07 1.65335e-05 -6.81078e-08 0.000224843 -3.20778e-05 -0.000562701 -0.00098957 2.28922e-05 2.21022e-07 0.000930239 3.16346e-05 -6.74267e-10 6.39381e-07 3.22037e-07 4.34106e-05 1.06518e-05 -8.71983e-06 -0.000817422 9.37946e-06 0.000889775 -0.000112881 -1.13077e-07 1.77264e-06 8.3597e-06 -1.3556e-06 -9.48725e-07 2.82268e-07 1.86547e-05 -1.97188e-05 -6.27658e-05 0.00015156 -0.000674004 0.000168937 8.90502e-05 -5.76922e-08 -6.50888e-08 8.47323e-06 -2.64461e-05 -0.000888497 4.00511e-05 3.32543e-07 -6.39673e-08 -1.33837e-09 2.01995e-05 
-0.00114275 -0.014199 -0.0175914 2.18467e-05 0.164787 -4.26249e-06 -1.23453e-06 0.00260649 0.0594074 -0.0395932 3.05459e-05 0.00150931 -0.0010668 0.00153033 -3.40271e-05 -0.0348843 -0.00664869 -0.000614944 -8.79051e-05 4.58912e-06 -0.00130292 -0.000358577 -0.00256461 -0.00183948 0.00179169 -0.01077 3.98363e-07 -8.66962e-06 0.00101916 -0.00333316 -0.000576712 -0.000263872 0.0183306 -0.00026578 0 -0.000485816 0 -0.000540435 0.0329546 -3.20338e-05 -6.17059e-05 -2.54329e-06 -0.00080883 -1.12713e-06 -0.000691985 0.00199217 0.000256142 -2.58876e-05 -0.0508774 -0.000972371 0.00502156 0 -2.02798e-06 -0.0233326 -0.000247029 -0.00187038 -0.000435375 -0.000681546 -2.19942e-05 -0.00764213 -0.018261 0.0108023 -0.00047474 -0.000851903 -0.000208987 0.000992785 -0.00139883 1.38031e-07 -3.42423e-05 4.0665e-05 -3.87847e-05 -0.000190235 -0.00261674 0.00186924 -0.000125867 0.0168454 -0.0549637 -6.67717e-05 1.63222e-05 -1.0892e-05 -0.000792269 -0.000762847 -3.76715e-06 -0.0108832 -0.0111537 0.0323446 0.00100527 -0.0110779 -0.000128944 -0.00254213 -4.43464e-05 -2.64884e-06 -0.000142374 -0.0104803 -0.0013333 -0.00023189 -2.11493e-05 -4.77418e-05 -1.04269e-06 -0.000402366 
-1.00728e-08 -6.8026e-07 1.94307e-08 -6.81044e-09 -4.26249e-06 6.69996e-06 -4.76147e-11 -1.42166e-07 -3.81178e-06 2.74039e-06 -1.16533e-09 -2.17365e-07 -9.80273e-09 -1.02188e-07 -5.01741e-10 2.70374e-06 9.04222e-07 -5.26243e-09 2.39008e-07 -1.56132e-10 -1.86332e-08 -1.15561e-08 3.43611e-07 -2.04291e-08 1.63368e-08 2.89141e-07 -1.57718e-10 -3.40561e-10 -4.12286e-09 -6.24419e-07 -8.08531e-09 -5.00374e-09 2.8422e-07 -2.4315e-09 0 -4.11505e-09 0 -8.85905e-09 -2.20637e-06 -3.02326e-10 -5.22064e-10 -3.64927e-11 -6.90565e-09 -2.00553e-11 -7.75431e-09 -8.77627e-08 -4.36716e-08 -3.28954e-09 -1.43413e-06 -9.48586e-09 -1.88081e-07 0 -3.20483e-11 2.58839e-07 -1.02427e-08 -2.16715e-08 -4.42642e-09 -5.93102e-09 -4.48922e-10 4.71575e-07 -1.51201e-07 -1.16502e-07 1.5081e-07 -9.91616e-09 -1.86081e-09 -1.30956e-07 -1.50862e-08 -4.44433e-12 -2.89708e-10 -1.39273e-09 -5.23605e-10 -1.61392e-09 -5.74755e-08 -2.96286e-08 -1.08013e-09 3.5039e-07 3.07596e-06 -7.4533e-10 -7.07676e-10 -1.55775e-10 -1.13081e-08 -6.78069e-09 -5.09647e-11 -1.20877e-07 -1.29974e-07 -4.04936e-06 1.99951e-08 -3.33647e-07 -1.29162e-08 1.79631e-07 -3.8027e-10 -4.29023e-10 -2.65921e-09 6.72351e-07 -2.33543e-07 -2.60742e-09 -3.34777e-10 -4.21631e-10 -8.82167e-12 -5.86974e-09 
-1.06841e-08 -5.74538e-06 6.5545e-06 -7.22381e-09 -1.23453e-06 -4.76147e-11 7.10662e-06 5.00921e-06 -1.14717e-06 1.45138e-06 5.4306e-09 -4.85124e-06 -1.03977e-08 3.20828e-06 -5.32195e-10 8.84082e-07 -6.26988e-08 -5.58184e-09 1.89188e-06 -1.65609e-10 -1.97642e-08 -1.22575e-08 -2.8353e-06 -8.33572e-09 -7.69338e-07 -5.7333e-06 -1.67291e-10 7.92972e-07 6.03724e-06 -6.8082e-06 -8.57606e-09 -5.30745e-09 -5.12134e-06 -2.57908e-09 0 -4.36482e-09 0 8.43937e-07 2.82203e-06 -3.20676e-10 -5.53751e-10 -3.87076e-11 -7.32479e-09 -2.12726e-11 -8.22497e-09 5.01358e-06 2.19701e-06 -3.48921e-09 -3.63358e-06 -1.00616e-08 2.15596e-06 0 -3.39936e-11 -3.40654e-07 -1.08644e-08 -2.29869e-08 -4.69509e-09 1.89371e-06 -4.7617e-10 2.69439e-06 1.67436e-06 -6.89789e-06 -6.9467e-06 7.76149e-07 -1.97376e-09 3.6311e-06 1.36733e-06 -4.71409e-12 -3.07292e-10 -1.47726e-09 -5.55386e-10 -1.71188e-09 -6.0964e-08 -6.7991e-06 -1.14569e-09 4.48035e-06 -7.89196e-07 -7.90569e-10 -7.5063e-10 -1.6523e-10 -1.19945e-08 7.09474e-07 -5.4058e-11 -1.28213e-07 -1.37863e-07 1.02248e-06 8.88771e-08 -4.88307e-06 -1.37002e-08 1.86425e-06 -4.03351e-10 9.76212e-07 1.89718e-06 -1.84896e-07 -6.87607e-06 7.83901e-07 -3.55096e-10 -4.47223e-10 -9.35711e-12 2.35377e-06 
0.000706856 -0.0189654 0.013734 0.000971115 0.00260649 -1.42166e-07 5.00921e-06 0.0207686 0.00134874 -0.00130325 0.000119209 -0.00196416 0.000502075 0.0146544 1.11177e-05 -0.00267325 0.000588446 0.000706494 -2.38739e-05 4.97553e-06 -4.03545e-05 5.30754e-05 -0.00766246 0.000276468 -0.00117714 -0.0191104 -4.94906e-08 2.52748e-05 0.00554337 -0.016415 0.00115419 1.6099e-06 -0.00513309 -5.40516e-07 0 1.4791e-05 0 0.000308984 0.0105303 -9.57463e-07 7.20333e-05 -1.15572e-07 9.34325e-06 1.29818e-07 7.10855e-05 0.0127428 0.00371864 1.07254e-05 -0.00609595 0.000846225 0.00438347 0 1.38184e-06 -0.00101711 -3.15651e-05 -6.45933e-05 1.78252e-07 0.00028625 -1.12506e-06 0.001186 -0.000227829 -0.00537019 -0.017688 0.000532106 9.0035e-06 0.0166195 0.00131222 6.49258e-07 -1.47501e-07 -1.18075e-06 7.64918e-05 0.000146859 -6.08506e-05 -0.00630244 9.88426e-05 0.0182618 -0.00235082 -2.36045e-06 1.69388e-05 9.56e-06 6.64373e-05 -2.08943e-05 1.28596e-07 -0.000338004 -0.000410338 0.0020656 0.00461425 -0.0130602 0.000907884 9.75722e-05 5.1169e-05 -9.58711e-07 0.000115965 -0.000356036 -0.015598 0.000377272 1.39767e-07 8.8034e-08 -2.79381e-08 0.000124381 
-0.00133121 -0.00786435 -0.0194341 9.24965e-05 0.0594074 -3.81178e-06 -1.14717e-06 0.00134874 0.0976543 -0.0540327 1.77309e-05 0.00402853 -0.00100511 0.000674255 -2.32794e-05 -0.0600049 -0.0018152 -0.000685386 -0.000937999 -8.1073e-06 -0.0021229 -0.0014542 0.0130935 -0.00177214 0.00152401 -0.0061221 -1.70213e-05 -3.05137e-06 -0.000183912 0.000753209 -0.000489369 4.11058e-05 0.0163151 2.41725e-05 0 -0.000524499 0 -0.000705272 0.0361548 -1.34306e-05 -6.93733e-05 -4.84925e-06 -0.000917642 -2.27168e-06 -0.000865038 0.00143244 -0.00178797 -0.000425417 -0.0134328 -0.00108679 -0.00480716 0 -2.49867e-06 -0.026194 5.49386e-05 -0.00287405 -0.000258952 -0.00077908 -1.98207e-05 0.00135371 -0.0311393 0.0171407 0.000853859 -0.00071673 -0.000243373 -0.000398364 -0.00123763 7.27578e-08 -3.73539e-05 -0.000144956 8.5719e-06 -0.000196005 0.000689336 0.00257937 -0.000143477 0.0102574 -0.0464916 4.38841e-06 -3.55347e-05 -7.52982e-06 -0.00124952 -0.000899547 -4.46899e-06 -0.0152314 -0.0123761 0.0601512 0.000328581 0.0248024 -8.11597e-06 -0.00249308 -4.6148e-05 -1.20232e-05 -0.000172043 -0.0229318 2.1633e-05 3.73025e-05 -1.15294e-05 -5.20075e-05 -1.17225e-06 -0.00048149 
0.000236376 0.00471766 0.0040401 -6.41671e-05 -0.0395932 2.74039e-06 1.45138e-06 -0.00130325 -0.0540327 0.0591416 -9.98293e-06 -0.00169777 6.546e-05 -0.000856835 8.42933e-06 0.0291952 0.00152397 -4.59852e-05 0.000310837 -1.24773e-06 0.000313037 -9.70867e-05 -0.0247374 -0.000116297 0.000112194 0.00362213 -1.486e-06 -2.21206e-06 -0.000557728 0.00138925 -6.77755e-05 -3.51046e-05 0.000498141 -1.91759e-05 0 3.78752e-05 0 9.20113e-06 -0.0203605 -1.63515e-06 -3.91549e-06 3.47617e-06 -6.02374e-05 3.21041e-07 -6.15735e-05 -0.000800452 -0.000204539 -2.86503e-05 0.0177672 9.78854e-05 -0.00106679 0 1.07138e-06 0.0211288 -8.46785e-05 0.00281804 0.000134628 0.000320362 -2.77636e-06 -0.00111345 0.0266632 0.000704779 0.000651955 -8.82288e-05 -8.22568e-06 0.000375965 0.000290247 -4.18739e-08 1.12771e-05 3.96579e-05 -4.93334e-06 1.49072e-05 -0.000428693 -0.00117846 3.22649e-06 -0.00607882 0.0450277 -3.88574e-06 -6.31097e-06 7.73897e-06 0.000171586 7.30532e-05 -1.70183e-07 -0.000323254 -0.00120609 -0.0369747 -0.00055806 -0.0294061 -9.72718e-05 0.00156899 -3.58285e-06 3.85113e-06 0.000150162 -5.39753e-05 -6.27063e-05 -2.36501e-05 -3.15422e-06 -3.92922e-06 9.00217e-07 0.000286219 
-2.61486e-07 -0.000152738 0.000137053 -1.56797e-07 3.05459e-05 -1.16533e-09 5.4306e-09 0.000119209 1.77309e-05 -9.98293e-06 0.0001739 -2.757e-05 -1.84476e-07 6.64439e-05 -1.3025e-08 -2.50831e-05 -1.39784e-06 -1.36611e-07 -1.98809e-07 -4.05315e-09 8.62873e-08 -2.99993e-07 -6.89784e-05 -2.17e-07 -3.09234e-07 -0.000151558 -4.09431e-09 1.02678e-05 0.000124596 -0.00014751 -1.89892e-07 1.5201e-06 -2.67454e-05 -6.31209e-08 0 -1.06825e-07 0 4.00022e-07 0.000114177 -7.8483e-09 -1.35526e-08 -9.47339e-10 1.47398e-07 -5.2063e-10 -1.313e-07 0.000131135 2.37763e-05 -8.53956e-08 -7.38683e-05 -2.4625e-07 3.60149e-05 0 -8.31965e-10 -8.07057e-06 1.52744e-06 -5.39252e-07 -1.14909e-07 -1.53967e-07 -1.16539e-08 -1.10428e-06 -6.15163e-06 -0.00011801 -0.000149862 3.61925e-06 -4.83062e-08 0.00010322 9.51701e-07 -1.15374e-10 6.24793e-08 -3.61548e-08 3.3074e-08 -8.5635e-09 -1.49205e-06 -6.01262e-05 4.19602e-08 0.000148387 -1.83916e-05 -1.93486e-08 -1.83711e-08 -4.04387e-09 6.67644e-06 -1.76025e-07 -1.32303e-09 -3.13792e-06 -3.37408e-06 2.49244e-05 3.88616e-06 -0.000100539 -3.35302e-07 -1.749e-07 -9.87169e-09 -1.11373e-08 3.94301e-07 -4.19852e-06 -0.000131684 2.32312e-07 1.04643e-07 -1.09454e-08 -2.29008e-10 1.4811e-05 
-0.000450662 0.00156301 -0.0036058 -0.000363183 0.00150931 -2.17365e-07 -4.85124e-06 -0.00196416 0.00402853 -0.00169777 -2.757e-05 0.00681384 -0.000118505 -0.00205295 -6.84288e-06 -0.00291908 -0.000705009 -0.000292068 -0.000978981 -1.62678e-06 -1.85026e-05 -0.00095709 0.00215045 -0.000413697 0.000327601 0.00163187 -1.45985e-05 1.72074e-07 -0.000139117 0.0033462 -0.000252277 -5.39942e-06 0.0042091 6.86561e-07 0 -9.72628e-05 0 -0.000327218 0.00141762 -1.16937e-05 -7.73854e-05 -2.76263e-06 -1.12718e-05 -1.4828e-06 -1.28995e-05 -0.00133151 -0.00414602 -0.000453645 0.0019048 -0.00034249 -0.00383399 0 3.2818e-08 -0.00110017 -0.000112595 -0.00105697 -1.27039e-05 -0.000447297 -8.1303e-06 4.26993e-05 -0.00158132 0.00291246 0.00207124 -7.07569e-06 -1.28578e-05 -0.0027001 -0.000517555 -6.58782e-07 -2.09333e-06 -0.000173397 -3.71238e-05 -5.1174e-05 1.27492e-05 0.00230005 -2.99106e-05 -0.00114366 -0.000877261 -5.0301e-06 -4.73487e-05 -1.40072e-05 -0.000243264 -2.47698e-05 -2.87811e-07 -0.00233803 -0.0010103 0.00370879 -0.00088071 0.00375719 -0.00083441 -0.000656095 -4.38006e-05 -7.08067e-06 -0.000154384 -0.00228727 0.0025507 -4.90066e-05 -2.57183e-07 -7.92824e-06 -7.943e-07 -0.000142693 
0.000735557 -0.000222207 0.000528645 1.17612e-06 -0.0010668 -9.80273e-09 -1.03977e-08 0.000502075 -0.00100511 6.546e-05 -1.84476e-07 -0.000118505 0.00146095 0.000676565 1.17043e-06 0.00053916 0.00119183 0.000581127 2.90959e-07 -3.4095e-08 0.000289914 1.1898e-06 -0.000313631 1.42489e-05 -0.000848446 -0.000178182 1.00223e-06 4.5631e-08 0.000311419 -0.000957014 0.000458004 -4.39344e-07 -0.00022304 2.02362e-07 0 -1.88612e-07 0 0.000143462 -0.00041695 -6.60196e-08 2.08266e-06 5.36435e-09 0.000183562 -4.37953e-09 0.00023253 -1.91583e-05 0.000126153 8.08322e-07 -0.000683711 0.000692715 1.82609e-05 0 1.173e-06 -6.87226e-05 1.946e-05 2.36709e-05 9.29673e-06 0.000103168 -9.80321e-08 4.17759e-05 0.000804886 -0.00132206 -0.00137558 0.000185265 2.68698e-06 0.00039671 0.000584112 -9.70519e-10 1.37007e-06 2.58668e-08 -1.14341e-07 0.000100784 -1.2211e-05 -0.000769259 8.55608e-05 3.14928e-05 -0.000155907 -1.62759e-07 1.5213e-07 -3.40169e-08 8.70729e-06 0.000183756 -1.11293e-08 -1.96694e-05 5.5804e-05 -0.000491733 0.000179268 -0.000811451 -1.34721e-06 1.5277e-05 4.7677e-05 -9.36867e-08 2.2996e-05 -1.77824e-05 -0.000570203 3.40728e-06 5.46894e-07 1.29459e-06 -1.92641e-09 1.9488e-07 
0.000908904 -0.0135274 0.011685 0.00086204 0.00153033 -1.02188e-07 3.20828e-06 0.0146544 0.000674255 -0.000856835 6.64439e-05 -0.00205295 0.000676565 0.0150193 5.38117e-06 -0.00186916 0.000811026 0.000760797 -1.69102e-05 4.43458e-06 1.966e-05 7.56437e-05 -0.00605308 0.000175295 -0.00134226 -0.0136813 9.09707e-08 1.21814e-05 0.00423206 -0.0147411 0.00107167 -6.89385e-06 -0.00462284 1.13827e-06 0 1.34325e-05 0 0.000243163 0.00660909 -6.88216e-07 7.67316e-05 -8.30719e-08 -1.572e-05 1.47679e-07 6.92114e-05 0.0110806 0.00378804 2.36483e-05 -0.006641 0.0010369 0.00455185 0 2.42705e-06 -0.000729814 -2.02864e-05 -3.97896e-05 5.84369e-06 0.000328282 -1.02193e-06 0.000876787 0.000134235 -0.0051221 -0.0147265 0.00044435 -2.50596e-06 0.0144457 0.00147802 6.53216e-07 -1.12825e-07 3.86229e-05 7.47114e-05 0.000143859 -7.64638e-05 -0.00594698 0.000102058 0.0129068 -0.00165185 -1.69667e-06 1.74724e-05 9.69873e-06 -2.56018e-05 -1.44989e-05 1.73984e-07 -0.000233097 -0.000295872 0.00117795 0.0045928 -0.0104594 0.000870987 6.41102e-05 5.12444e-05 -7.39962e-07 5.76132e-05 -0.000392586 -0.0138018 0.000378124 -7.32086e-07 3.23532e-07 -1.67483e-08 2.64915e-05 
4.40823e-08 -1.04508e-05 1.39487e-06 4.72721e-06 -3.40271e-05 -5.01741e-10 -5.32195e-10 1.11177e-05 -2.32794e-05 8.42933e-06 -1.3025e-08 -6.84288e-06 1.17043e-06 5.38117e-06 7.48811e-05 6.4304e-06 -2.1069e-07 9.78479e-08 -8.55985e-08 -1.74511e-09 1.34051e-05 9.9375e-06 -1.27937e-05 4.96166e-06 -1.49541e-05 -1.20854e-05 -1.76283e-09 2.95268e-08 1.74525e-05 -3.7251e-05 -9.03705e-08 -5.59274e-08 -3.98825e-05 -2.71771e-08 0 3.74006e-07 0 3.7648e-08 -1.00738e-05 -3.37914e-09 -5.83517e-09 -4.07883e-10 1.45828e-05 -2.24161e-10 1.2e-06 4.94907e-06 5.43188e-06 -3.67676e-08 2.65501e-05 1.20642e-07 6.50425e-06 0 -3.58208e-10 -3.11298e-06 -4.44835e-08 1.16778e-06 1.17053e-06 9.0375e-08 -5.01766e-09 1.83968e-06 1.76813e-05 -1.98167e-05 -2.47944e-05 1.47658e-05 -2.07985e-08 9.66629e-06 2.48047e-07 -4.96748e-11 -3.2381e-09 -1.55667e-08 6.07481e-07 5.58628e-07 3.55426e-06 -2.00913e-05 -1.20727e-08 7.14079e-06 2.30505e-05 -8.33064e-09 -7.90978e-09 -1.74111e-09 -1.26392e-07 1.45842e-05 -5.69638e-10 -1.35105e-06 -1.45273e-06 3.12773e-06 2.61362e-06 -4.34888e-05 1.35563e-06 -1.16694e-07 -4.25032e-09 -4.79524e-09 1.74028e-06 -1.74168e-06 -7.6705e-06 1.60857e-07 7.96258e-07 -4.71262e-09 -9.86008e-11 9.4106e-07 
0.000696071 0.010845 0.026544 -0.000149123 -0.0348843 2.70374e-06 8.84082e-07 -0.00267325 -0.0600049 0.0291952 -2.50831e-05 -0.00291908 0.00053916 -0.00186916 6.4304e-06 0.125183 0.00178684 0.000117502 0.00084597 1.35079e-05 0.0021136 0.00143177 0.00685643 0.00164834 -0.00094123 0.00871124 1.79132e-05 -5.21703e-06 2.4133e-05 0.00101291 -5.45251e-05 -1.80267e-05 -0.0193413 6.12921e-06 0 0.000495142 0 0.000563733 -0.0469089 1.43802e-05 -6.29127e-06 2.72761e-06 0.000854572 1.96753e-06 0.000778406 -0.00191761 0.001289 0.000404521 -0.0283768 0.000307501 0.00752572 0 1.37826e-06 -0.00380719 -5.28099e-05 0.00225812 0.000485814 0.000582143 1.36803e-05 0.00214999 0.026924 -0.0167839 0.000254316 0.000630543 0.000228255 -0.00190263 0.000716995 -9.73145e-08 3.57498e-05 5.03577e-05 -1.1465e-05 0.000144718 -0.00103329 -0.00114018 3.51158e-05 -0.0140204 0.0134132 -1.366e-05 3.75445e-05 6.2291e-06 0.0011138 0.000826065 5.13406e-06 0.0152598 0.0153843 -0.0928151 -0.000405232 -0.00416122 -0.000103144 0.00173341 -3.7565e-06 7.91598e-06 0.000134007 0.0220766 0.00152637 -5.59528e-05 7.14296e-06 4.77812e-05 1.1235e-06 0.000477158 
0.000939963 0.000102709 0.00224989 3.1752e-05 -0.00664869 9.04222e-07 -6.26988e-08 0.000588446 -0.0018152 0.00152397 -1.39784e-06 -0.000705009 0.00119183 0.000811026 -2.1069e-07 0.00178684 0.0087447 0.00075429 7.26522e-05 -2.05594e-07 9.79205e-05 3.6153e-05 -0.000596396 1.53691e-05 -0.000862988 0.000141965 -1.94349e-07 -4.48449e-07 8.0047e-06 -0.000783359 0.000607997 -4.8089e-06 0.000120267 -3.75119e-07 0 1.50465e-06 0 -1.07456e-05 -0.00210869 2.28019e-05 7.32492e-05 -3.47201e-08 -7.52999e-06 2.96925e-07 4.54658e-05 -8.10855e-05 0.00034219 5.49168e-06 -0.00281157 0.000890446 -9.26372e-05 0 2.4578e-06 -0.000157523 0.000101126 8.28231e-05 0.000105895 0.000325117 8.12194e-07 0.00136436 0.00104286 -0.00114538 -0.00151459 -6.71422e-06 2.04636e-06 0.000466898 0.000776055 -5.85228e-09 -3.81486e-07 -1.50394e-06 2.26839e-05 0.000137475 -7.07435e-05 -0.000794561 0.000106944 -0.000653319 0.000533063 -9.81448e-07 1.57813e-06 1.48882e-05 -1.10572e-05 -4.04212e-06 -6.71101e-08 -0.00011511 -2.50322e-05 -0.00367039 0.000188112 -0.00095439 9.08616e-07 2.2371e-05 5.16826e-05 2.35064e-07 2.74017e-05 -0.000191158 -0.000758074 1.38632e-05 -4.40833e-07 9.24798e-07 1.50503e-08 6.41409e-06 
0.000754853 -0.000466345 -1.33793e-05 1.90283e-05 -0.000614944 -5.26243e-09 -5.58184e-09 0.000706494 -0.000685386 -4.59852e-05 -1.36611e-07 -0.000292068 0.000581127 0.000760797 9.78479e-08 0.000117502 0.00075429 0.00078482 -8.97786e-07 -1.83033e-08 1.11723e-05 3.4002e-05 -0.000282031 -2.39489e-06 -0.000767205 -0.000311402 -5.15585e-09 -3.99237e-08 -4.2791e-06 -0.000750405 0.000602269 -5.86585e-07 -0.000187338 -1.95043e-07 0 2.36426e-06 0 -1.03854e-06 -0.000255632 -3.54415e-08 7.32155e-05 -4.27801e-09 -5.42878e-07 1.90982e-07 4.5521e-05 -6.03169e-06 0.000293874 3.43104e-06 -0.000397105 0.000767585 0.00012898 0 1.64624e-06 -3.76495e-05 -3.70742e-07 4.09613e-06 7.99776e-06 0.000289248 -5.26269e-08 -2.83956e-06 0.000468712 -0.000748109 -0.000766767 1.47754e-06 5.41858e-07 0.000573975 0.000646918 -5.21006e-10 -3.39623e-08 1.66731e-07 -6.13819e-08 0.000129144 -4.77781e-06 -0.000751449 0.00010371 9.71976e-05 -8.71328e-05 -8.73746e-08 -8.29604e-08 -1.82614e-08 -1.32564e-06 -5.28229e-07 -5.97455e-09 -1.41703e-05 -1.42634e-05 -0.000315525 0.000292526 -0.000539139 -1.51416e-06 -1.57422e-06 4.78054e-05 -5.02941e-08 2.18816e-05 -2.04016e-05 -0.000744286 8.41433e-06 -9.24565e-09 1.23391e-06 -1.03416e-09 -6.38105e-07 
7.49249e-05 6.24993e-05 0.000858286 -5.71881e-07 -8.79051e-05 2.39008e-07 1.89188e-06 -2.38739e-05 -0.000937999 0.000310837 -1.98809e-07 -0.000978981 2.90959e-07 -1.69102e-05 -8.55985e-08 0.00084597 7.26522e-05 -8.97786e-07 0.00114173 -2.66366e-08 1.26878e-05 0.000200275 -0.000446461 2.28681e-05 2.78711e-06 3.02314e-05 7.92643e-06 6.18993e-08 7.62638e-06 -0.000668373 -1.37938e-06 8.56347e-07 -0.000838753 -3.51487e-07 0 8.11129e-06 0 8.31953e-07 -0.000367 2.05089e-07 -8.90657e-08 1.13774e-07 1.51521e-06 -3.4215e-09 -9.79575e-07 -1.49726e-05 0.000792926 2.91879e-06 -0.000560923 -1.64937e-09 0.000789434 0 -5.46754e-09 -3.31477e-05 8.16526e-05 3.94661e-05 5.05817e-06 0.000113278 -7.65875e-08 -2.0087e-05 0.000203269 -0.000770963 -0.000119571 -1.69173e-06 -1.54127e-07 -2.14614e-05 0.000102043 -7.58217e-10 9.43908e-07 0.000124072 -8.93286e-08 4.31327e-07 -9.58548e-06 -0.000179592 4.97239e-06 -0.000103995 -2.13814e-05 -1.27156e-07 1.72959e-05 6.64676e-06 -1.292e-07 1.11899e-05 -8.69472e-09 0.000670448 8.82161e-05 -0.000833377 -1.1955e-05 -0.000689183 0.000135686 0.000143574 -6.48751e-08 4.56681e-06 7.1473e-05 0.000706481 -0.000117448 -4.44833e-07 5.42886e-07 -7.19315e-08 3.28495e-07 9.90119e-05 
-3.50342e-08 -3.95229e-06 2.02461e-05 1.16313e-07 4.58912e-06 -1.56132e-10 -1.65609e-10 4.97553e-06 -8.1073e-06 -1.24773e-06 -4.05315e-09 -1.62678e-06 -3.4095e-08 4.43458e-06 -1.74511e-09 1.35079e-05 -2.05594e-07 -1.83033e-08 -2.66366e-08 2.33028e-05 2.68519e-06 -4.01934e-08 -9.06051e-06 6.89454e-08 5.68213e-08 -4.03508e-06 -5.4856e-10 -1.18451e-09 3.70248e-06 -7.77511e-06 1.21521e-06 -1.74036e-08 -2.58191e-06 -8.45701e-09 0 -1.43126e-08 0 -3.08128e-08 5.88136e-06 -1.05152e-09 -1.8158e-09 -1.26925e-10 8.82648e-07 -6.97546e-11 6.96963e-08 4.51418e-07 1.84144e-06 6.31892e-07 -1.03789e-05 -3.29929e-08 5.2396e-06 0 -1.11468e-10 -1.11703e-06 -3.56251e-08 -7.53758e-08 -1.53956e-08 4.29371e-07 -1.5614e-09 -1.95229e-07 -4.30662e-07 -1.89421e-05 -2.11888e-05 6.21772e-08 -6.47211e-09 4.76119e-06 -5.24713e-08 -1.54579e-11 -1.00764e-09 1.18226e-08 -1.82116e-09 -5.61338e-09 -1.99906e-07 -1.95509e-06 -3.75681e-09 3.1858e-06 -2.5845e-06 -2.59234e-09 -2.46138e-09 -5.41802e-10 2.704e-06 1.83083e-07 -1.77261e-10 1.62624e-06 1.61271e-07 1.14612e-06 9.8255e-08 -1.5852e-05 3.84092e-08 -1.1722e-07 -1.32262e-09 -1.49219e-09 -9.24902e-09 7.76038e-06 -4.72176e-06 -9.06888e-09 -1.16439e-09 1.78534e-07 -3.06827e-11 5.26251e-07 
0.000369349 0.0001444 0.000917496 -2.82692e-06 -0.00130292 -1.86332e-08 -1.97642e-08 -4.03545e-05 -0.0021229 0.000313037 8.62873e-08 -1.85026e-05 0.000289914 1.966e-05 1.34051e-05 0.0021136 9.79205e-05 1.11723e-05 1.26878e-05 2.68519e-06 0.00277334 0.000583977 -0.000941775 -6.56316e-06 -0.000882142 0.000144541 4.08453e-06 1.0253e-06 0.000971461 -0.00143629 3.90057e-06 1.6183e-05 -0.00136319 -4.12614e-07 0 0.000182562 0 0.000741386 -0.000842382 -1.25491e-07 3.32985e-08 -1.51476e-08 0.000883407 2.55009e-07 0.000844755 -3.57857e-05 -2.33749e-06 -1.36211e-06 -0.000403618 6.62492e-05 1.17417e-05 0 1.31003e-06 -8.41261e-05 -2.88492e-06 -6.29553e-06 7.96599e-06 0.000390308 6.80325e-07 -4.86033e-05 0.00127482 -0.00195225 -0.00160377 0.000834721 6.34427e-06 -4.74479e-05 0.000487001 -1.84478e-09 4.07631e-05 9.95231e-07 -2.17341e-07 4.44768e-05 -2.31773e-05 -0.00126891 5.23817e-05 -0.000268048 -0.000212486 -3.09376e-07 -2.93747e-07 -6.466e-08 7.04828e-05 0.000856009 -2.11547e-08 -8.25752e-06 9.35097e-05 -0.00023016 -1.79617e-05 -0.00153936 -4.74135e-06 0.000516737 -1.57845e-07 7.86192e-06 4.71729e-05 0.000296794 -0.000158266 -9.88969e-07 7.59437e-06 5.4832e-07 3.93005e-07 0.000309147 
6.90336e-05 5.62375e-05 0.000893019 -1.74655e-06 -0.000358577 -1.15561e-08 -1.22575e-08 5.30754e-05 -0.0014542 -9.70867e-05 -2.99993e-07 -0.00095709 1.1898e-06 7.56437e-05 9.9375e-06 0.00143177 3.6153e-05 3.4002e-05 0.000200275 -4.01934e-08 0.000583977 0.00172182 -0.000685562 6.77842e-05 -0.000579624 6.27449e-05 5.0294e-06 -8.76711e-08 0.000456543 -0.00143056 2.06819e-05 3.91881e-07 -0.00154596 -4.5261e-07 0 5.95066e-06 0 0.000456079 -0.00054206 -7.78283e-08 6.9156e-06 2.33939e-07 0.000502269 1.2915e-06 0.00050291 -3.9962e-06 0.000933044 0.00042137 -0.00070784 7.42247e-05 0.00094121 0 -8.25025e-09 -6.65235e-05 -2.63678e-06 -1.83559e-06 3.35105e-05 6.84598e-05 -1.22333e-08 -2.97363e-05 0.000563682 -0.00162566 -0.00064592 0.000505974 -2.2365e-08 7.53312e-05 7.15797e-05 6.38856e-07 2.55542e-06 1.24801e-07 -6.1459e-08 3.15312e-05 -1.31527e-05 -0.000589357 5.13194e-06 -0.000143598 -0.000190128 -1.91871e-07 2.50012e-05 -4.01014e-08 9.5356e-06 0.000509761 5.02134e-08 0.000908746 0.000231394 -0.000829134 6.62204e-05 -0.00110751 2.86496e-06 -1.64601e-06 3.85877e-06 -6.71107e-08 -6.84563e-07 0.000942196 -7.71274e-05 1.34544e-06 5.73818e-07 -1.08541e-07 -2.27097e-09 5.57561e-06 
-0.000565197 0.0128838 -0.014358 -0.000380023 -0.00256461 3.43611e-07 -2.8353e-06 -0.00766246 0.0130935 -0.0247374 -6.89784e-05 0.00215045 -0.000313631 -0.00605308 -1.27937e-05 0.00685643 -0.000596396 -0.000282031 -0.000446461 -9.06051e-06 -0.000941775 -0.000685562 0.239792 0.000661554 0.000756043 0.0135528 -9.1516e-06 -1.99193e-05 -0.00284767 0.00735843 -0.000433158 -0.00028648 -0.00534304 -0.000118778 0 1.45652e-05 0 -0.000470305 -0.116559 -5.68256e-06 -3.10872e-05 -1.83969e-06 -0.000398809 -5.17564e-07 -0.000429228 -0.00507519 -0.0024341 -0.000190605 -0.142875 -0.000396853 -0.00892487 0 -1.85504e-06 -0.0141593 0.000244565 -0.00124075 -0.000204299 -0.000352413 1.28181e-05 0.0080106 -0.0128588 -0.00151056 0.00790452 -0.000589832 0.000130768 -0.00722092 -0.000882196 -2.64646e-07 -1.67379e-05 -7.88159e-05 -3.1179e-05 -5.14403e-05 -0.00131141 0.00329602 -5.84982e-05 -0.0182382 -0.0268003 -4.0187e-06 -4.21399e-05 -7.37257e-06 0.000326277 -0.000402355 1.73188e-06 0.00641099 0.00956656 -0.0138911 -0.00290736 0.109648 -0.000763511 -0.00177824 -2.19705e-05 -2.44203e-05 -0.000120397 0.00427589 0.00563752 -0.000155263 -1.40982e-05 3.36066e-05 -1.91969e-07 -0.000347811 
-1.62737e-06 -0.000148764 0.00244035 0.000259891 -0.00183948 -2.04291e-08 -8.33572e-09 0.000276468 -0.00177214 -0.000116297 -2.17e-07 -0.000413697 1.42489e-05 0.000175295 4.96166e-06 0.00164834 1.53691e-05 -2.39489e-06 2.28681e-05 6.89454e-08 -6.56316e-06 6.77842e-05 0.000661554 0.00303982 -3.50019e-05 -0.000203611 1.91557e-07 -1.54987e-07 0.000257276 -0.000375008 9.41671e-05 -1.95383e-06 -0.00234827 -1.10655e-06 0 6.41273e-05 0 4.43832e-06 -0.000764004 1.93241e-06 -2.37587e-07 -1.66075e-08 1.39473e-05 -9.12702e-09 7.80441e-06 0.00022192 0.000326819 8.01629e-06 -0.00113847 -4.16027e-06 0.000174574 0 -1.45849e-08 -0.000124188 0.000117005 4.24415e-06 -1.9011e-06 -8.35826e-07 1.39237e-06 0.000118162 -9.29915e-05 -0.00229558 -0.000345328 2.42239e-05 3.44649e-06 0.000263843 9.33107e-06 -2.02258e-09 -1.31844e-07 1.06995e-05 9.86171e-06 1.05519e-07 -2.359e-05 -0.000334995 -4.88225e-07 9.85766e-05 -0.000245495 -3.39194e-07 -3.87245e-08 -7.0892e-08 -3.92957e-06 1.12083e-06 -9.86028e-09 0.00200428 0.00162322 -0.00193338 -2.8969e-05 -0.000212706 0.000425399 3.38424e-05 -1.73058e-07 -1.95245e-07 3.96598e-05 0.000474127 -0.000276887 2.11834e-05 4.64312e-07 2.43145e-06 -4.01467e-09 6.61873e-06 
-0.000887784 0.000859577 -0.000402239 -3.93881e-05 0.00179169 1.63368e-08 -7.69338e-07 -0.00117714 0.00152401 0.000112194 -3.09234e-07 0.000327601 -0.000848446 -0.00134226 -1.49541e-05 -0.00094123 -0.000862988 -0.000767205 2.78711e-06 5.68213e-08 -0.000882142 -0.000579624 0.000756043 -3.50019e-05 0.00243239 0.000748884 -4.38927e-06 -1.74427e-05 -0.00112979 0.00216339 -0.000717334 -9.25654e-07 0.00158548 -3.47584e-05 0 -2.09691e-05 0 -0.000733136 0.000517461 1.10026e-07 -7.773e-05 1.32808e-08 -0.00082821 -1.86035e-07 -0.000864671 -0.00041464 -0.00035748 -2.68295e-05 0.000824666 -0.000976424 -0.000143483 0 -2.48834e-06 4.23702e-05 -3.89757e-05 -3.52976e-06 -1.59924e-05 -0.000338942 -1.98329e-06 -0.000461098 -0.00138879 0.00214 0.00218987 -0.00119356 -2.55828e-05 -0.000959721 -0.00120802 1.61743e-09 -4.5079e-06 1.76856e-07 -2.85628e-05 -0.000134423 -2.78896e-05 0.00211019 -0.000111337 -0.000415161 0.000226394 -1.00209e-06 -1.86912e-06 5.66913e-08 2.3487e-06 -0.000843386 1.85476e-08 -3.79993e-05 -8.3132e-05 0.000320999 -0.00060894 0.00146183 1.44061e-06 5.00526e-06 -5.20049e-05 1.56135e-07 -2.41489e-05 5.30455e-05 0.0012928 -0.000323694 1.21835e-07 -1.53732e-05 3.21047e-09 -1.11938e-05 
-0.000260068 0.0524729 -0.0114561 -0.000945535 -0.01077 2.89141e-07 -5.7333e-06 -0.0191104 -0.0061221 0.00362213 -0.000151558 0.00163187 -0.000178182 -0.0136813 -1.20854e-05 0.00871124 0.000141965 -0.000311402 3.02314e-05 -4.03508e-06 0.000144541 6.27449e-05 0.0135528 -0.000203611 0.000748884 0.0560244 6.69023e-07 -3.15686e-05 -0.00630988 0.0149882 -0.000846736 1.96543e-05 0.0039009 -0.000122307 0 1.25425e-05 0 -0.000302373 -0.0356819 1.82815e-06 -7.22247e-05 3.24476e-07 4.91085e-05 -1.50104e-08 -2.52022e-05 -0.0122842 -0.00344236 1.16158e-05 -0.00288274 -0.000383229 -0.00329985 0 -1.66504e-06 0.00256311 1.18165e-05 0.00019075 3.06277e-05 -0.000115981 -1.18387e-07 -0.000869751 0.00192256 0.00407563 0.0164779 -0.000512733 1.32955e-05 -0.015674 -0.000936437 -6.23816e-07 6.79285e-07 -5.78298e-05 -7.34477e-05 -2.7731e-06 -0.000793134 0.00564947 -3.69126e-05 -0.0515712 0.0058026 2.59047e-06 -1.1321e-05 -8.66825e-06 -6.00699e-05 4.67908e-05 1.63155e-07 0.00102381 0.00112706 -0.00797229 -0.0043149 0.00182881 -0.000966578 0.000100298 -4.39188e-05 -6.02199e-06 -0.000174592 0.00154715 0.0150996 -0.000364419 -5.57332e-06 3.74895e-06 7.84383e-08 -0.000175699 
-2.05662e-09 1.52941e-06 1.17343e-05 -2.3928e-08 3.98363e-07 -1.57718e-10 -1.67291e-10 -4.94906e-08 -1.70213e-05 -1.486e-06 -4.09431e-09 -1.45985e-05 1.00223e-06 9.09707e-08 -1.76283e-09 1.79132e-05 -1.94349e-07 -5.15585e-09 7.92643e-06 -5.4856e-10 4.08453e-06 5.0294e-06 -9.1516e-06 1.91557e-07 -4.38927e-06 6.69023e-07 2.35394e-05 -1.19654e-09 4.35273e-06 -1.89643e-05 -1.50739e-08 -1.75803e-08 -1.97724e-05 3.08124e-07 0 -1.4458e-08 0 2.56554e-06 -7.8105e-06 -1.0622e-09 -1.83424e-09 1.13205e-07 4.12574e-06 -7.04631e-11 4.12276e-06 -3.08348e-07 1.52132e-05 -1.15576e-08 -1.18408e-05 -1.99946e-08 1.48756e-05 0 -1.126e-10 -8.45044e-07 2.47346e-07 -7.61413e-08 -1.55519e-08 -7.5049e-09 -1.57726e-09 -4.16079e-07 1.60427e-06 -1.73918e-05 -3.63347e-06 4.11516e-06 -6.53784e-09 -1.01042e-08 -3.96709e-08 -1.56149e-11 -1.01787e-09 7.15107e-07 -1.83965e-09 -5.67039e-09 6.31397e-07 -4.37618e-06 -3.79496e-09 -2.3175e-06 -1.57412e-06 -2.61867e-09 -2.48637e-09 -5.47305e-10 3.86936e-07 4.12618e-06 -1.79061e-10 1.41553e-05 1.15335e-06 -1.40898e-05 1.39233e-06 -1.14346e-05 -4.53803e-08 -1.18411e-07 -1.33605e-09 -1.50734e-09 -9.34295e-09 1.38476e-05 -1.74127e-08 -9.16098e-09 -1.17622e-09 2.51853e-08 -3.09943e-11 -2.06229e-08 
-7.64177e-08 -3.25636e-05 3.87307e-05 6.325e-06 -8.66962e-06 -3.40561e-10 7.92972e-07 2.52748e-05 -3.05137e-06 -2.21206e-06 1.02678e-05 1.72074e-07 4.5631e-08 1.21814e-05 2.95268e-08 -5.21703e-06 -4.48449e-07 -3.99237e-08 6.18993e-08 -1.18451e-09 1.0253e-06 -8.76711e-08 -1.99193e-05 -1.54987e-07 -1.74427e-05 -3.15686e-05 -1.19654e-09 5.08274e-05 4.38398e-05 -4.79031e-05 -6.13398e-08 2.26204e-06 -2.19021e-05 -1.84467e-08 0 8.58781e-07 0 1.22395e-05 3.4381e-06 -2.29362e-09 -3.96067e-09 -2.76854e-10 -5.23901e-08 -1.52151e-10 1.06117e-06 3.35542e-05 -2.11318e-07 -2.49563e-08 -2.61797e-05 -7.19651e-08 1.61471e-06 0 -2.43137e-10 -2.43651e-06 -7.77067e-08 -1.64412e-07 6.30853e-08 -4.49961e-08 -3.40578e-09 2.39982e-05 -2.54596e-07 -4.05834e-05 -3.74192e-05 1.78648e-05 -1.41172e-08 2.7265e-06 1.33622e-05 -3.37172e-11 3.77802e-07 -1.0566e-08 6.26943e-08 4.99442e-06 -4.36041e-07 -2.61134e-05 1.11181e-06 2.31158e-05 -4.72801e-06 -5.6545e-09 -5.36883e-09 -1.1818e-09 1.24309e-05 -5.14422e-08 -3.86647e-10 1.1963e-06 -9.86054e-07 4.33655e-06 9.27361e-06 -1.92992e-05 2.85343e-07 6.33432e-06 -2.88494e-09 -3.25481e-09 -2.01743e-08 -8.12459e-07 -3.52192e-05 1.57736e-05 1.12079e-06 -3.19873e-09 -6.69262e-11 3.55214e-06 
7.05925e-06 -0.0064553 0.00580032 0.000453968 0.00101916 -4.12286e-09 6.03724e-06 0.00554337 -0.000183912 -0.000557728 0.000124596 -0.000139117 0.000311419 0.00423206 1.74525e-05 2.4133e-05 8.0047e-06 -4.2791e-06 7.62638e-06 3.70248e-06 0.000971461 0.000456543 -0.00284767 0.000257276 -0.00112979 -0.00630988 4.35273e-06 4.38398e-05 0.0128828 -0.00741356 0.000289385 -1.74845e-06 -0.00289115 -4.64379e-06 0 1.74296e-05 0 0.000787767 0.00272913 -5.89002e-07 -1.0171e-06 -7.10962e-08 0.000760403 -3.90725e-08 0.000781806 0.0046793 0.000270181 -3.9388e-06 -0.00620035 1.0546e-05 0.000778359 0 -6.24376e-08 -0.00054576 0.000107792 -3.72711e-05 -5.0737e-06 4.11883e-05 9.53945e-08 0.00155824 0.000733256 -0.00555577 -0.0073195 0.00129484 -3.6253e-06 0.00501245 0.000527382 -8.6586e-09 2.85356e-05 -2.16336e-06 5.58266e-05 1.25424e-05 -7.53056e-05 -0.00385233 2.63657e-05 0.00608544 -0.00135154 -1.45208e-06 2.94795e-06 -3.3486e-08 0.000423596 0.000791733 1.90709e-07 -0.000218946 -0.000242372 0.00101021 0.00058923 -0.00291581 1.64795e-05 0.000201617 -7.24187e-07 7.63083e-06 0.000107946 -0.000229665 -0.00593753 0.000347167 3.79778e-06 -8.21436e-07 -1.71867e-08 0.000174604 
-0.00137828 0.0156069 -0.0170294 -0.000983186 -0.00333316 -6.24419e-07 -6.8082e-06 -0.016415 0.000753209 0.00138925 -0.00014751 0.0033462 -0.000957014 -0.0147411 -3.7251e-05 0.00101291 -0.000783359 -0.000750405 -0.000668373 -7.77511e-06 -0.00143629 -0.00143056 0.00735843 -0.000375008 0.00216339 0.0149882 -1.89643e-05 -4.79031e-05 -0.00741356 0.0306753 -0.00115672 1.80526e-06 0.00880517 4.63656e-06 0 -0.000257367 0 -0.00109408 -0.00681219 -5.89388e-06 -7.54516e-05 -6.97456e-07 -0.000818349 -1.34851e-06 -0.000920793 -0.0124699 -0.0050633 -0.000375926 0.00941322 -0.00106286 -0.00725665 0 -2.65514e-06 0.000979534 -0.000686564 7.16234e-05 -3.3744e-06 -0.000802 1.25592e-06 -0.00149256 -0.00112005 0.00863082 0.0185222 -0.00141756 6.8916e-06 -0.0158619 -0.00204157 -6.4232e-07 -4.18702e-05 -0.000178588 -7.56743e-05 -0.000198669 -0.000819599 0.00763622 -0.00015542 -0.0188296 0.00300849 2.94406e-06 -8.98873e-05 -1.20135e-05 -0.00044553 -0.00088499 -9.90297e-08 -0.000742 0.000184786 -0.00193796 -0.00601202 0.0132833 -0.00113714 -0.000652753 -5.0312e-05 -1.35915e-05 -0.000296323 -0.000635163 0.0152326 -0.000376838 -3.05438e-05 -3.59785e-07 -7.61623e-07 -0.000699813 
0.000614632 -0.000956288 0.000326878 0.000281273 -0.000576712 -8.08531e-09 -8.57606e-09 0.00115419 -0.000489369 -6.77755e-05 -1.89892e-07 -0.000252277 0.000458004 0.00107167 -9.03705e-08 -5.45251e-05 0.000607997 0.000602269 -1.37938e-06 1.21521e-06 3.90057e-06 2.06819e-05 -0.000433158 9.41671e-05 -0.000717334 -0.000846736 -1.50739e-08 -6.13398e-08 0.000289385 -0.00115672 0.00120531 4.54236e-08 -0.000334262 5.73205e-06 0 2.21216e-06 0 6.67695e-07 0.000159373 -5.44532e-08 7.05993e-05 -6.57284e-09 -1.2438e-06 -3.61224e-09 4.71067e-05 0.000390629 0.000224474 8.14751e-06 -0.00056719 0.000653711 0.000115318 0 2.60894e-07 -5.78089e-05 -1.84485e-06 -3.90334e-06 7.12941e-06 0.000247188 -8.08572e-08 8.49633e-05 0.00032069 -0.000869728 -0.00117946 1.60206e-05 -3.35158e-07 0.00110623 0.000577136 -8.00486e-10 -5.21804e-08 7.91501e-08 2.48902e-06 4.64993e-05 -3.6288e-06 -0.00115693 9.58588e-05 0.000631522 -0.000133261 -1.34244e-07 1.9192e-06 -2.80572e-08 -9.30084e-07 -1.2213e-06 -9.17945e-09 -2.17282e-05 -2.34101e-05 -0.000128172 0.000416824 -0.000799774 8.43606e-07 -1.15691e-06 4.92582e-05 -7.72731e-08 3.45777e-05 -3.13967e-05 -0.00118078 2.9737e-06 -6.02979e-08 3.34058e-07 -1.58891e-09 -1.05722e-06 
-1.12278e-06 2.97137e-05 -2.74695e-05 -1.09137e-07 -0.000263872 -5.00374e-09 -5.30745e-09 1.6099e-06 4.11058e-05 -3.51046e-05 1.5201e-06 -5.39942e-06 -4.39344e-07 -6.89385e-06 -5.59274e-08 -1.80267e-05 -4.8089e-06 -5.86585e-07 8.56347e-07 -1.74036e-08 1.6183e-05 3.91881e-07 -0.00028648 -1.95383e-06 -9.25654e-07 1.96543e-05 -1.75803e-08 2.26204e-06 -1.74845e-06 1.80526e-06 4.54236e-08 0.000746269 -4.71514e-05 3.15897e-06 0 -3.12024e-07 0 2.09178e-07 -0.000168251 -3.36993e-08 -5.81927e-08 -4.06772e-09 3.65025e-06 -2.2355e-09 3.44565e-06 -4.30928e-06 -3.346e-07 -3.66674e-07 0.000162088 -9.47357e-07 -1.22908e-05 0 -3.57232e-09 -3.34554e-05 -8.8505e-07 9.87685e-07 1.8666e-06 -6.57778e-07 -5.00399e-08 -1.17904e-05 -1.26409e-05 -3.16965e-05 -2.64897e-05 1.58012e-07 1.41258e-06 -8.11387e-06 -1.3616e-06 -4.95395e-10 4.31041e-07 -1.55243e-07 -5.83645e-08 4.70102e-07 5.8934e-06 -1.10905e-06 1.12293e-06 -4.52179e-05 -7.89285e-05 -6.64128e-08 -7.88823e-08 -1.73637e-08 6.72854e-07 9.17512e-07 -5.68086e-09 -1.31037e-05 -1.05677e-05 6.50604e-05 -2.17476e-06 4.72102e-05 -1.46397e-07 1.95367e-05 -4.23874e-08 1.48845e-07 2.70254e-07 -1.39837e-05 1.62754e-06 -2.9064e-07 9.52684e-07 1.43002e-07 -9.83322e-10 -6.5428e-07 
-0.000652131 0.00200676 -0.0267756 -0.000754403 0.0183306 2.8422e-07 -5.12134e-06 -0.00513309 0.0163151 0.000498141 -2.67454e-05 0.0042091 -0.00022304 -0.00462284 -3.98825e-05 -0.0193413 0.000120267 -0.000187338 -0.000838753 -2.58191e-06 -0.00136319 -0.00154596 -0.00534304 -0.00234827 0.00158548 0.0039009 -1.97724e-05 -2.19021e-05 -0.00289115 0.00880517 -0.000334262 -4.71514e-05 0.0636278 -0.00015238 0 -0.000566716 0 -0.00116522 0.0159666 -2.38485e-05 -7.19787e-05 -7.38039e-07 -0.000923926 -2.23891e-06 -0.000892109 -0.00418505 -0.00541319 -0.00045253 0.00664613 -0.000261903 -0.00699571 0 1.99944e-08 -0.0026598 -0.000421152 0.000212476 -5.40692e-05 -0.000703683 -2.86176e-05 -0.00316004 0.00119219 0.0183471 0.00633028 -0.00120601 -0.000245317 -0.00453949 -0.00152359 -6.18033e-07 -4.01071e-05 -0.000171581 -6.4563e-05 -0.000107776 -0.00768078 0.00423155 -7.56605e-05 -0.00223187 -0.00801034 -2.00764e-05 -6.01602e-05 -1.27789e-05 -0.000853982 -0.000842123 1.56137e-07 -0.0155039 -0.0163284 0.0126617 -0.0062101 -0.00821457 -0.00118979 -0.0010409 -3.82007e-05 -1.38171e-05 -0.000198432 -0.0109629 0.00415072 -0.000360767 -3.96177e-05 -4.44024e-05 -7.13416e-07 -0.000652548 
