0.150286 -6.76975e-06 -0.0546901 -0.00104137 -0.000164511 -2.4368e-05 0.114325 0.00362459 0.0729658 -0.00350561 -0.00195547 -0.0576906 -0.000446687 -0.000815415 -0.0514121 -0.0489016 -0.00212984 0.0249552 -0.0368964 -0.0315327 0.120564 -0.0223432 -0.0564932 0.0901029 -0.00230881 -0.0565606 -0.0398269 0.000189623 0.000269957 0.118975 -0.0165724 0.0514064 -0.0101738 6.11032e-07 -0.000108504 -0.0105976 -9.25095e-05 -0.0211185 0.0291564 2.54279e-05 -0.00619644 -0.00692286 -0.00346366 -0.0516444 0.0266466 -0.0250717 0.0920761 -0.000685611 -0.00203457 -0.0591842 -0.0498994 0.0564532 -0.00586622 -0.00505981 -4.00462e-05 -0.000975822 -0.000117262 0.0172053 -0.0575162 -0.000359469 0.120247 0.0287265 -0.0533657 -0.00588648 -0.0595689 -0.0651334 -0.00276483 -0.0664759 -0.041881 -0.000253928 -0.00766095 -0.0578092 -0.00114338 -0.0522499 -0.000651091 -0.0130896 -0.0374031 -0.0161329 -0.000167756 -0.00871718 0.0676493 -0.0757814 -1.88094e-06 0.120675 -0.0145952 0.0304506 -4.6718e-05 -0.0131596 -0.000182413 -0.0117968 0.120721 -0.000181205 -1.15453e-07 -0.00292682 -3.09754e-05 -0.0119578 0.00141204 0.0651824 -0.100807 -2.14104e-05 
-6.76975e-06 0.000402388 0.000231018 -2.3118e-06 -9.72801e-07 -1.38597e-07 -0.000114097 -1.52965e-06 -3.90985e-05 -7.93605e-06 -2.5841e-06 -0.000141747 -9.88511e-07 -5.14518e-07 0.000112819 -0.000108693 0.000359554 -6.47417e-05 0.000253895 -7.22149e-05 -0.000116846 -4.43371e-05 -0.00013898 -9.57805e-05 0.000150247 0.000194321 -9.59563e-05 -1.80545e-08 0.000135765 -0.000116387 -4.90964e-05 -2.86276e-05 -1.99878e-05 -5.87723e-10 5.73952e-06 3.47645e-05 -2.358e-07 -4.44942e-05 -0.000314765 -5.33344e-07 -6.83006e-06 -1.51847e-05 -3.45261e-06 0.000174501 -1.34302e-05 -4.27852e-05 -0.000100417 -4.20223e-07 -1.66997e-05 9.04217e-05 0.000253757 -0.000212271 5.22904e-07 -1.65701e-05 -8.7505e-08 3.02645e-07 -2.57942e-07 -9.81449e-06 -0.000126907 -1.12503e-06 -0.000118257 -1.70633e-05 2.44291e-05 0.000254712 -0.000142984 -0.000142457 -1.90495e-05 0.000250585 -4.05872e-05 9.09641e-07 -1.09968e-05 -0.000128674 -2.71779e-06 -0.000114908 0.000179965 0.000170984 -7.49202e-05 -3.52529e-05 -4.2449e-07 -5.89849e-06 -0.000207849 -0.000167302 -4.11004e-09 -0.000113891 -2.895e-05 -6.9605e-05 4.48419e-07 -7.97936e-06 -3.9859e-07 -2.42242e-05 -0.000108691 6.29509e-05 3.95948e-08 0.000374388 -1.39836e-07 -0.000210794 1.71448e-06 0.000131202 0.000138362 -5.07025e-08 
-0.0546901 0.000231018 0.225153 -0.00161057 0.00158063 -6.36206e-05 -0.0977601 -0.00457444 -0.0334913 0.0118639 -0.00237838 -0.123709 -0.000804481 -0.000412105 0.195772 0.150001 0.0280864 -0.055432 0.184674 -0.0658312 -0.101761 -0.0160647 0.213273 -0.0815694 0.010344 0.21706 -0.0807088 -8.33326e-05 0.000405141 -0.100087 -0.00248358 -0.0243288 -0.019775 -4.99862e-07 0.000577609 -0.013979 -0.00019166 -0.0392113 0.0169289 -0.000312679 0.00705655 -0.0100074 0.0129969 0.191371 -0.0117912 -0.043214 -0.0887986 -0.0015775 0.0255075 0.213831 0.204393 -0.216889 -0.00418873 0.0140995 -6.37802e-05 0.00155214 -0.000218985 -0.00936257 -0.106009 -0.000953394 -0.0992939 -0.0161358 0.216727 -0.00684638 -0.0796577 -0.120028 0.0300521 -0.111334 -0.0333149 -0.000489042 -0.0141825 0.178804 -0.00231138 0.190588 0.00331048 -0.0190997 -0.0694675 -0.0299819 -0.000359205 -0.0162228 -0.186715 0.122552 -1.70894e-06 -0.101819 -0.0273169 -0.0592333 -7.86707e-05 -0.0247533 -0.00033293 -0.0191795 -0.100545 -0.000212447 -3.44654e-07 -0.000998582 -0.000118795 -0.185453 0.000928035 -0.0676637 0.137856 -4.08961e-05 
-0.00104137 -2.3118e-06 -0.00161057 0.00570991 -6.20157e-06 -1.88059e-06 -0.00164213 -7.0749e-05 -0.000542985 -0.000112331 -6.57656e-05 0.00319097 -4.6157e-06 -2.34302e-05 -0.00167241 -0.00151354 2.60559e-07 -0.000929892 -0.00185377 0.00426199 -0.00170015 -0.000606401 -0.00165953 -0.00136466 -7.4433e-05 -0.00167224 0.00380186 3.41129e-07 -2.92153e-06 -0.00168134 -0.000464139 -0.000409682 0.00138016 -8.38461e-09 -1.42883e-05 0.000382682 5.01268e-06 -0.000647648 -0.00372357 -7.60883e-06 -0.000135154 0.00086061 -0.000122219 -0.00163361 -0.000195813 0.000125015 -0.00148729 0.00018867 6.09004e-05 -0.00178689 -0.00147274 0.00166583 -0.000166608 -0.000240824 6.3795e-05 -4.22322e-05 1.06935e-05 -0.000158393 0.00284933 -1.59266e-05 -0.00170234 -0.000271249 -0.00156176 -0.000204441 0.00351615 0.00336847 2.08404e-06 0.00323287 0.00294573 -8.27956e-06 -0.000226577 -0.00178507 -3.87594e-05 -0.00161138 -4.37708e-05 -0.000342376 0.00330841 0.00218383 3.04077e-06 -0.000114854 0.00225139 -0.00103638 2.61365e-07 -0.00169901 0.00132053 -0.000993935 -1.59185e-06 -0.000413874 0.00055778 0.00110151 -0.00171562 -5.37514e-06 -5.78117e-09 -0.000134323 -1.99494e-06 0.00216089 -3.31157e-05 -0.00123232 -0.00275159 -7.23336e-07 
-0.000164511 -9.72801e-07 0.00158063 -6.20157e-06 0.00241076 -8.32026e-07 -0.000692719 -3.25955e-05 -0.000233148 -4.07219e-05 -2.6685e-05 -0.000884319 -5.58758e-06 -1.0983e-05 -0.00064142 -0.000651888 0.00220098 -0.00039036 -0.000760155 -0.000463783 -0.000716558 0.00194788 0.00150077 -0.000567022 -3.4084e-05 0.00151974 -0.000533495 -5.88643e-07 7.30488e-05 -0.000705774 0.00192817 -0.000148247 -0.000139692 -3.52823e-09 -5.91281e-06 -0.000136722 -1.41556e-06 -0.000281196 -0.00181988 -3.15511e-06 0.000499953 -9.13973e-05 0.000870881 -0.000668119 -7.63261e-05 -0.000283468 -0.000625625 -1.11442e-05 0.00224451 0.00126841 0.00166021 -0.00157026 -4.22886e-05 -0.000101269 -5.25312e-07 -1.10003e-05 -1.54848e-06 -6.66627e-05 -0.00074485 -6.75378e-06 -0.000708306 -0.000114141 0.00155011 -9.21129e-05 0.00141147 -0.000856324 0.00225023 -0.000871202 -0.000640365 -3.48402e-06 -0.000100595 -0.000732846 -1.63155e-05 -0.000662229 -1.95983e-05 -0.000175177 -0.000489825 -0.000211554 -2.54831e-06 -0.000114953 -0.00131622 -9.84025e-05 -2.46735e-08 -0.00071707 -0.000189564 -0.000417594 -6.69848e-07 -0.000174537 -2.39283e-06 -0.000124665 -0.000724482 -2.49609e-06 -2.43271e-09 -5.60258e-05 -7.12803e-07 -0.00131855 -1.26573e-05 -0.000527362 0.00097942 -3.04378e-07 
-2.4368e-05 -1.38597e-07 -6.36206e-05 -1.88059e-06 -8.32026e-07 0.000344178 0.000101002 -3.25098e-06 5.40897e-05 4.33905e-06 -4.53369e-06 -8.30325e-05 -8.45463e-07 1.27253e-05 -2.956e-05 -7.28982e-05 -1.31229e-05 -1.13877e-05 2.31677e-05 -4.488e-06 9.67887e-05 -5.77608e-05 -6.56949e-05 2.3202e-05 4.37656e-07 -6.60352e-05 0.000100697 -8.38649e-08 -1.39491e-07 9.16186e-05 -4.35682e-05 -2.24835e-05 -1.93736e-05 -5.02673e-10 1.04526e-06 4.99847e-05 -2.01678e-07 -3.89658e-05 -4.17729e-05 -4.56163e-07 -1.11742e-05 -8.56486e-06 -8.05906e-06 -2.79062e-05 2.1892e-05 1.01858e-05 0.000103789 -7.89495e-07 -1.38677e-05 -6.9383e-05 -6.02788e-05 -1.74605e-05 2.87404e-05 -1.96914e-06 -7.48421e-08 -2.38843e-06 -2.20615e-07 -5.16755e-06 -0.000105783 2.44444e-06 9.76198e-05 3.68415e-05 -6.44318e-05 7.13186e-06 -0.000120883 -3.64419e-05 -1.12277e-05 -3.32389e-05 -7.65952e-05 8.00292e-07 8.63806e-06 -6.11004e-05 3.70217e-06 -4.81774e-05 1.98478e-05 5.22968e-05 -1.3603e-05 -2.82247e-05 -3.63062e-07 7.47025e-05 5.11306e-05 -0.000140391 -3.51527e-09 9.05233e-05 -2.37899e-05 1.20919e-06 -9.54344e-08 -2.22748e-05 1.24234e-08 3.69071e-05 0.00011715 2.7721e-05 -3.46592e-10 1.2681e-05 7.06604e-09 2.46403e-05 2.23385e-06 8.98752e-05 -0.000150431 8.85663e-06 
0.114325 -0.000114097 -0.0977601 -0.00164213 -0.000692719 0.000101002 0.204855 0.00541075 0.0611771 -0.00488805 -0.00378183 -0.0911458 -0.000706057 -0.00127244 -0.0842209 -0.0771606 -0.0133723 0.115152 -0.0651185 -0.0515239 0.20105 -0.0463876 -0.0988263 0.162684 -0.00410622 -0.0994095 -0.00987426 0.000166347 -0.00015311 0.199741 -0.0363094 0.0404743 -0.016607 4.60211e-07 -0.000373874 -0.0168445 -0.000159837 -0.0329569 0.0589326 -0.000361854 -0.0110463 -0.0108679 -0.00669741 -0.0832284 0.0161898 -0.0383353 0.176207 -0.00136058 -0.0123489 -0.104086 -0.089314 0.0880415 -0.00911047 0.00143146 -6.25016e-05 -0.00183859 -0.000181792 0.0195332 -0.0904783 0.00184124 0.201252 0.0319493 -0.0941835 0.0146101 -0.102167 -0.10191 -0.0141027 -0.104689 -0.069314 0.000970718 -0.0119592 -0.0914278 0.00480454 -0.0826647 -0.00224208 -0.0210463 -0.0583274 -0.0251798 -0.000285248 -0.0136711 0.123441 -0.125646 -2.73898e-06 0.20081 -0.0228823 0.121575 -7.88718e-05 -0.0208616 -0.000284445 -0.0183873 0.200348 -0.000268518 -2.59443e-07 -0.00636831 -6.884e-05 0.0405107 0.000105108 0.065123 -0.170033 -3.54449e-05 
0.00362459 -1.52965e-06 -0.00457444 -7.0749e-05 -3.25955e-05 -3.25098e-06 0.00541075 0.0134109 0.00151226 -0.000260317 0.00118778 -0.00382483 -3.12661e-05 0.00332525 -0.00401812 -0.00365583 0.00173291 0.00258317 -0.00172902 0.00204692 0.00798634 -0.00224392 -0.00470379 0.00400476 -0.000217966 -0.00458215 -0.00263025 0.000226582 -7.09205e-06 0.00450093 0.000843172 0.00719049 0.0030574 2.46817e-07 -2.48623e-05 -0.000545202 -2.95396e-06 -0.00157844 -0.00197393 0.0010046 -0.000387284 -0.000503735 0.00196495 -0.00394271 0.000782485 -0.00159626 0.00200869 0.00313855 -0.000584734 -0.00491236 -0.00419059 0.00370828 -7.3162e-05 -0.0003655 -2.77541e-06 0.00270656 -4.1751e-06 0.000196382 -0.003952 -6.73344e-06 0.00537147 0.0016448 -0.00447191 0.0017327 -0.0047998 -0.0046926 0.00144121 -0.00352641 -0.00357496 4.24555e-05 -0.000386428 -0.00435082 -5.12578e-05 -0.00394044 0.00129878 -0.00084539 -0.00253585 -0.00117278 5.68099e-05 -0.000410134 0.00280509 -0.00596042 -1.08813e-07 0.0083627 -9.23546e-05 0.00259491 5.99681e-05 -0.000639803 -1.3462e-05 -0.000836372 0.00670108 -4.37304e-06 -1.36864e-08 4.42454e-05 5.77048e-06 -0.00182311 -5.505e-05 -0.000858026 -0.00803959 -9.92434e-07 
0.0729658 -3.90985e-05 -0.0334913 -0.000542985 -0.000233148 5.40897e-05 0.0611771 0.00151226 0.0884798 -0.00187048 -0.00124857 -0.0269346 -0.000240907 -0.000175333 -0.0282936 -0.0265169 -0.00449841 -0.0133992 -0.0203334 -0.0151971 0.0684111 -0.01656 -0.0338989 0.0463973 -0.00157463 -0.0340234 -0.0203681 0.0001652 -7.06336e-05 0.0666553 -0.0117403 0.0497761 -0.00514152 -1.43232e-07 -0.000180363 -0.00538697 -4.93095e-05 -0.0113971 0.0187108 0.000105274 -0.00346114 -0.00370295 -0.00216962 -0.0285152 0.0297471 -0.013081 0.0523381 -0.000292236 -0.00420837 -0.0357131 -0.030444 0.0330763 -0.0025747 -0.00135197 -2.13256e-05 -0.000414332 -6.04856e-05 0.00562079 -0.0303091 -0.000268263 0.0679866 0.0207553 -0.032347 -0.00368476 -0.034856 -0.0344725 -0.00474669 -0.035646 -0.0244641 -5.38084e-06 -0.00374994 -0.0313638 -0.000639928 -0.0283905 -0.000774734 -0.006819 -0.0197486 -0.00858792 -6.52346e-05 -0.00429974 0.0392389 -0.043027 -1.00164e-06 0.0684558 -0.0076918 -0.0128151 -2.25098e-05 -0.00706349 -9.62159e-05 -0.00614618 0.0679625 -8.80149e-05 -9.87582e-08 -0.002156 -3.79245e-06 -0.0299875 -0.000542197 0.0528893 -0.0581719 -1.21666e-05 
-0.00350561 -7.93605e-06 0.0118639 -0.000112331 -4.07219e-05 4.33905e-06 -0.00488805 -0.000260317 -0.00187048 0.0193258 -0.000248233 -0.00688616 -4.77379e-05 -7.398e-05 0.0122283 0.00332502 -0.000134924 -0.00250056 0.0111818 -0.003795 -0.00506594 -0.00243859 0.0105735 -0.00392142 -0.000317473 0.0112147 -0.00414473 -4.80211e-06 -1.38559e-05 -0.00497997 -0.00217291 -0.00140125 -0.00113954 -2.87831e-08 -2.40708e-05 0.00022068 -1.11881e-05 -0.00215703 0.0020346 -2.58266e-05 -0.000419826 -0.000523644 -0.000365802 0.0102176 -0.00064607 -0.00110419 -0.00440446 -9.29176e-05 -0.000656196 0.0113134 0.00851478 -0.012326 -0.000235802 -0.000704244 -4.28546e-06 -0.00014454 -1.17858e-05 -0.000496381 -0.00607449 -5.06436e-05 -0.00498726 -0.000926959 0.00934623 -0.000693481 -0.00665861 -0.00668952 -0.000806261 -0.0055854 -0.00114369 -2.56625e-05 -0.000526478 0.00992368 -0.000132178 0.011267 -7.6912e-05 -0.000112034 -0.00397953 -0.00171982 -2.05723e-05 -0.00068204 -0.00971424 0.00544193 -2.01285e-07 -0.00507892 -0.00157482 -0.00263008 -5.14792e-06 -0.00139248 -1.77939e-05 -0.000311213 -0.00514195 -2.01497e-05 -1.98459e-08 -0.00018134 -4.71834e-06 -0.00957436 -9.56168e-05 -0.00374776 0.00671432 -2.4831e-06 
-0.00195547 -2.5841e-06 -0.00237838 -6.57656e-05 -2.6685e-05 -4.53369e-06 -0.00378183 0.00118778 -0.00124857 -0.000248233 0.0129946 -0.00239302 1.12744e-05 0.0011627 -0.00376373 0.00596553 0.00260333 -0.00213048 -0.00399682 -0.000905168 -0.00365893 -0.000418066 0.00697336 -0.00313535 -0.00021662 0.00512409 -0.00297534 -3.08083e-06 -7.54205e-06 -0.00385786 0.00142276 -0.0004513 0.00282006 2.87441e-07 -3.28253e-05 -0.00074152 0.00045423 0.0022244 -0.000878206 0.000171314 0.00113502 -0.000443808 0.00127053 -0.00375821 -0.00041461 -0.00174616 -0.00341471 0.00131157 0.00130161 0.00668047 -0.0019577 0.00229071 -0.000337614 -0.00041646 7.90426e-06 0.00141092 4.95124e-05 -0.000361814 0.00525361 -3.68012e-05 -0.00391138 -0.000619945 -0.00205401 0.000183876 0.00650578 0.00489034 0.0025306 -0.00189749 0.00617191 -4.11031e-07 -0.000529083 0.00526516 -8.85395e-05 -0.00350384 -3.70754e-06 -0.000910546 -0.000963295 -0.000978771 0.000729684 -0.000602768 -0.00688103 0.00156686 -1.34445e-07 -0.00263492 0.000139553 -0.00227917 0.000253373 0.000139796 -6.59845e-06 -0.000706074 -0.00393955 -1.07178e-05 -1.32558e-08 -0.000301582 -3.77092e-06 -0.00698319 -7.46622e-05 -0.00273822 0.00258576 -1.01522e-06 
-0.0576906 -0.000141747 -0.123709 0.00319097 -0.000884319 -8.30325e-05 -0.0911458 -0.00382483 -0.0269346 -0.00688616 -0.00239302 0.23214 0.00150566 -0.000895049 -0.110088 -0.0788813 -0.0169762 -0.0555941 -0.11887 0.115458 -0.0932151 0.0638621 -0.120243 -0.0732086 -0.00617735 -0.123192 0.0909227 -8.90354e-05 -0.000264111 -0.0920585 0.0366543 -0.0198356 0.0332779 -2.61549e-07 -0.000730641 0.0311024 -0.00014089 0.0678166 -0.0719279 -0.000354513 0.003625 0.0210005 -0.00851797 -0.106712 -0.011958 0.0827178 -0.0894177 0.000286082 -0.0128001 -0.114799 -0.113637 0.126657 0.0130859 -0.0150365 0.000126386 -0.00234855 0.000184515 -0.00657207 0.191259 -0.000866108 -0.0945555 -0.017177 -0.120828 -0.00867582 0.176637 0.216053 -0.0179501 0.214139 0.0960323 -0.000517911 0.0259813 -0.0931669 -0.00246963 -0.106193 -0.00209046 0.0399924 0.127741 0.0553074 -2.74723e-05 0.0294041 0.0705833 -0.000903496 4.45615e-06 -0.094338 0.0493465 -0.055877 -3.43562e-05 0.0444056 0.000577799 0.0383977 -0.0932822 -3.19266e-05 -3.688e-07 0.00612145 0.000179806 0.158593 -0.00210404 -0.00392257 0.028903 -2.75573e-05 
-0.000446687 -9.88511e-07 -0.000804481 -4.6157e-06 -5.58758e-06 -8.45463e-07 -0.000706057 -3.12661e-05 -0.000240907 -4.77379e-05 1.12744e-05 0.00150566 0.00244959 -1.11249e-05 -0.000729848 -0.000571968 -8.82253e-05 -0.000395927 -0.000797968 0.0016907 -0.000730115 -0.000337012 -0.000648275 -0.000586046 -4.1451e-05 -0.000800516 0.00138779 -5.98149e-07 -1.77944e-06 -0.000715976 -0.000258571 -0.000178996 0.000751195 -3.58521e-09 -6.14379e-06 -0.000107636 -1.21509e-06 -0.000262757 -0.00126513 -2.48349e-06 -5.8067e-05 -4.54766e-05 -5.61695e-05 -0.000706201 -7.88265e-05 -0.000330241 -0.000636921 -7.21335e-06 -3.5346e-05 -0.000671771 -0.000728093 0.000811947 -5.36499e-05 -0.00010117 -5.33795e-07 -1.76977e-05 5.13177e-07 -6.77393e-05 0.00158298 -6.86285e-06 -0.000730746 -0.000115984 -0.000775237 -8.65615e-05 0.00152099 0.00154221 -9.35957e-05 0.00136212 0.00172865 -3.54029e-06 -7.52362e-05 -0.000576491 -1.6579e-05 -0.000703035 -1.97082e-05 -0.000122817 0.00175885 0.000997738 5.49387e-06 -8.19224e-05 0.00086657 -0.000832244 -2.50719e-08 -0.000730022 0.000157032 -0.000422664 -6.80666e-07 -0.000165816 -2.17147e-06 -0.000142671 -0.000738312 -2.53641e-06 -2.47199e-09 -3.46822e-05 2.33364e-06 0.000828332 -1.41658e-05 -0.000530033 0.000486711 -3.09294e-07 
-0.000815415 -5.14518e-07 -0.000412105 -2.34302e-05 -1.0983e-05 1.27253e-05 -0.00127244 0.00332525 -0.000175333 -7.398e-05 0.0011627 -0.000895049 -1.11249e-05 0.00455288 -0.000160092 -0.00105443 0.00192142 -0.000707486 0.000520554 0.00228269 0.000756309 -0.000735783 -0.00130826 -0.00107554 -5.32496e-05 -0.000418421 -0.0010836 6.1459e-06 -1.35769e-06 -0.00131503 0.00150713 0.00216049 0.00300974 -6.67775e-09 6.49933e-05 -5.11112e-05 -5.92515e-07 -0.000531833 -0.00341107 0.000784783 -0.0001195 -0.000101374 0.00183326 -0.000202229 0.00019923 -0.000439863 -0.00117835 0.00273683 -0.000196712 -0.000548439 -0.000391503 0.000914214 8.4221e-05 -0.000162496 5.79095e-07 0.00239196 -7.84089e-07 -0.000114103 -0.00126918 -6.45929e-06 -0.0012841 -0.000205237 -0.00128457 0.00260444 -0.00161754 -0.00152827 0.00176203 0.000395834 -0.00118236 4.05993e-05 -0.000185202 -0.00122271 -3.03998e-05 -0.0010018 0.00212208 -0.000297754 -0.000904552 -0.000392529 5.77569e-05 1.52008e-06 -0.0012884 -0.00199493 -1.66985e-08 0.001162 0.00056936 -0.000750533 5.70455e-05 4.24419e-05 -4.52881e-06 -0.000284395 -6.39148e-05 -3.80093e-06 -4.6043e-09 0.000797651 3.4345e-06 -0.00208714 5.80118e-05 -0.000273823 -0.00173935 5.47806e-05 
-0.0514121 0.000112819 0.195772 -0.00167241 -0.00064142 -2.956e-05 -0.0842209 -0.00401812 -0.0282936 0.0122283 -0.00376373 -0.110088 -0.000729848 -0.000160092 0.210237 0.160364 -0.0100065 -0.0486751 0.197289 -0.0579359 -0.0879433 -0.050468 0.186271 -0.0701044 0.0100095 0.18983 -0.0711124 -7.31562e-05 -0.000214555 -0.0862775 -0.0371845 -0.0207715 -0.017375 -4.25533e-07 0.000846337 -0.0125044 -0.000167358 -0.0344894 0.0463316 -0.000377687 -0.00631391 -0.0084311 -0.00697055 0.202609 -0.00983551 -0.0393754 -0.0775454 -0.00141115 -0.0122934 0.189174 0.175639 -0.189136 -0.00327067 0.0150428 -6.4952e-05 -0.00220165 -0.000192608 -0.00738387 -0.0946558 -0.000838229 -0.0855701 -0.0141104 0.188692 -0.00505424 -0.105653 -0.106423 -0.00812092 -0.0980888 -0.0225624 -0.000430248 -0.0125053 0.190567 -0.00202666 0.201058 0.0039118 -0.0166747 -0.0610178 -0.0263238 -0.000314097 -0.0141316 -0.162802 0.10778 -1.28239e-06 -0.087842 -0.0240121 -0.0520128 -6.84772e-05 -0.0217436 -0.00029624 -0.0184776 -0.086138 -0.000228839 2.00736e-07 7.1135e-06 -9.91358e-05 -0.16323 0.00138792 -0.0582315 0.119606 5.25059e-05 
-0.0489016 -0.000108693 0.150001 -0.00151354 -0.000651888 -7.28982e-05 -0.0771606 -0.00365583 -0.0265169 0.00332502 0.00596553 -0.0788813 -0.000571968 -0.00105443 0.160364 0.197364 -0.0121353 -0.0438186 0.15362 -0.03708 -0.0804251 -0.0418887 0.159756 -0.0645601 -0.000726893 0.156222 -0.0628722 -6.58443e-05 -0.000195323 -0.0792549 -0.0340988 -0.0195629 -0.0135645 -8.83735e-08 -7.37366e-05 0.00127133 0.000336216 -0.0273639 0.0309448 -0.000353369 -0.00912971 -0.00861484 -0.00633323 0.158794 -0.00929516 -0.0200372 -0.0701672 -0.0011092 -0.0115938 0.154664 0.130877 -0.148075 -0.00755251 -0.00992137 -4.83301e-05 -0.00198096 5.01234e-05 -0.00745204 -0.0740068 -0.00075581 -0.0802825 -0.0127413 0.151651 -0.0102735 -0.0843517 -0.068146 -0.0126062 -0.0782774 -0.00672544 -0.00039009 0.00472971 0.165813 -0.00182677 0.163968 -0.00217412 -0.00108624 -0.0527451 -0.0229092 0.000443991 0.00337409 -0.131487 0.109474 -2.65591e-06 -0.0804635 -0.0216026 -0.0468383 0.00013468 -0.0186436 -0.000257934 -0.000108332 -0.0812909 -0.000262216 -2.72379e-07 -0.00603641 -8.95049e-05 -0.130271 -0.00155729 -0.0584905 0.0920294 -3.27632e-05 
-0.00212984 0.000359554 0.0280864 2.60559e-07 0.00220098 -1.31229e-05 -0.0133723 0.00173291 -0.00449841 -0.000134924 0.00260333 -0.0169762 -8.82253e-05 0.00192142 -0.0100065 -0.0121353 0.0443459 -0.00751976 -0.0121867 -0.00682139 -0.0127349 0.0335691 0.0252016 -0.0110178 -0.000504179 0.0276227 -0.0110579 -1.07655e-05 0.000624161 -0.0136274 0.0369579 -0.00173562 -0.000378271 -6.79032e-08 -6.15255e-05 -0.00102932 -2.50934e-05 -0.00533063 -0.0337488 0.000955503 0.0132568 -0.00172888 0.0220942 -0.0112474 -0.00137873 -0.0057382 -0.0120536 0.00211179 0.0377023 0.0246871 0.0293644 -0.0277044 -0.000810386 -0.00191416 -1.011e-05 0.00599808 -2.04916e-05 -0.00127905 -0.0144287 -0.000124624 -0.0138435 -0.0021904 0.0270515 0.000258999 0.0234296 -0.0164121 0.0409688 -0.0136912 -0.012005 -1.50224e-05 -0.00193508 -0.0143283 -0.000313523 -0.0128775 0.00101941 -0.00213137 -0.00943515 -0.00406765 -1.79073e-05 -0.00220415 -0.0253548 0.0114354 -2.94857e-07 -0.0116093 -0.00271662 -0.00804324 4.8925e-05 -0.00285398 -4.60515e-05 -0.00230526 -0.0139649 1.77143e-05 -4.68191e-08 0.00056051 -1.61562e-05 -0.0253103 -0.000260283 -0.00907409 0.0164258 -5.85797e-06 
0.0249552 -6.47417e-05 -0.055432 -0.000929892 -0.00039036 -1.13877e-05 0.115152 0.00258317 -0.0133992 -0.00250056 -0.00213048 -0.0555941 -0.000395927 -0.000707486 -0.0486751 -0.0438186 -0.00751976 0.13572 -0.052979 -0.0308457 0.113565 -0.0271813 -0.056037 0.113456 -0.00216589 -0.0563474 0.0146287 -5.93087e-06 -9.42331e-05 0.113871 -0.0204877 -0.00968815 -0.00936041 -2.36442e-07 -0.000218962 -0.00937924 -9.40797e-05 -0.018779 0.0334487 -0.000213492 -0.00610645 -0.00612453 -0.00379063 -0.0471745 -0.00430288 -0.0211825 0.104132 -0.000764289 -0.00692864 -0.0590492 -0.0503662 0.0451137 -0.00511341 -0.00056143 -3.52035e-05 -0.00109596 -0.000103694 0.00893174 -0.0510785 0.00207336 0.11359 -0.00662785 -0.0534161 0.0175745 -0.0575479 -0.0573833 -0.00794113 -0.0589094 -0.04012 -0.000223926 -0.00668142 -0.0518781 0.00558741 -0.0469568 -0.00127895 -0.0117606 -0.0327827 -0.0141794 -0.000168103 -0.00761976 0.0715123 -0.0710306 -1.48348e-06 0.113234 -0.0129322 0.127111 -4.46295e-05 -0.011749 -0.000159257 -0.0102549 0.113076 -0.000143101 -1.63026e-07 -0.00366339 -5.60565e-05 0.0643369 -0.000811266 -0.00197 -0.0961152 -2.03977e-05 
-0.0368964 0.000253895 0.184674 -0.00185377 -0.000760155 2.31677e-05 -0.0651185 -0.00172902 -0.0203334 0.0111818 -0.00399682 -0.11887 -0.000797968 0.000520554 0.197289 0.15362 -0.0121867 -0.052979 0.220764 -0.0622292 -0.0681235 -0.0568542 0.175719 -0.076799 0.0104467 0.178955 -0.0776221 -7.31027e-05 -7.40012e-05 -0.0682536 -0.0416125 -0.00908773 -0.0181771 3.89637e-07 0.000769874 -0.0142534 -0.000177373 -0.0376781 0.0513826 -0.000388777 -0.00744747 -0.00945797 -0.00769927 0.19503 -0.0106365 -0.043964 -0.0593491 -0.00108823 -0.0141415 0.177567 0.165258 -0.17784 -0.00468002 0.0180457 -7.06703e-05 -0.00214664 -0.00018643 -0.00867276 -0.102728 -0.000919365 -0.0670639 0.0117672 0.178402 -0.00439917 -0.115671 -0.11521 -0.011285 -0.106393 -0.0270644 0.000403626 -0.0133641 0.181687 -0.00221907 0.192958 0.00455936 -0.0186832 -0.0656976 -0.0288071 -0.000342165 -0.0150056 -0.149053 0.0949571 -1.74258e-06 -0.0685996 -0.0262792 -0.0568942 -7.78121e-05 -0.0234203 -0.000322503 -0.0206894 -0.0660053 -0.000194752 2.42124e-07 7.98834e-05 -0.000108169 -0.173405 0.00178553 -0.0363675 0.10242 5.48227e-05 
-0.0315327 -7.22149e-05 -0.0658312 0.00426199 -0.000463783 -4.488e-06 -0.0515239 0.00204692 -0.0151971 -0.003795 -0.000905168 0.115458 0.0016907 0.00228269 -0.0579359 -0.03708 -0.00682139 -0.0308457 -0.0622292 0.155618 -0.0506333 -0.022891 -0.0664308 -0.0433429 -0.0032535 -0.0670737 0.106871 0.000167741 -0.000137125 -0.0529778 -0.0217867 -0.0100026 0.0438751 -8.13038e-09 -0.000479427 0.0208571 -6.83727e-05 -0.0206893 -0.0967508 0.000843999 -0.000899746 0.0159403 -0.0023046 -0.0561573 -0.00600397 0.00900336 -0.0489337 0.00343098 -0.00577055 -0.0576887 -0.0599554 0.0671862 0.00800132 -0.0080507 0.000169127 0.00123361 3.95069e-05 -0.00427933 0.0933967 -0.000500144 -0.0534662 -0.00906503 -0.0635865 -0.00275192 0.0852937 0.114222 -0.0075322 0.115157 0.102632 -0.00025183 0.0200467 -0.0584834 -0.0012993 -0.0558845 -0.000227532 0.0305323 0.121264 0.0653129 5.32926e-05 0.0228307 0.0833697 -0.0559363 6.22835e-06 -0.0504948 0.0619671 -0.0326713 1.2613e-05 -0.0116522 0.000719996 0.0223311 -0.052324 -6.21186e-05 -1.94069e-07 -0.000277721 -3.05084e-05 0.0824578 -0.00110199 -0.0402993 -0.0118615 -2.32017e-05 
0.120564 -0.000116846 -0.101761 -0.00170015 -0.000716558 9.67887e-05 0.20105 0.00798634 0.0684111 -0.00506594 -0.00365893 -0.0932151 -0.000730115 0.000756309 -0.0879433 -0.0804251 -0.0127349 0.113565 -0.0681235 -0.0506333 0.208931 -0.0478658 -0.102893 0.167239 -0.00430168 -0.103466 -0.0120194 0.000162469 -0.000157971 0.204401 -0.0359219 0.0501205 -0.0144336 4.32544e-07 -0.000376837 -0.0172447 -0.000164684 -0.0341149 0.0580031 0.000598795 -0.0114154 -0.0112417 -0.00574337 -0.0866048 0.0242154 -0.0393774 0.181236 0.000481473 -0.0127711 -0.108434 -0.0924962 0.0921585 -0.00924299 0.00099949 -6.46357e-05 -0.000352023 -0.000181679 0.0190467 -0.093032 0.0017818 0.205838 0.0325815 -0.0980837 0.0154592 -0.105624 -0.105314 -0.0135604 -0.107083 -0.072251 0.000991887 -0.0122126 -0.0952358 0.00473085 -0.0861819 -0.00108665 -0.0215984 -0.0603057 -0.0260328 -0.00023537 -0.0138704 0.126265 -0.130413 -2.80922e-06 0.207387 -0.0236039 0.119904 -5.60565e-05 -0.0215631 -0.000294049 -0.0189265 0.206393 -0.000278133 -2.69327e-07 -0.00660801 -5.70204e-05 0.0355544 1.95094e-05 0.0708343 -0.176507 -3.64082e-05 
-0.0223432 -4.43371e-05 -0.0160647 -0.000606401 0.00194788 -5.77608e-05 -0.0463876 -0.00224392 -0.01656 -0.00243859 -0.000418066 0.0638621 -0.000337012 -0.000735783 -0.050468 -0.0418887 0.0335691 -0.0271813 -0.0568542 -0.022891 -0.0478658 0.144322 -0.0196578 -0.0381724 -0.00285063 -0.0159035 -0.0366971 -4.23874e-05 0.000409213 -0.0474202 0.099638 -0.0123477 -0.00968665 -2.55382e-07 -0.000275758 0.00754218 -7.68452e-05 0.084805 -0.0155382 9.94386e-06 0.00993065 -0.00658021 0.0170839 -0.0506963 -0.00591772 0.0637297 -0.0421565 -0.000678889 0.0329424 -0.022391 -0.0119189 0.0177489 -0.00130355 -0.00731624 -3.517e-05 0.00309277 -3.33163e-05 -0.00476986 0.0632712 -0.000421892 -0.0481265 -0.00809822 -0.0160552 -0.00650809 0.0964387 0.0646435 0.0324913 0.0658211 -0.0386589 -0.000248779 0.00227185 -0.056009 -0.00118066 -0.0507149 -0.00133863 0.00357299 -0.0307726 -0.0136901 -0.000156346 0.0013842 -0.0518556 0.0715813 -1.77593e-06 -0.0478888 -0.0136861 -0.0278477 -4.75819e-05 0.0471757 -6.94319e-05 0.0233039 -0.0485873 7.52265e-05 8.7248e-08 -0.00251997 -5.23495e-05 0.0363825 -0.000659167 0.0354802 0.0485428 -2.19317e-05 
-0.0564932 -0.00013898 0.213273 -0.00165953 0.00150077 -6.56949e-05 -0.0988263 -0.00470379 -0.0338989 0.0105735 0.00697336 -0.120243 -0.000648275 -0.00130826 0.186271 0.159756 0.0252016 -0.056037 0.175719 -0.0664308 -0.102893 -0.0196578 0.226297 -0.0825082 0.00999108 0.217744 -0.0780458 -8.4227e-05 0.00025063 -0.101352 -0.00329554 -0.0249039 -0.0177556 -1.98556e-07 -0.000179775 -0.0184084 0.000281326 -0.0361667 0.022802 -0.000352834 0.0069024 -0.0101943 0.0127347 0.183119 -0.0118247 -0.0467713 -0.0897536 -0.00163662 0.0248672 0.214771 0.196413 -0.210889 -0.00532878 0.0139341 -7.44917e-05 0.00140208 -0.000125281 -0.00954462 -0.0947182 -0.000965933 -0.100646 -0.0163277 0.214241 -0.0130234 -0.0685845 -0.108454 0.0292998 -0.116239 -0.0202983 -0.000496293 -0.0144045 0.191455 -0.00233629 0.189346 -0.00270743 -0.0217928 -0.065419 -0.0302744 0.000354966 -0.0164577 -0.185985 0.127318 -3.5331e-06 -0.102929 -0.0276329 -0.0599029 0.000112325 -0.0241804 -0.000335753 -0.020796 -0.104034 -0.00032819 -3.4835e-07 -0.00783112 -0.000119664 -0.185848 -0.0019927 -0.0748218 0.139223 -4.2802e-05 
0.0901029 -9.57805e-05 -0.0815694 -0.00136466 -0.000567022 2.3202e-05 0.162684 0.00400476 0.0463973 -0.00392142 -0.00313535 -0.0732086 -0.000586046 -0.00107554 -0.0701044 -0.0645601 -0.0110178 0.113456 -0.076799 -0.0433429 0.167239 -0.0381724 -0.0825082 0.181699 -0.0032845 -0.0829784 -0.00272049 0.000171791 -0.000140272 0.167404 -0.029961 0.0246297 -0.0136827 -2.01769e-07 -0.000427293 -0.013908 -0.000132439 -0.0277463 0.0484776 -0.00020433 -0.0091256 -0.00902573 -0.00546081 -0.0694306 0.019021 -0.0318045 0.14334 -0.00108206 -0.0102461 -0.0868174 -0.0741607 0.071554 -0.00738068 -0.0038227 -5.1878e-05 -0.00140089 -0.000149689 0.0206419 -0.0751173 0.00197961 0.167374 -0.00448752 -0.0786994 0.0143408 -0.084804 -0.0845842 -0.0116677 -0.0876937 -0.0587873 -0.000306717 -0.00987081 -0.0763966 0.00509489 -0.0691436 -0.00192274 -0.0173836 -0.0483836 -0.0208992 -0.000231462 -0.0112893 0.101445 -0.10466 -2.24e-06 0.167104 -0.0190572 0.12125 -6.46786e-05 -0.0173108 -0.000235967 -0.0152475 0.166594 -0.000245556 -2.40246e-07 -0.00520727 -7.92798e-05 0.049087 -0.00120596 0.0286554 -0.141581 -3.00594e-05 
-0.00230881 0.000150247 0.010344 -7.4433e-05 -3.4084e-05 4.37656e-07 -0.00410622 -0.000217966 -0.00157463 -0.000317473 -0.00021662 -0.00617735 -4.1451e-05 -5.32496e-05 0.0100095 -0.000726893 -0.000504179 -0.00216589 0.0104467 -0.0032535 -0.00430168 -0.00285063 0.00999108 -0.0032845 0.0167184 0.00899961 -0.00392406 -4.14278e-06 0.000146592 -0.00421252 -0.00214219 -0.00121312 -0.000980064 -2.48312e-08 4.01181e-05 -0.000917662 -9.87585e-06 -0.00197647 0.001651 -2.25337e-05 -0.000609201 -0.000630934 -0.000387437 0.0110171 -0.000587574 -0.00231129 -0.0041024 -8.03148e-05 -0.000730007 0.00980542 0.0103742 -0.010169 -0.000476418 0.00583517 -3.53707e-06 -0.000114053 -1.0898e-05 -0.000343566 -0.00530521 -4.63354e-05 -0.00424566 -0.000801344 0.0104956 -0.000529357 -0.00598635 -0.00597211 -0.000811103 -0.00486746 -0.001478 -2.346e-05 -0.000707973 0.0101726 -9.24728e-05 0.0105989 -0.000130827 -0.000488915 -0.00341389 -0.00146988 -1.79346e-05 -0.00079956 -0.00861794 -0.00148494 -1.20315e-07 -0.00429133 -0.00135684 -0.00259712 -4.71429e-06 -0.0012032 -1.65537e-05 -0.00107954 -0.00432469 6.38995e-05 2.2879e-08 -0.000144121 -5.65139e-06 -0.00891315 -7.63421e-05 -0.0034672 0.00608173 -2.14217e-06 
-0.0565606 0.000194321 0.21706 -0.00167224 0.00151974 -6.60352e-05 -0.0994095 -0.00458215 -0.0340234 0.0112147 0.00512409 -0.123192 -0.000800516 -0.000418421 0.18983 0.156222 0.0276227 -0.0563474 0.178955 -0.0670737 -0.103466 -0.0159035 0.217744 -0.0829784 0.00899961 0.226887 -0.082642 -8.46966e-05 0.00038407 -0.101953 0.000179893 -0.0248208 -0.0196521 -2.01371e-07 3.93989e-05 -0.0157616 0.000302987 -0.0325818 0.0190389 -0.000326015 0.00701398 -0.010267 0.0128831 0.185863 -0.0119879 -0.0460152 -0.0902022 -0.00150921 0.0249274 0.214707 0.199732 -0.212328 -0.00453712 0.0127466 -7.47908e-05 0.0015494 -0.000188556 -0.00958913 -0.0979442 -0.000954011 -0.101217 -0.0164084 0.213449 -0.00894893 -0.0717317 -0.111774 0.0298929 -0.11162 -0.0269656 -0.000498025 -0.0144825 0.18342 -0.00234919 0.187475 0.0012341 -0.0209526 -0.0704611 -0.0304732 0.000224423 -0.0165429 -0.189959 0.127917 -3.25945e-06 -0.103449 -0.027679 -0.060219 9.61038e-05 -0.0212866 -0.000336495 -0.021133 -0.104173 -0.000230791 -3.50291e-07 -0.003372 -0.00012075 -0.186342 -0.00123611 -0.0706058 0.140076 -4.30914e-05 
-0.0398269 -9.59563e-05 -0.0807088 0.00380186 -0.000533495 0.000100697 -0.00987426 -0.00263025 -0.0203681 -0.00414473 -0.00297534 0.0909227 0.00138779 -0.0010836 -0.0711124 -0.0628722 -0.0110579 0.0146287 -0.0776221 0.106871 -0.0120194 -0.0366971 -0.0780458 -0.00272049 -0.00392406 -0.082642 0.181974 -5.78043e-05 -0.000160868 -0.0103588 -0.0302349 -0.0165884 0.0358025 -3.49207e-07 -0.000587358 -0.00386341 -0.000103392 -0.0266289 -0.0594894 -0.000314943 -0.00760578 0.0251056 -0.00558559 -0.0690219 -0.00750565 -0.0197029 -0.00378063 -5.65096e-05 -0.00722991 -0.0707684 -0.0732515 0.0719473 -0.00264913 -0.00978125 0.000135091 -0.00169978 -7.24811e-05 -0.00540894 0.094065 0.000741858 -0.0120232 -0.0107541 -0.0784476 -0.00698348 0.0847482 0.0937377 -0.0116993 0.0909668 0.105845 -0.000298055 -0.00290543 -0.0557892 0.00439101 -0.068833 -0.00193789 0.0108876 0.120075 0.0612905 -0.000106829 0.000910147 0.105588 -0.0841999 6.15461e-06 -0.0121618 0.0548934 0.0133173 -6.13249e-05 -0.0168702 0.000646553 0.00332239 -0.0126099 -0.000128721 -2.40777e-07 -0.00506212 -7.77698e-05 0.100577 -0.00136915 -0.0416191 -0.0212563 -2.93725e-05 
0.000189623 -1.80545e-08 -8.33326e-05 3.41129e-07 -5.88643e-07 -8.38649e-08 0.000166347 0.000226582 0.0001652 -4.80211e-06 -3.08083e-06 -8.90354e-05 -5.98149e-07 6.1459e-06 -7.31562e-05 -6.58443e-05 -1.07655e-05 -5.93087e-06 -7.31027e-05 0.000167741 0.000162469 -4.23874e-05 -8.4227e-05 0.000171791 -4.14278e-06 -8.46966e-05 -5.78043e-05 0.000243524 -1.7651e-07 -5.11974e-05 -2.92137e-05 0.000205913 -1.23614e-05 -3.55632e-10 -6.09428e-07 -1.36003e-05 -1.42683e-07 -2.83435e-05 -0.000175097 1.1394e-07 -9.17963e-06 -9.21248e-06 -5.1383e-06 -7.0892e-05 -1.27617e-06 -3.3205e-05 -6.09121e-05 -1.06578e-07 -1.04762e-05 -8.87866e-05 -7.57727e-05 5.59948e-05 2.18222e-05 -1.01926e-05 -5.29493e-08 6.7798e-06 -1.56081e-07 -3.69338e-07 -7.64955e-05 -6.80754e-07 0.000162005 -1.13716e-05 -8.02865e-05 -4.28483e-06 -8.62232e-05 -8.5459e-05 -1.14191e-05 -8.26707e-05 -6.44982e-05 -3.51176e-07 -9.95624e-06 -7.7991e-05 -1.64454e-06 -7.0565e-05 2.79123e-06 -1.7671e-05 -4.8445e-05 -2.09949e-05 -2.56859e-07 -1.15301e-05 7.11385e-05 -0.000106776 -2.48699e-09 0.00016565 -1.89947e-05 2.56202e-05 -6.75181e-08 -1.76786e-05 -2.41187e-07 -1.5602e-05 0.00016871 -2.51596e-07 -2.45207e-10 8.11408e-06 2.18718e-07 9.7236e-05 -1.40516e-06 -5.33685e-05 -0.000144589 -3.06801e-08 
0.000269957 0.000135765 0.000405141 -2.92153e-06 7.30488e-05 -1.39491e-07 -0.00015311 -7.09205e-06 -7.06336e-05 -1.38559e-05 -7.54205e-06 -0.000264111 -1.77944e-06 -1.35769e-06 -0.000214555 -0.000195323 0.000624161 -9.42331e-05 -7.40012e-05 -0.000137125 -0.000157971 0.000409213 0.00025063 -0.000140272 0.000146592 0.00038407 -0.000160868 -1.7651e-07 0.000724115 -0.000165155 0.000409302 -4.61988e-07 -3.93109e-05 -1.05797e-09 -1.62966e-06 -4.03761e-05 -4.2447e-07 -8.43128e-05 -0.000510427 1.03658e-06 6.35326e-05 -2.74064e-05 0.000116908 -0.000142446 -2.51194e-05 -9.83689e-05 -0.000157355 -3.53972e-07 0.000453738 -0.000131404 0.000430106 -0.000408995 -2.38191e-05 -2.07437e-05 -1.5752e-07 2.08811e-05 -4.64328e-07 -5.35947e-06 -0.000228102 -8.18519e-08 -0.00016026 -1.23496e-05 0.000414046 4.99424e-05 0.000255172 -0.000256171 0.000476536 -0.000104153 -0.000128075 5.46528e-06 -3.01644e-05 -0.000231388 7.25097e-06 -0.000208217 -1.59675e-06 9.87482e-05 -0.000146715 -6.30496e-05 -7.64135e-07 -2.62063e-05 -0.000340201 -5.69724e-05 -7.39857e-09 -0.000164035 -5.68127e-05 -0.000114428 -2.00861e-07 -3.68225e-05 -7.17512e-07 -4.61181e-05 -0.000151465 5.26915e-05 3.92705e-08 0.000139695 -2.51723e-07 -0.000364116 -1.77357e-06 -0.00013386 0.000228546 -9.12708e-08 
0.118975 -0.000116387 -0.100087 -0.00168134 -0.000705774 9.16186e-05 0.199741 0.00450093 0.0666553 -0.00497997 -0.00385786 -0.0920585 -0.000715976 -0.00131503 -0.0862775 -0.0792549 -0.0136274 0.113871 -0.0682536 -0.0529778 0.204401 -0.0474202 -0.101352 0.167404 -0.00421252 -0.101953 -0.0103588 -5.11974e-05 -0.000165155 0.207158 -0.0369522 0.0455737 -0.0169358 1.85529e-07 -0.000323937 -0.0171291 -0.000164756 -0.0336029 0.0605116 -0.000351662 -0.0112595 -0.0110774 -0.00683073 -0.0851114 0.0230795 -0.0391255 0.180236 -0.00139252 -0.012583 -0.106494 -0.0910681 0.0906768 -0.00936594 0.00119284 -6.19717e-05 -0.00189698 -0.000185016 0.0191501 -0.0913901 0.00179007 0.204602 0.0316941 -0.0966399 0.0140439 -0.103159 -0.102891 -0.0143747 -0.106153 -0.0701171 0.000960892 -0.0121828 -0.0938098 0.00468463 -0.0848957 -0.00217789 -0.0213344 -0.0585241 -0.0256272 -0.000287461 -0.0139296 0.12575 -0.128218 -2.79504e-06 0.204209 -0.0233228 0.119908 -7.97604e-05 -0.0210323 -0.000288888 -0.0187564 0.203953 -0.000276259 -2.6497e-07 -0.00641487 -7.83106e-05 0.0370208 0.000215386 0.0700716 -0.172791 -3.44031e-05 
-0.0165724 -4.90964e-05 -0.00248358 -0.000464139 0.00192817 -4.35682e-05 -0.0363094 0.000843172 -0.0117403 -0.00217291 0.00142276 0.0366543 -0.000258571 0.00150713 -0.0371845 -0.0340988 0.0369579 -0.0204877 -0.0416125 -0.0217867 -0.0359219 0.099638 -0.00329554 -0.029961 -0.00214219 0.000179893 -0.0302349 -2.92137e-05 0.000409302 -0.0369522 0.11053 -0.00701045 -0.0045115 -1.84752e-07 -0.000300783 -0.00578064 -5.11211e-05 0.0623312 -0.0148956 0.00106205 0.00978613 -0.00477843 0.0201916 -0.0368608 -0.00345993 0.0282653 -0.0326084 0.00182431 0.0341593 -0.00735987 0.00124249 0.00260396 -0.00410471 -0.00527437 -2.75074e-05 0.00571424 -7.28813e-05 -0.00348903 0.0437513 -0.000297551 -0.0374843 -0.00597312 -0.00106393 -0.0038842 0.0777008 0.0380069 0.0364072 0.0368292 -0.0317086 -0.000132114 -0.00525131 -0.0404876 -0.000853981 -0.036691 -0.000835543 -0.00801474 -0.0256705 -0.0110465 -9.59262e-05 -0.00588085 -0.0668754 0.0585768 -1.292e-06 -0.0347707 -0.00912145 -0.021903 1.86076e-06 0.0465861 -0.000122694 0.00124018 -0.0375555 -0.000127815 -1.27386e-07 -0.00275983 -3.98479e-05 0.0135486 -0.000729933 0.0304321 0.0434508 -1.58151e-05 
0.0514064 -2.86276e-05 -0.0243288 -0.000409682 -0.000148247 -2.24835e-05 0.0404743 0.00719049 0.0497761 -0.00140125 -0.0004513 -0.0198356 -0.000178996 0.00216049 -0.0207715 -0.0195629 -0.00173562 -0.00968815 -0.00908773 -0.0100026 0.0501205 -0.0123477 -0.0249039 0.0246297 -0.00121312 -0.0248208 -0.0165884 0.000205913 -4.61988e-07 0.0455737 -0.00701045 0.0675963 -0.00108202 3.90214e-07 -1.06718e-05 -0.00427095 -3.56331e-05 -0.00848343 0.010468 0.00105462 -0.00257485 -0.00275657 -0.000211665 -0.0208285 0.022067 -0.00975969 0.037851 0.00191726 -0.00297148 -0.0261513 -0.022171 0.024411 -0.00219934 -0.0024911 -1.57328e-05 0.00152658 -4.65168e-05 0.00199611 -0.0224015 -8.33253e-05 0.0474234 0.0201175 -0.0236324 -0.000856417 -0.025789 -0.0258415 -0.00194336 -0.0254762 -0.0192135 -5.73385e-05 -0.00302947 -0.0231463 -0.000486384 -0.0209306 0.000969848 -0.00534154 -0.0148029 -0.00638523 3.24018e-06 -0.00334065 0.0252383 -0.0319775 -7.14437e-07 0.0497195 -0.00551786 -0.00749315 4.13896e-05 -0.00514671 -7.21953e-05 -0.0046701 0.0487933 -7.44111e-05 -7.33986e-08 -0.00142395 1.27386e-05 -0.0327095 -0.000185751 0.0326045 -0.0427121 -9.18357e-06 
-0.0101738 -1.99878e-05 -0.019775 0.00138016 -0.000139692 -1.93736e-05 -0.016607 0.0030574 -0.00514152 -0.00113954 0.00282006 0.0332779 0.000751195 0.00300974 -0.017375 -0.0135645 -0.000378271 -0.00936041 -0.0181771 0.0438751 -0.0144336 -0.00968665 -0.0177556 -0.0136827 -0.000980064 -0.0196521 0.0358025 -1.23614e-05 -3.93109e-05 -0.0169358 -0.0045115 -0.00108202 0.0544674 -8.44016e-08 -0.000138975 -0.00327501 -2.44428e-05 -0.00663477 -0.035336 0.00105785 -0.00215492 0.0191755 0.000954563 -0.0168395 -0.0011881 -0.00719879 -0.0149726 0.00317185 -0.0024748 -0.0174237 -0.0179829 0.0201226 -0.00189239 -0.0024168 0.0001153 0.00236322 -3.47525e-05 -0.00158619 0.0360089 -0.000143799 -0.0171931 -0.002724 -0.0190585 0.00118772 0.032842 0.0333207 -0.000747931 0.032106 0.0381549 -3.57841e-05 -0.00240173 -0.0161156 -0.000389549 -0.0167619 0.00087229 -0.00240834 0.0409779 0.01562 0.00011089 -0.00232205 0.0211204 -0.0249059 6.14977e-06 -0.0140274 0.0327625 -0.00998127 0.000143383 -0.00359383 -4.8954e-05 -0.00358289 -0.0159256 -5.89644e-05 -5.81947e-08 -0.00134629 -1.08516e-05 0.0198429 -0.000332525 -0.0123697 -0.0217677 -7.16794e-06 
6.11032e-07 -5.87723e-10 -4.99862e-07 -8.38461e-09 -3.52823e-09 -5.02673e-10 4.60211e-07 2.46817e-07 -1.43232e-07 -2.87831e-08 2.87441e-07 -2.61549e-07 -3.58521e-09 -6.67775e-09 -4.25533e-07 -8.83735e-08 -6.79032e-08 -2.36442e-07 3.89637e-07 -8.13038e-09 4.32544e-07 -2.55382e-07 -1.98556e-07 -2.01769e-07 -2.48312e-08 -2.01371e-07 -3.49207e-07 -3.55632e-10 -1.05797e-09 1.85529e-07 -1.84752e-07 3.90214e-07 -8.44016e-08 1.46e-06 -3.65281e-09 1.8778e-07 3.05811e-07 -1.69886e-07 -4.19961e-07 -1.93437e-09 5.2388e-07 -5.52182e-08 -3.41747e-08 -4.25295e-07 -5.07649e-08 -1.42359e-07 4.87983e-07 -6.95233e-09 -6.27924e-08 -2.25886e-07 -4.5417e-07 2.03778e-07 2.25276e-07 -6.15123e-08 -3.1737e-10 -1.07501e-08 -9.35524e-10 -2.69413e-08 -4.6052e-07 -4.08033e-09 4.45416e-07 7.07708e-07 -1.74938e-07 1.24188e-07 -5.18826e-07 -5.17522e-07 -7.16411e-08 -2.64078e-07 -6.861e-08 -2.10489e-09 2.12558e-07 -1.61179e-07 -9.8571e-09 -1.16668e-07 -1.18404e-08 -1.36828e-08 2.83574e-07 -1.27858e-07 -1.53957e-09 -1.27826e-08 3.56003e-07 -6.4038e-07 -1.49066e-11 4.45727e-07 -1.16628e-07 5.39277e-08 -4.04693e-10 -1.05963e-07 -1.44564e-09 -9.35161e-08 6.577e-07 -1.50803e-09 -1.46973e-12 -3.41604e-08 -5.0717e-10 -5.10438e-07 2.15777e-08 3.35186e-07 -5.60355e-07 -1.83892e-10 
