3.94651e-05 1.95781e-06 7.96549e-07 1.68457e-06 -2.68505e-10 -1.09996e-05 1.15559e-06 -5.28103e-07 3.48877e-06 -1.76063e-08 -4.33935e-08 -1.42475e-10 -1.53826e-07 -5.41742e-08 -2.63633e-06 -1.0839e-05 -2.62325e-06 2.83085e-06 6.34895e-06 -1.4256e-08 -2.639e-10 -2.97596e-06 -9.08523e-10 -9.06418e-11 -3.10989e-07 -8.81159e-10 -6.18549e-08 -7.76178e-12 -2.60817e-08 -1.01371e-07 -4.4046e-08 -7.56572e-07 -2.06279e-10 -2.41779e-08 -1.25491e-06 -1.94358e-08 -2.98931e-08 -2.28309e-06 -8.60531e-09 -8.55111e-11 -3.35319e-08 -7.86373e-09 -4.55458e-09 -1.46553e-10 -3.83572e-07 -6.34248e-08 -3.42308e-10 -1.71822e-07 3.14994e-06 -6.32223e-07 0 -7.54281e-06 -1.20434e-06 -2.53245e-06 9.27256e-06 -2.26725e-06 -9.8942e-08 -3.47207e-06 -2.08168e-08 -3.49562e-08 -4.55141e-06 3.17228e-06 0 -4.4742e-10 -2.6424e-08 -1.29737e-07 8.78192e-08 3.73486e-06 -1.36263e-08 -4.15643e-08 9.05497e-07 -7.89004e-09 -3.56726e-09 -1.81205e-09 -2.7852e-06 -7.24179e-08 -4.20077e-06 -3.57082e-06 -3.14524e-08 -1.64317e-07 -7.26887e-08 2.62346e-06 -6.05682e-10 0 -6.83677e-06 -2.65742e-11 -3.34151e-11 -2.09173e-11 -1.23402e-08 -9.67328e-10 -7.46081e-06 1.16929e-06 0 3.42613e-07 -1.28569e-09 2.45913e-06 -9.07733e-12 -4.24767e-07 0 4.66322e-08 
1.95781e-06 0.00501317 -9.32133e-06 -0.000529231 -3.4279e-08 0.000413951 -9.41644e-06 -6.59408e-05 -0.000367917 -2.24773e-06 2.40868e-05 -1.81892e-08 -1.34217e-05 -5.58954e-06 -0.000334884 -0.00179329 -0.000343827 0.000359554 0.00157106 -1.82001e-06 -3.36911e-08 -0.000371592 -1.15987e-07 -1.15719e-08 4.89973e-05 -1.12494e-07 -7.89677e-06 -9.90915e-10 -3.32974e-06 -1.28717e-05 -3.96318e-06 2.92763e-05 -2.63348e-08 -9.74888e-06 0.000722009 -1.61795e-06 8.60332e-07 -0.000174316 -1.09861e-06 -1.09169e-08 -1.77089e-06 -1.00393e-06 -5.81466e-07 -1.87098e-08 -4.36391e-05 -8.07052e-06 -4.37011e-08 -1.19125e-05 0.000400257 -0.000243479 0 -0.000325663 -0.000153817 0.0011085 -0.00141151 -0.000297297 -1.24782e-05 -0.000443013 6.32398e-07 -4.38605e-06 -0.000747058 0.000405016 0 -5.71204e-08 -3.14011e-06 -1.51263e-05 0.000135944 0.000420243 -3.26278e-07 -4.19686e-07 -3.93802e-05 -1.00729e-06 -4.55418e-07 -2.31337e-07 0.000924109 -9.20531e-06 -0.000559006 -0.000455183 -4.01541e-06 -1.94577e-05 -4.40987e-06 -0.000405869 -4.06583e-08 0 -0.000807103 -3.39263e-09 -4.26598e-09 -2.67043e-09 -1.57542e-06 -1.23495e-07 -0.00185648 -2.35709e-05 0 -2.39473e-05 -1.64139e-07 0.000388192 -1.15887e-09 2.82283e-05 0 3.71669e-06 
7.96549e-07 -9.32133e-06 0.0127582 0.000536422 1.72065e-07 -0.0108959 4.58548e-06 0.00572864 0.00211146 7.04728e-06 -2.45796e-06 -4.66602e-08 0.000208832 0.00108872 0.00184885 -0.000623391 0.00408557 -0.00780039 -0.00359736 0.000213798 7.4024e-07 0.00907775 2.29246e-06 4.30315e-07 -8.42484e-05 1.38881e-05 0.000167473 -2.54197e-09 0.000649438 5.39711e-05 6.23417e-05 -0.00308274 -6.75561e-08 0.000664792 -0.00891417 -6.36518e-06 0.000604363 0.00564965 -2.80156e-06 1.682e-06 0.000329118 1.68313e-05 8.22838e-06 -4.79958e-08 0.00713624 0.000356358 2.24561e-07 -4.42813e-05 -0.0088252 3.21235e-05 0 0.00252399 0.00922371 -0.00817364 -0.00446299 -5.525e-06 0.000427883 0.00914557 0.000476023 0.000672025 -0.00201717 -0.00968072 0 -1.46529e-07 -8.03715e-06 0.000287735 -0.00972014 -0.00944418 -3.67258e-06 0.000960551 -0.000135044 0.000132909 3.81051e-05 4.51599e-05 -0.000547553 0.00147727 0.00282868 0.00872657 0.000551506 0.00409932 -2.33654e-05 -0.00884848 -1.75026e-07 0 0.00837735 -8.70302e-09 -1.09434e-08 5.2315e-07 9.94186e-05 -1.90132e-07 0.00347417 -0.000212109 0 -5.81554e-05 -4.21062e-07 -0.00980531 -2.97281e-09 0.000819983 0 -0.000773685 
1.68457e-06 -0.000529231 0.000536422 0.0979809 3.02093e-06 -0.0378519 -0.000203623 0.00192979 0.0474434 0.000231442 -0.000103665 3.03253e-06 -0.000427777 -7.49014e-05 0.0291753 0.0555788 0.0291372 -0.0313893 -0.0690415 8.49887e-05 -5.86227e-07 0.0295581 -1.44792e-06 1.03795e-07 -0.000744708 -1.61825e-06 0.000404751 -2.16537e-08 -7.27625e-05 0.00188252 -0.000120646 0.000221901 -2.22142e-07 -0.000210197 -0.0427136 -1.32717e-05 -6.70888e-06 0.0071012 -2.34704e-05 3.47751e-08 0.000380116 7.89752e-05 6.9397e-05 1.78146e-08 -0.000402876 0.000298685 -9.54967e-07 -0.00043017 -0.035024 0.0314942 0 -0.0291294 0.00336103 -0.0778204 -0.0513984 0.025073 -0.000235788 0.0393562 -5.32146e-05 -9.73237e-05 -0.0171072 -0.0348568 0 5.87179e-06 -3.92474e-05 0.00145565 -0.0352924 -0.041341 0.000106666 -7.53925e-05 -0.00116452 5.61684e-05 3.49314e-05 -5.05523e-06 0.0151193 -0.000150444 0.0157208 0.0344471 8.36476e-05 -0.00028014 0.00079353 -0.0343503 -1.67639e-06 0 0.0473134 -7.41366e-08 -3.32212e-08 4.71645e-07 8.55035e-05 -2.69864e-06 0.0628976 -0.00193271 0 -0.000579404 2.41632e-05 -0.0334245 -5.32387e-09 -0.000785355 0 -1.84391e-05 
-2.68505e-10 -3.4279e-08 1.72065e-07 3.02093e-06 6.80329e-06 -6.1959e-06 -1.45509e-08 2.98896e-06 4.53127e-06 -3.03501e-09 1.14585e-06 -2.456e-11 -2.65169e-08 2.50661e-07 3.27888e-06 2.53792e-06 9.55732e-07 -4.20328e-06 -3.13868e-06 -2.45748e-09 -4.54916e-11 3.97367e-06 -1.56613e-10 -1.5625e-11 -5.36088e-08 -1.51896e-10 -1.06627e-08 -1.33799e-12 2.55504e-07 2.64253e-06 -7.59272e-09 4.08133e-08 -3.55588e-11 2.46638e-07 -5.67336e-06 1.79983e-07 -5.15303e-09 -3.46896e-07 -1.4834e-09 -1.47406e-11 -5.78029e-09 -1.35556e-09 -7.85127e-10 -2.5263e-11 2.00055e-06 -1.09333e-08 -5.90076e-11 -2.96189e-08 -5.94161e-06 4.74025e-06 0 -7.69243e-07 1.16171e-06 -5.15521e-06 -3.17598e-06 3.73043e-06 -1.70558e-08 5.65274e-06 1.26974e-06 2.53974e-07 -1.06614e-06 -6.19776e-06 0 -7.71271e-11 -4.55501e-09 1.70969e-07 -6.19393e-06 -6.13653e-06 -2.34892e-09 -7.16493e-09 -7.20274e-08 -1.3601e-09 -6.14931e-10 -3.12364e-10 3.64607e-07 2.47516e-07 -3.45394e-07 5.86906e-06 -5.42183e-09 -2.83252e-08 -1.25302e-08 -5.47285e-06 -1.04408e-10 0 5.61273e-06 -4.58091e-12 -5.76016e-12 -3.60577e-12 -2.12722e-09 -1.6675e-10 1.94672e-06 -1.44348e-07 0 -3.68989e-08 -2.2163e-10 -6.22014e-06 -1.56477e-12 9.83445e-07 0 -2.51961e-07 
-1.09996e-05 0.000413951 -0.0108959 -0.0378519 -6.1959e-06 0.0813127 5.57312e-05 -0.0121596 -0.0184935 -0.000405106 6.40946e-05 -3.28768e-06 8.07674e-05 -0.0012228 -0.0603363 -0.0397118 -0.061576 0.0656207 0.0505747 -0.000303062 -3.60632e-06 -0.0682485 -2.08147e-05 -5.68277e-07 0.000685146 -1.69299e-05 -0.00142699 1.75593e-08 -0.000599776 -0.00233178 -0.000376743 0.00300048 4.6666e-07 -0.000533292 0.0686361 -1.0751e-05 -0.000556034 -0.00533654 1.94676e-05 -1.97322e-06 -0.000759602 -0.000165703 -0.00010247 -2.39846e-06 -0.00885049 -0.00138696 -9.02273e-07 0.000368178 0.073219 -0.0368566 0 -0.014717 -0.0248048 0.0637023 0.038601 -0.0532652 -0.000949306 -0.0747058 -0.000479363 -0.000605846 0.0125165 0.0739588 0 -5.56115e-06 5.7805e-05 -0.00248647 0.0736829 0.0751643 2.5103e-05 -0.000956433 0.000616565 -0.000182034 -7.92465e-05 -4.1654e-05 -0.042144 -0.0013429 -0.0468888 -0.0727238 -0.000710776 -0.00379145 -0.000896772 0.072703 1.25689e-06 0 -0.0689099 -6.13215e-07 -7.71073e-07 -4.82679e-07 -0.000276183 1.66503e-06 -0.0454873 0.001702 0 -0.00110165 2.05256e-07 0.0705565 -1.29465e-07 -0.000114167 0 0.000892645 
1.15559e-06 -9.41644e-06 4.58548e-06 -0.000203623 -1.45509e-08 5.57312e-05 0.00213422 -2.20092e-05 -0.000133931 -9.54131e-07 -2.3516e-06 -7.72106e-09 -5.12623e-06 2.075e-07 -0.0001034 0.000863585 -0.000124997 -0.000190896 -0.000728555 5.90743e-06 -1.43014e-08 -7.21547e-05 3.07076e-06 -4.9121e-09 -1.68533e-05 -4.77522e-08 -3.07207e-06 -4.2063e-10 -1.40343e-06 -5.4369e-06 9.31637e-06 1.18173e-05 -1.11788e-08 -3.39719e-06 -0.00046923 2.61339e-06 -1.35998e-06 8.98704e-06 -4.66343e-07 -4.63406e-09 3.68662e-05 4.05114e-08 -2.46824e-07 7.55391e-07 8.25328e-06 4.29285e-06 -1.85505e-08 -7.02811e-06 8.32564e-05 -8.15519e-05 0 0.00041309 0.000101181 -0.00108073 -0.000984025 -7.87913e-05 -3.93191e-06 -3.57305e-05 -1.12812e-06 -1.23769e-06 -0.00033457 8.03873e-05 0 -2.42468e-08 1.07469e-06 2.86692e-05 0.000102537 1.28679e-06 3.48489e-06 -1.92914e-06 -2.25136e-05 1.00242e-06 -1.93319e-07 -9.81993e-08 -0.000162949 -3.26784e-06 -0.000227979 -7.52453e-05 -1.66449e-06 -6.79807e-06 0.000155081 8.65518e-05 -3.28234e-08 0 -0.000262398 -1.44012e-09 -1.81085e-09 -1.13356e-09 -6.68745e-07 -5.24219e-08 0.000876606 0.000367957 0 -1.15301e-05 -6.96749e-08 4.42252e-05 -4.91923e-10 -1.43958e-05 0 1.74378e-06 
-5.28103e-07 -6.59408e-05 0.00572864 0.00192979 2.98896e-06 -0.0121596 -2.20092e-05 0.0132019 0.00259812 9.70656e-07 -3.77901e-06 6.05028e-07 0.000100223 7.70584e-06 0.00637185 0.00459016 0.00767009 -0.00954443 -0.00807565 -1.301e-07 1.04719e-06 0.0122346 1.48197e-06 1.05935e-07 -0.000105333 1.26446e-05 7.76851e-05 -2.63159e-09 -5.13953e-06 0.000965211 5.71831e-05 -0.0021228 -6.99379e-08 -2.51965e-05 -0.0111315 -3.41293e-06 0.000555412 0.00390648 -2.91759e-06 1.28767e-06 6.20345e-05 4.99338e-05 2.11912e-06 -4.9688e-08 0.00321648 0.00120124 -1.16058e-07 -5.7532e-05 -0.0120824 0.00156044 0 0.00310922 0.00462607 -0.0101389 -0.00624489 0.00485585 -2.54658e-05 0.0121455 8.00455e-05 -1.18517e-05 -0.00209691 -0.0121846 0 2.15164e-06 -8.85226e-06 0.00046472 -0.0121611 -0.0120401 -4.61325e-06 0.000121634 -0.000141462 0.000116482 -1.10946e-06 4.58897e-06 0.00286914 3.30704e-05 0.00633975 0.0119369 0.000559856 0.00326764 4.79486e-05 -0.01201 -9.20201e-08 0 0.0110134 -9.00986e-09 2.85337e-07 3.92908e-07 -2.70054e-06 -2.84634e-07 0.00739106 -0.000236581 0 -7.25737e-05 -4.35908e-07 -0.0121734 1.26922e-07 -0.000131435 0 1.50376e-06 
3.48877e-06 -0.000367917 0.00211146 0.0474434 4.53127e-06 -0.0184935 -0.000133931 0.00259812 0.073328 2.80292e-05 -8.06805e-05 1.2057e-06 -0.000310175 -3.51982e-05 0.0105806 0.0241857 0.0132159 -0.0174265 -0.0447345 8.58196e-05 -5.32769e-07 0.0132777 -7.50816e-07 2.10343e-07 -0.000349123 -6.05573e-07 -0.000122098 -1.56697e-08 -5.12477e-05 0.00157121 -5.59512e-05 -0.00115158 -4.97749e-08 -0.000143008 -0.0189334 -2.2574e-06 4.81344e-05 -0.00158838 -1.65693e-05 -1.72632e-07 6.46049e-05 3.55812e-05 2.55086e-07 -2.95865e-07 0.0018219 -5.21836e-05 1.2274e-08 -0.000292378 -0.018471 0.0251319 0 -0.0185667 0.00594056 -0.0424576 -0.0332008 0.0133378 -0.00016887 0.0179728 -4.20255e-05 -6.59737e-05 -0.0124799 -0.0184027 0 3.4834e-06 -5.17988e-05 -0.000112749 -0.0186483 -0.0177899 8.5201e-05 -7.70345e-05 -0.000819293 0.000118461 9.48166e-06 -3.65821e-06 0.0012921 0.000420901 -0.00287912 0.017538 -4.69103e-05 0.0016693 0.000801931 -0.0180095 -1.22277e-06 0 0.0128115 -5.36487e-08 -6.74593e-08 4.87772e-07 -1.9016e-05 -1.95287e-06 0.0406909 -0.00148408 0 -0.00043169 1.12644e-05 -0.0191696 -1.83256e-08 -0.000586764 0 8.92524e-05 
-1.76063e-08 -2.24773e-06 7.04728e-06 0.000231442 -3.03501e-09 -0.000405106 -9.54131e-07 9.70656e-07 2.80292e-05 0.000445908 -4.90493e-07 -1.61045e-09 -1.73876e-06 -5.95685e-07 0.000413197 -0.000116178 0.00041538 -9.38506e-05 -0.000284586 -1.61141e-07 -2.98297e-09 0.000238355 -1.02694e-08 -1.02456e-09 -3.51523e-06 -9.96007e-09 1.39975e-05 -8.77343e-11 -2.94811e-07 2.22175e-05 -4.97868e-07 -4.79871e-05 -2.33165e-09 -8.76139e-07 -0.000150292 5.0031e-07 -3.37893e-07 -2.578e-05 -9.72691e-08 -9.66564e-10 -3.72357e-07 3.88944e-05 9.33152e-05 -1.65654e-09 -3.56899e-06 -7.16914e-07 -3.86923e-09 -1.94217e-06 -0.000400617 3.14694e-05 0 3.81845e-06 -9.03618e-06 -0.000338036 -0.000208255 0.000363801 -1.07505e-06 0.000403233 -5.86338e-08 -3.95123e-07 -6.77018e-05 -0.000409385 0 -5.05736e-09 -2.9868e-07 -1.46646e-06 -0.00040855 -0.00040231 -1.54023e-07 -3.76484e-07 -4.72297e-06 -8.91842e-08 1.79563e-05 -2.04822e-08 0.000400538 -8.18567e-07 0.000275597 0.000357486 -3.55519e-07 -1.78067e-06 -8.21627e-07 -0.000407025 -6.84625e-09 0 0.00036765 -3.00378e-10 -3.77704e-10 -2.36437e-10 8.7181e-08 -1.09341e-08 0.000138776 -9.46516e-06 0 -2.41952e-06 -1.45327e-08 -0.000404829 -1.02605e-10 -4.8013e-06 0 -8.25229e-05 
-4.33935e-08 2.40868e-05 -2.45796e-06 -0.000103665 1.14585e-06 6.40946e-05 -2.3516e-06 -3.77901e-06 -8.06805e-05 -4.90493e-07 0.00109829 -3.96918e-09 2.66846e-05 -1.3259e-06 -5.12386e-05 -0.000346219 -6.92977e-05 6.91145e-05 0.000231858 -3.97157e-07 -7.35197e-09 -4.65969e-05 -2.53104e-08 -2.52518e-09 3.03295e-05 -2.45481e-08 -1.72321e-06 -2.16234e-10 -7.26606e-07 1.17792e-05 -1.22707e-06 6.43923e-06 -5.7467e-09 -2.15271e-06 8.9054e-05 2.25521e-06 -8.32788e-07 2.81224e-05 3.80266e-07 -2.38224e-09 -9.04162e-07 2.34093e-06 -1.26886e-07 -4.0828e-09 1.37141e-05 5.52306e-06 -9.5363e-09 6.66576e-07 5.13571e-05 -5.24195e-05 0 0.000177896 -2.61793e-06 3.99455e-05 -0.000481948 -6.15531e-05 -2.08308e-06 -5.55848e-05 2.08234e-05 -9.73839e-07 -0.00016947 5.30263e-05 0 -1.24646e-08 -7.36142e-07 -3.60099e-06 4.92015e-05 6.228e-05 -3.39612e-07 1.19487e-05 -1.04538e-05 -2.19808e-07 -9.93798e-08 -5.04816e-08 -4.54178e-05 -2.01748e-06 -0.000118461 -5.50259e-05 -7.09563e-07 -4.57768e-06 -2.02502e-06 5.81021e-05 -1.68736e-08 0 -0.000153575 -7.40328e-10 -9.30907e-10 -5.82733e-10 -3.43783e-07 -2.69487e-08 -0.00031039 -1.63283e-05 0 -5.96328e-06 -3.58179e-08 5.00662e-05 -2.52884e-10 -8.42019e-06 0 1.29912e-06 
-1.42475e-10 -1.81892e-08 -4.66602e-08 3.03253e-06 -2.456e-11 -3.28768e-06 -7.72106e-09 6.05028e-07 1.2057e-06 -1.61045e-09 -3.96918e-09 3.60999e-06 -1.40704e-08 1.11711e-07 3.04219e-06 1.8003e-06 2.30365e-06 -3.15133e-06 -2.17241e-06 -1.30399e-09 -2.41389e-11 3.12112e-06 -8.31022e-11 -8.29097e-12 -2.8446e-08 -8.05993e-11 1.54342e-07 -7.09967e-13 -2.38568e-09 -9.27239e-09 -4.02887e-09 -2.5501e-07 -1.88683e-11 -7.08992e-09 -3.01041e-06 -1.77778e-09 -2.73431e-09 -2.08833e-07 -7.87124e-10 -7.82167e-12 -3.06715e-09 -7.19293e-10 -4.16606e-10 -1.34051e-11 9.82482e-08 -5.80144e-09 -3.13107e-11 -1.57165e-08 -3.31547e-06 1.64326e-06 0 -1.15633e-07 5.55299e-08 -2.73547e-06 -1.68525e-06 1.86213e-07 7.61648e-09 3.28601e-06 1.47626e-08 -3.19743e-09 -5.65716e-07 -3.31343e-06 0 -4.09254e-11 -2.41699e-09 -1.1867e-08 -3.3114e-06 -3.25618e-06 -1.24639e-09 -3.80187e-09 -3.82194e-08 -7.21699e-10 -3.26296e-10 -1.65747e-10 2.80806e-07 -6.62404e-09 2.1223e-06 3.27698e-06 -2.87694e-09 -1.503e-08 -6.6488e-09 -3.30021e-06 -5.54015e-11 0 2.97824e-06 -2.43073e-12 -3.05647e-12 -1.9133e-12 2.75538e-07 -8.84811e-11 1.94143e-06 -7.65943e-08 0 -1.95794e-08 -1.17602e-10 -1.71197e-06 -8.303e-13 6.0448e-07 0 4.26543e-09 
-1.53826e-07 -1.34217e-05 0.000208832 -0.000427777 -2.65169e-08 8.07674e-05 -5.12623e-06 0.000100223 -0.000310175 -1.73876e-06 2.66846e-05 -1.40704e-08 0.00388244 -4.77344e-06 -0.000149564 -0.00137814 -9.63321e-05 2.34408e-05 0.000956918 -1.40789e-06 -2.60621e-08 -1.56216e-05 1.4361e-07 -8.95155e-09 -2.58125e-05 1.69646e-07 -5.84197e-06 -7.66533e-10 -2.57576e-06 -1.00112e-05 7.33465e-07 -0.000123761 -2.03716e-08 -7.03814e-06 0.00035486 7.53908e-07 2.90945e-05 6.76127e-06 -8.49839e-07 -8.44486e-09 7.04847e-06 1.39006e-06 -4.49799e-07 -1.44732e-08 5.11794e-05 4.85963e-05 -3.38054e-08 0.000228358 3.95594e-05 -0.000190018 0 0.000402712 0.000128485 0.000568602 -0.00150298 -0.000221211 -1.65793e-06 -6.62962e-05 3.09418e-06 -3.45218e-06 -0.000600816 4.1766e-05 0 -4.41861e-08 4.99044e-06 -7.82914e-06 4.94089e-05 9.95158e-05 -3.69028e-07 7.74855e-06 -4.04445e-05 -4.69201e-07 -3.52293e-07 7.77136e-08 -0.00026009 2.97982e-05 -0.000348804 -0.000110385 -2.99616e-06 0.000197209 -7.17854e-06 5.17872e-05 -4.31489e-08 0 -0.000404198 -2.6244e-09 -3.29999e-09 -2.06574e-09 -1.21868e-06 -9.55308e-08 -0.00126942 -7.70869e-05 0 -1.8866e-05 -1.26972e-07 2.98284e-05 -8.96454e-10 5.05644e-05 0 3.64528e-06 
-5.41742e-08 -5.58954e-06 0.00108872 -7.49014e-05 2.50661e-07 -0.0012228 2.075e-07 7.70584e-06 -3.51982e-05 -5.95685e-07 -1.3259e-06 1.11711e-07 -4.77344e-06 0.00137077 0.000305595 -0.000268125 0.000210855 -0.0012512 0.000223352 0.000199788 5.74882e-08 0.000618806 3.5284e-06 -3.15253e-09 -1.08162e-05 3.64269e-06 1.49687e-05 -2.69956e-10 0.00065241 -3.38904e-06 2.83474e-06 -0.000132342 -7.17442e-09 0.000685941 -0.00113069 -6.75979e-07 4.51698e-06 -4.67462e-05 -2.99294e-07 4.00359e-07 2.40504e-05 3.6265e-06 -1.58409e-07 -5.09713e-09 0.00109787 -7.35923e-07 3.24761e-07 -5.72932e-06 -0.000548513 5.29837e-05 0 -0.000326208 0.00127853 -0.00103605 -0.000628613 6.11768e-05 0.000468689 0.000648103 5.1406e-05 0.000682821 -0.000214893 -0.00124277 0 2.37772e-07 -5.75697e-07 8.7344e-06 -0.00122802 -0.00101337 -4.73923e-07 2.57105e-06 -1.45224e-05 3.45583e-07 3.79893e-05 4.13103e-05 7.49085e-05 0.000790558 0.000292031 0.000539088 2.41161e-05 6.31702e-07 -1.67812e-06 -0.0006145 -2.10657e-08 0 0.000846582 -9.24255e-10 3.88378e-08 -7.27508e-10 6.01475e-05 -3.36438e-08 -0.000262785 -1.9304e-05 0 -5.1348e-06 -4.47166e-08 -0.00124657 -3.15711e-10 0.000887263 0 -0.000770325 
-2.63633e-06 -0.000334884 0.00184885 0.0291753 3.27888e-06 -0.0603363 -0.0001034 0.00637185 0.0105806 0.000413197 -5.12386e-05 3.04219e-06 -0.000149564 0.000305595 0.0623369 0.0346272 0.0557426 -0.0554084 -0.0420048 2.30111e-05 2.92334e-06 0.0576046 1.19623e-05 1.59918e-07 -0.000524189 1.04193e-06 0.00143663 -1.31371e-08 -4.40677e-05 0.00211554 -2.06464e-05 -0.000311308 -3.49136e-07 -0.000129828 -0.0546938 -2.97918e-06 2.2028e-05 -0.00321671 -1.45649e-05 1.32527e-06 0.000427856 0.00011739 9.99545e-05 2.48195e-06 0.00271913 0.000767124 -5.7937e-07 -0.000285946 -0.060845 0.0303945 0 0.0139191 0.0129984 -0.0506053 -0.0311753 0.0474071 -7.55503e-05 0.060573 4.14966e-05 -5.80548e-05 -0.0104648 -0.060995 0 1.32722e-07 -4.44304e-05 -0.000134038 -0.0609876 -0.0600772 -2.00664e-05 -4.59272e-06 -0.00070297 -8.5809e-06 7.77356e-05 -3.06697e-06 0.0440248 6.67429e-05 0.0430906 0.0602041 0.000474009 0.000123877 0.000829265 -0.0604759 -9.11809e-07 0 0.0549679 6.28355e-07 7.9011e-07 2.4793e-07 0.00027957 -1.59391e-06 0.0374335 -0.00129128 0 -0.000360868 -2.17609e-06 -0.0569897 1.34636e-07 -0.00048855 0 -0.00022058 
-1.0839e-05 -0.00179329 -0.000623391 0.0555788 2.53792e-06 -0.0397118 0.000863585 0.00459016 0.0241857 -0.000116178 -0.000346219 1.8003e-06 -0.00137814 -0.000268125 0.0346272 0.240314 0.033279 -0.0372274 -0.176945 1.21359e-05 -1.48857e-06 0.0358719 6.35563e-06 2.11038e-07 -0.00268643 -2.02594e-06 2.57789e-05 -1.89774e-08 -0.000263846 0.00140664 6.24579e-05 0.00200703 -1.70893e-06 -0.000633227 -0.0736922 -0.000143022 -0.000225891 0.0193921 -8.03505e-05 8.56577e-07 0.000289647 4.77285e-05 -3.5507e-05 1.7088e-06 -0.000187837 0.000814302 -3.45304e-06 -0.00169024 -0.0394233 0.0279642 0 0.0241185 0.0106713 -0.119223 -0.17016 0.0331396 -0.000881372 0.0426278 -0.000180251 -0.000349918 -0.0626143 -0.0390557 0 5.12409e-06 0.000133555 0.00113624 -0.0389952 -0.0437285 -6.00962e-05 -5.58041e-05 -0.00390995 0.000116397 -2.87242e-05 -1.74212e-05 0.0138325 -0.000722065 0.0305553 0.0443418 0.000254009 -0.0011135 0.000898597 -0.0374105 -3.53292e-06 0 0.0896889 4.02936e-07 4.63329e-07 3.17163e-07 -2.01534e-05 -9.69273e-06 0.169324 -0.00342969 0 -0.00212328 6.23453e-06 -0.0381149 5.76366e-08 -0.00284025 0 0.000341611 
-2.62325e-06 -0.000343827 0.00408557 0.0291372 9.55732e-07 -0.061576 -0.000124997 0.00767009 0.0132159 0.00041538 -6.92977e-05 2.30365e-06 -9.63321e-05 0.000210855 0.0557426 0.033279 0.0635844 -0.0572866 -0.0431826 4.05401e-05 6.36937e-08 0.0572209 5.15242e-06 1.09939e-07 -0.00053757 1.75973e-06 0.00137163 -1.34208e-08 -4.50974e-05 0.000428987 -2.33826e-05 -0.00285597 -3.56674e-07 -0.000128217 -0.0561752 -2.41061e-05 0.000559212 -0.000735966 -1.48793e-05 1.60881e-06 0.00016832 0.00010748 9.91281e-05 2.34326e-06 0.00454922 0.000775083 -5.91879e-07 -0.000294098 -0.0625843 0.0302697 0 0.016001 0.0181147 -0.0517093 -0.0318568 0.0473714 -0.000107056 0.0620707 -1.67674e-05 -5.85822e-05 -0.0106917 -0.062599 0 8.79705e-07 -4.56893e-05 -6.02929e-06 -0.0624887 -0.0615325 -2.1561e-05 6.09151e-05 -0.000719439 3.94744e-06 6.24219e-05 8.43485e-07 0.040217 0.00059899 0.0436968 0.0616836 0.000378033 0.00271421 0.000779858 -0.0623086 -9.33942e-07 0 0.0562778 -4.59491e-08 7.48889e-07 4.93832e-07 0.000223323 -1.62926e-06 0.0385293 -0.00142088 0 -0.00037008 -2.22307e-06 -0.058799 1.34305e-07 -0.000705518 0 -0.000168549 
2.83085e-06 0.000359554 -0.00780039 -0.0313893 -4.20328e-06 0.0656207 -0.000190896 -0.00954443 -0.0174265 -9.38506e-05 6.91145e-05 -3.15133e-06 2.34408e-05 -0.0012512 -0.0554084 -0.0372274 -0.0572866 0.0680989 0.0450559 -0.000297397 -1.01185e-06 -0.0618155 -1.6778e-05 -6.04525e-07 0.000576168 -1.39423e-05 -0.000918684 1.44553e-08 -0.000609626 -0.00125545 -0.00050438 0.00235619 3.84167e-07 -0.000563726 0.0608983 -2.71686e-06 -0.000346731 -0.00144298 1.60196e-05 -2.00741e-06 -0.000512538 -7.31849e-05 -3.49877e-05 -3.2204e-06 -0.00739774 -0.00121176 3.00835e-07 0.000316281 0.0659644 -0.034941 0 -0.0164236 -0.0234488 0.0556519 0.0342906 -0.0498671 -0.000352874 -0.0658928 -6.66715e-05 -0.000624726 0.0115137 0.0668718 0 -6.20674e-06 4.18711e-05 -0.000503879 0.0661819 0.065714 2.46171e-05 -0.000155609 0.000770558 -0.000181283 -4.56298e-05 -4.0622e-05 -0.0391583 -0.00133418 -0.0433399 -0.0655611 -0.000670624 -0.00329483 -0.0010084 0.0656563 1.01467e-06 0 -0.0599385 -6.23842e-07 -7.41102e-07 -4.91044e-07 -0.000221808 1.75818e-06 -0.0407138 0.00117534 0 0.000395569 2.39443e-06 0.0641768 -1.33095e-07 -0.000229829 0 0.00084651 
6.34895e-06 0.00157106 -0.00359736 -0.0690415 -3.13868e-06 0.0505747 -0.000728555 -0.00807565 -0.0447345 -0.000284586 0.000231858 -2.17241e-06 0.000956918 0.000223352 -0.0420048 -0.176945 -0.0431826 0.0450559 0.23076 -1.97423e-05 -1.8875e-06 -0.0458864 -1.38264e-05 -5.80235e-07 0.00126021 4.75309e-06 -0.000940433 1.10539e-08 0.000235997 -0.00161818 -0.000510578 0.00147264 1.15501e-06 0.000507807 0.0823719 0.000113191 -0.000348422 -0.0266991 6.73692e-05 -9.80536e-07 -0.000492124 -0.000102463 -7.26191e-05 -1.38841e-06 -0.00338147 -0.0010237 3.12026e-06 0.00139462 0.0498104 -0.0312337 0 -0.0333512 -0.0171866 0.125966 0.163157 -0.0377716 0.000845815 -0.0543728 0.000168144 0.000303694 0.0546576 0.049596 0 -5.65083e-06 -0.000131409 -0.00146431 0.0495134 0.0546392 -5.96473e-05 0.00011633 0.00331527 -0.000106962 -1.18208e-05 1.13047e-05 -0.0214741 -2.99356e-05 -0.0417591 -0.0541104 -0.000307451 -0.00259333 -0.000533861 0.0481402 3.32461e-06 0 -0.10657 -4.30064e-07 -5.40774e-07 -3.38516e-07 -0.000121487 8.75524e-06 -0.202038 0.0052522 0 0.00194353 -1.89703e-05 0.0474717 -1.46903e-07 0.00338893 0 -0.00015367 
-1.4256e-08 -1.82001e-06 0.000213798 8.49887e-05 -2.45748e-09 -0.000303062 5.90743e-06 -1.301e-07 8.58196e-05 -1.61141e-07 -3.97157e-07 -1.30399e-09 -1.40789e-06 0.000199788 2.30111e-05 1.21359e-05 4.05401e-05 -0.000297397 -1.97423e-05 0.000361086 -2.41534e-09 4.7896e-05 5.25018e-07 -8.29594e-10 -2.71964e-06 -8.06476e-09 -1.66124e-07 -7.10393e-11 0.000175895 -7.97796e-07 -2.66462e-07 -2.93964e-05 -1.88796e-09 0.000186707 -0.000289565 -1.67885e-07 3.76405e-07 9.53241e-05 -7.87597e-08 -7.82636e-10 3.02864e-05 8.38028e-07 1.21498e-06 -1.34132e-09 0.000186073 3.50617e-06 -3.13295e-09 1.45741e-06 -0.0001217 8.87254e-05 0 -0.000157794 0.000296822 -0.000273604 -0.000168626 4.56918e-05 1.66144e-05 0.000135788 2.24614e-06 0.00018595 -5.66055e-05 -0.000291279 0 -4.09499e-09 -2.41844e-07 5.92926e-06 -0.000277142 -0.000138987 -1.24714e-07 -2.90415e-07 -3.82423e-06 1.09779e-06 2.37068e-06 2.02934e-05 -6.0132e-06 0.000191114 -3.93642e-05 9.65042e-05 -2.87867e-07 -1.42723e-06 -6.65279e-07 -0.000128989 -5.54347e-09 0 8.12661e-05 -2.43219e-10 -3.0583e-10 -1.91445e-10 3.69706e-06 -8.85342e-09 3.91402e-06 -6.64403e-06 0 -1.95911e-06 -1.17672e-08 -0.000310377 -8.30798e-11 0.000188176 0 -0.000190087 
-2.639e-10 -3.36911e-08 7.4024e-07 -5.86227e-07 -4.54916e-11 -3.60632e-06 -1.43014e-08 1.04719e-06 -5.32769e-07 -2.98297e-09 -7.35197e-09 -2.41389e-11 -2.60621e-08 5.74882e-08 2.92334e-06 -1.48857e-06 6.36937e-08 -1.01185e-06 -1.8875e-06 -2.41534e-09 6.68662e-06 3.69246e-06 2.89985e-06 -1.5357e-11 -5.26895e-08 -1.49291e-10 -1.04798e-08 -1.31504e-12 -4.41891e-09 3.35283e-06 -7.46252e-09 -3.59887e-07 -3.4949e-11 -1.31324e-08 -2.6194e-06 -3.29292e-09 -5.06466e-09 4.96519e-07 -1.45796e-09 -1.44878e-11 2.96099e-06 -1.33232e-09 -7.71664e-10 -2.48298e-11 9.28346e-07 -1.07458e-08 -5.79957e-11 3.20889e-07 -3.65113e-06 1.60597e-06 0 -1.34321e-06 1.91562e-06 -3.27681e-06 -2.00152e-06 -3.9599e-07 -1.67633e-08 3.59655e-06 -3.5269e-09 -5.92247e-09 -1.04785e-06 -3.64734e-06 0 -7.58045e-11 -4.4769e-09 2.68019e-07 -3.64358e-06 -3.5413e-06 -2.30864e-09 -7.04206e-09 -7.07923e-08 -1.33678e-09 -6.04386e-10 -3.07007e-10 2.78051e-06 -1.22695e-08 -6.15659e-07 3.57982e-06 -5.32885e-09 6.25494e-07 2.07685e-07 -3.62286e-06 -1.02618e-10 0 3.06315e-06 -4.50236e-12 -5.66138e-12 -3.54393e-12 -2.09074e-09 -1.6389e-10 -1.817e-06 1.10479e-06 0 -3.62661e-08 -2.17829e-10 -3.66934e-06 -1.53793e-12 -5.52998e-08 0 -1.28766e-07 
-2.97596e-06 -0.000371592 0.00907775 0.0295581 3.97367e-06 -0.0682485 -7.21547e-05 0.0122346 0.0132777 0.000238355 -4.65969e-05 3.12112e-06 -1.56216e-05 0.000618806 0.0576046 0.0358719 0.0572209 -0.0618155 -0.0458864 4.7896e-05 3.69246e-06 0.0697186 1.93609e-05 6.00155e-07 -0.000593991 1.58498e-05 0.00144306 -1.48295e-08 3.50874e-06 0.00233309 0.00050056 -0.00288922 -3.94114e-07 -6.31117e-05 -0.06221 -3.56699e-06 0.000561643 0.00325554 -1.64412e-05 2.00329e-06 0.000505148 0.000117546 4.89047e-05 2.45e-06 0.00819836 0.00147956 -6.54008e-07 -0.00031145 -0.0689601 0.031429 0 0.0167001 0.0224196 -0.0571375 -0.0351955 0.0487899 -6.89504e-05 0.068601 0.000486684 1.02466e-05 -0.0118165 -0.0691519 0 3.54517e-06 -5.02619e-05 0.000848724 -0.0686336 -0.0680085 -2.56041e-05 0.000961308 -0.000794769 0.000152299 7.88244e-05 3.2846e-06 0.0420778 0.000720456 0.0445488 0.0681814 0.000718474 0.00381369 0.000709362 -0.0685641 -1.04387e-06 0 0.0621698 6.22561e-07 7.82824e-07 -3.99643e-08 0.000260913 -1.80483e-06 0.041328 -0.001523 0 -0.000408957 -2.45642e-06 -0.0654254 1.32657e-07 -0.000383957 0 -0.000279632 
-9.08523e-10 -1.15987e-07 2.29246e-06 -1.44792e-06 -1.56613e-10 -2.08147e-05 3.07076e-06 1.48197e-06 -7.50816e-07 -1.02694e-08 -2.53104e-08 -8.31022e-11 1.4361e-07 3.5284e-06 1.19623e-05 6.35563e-06 5.15242e-06 -1.6778e-05 -1.38264e-05 5.25018e-07 2.89985e-06 1.93609e-05 2.30195e-05 -5.28693e-11 -1.81393e-07 -5.1396e-10 1.47255e-07 -4.52727e-12 -1.52128e-08 2.93754e-06 -2.5691e-08 -2.31857e-06 -1.20318e-10 -4.52105e-08 -1.84399e-05 1.11997e-07 2.69231e-07 9.78499e-06 -5.01928e-09 -4.98767e-11 8.85711e-06 2.58208e-06 -2.65658e-09 -8.54809e-11 8.88627e-06 1.14301e-06 -1.9966e-10 -1.0022e-07 -2.09919e-05 7.53298e-06 0 5.96549e-06 1.76842e-05 -1.74434e-05 -1.07464e-05 5.16674e-06 -5.77106e-08 2.0804e-05 -1.2142e-08 -2.03891e-08 -3.60742e-06 -2.09789e-05 0 -2.6097e-10 -1.54125e-08 7.12766e-06 -2.06792e-05 -2.07638e-05 -7.94789e-09 2.7909e-07 -2.43715e-07 6.20646e-08 2.71253e-07 -1.05692e-09 8.27381e-06 7.4427e-08 3.0648e-06 2.01364e-05 -1.83455e-08 2.07491e-07 -4.23976e-08 -2.08946e-05 -3.5328e-10 0 1.89914e-05 -1.55001e-11 3.99805e-08 -1.22006e-11 -7.19774e-09 -5.6422e-10 2.6802e-06 -4.88421e-07 0 -1.24852e-07 -7.49915e-10 -2.04712e-05 -5.2946e-12 -1.3109e-07 0 -2.19467e-07 
-9.06418e-11 -1.15719e-08 4.30315e-07 1.03795e-07 -1.5625e-11 -5.68277e-07 -4.9121e-09 1.05935e-07 2.10343e-07 -1.02456e-09 -2.52518e-09 -8.29097e-12 -8.95155e-09 -3.15253e-09 1.59918e-07 2.11038e-07 1.09939e-07 -6.04525e-07 -5.80235e-07 -8.29594e-10 -1.5357e-11 6.00155e-07 -5.28693e-11 2.29666e-06 -1.14306e-08 -5.12769e-11 -3.5995e-09 -4.51678e-13 -1.51776e-09 -5.89906e-09 -2.56315e-09 -2.52889e-07 -1.20039e-11 -4.51058e-09 -6.41876e-07 -1.13102e-09 -1.73956e-09 4.37141e-07 -5.00765e-10 -4.97611e-12 -1.95131e-09 -4.57611e-10 -2.65043e-10 -8.52829e-12 7.51012e-07 -3.69085e-09 -1.99198e-11 -9.99875e-09 -5.85957e-07 -1.12441e-07 0 -1.11337e-07 3.82933e-07 -1.74029e-06 -1.07215e-06 -1.3601e-07 3.07576e-07 5.67211e-07 3.12122e-07 -2.03419e-09 -3.59906e-07 -5.84657e-07 0 -2.60365e-11 -1.53768e-09 -7.54972e-09 -5.83365e-07 -5.48233e-07 -7.92947e-10 -2.41873e-09 -2.4315e-08 -4.59142e-10 -2.07588e-10 -1.05448e-10 1.3147e-07 8.57858e-08 2.49411e-07 5.61464e-07 -1.8303e-09 3.43771e-07 -4.22994e-09 -5.76247e-07 -3.52462e-11 0 3.71411e-07 -1.54642e-12 -1.94451e-12 -1.21723e-12 -7.18106e-10 -5.62913e-11 7.09955e-07 6.79377e-08 0 -1.24563e-08 -7.48177e-11 -5.92211e-07 -5.28233e-13 2.88615e-07 0 -3.95302e-09 
-3.10989e-07 4.89973e-05 -8.42484e-05 -0.000744708 -5.36088e-08 0.000685146 -1.68533e-05 -0.000105333 -0.000349123 -3.51523e-06 3.03295e-05 -2.8446e-08 -2.58125e-05 -1.08162e-05 -0.000524189 -0.00268643 -0.00053757 0.000576168 0.00126021 -2.71964e-06 -5.26895e-08 -0.000593991 -1.81393e-07 -1.14306e-08 0.0078177 -1.75929e-07 -1.23498e-05 -1.54969e-09 -5.20739e-06 -2.02395e-05 -2.68742e-06 4.71776e-05 1.14548e-06 -1.1879e-05 0.0012045 -1.70715e-06 -5.71503e-06 -0.000380624 -1.52144e-06 -1.70729e-08 -6.63821e-06 -1.41338e-06 -9.09354e-07 -2.92603e-08 -7.65461e-05 -1.26632e-05 -6.8344e-08 -2.03387e-05 0.000642136 -0.000384561 0 0.000886562 -0.000264203 -0.000353844 -0.00326983 -0.000466344 -8.30445e-06 -0.000703526 -4.15622e-06 -4.22924e-06 -0.00120609 0.000647164 0 -8.93306e-08 8.20776e-05 -2.59028e-05 0.000629594 0.000770814 -2.32391e-06 -8.2586e-06 -7.6284e-05 -1.5753e-06 -7.12228e-07 -2.01787e-07 -0.000614877 -1.44587e-05 -0.000833151 -0.000723752 -6.27969e-06 -3.2807e-05 -1.35561e-05 0.000617579 -7.75952e-08 0 -0.0013754 -5.30573e-09 -6.67156e-09 -4.17629e-09 -2.4638e-06 -1.93134e-07 0.000266695 -4.69575e-05 0 -3.90505e-05 -2.06697e-07 0.000621244 -1.81235e-09 -7.59243e-05 0 -2.89462e-05 
-8.81159e-10 -1.12494e-07 1.38881e-05 -1.61825e-06 -1.51896e-10 -1.69299e-05 -4.77522e-08 1.26446e-05 -6.05573e-07 -9.96007e-09 -2.45481e-08 -8.05993e-11 1.69646e-07 3.64269e-06 1.04193e-06 -2.02594e-06 1.75973e-06 -1.39423e-05 4.75309e-06 -8.06476e-09 -1.49291e-10 1.58498e-05 -5.1396e-10 -5.12769e-11 -1.75929e-07 2.23262e-05 3.18341e-07 -4.39091e-12 2.86191e-06 -3.73467e-08 -2.49172e-08 -7.19395e-07 -1.16694e-10 -4.38488e-08 -1.50117e-05 -1.0995e-08 -1.69108e-08 2.65101e-07 -4.86811e-09 -4.83744e-11 -1.89693e-08 -4.44859e-09 -2.57657e-09 -8.29064e-11 1.48263e-05 2.07867e-08 -1.93647e-10 -9.72012e-08 -1.67551e-05 -1.9641e-07 0 5.44363e-06 1.38775e-05 -1.2918e-05 -1.03827e-05 1.27446e-06 3.57361e-07 1.58595e-05 5.23822e-06 -1.9775e-08 -3.4421e-06 -1.60291e-05 0 -2.5311e-10 -1.49483e-08 -7.33933e-08 -1.63399e-05 -1.56751e-05 -7.7085e-09 -2.35133e-08 -1.73041e-07 -4.46347e-09 -2.01803e-09 -1.02509e-09 -1.66462e-06 -4.09675e-08 1.64825e-05 1.65337e-05 9.57554e-06 -9.29556e-08 -4.11207e-08 -1.59474e-05 -3.4264e-10 0 4.58611e-06 -1.50333e-11 -1.89032e-11 -1.18331e-11 7.09686e-07 -5.47227e-10 -5.78828e-06 -4.73711e-07 0 -1.21092e-07 -7.27328e-10 -1.60626e-05 -5.13513e-12 1.58304e-06 0 -2.10029e-06 
-6.18549e-08 -7.89677e-06 0.000167473 0.000404751 -1.06627e-08 -0.00142699 -3.07207e-06 7.76851e-05 -0.000122098 1.39975e-05 -1.72321e-06 1.54342e-07 -5.84197e-06 1.49687e-05 0.00143663 2.57789e-05 0.00137163 -0.000918684 -0.000940433 -1.66124e-07 -1.04798e-08 0.00144306 1.47255e-07 -3.5995e-09 -1.23498e-05 3.18341e-07 0.00156481 -3.0823e-10 -1.03574e-06 -4.02558e-06 1.10042e-05 -0.000118935 -8.1916e-09 -3.07807e-06 -0.00128865 6.91516e-07 1.92624e-06 -7.80476e-05 -3.41728e-07 6.60425e-09 1.29507e-06 2.10044e-05 8.81247e-06 -5.8198e-09 0.000137488 9.7518e-05 -1.35935e-08 -6.82325e-06 -0.00143904 -1.45609e-05 0 0.00035387 0.000287556 -0.0011876 -0.000731644 0.000413998 3.26422e-06 0.00142642 1.09667e-06 -1.38815e-06 -0.000245604 -0.00143852 0 -1.77676e-08 -1.04933e-06 -4.66867e-06 -0.00143763 -0.00141366 -5.41116e-07 -3.33904e-07 -1.65061e-05 -3.13323e-07 6.59167e-06 -7.19586e-08 0.00103076 -5.49138e-07 0.00137993 0.00142235 2.82777e-05 -4.25189e-06 1.63168e-05 -0.00143257 -2.40524e-08 0 0.00128976 -1.0553e-09 -1.32696e-09 -8.30653e-10 6.41e-05 -3.84138e-08 0.000804374 -2.75132e-05 0 -8.50032e-06 -5.10564e-08 -0.00097069 -3.60472e-10 7.54198e-06 0 -1.97382e-05 
-7.76178e-12 -9.90915e-10 -2.54197e-09 -2.16537e-08 -1.33799e-12 1.75593e-08 -4.2063e-10 -2.63159e-09 -1.56697e-08 -8.77343e-11 -2.16234e-10 -7.09967e-13 -7.66533e-10 -2.69956e-10 -1.31371e-08 -1.89774e-08 -1.34208e-08 1.44553e-08 1.10539e-08 -7.10393e-11 -1.31504e-12 -1.48295e-08 -4.52727e-12 -4.51678e-13 -1.54969e-09 -4.39091e-12 -3.0823e-10 1.96667e-07 -1.29968e-10 -5.05144e-10 -2.19486e-10 1.17981e-09 -1.02791e-12 -3.86247e-10 3.26647e-08 -9.68505e-11 -1.48961e-10 -1.13769e-08 -4.28812e-11 -4.26111e-13 -1.67093e-10 -3.91858e-11 -2.2696e-11 -7.30289e-13 -1.91138e-09 -3.16053e-10 -1.70576e-12 -8.56206e-10 1.60453e-08 -9.62847e-09 0 -7.94081e-08 -6.59933e-09 -1.23571e-08 4.48574e-08 -1.16468e-08 -4.93039e-10 -1.76505e-08 -1.03732e-10 -1.7419e-10 1.05847e-07 1.61566e-08 0 -2.22954e-12 -1.31674e-10 -6.46493e-10 1.62673e-08 1.92756e-08 -6.79011e-11 -2.0712e-10 -2.08213e-09 -3.93169e-11 -1.7776e-11 -9.02962e-12 -1.55732e-08 -3.60866e-10 -2.20292e-08 -1.81426e-08 -1.56731e-10 -8.18809e-10 -3.62215e-10 -1.1979e-07 -3.01818e-12 0 -3.44172e-08 -1.32422e-13 -1.66511e-13 -1.04233e-13 -6.14924e-11 -4.8203e-12 -2.36372e-08 -4.17273e-09 0 -1.06665e-09 -6.40674e-12 1.55097e-08 -4.52333e-14 -2.11666e-09 0 2.32373e-10 
-2.60817e-08 -3.32974e-06 0.000649438 -7.27625e-05 2.55504e-07 -0.000599776 -1.40343e-06 -5.13953e-06 -5.12477e-05 -2.94811e-07 -7.26606e-07 -2.38568e-09 -2.57576e-06 0.00065241 -4.40677e-05 -0.000263846 -4.50974e-05 -0.000609626 0.000235997 0.000175895 -4.41891e-09 3.50874e-06 -1.52128e-08 -1.51776e-09 -5.20739e-06 2.86191e-06 -1.03574e-06 -1.29968e-10 0.000660417 -1.69742e-06 -7.37532e-07 -1.04355e-05 -3.45406e-09 0.000649145 -0.000550144 -3.25444e-07 -5.00548e-07 -3.72361e-05 -1.44092e-07 -1.43185e-09 -5.61479e-07 -1.31675e-07 -7.62647e-08 -2.45397e-09 0.000626501 -1.06202e-06 3.30935e-07 -2.85042e-06 4.74832e-05 -3.23543e-05 0 -0.000461146 0.000635548 -0.000496893 -0.000303241 -3.91363e-05 0.00041801 1.61394e-05 -3.48569e-07 0.000647791 -0.000103561 -0.000604159 0 -7.49187e-09 -9.91256e-08 9.40428e-06 -0.000598158 -0.000386239 -2.28166e-07 -4.12644e-07 -6.99651e-06 -1.32116e-07 -3.6399e-08 3.86397e-05 -5.23068e-05 0.000648627 -4.08074e-05 -5.28008e-05 3.96668e-06 -2.61809e-06 -1.21714e-06 4.71707e-06 -1.01419e-08 0 0.000271129 -4.44975e-10 -5.59522e-10 -3.50252e-10 -2.06631e-07 -1.61975e-08 -0.00027769 -1.24582e-05 0 -1.12423e-06 -2.15284e-08 -0.000606333 -1.51996e-10 0.000644867 0 -0.000650226 
-1.01371e-07 -1.28717e-05 5.39711e-05 0.00188252 2.64253e-06 -0.00233178 -5.4369e-06 0.000965211 0.00157121 2.22175e-05 1.17792e-05 -9.27239e-09 -1.00112e-05 -3.38904e-06 0.00211554 0.00140664 0.000428987 -0.00125545 -0.00161818 -7.97796e-07 3.35283e-06 0.00233309 2.93754e-06 -5.89906e-09 -2.02395e-05 -3.73467e-08 -4.02558e-06 -5.05144e-10 -1.69742e-06 0.00256193 -2.35989e-06 1.21353e-05 -1.34249e-08 -5.04451e-06 -0.00196132 -1.28232e-07 -1.94547e-06 -0.000131762 -5.60042e-07 -5.56515e-09 5.43044e-05 1.15822e-06 7.71358e-06 3.79553e-09 4.22068e-05 -3.07775e-06 -2.22777e-08 -1.11823e-05 -0.00234812 0.00188377 0 -0.00123108 -3.3726e-05 -0.00194619 -0.00119906 0.00172819 -6.34924e-06 0.00231886 2.10552e-05 -2.27498e-06 -0.000402509 -0.00234775 0 -2.91186e-08 -1.7197e-06 -6.3134e-06 -0.00234769 -0.00230775 -6.36811e-07 -1.75171e-06 -2.71932e-05 1.62898e-05 8.58784e-06 -1.1793e-07 0.00124961 -4.61303e-06 -0.000123162 0.00230289 -5.33622e-07 -1.03306e-05 5.48602e-06 -0.00232193 -3.94184e-08 0 0.00211354 -1.72948e-09 -2.17469e-09 -1.36132e-09 -6.53111e-07 -6.29547e-08 0.0013876 -5.11105e-05 0 -1.39308e-05 -8.36741e-08 -0.00235433 -5.90762e-10 -2.13009e-05 0 -2.16251e-05 
-4.4046e-08 -3.96318e-06 6.23417e-05 -0.000120646 -7.59272e-09 -0.000376743 9.31637e-06 5.71831e-05 -5.59512e-05 -4.97868e-07 -1.22707e-06 -4.02887e-09 7.33465e-07 2.83474e-06 -2.06464e-05 6.24579e-05 -2.33826e-05 -0.00050438 -0.000510578 -2.66462e-07 -7.46252e-09 0.00050056 -2.5691e-08 -2.56315e-09 -2.68742e-06 -2.49172e-08 1.10042e-05 -2.19486e-10 -7.37532e-07 -2.35989e-06 0.00111478 -3.81849e-05 -5.83312e-09 -9.51846e-07 -0.000408733 -5.496e-07 5.11469e-06 0.000487306 -2.03339e-07 -2.41807e-09 3.70846e-06 1.64298e-07 -1.28794e-07 -4.14419e-09 5.68301e-05 0.000172836 -9.6797e-09 -4.85874e-06 -0.000497107 -4.9719e-05 0 0.000292123 0.000547221 -0.000319933 -0.000513226 0.000338104 1.08421e-05 0.000491498 -5.88654e-07 -9.88483e-07 -0.000173914 -0.000494685 0 -1.26521e-08 -7.47212e-07 0.000323698 -8.56676e-05 -0.000482169 -2.85321e-07 2.60465e-06 -1.09322e-05 -2.23113e-07 -1.00874e-07 -5.12407e-08 -8.77803e-05 -2.44485e-07 -6.7293e-05 0.000481496 2.33928e-07 2.60035e-05 -2.05547e-06 -0.000502696 -1.71273e-08 0 0.000382289 -7.5146e-10 -9.44905e-10 -5.91496e-10 3.1001e-05 -2.73539e-08 0.000437145 -2.10558e-05 0 -6.05295e-06 -3.63565e-08 -0.000496473 -2.56687e-10 -1.10448e-05 0 -8.48801e-06 
-7.56572e-07 2.92763e-05 -0.00308274 0.000221901 4.08133e-08 0.00300048 1.18173e-05 -0.0021228 -0.00115158 -4.79871e-05 6.43923e-06 -2.5501e-07 -0.000123761 -0.000132342 -0.000311308 0.00200703 -0.00285597 0.00235619 0.00147264 -2.93964e-05 -3.59887e-07 -0.00288922 -2.31857e-06 -2.52889e-07 4.71776e-05 -7.19395e-07 -0.000118935 1.17981e-09 -1.04355e-05 1.21353e-05 -3.81849e-05 0.00596303 3.13548e-08 -4.55348e-05 0.003498 2.89761e-06 -0.00064212 -0.00313974 1.30802e-06 -1.12367e-06 -1.85264e-05 -5.1848e-05 -2.46777e-05 2.22763e-08 -0.00228823 -0.000136409 -6.46352e-08 3.25724e-06 0.00293233 0.000215032 0 -0.000446563 -0.00319666 0.0020736 0.000447108 0.000290923 -5.30806e-05 -0.00294092 -9.90913e-06 -1.00733e-05 -0.00138053 0.00294089 0 -5.71991e-07 3.95317e-06 -3.54897e-05 0.00289411 0.00348022 2.07122e-06 -6.87088e-05 -0.00155462 6.59303e-07 -4.96111e-05 -5.47457e-06 -6.34106e-05 -0.000754326 -0.000896587 -0.00272051 -1.63917e-06 -0.00290624 3.11216e-06 0.00325194 9.20649e-08 0 -0.00247179 4.03934e-09 5.07916e-09 3.17948e-09 -0.000147451 1.47036e-07 -0.000806043 0.000126083 0 -0.000467477 -7.12388e-08 0.00286866 1.37977e-09 7.00544e-06 0 8.37118e-05 
-2.06279e-10 -2.63348e-08 -6.75561e-08 -2.22142e-07 -3.55588e-11 4.6666e-07 -1.11788e-08 -6.99379e-08 -4.97749e-08 -2.33165e-09 -5.7467e-09 -1.88683e-11 -2.03716e-08 -7.17442e-09 -3.49136e-07 -1.70893e-06 -3.56674e-07 3.84167e-07 1.15501e-06 -1.88796e-09 -3.4949e-11 -3.94114e-07 -1.20318e-10 -1.20039e-11 1.14548e-06 -1.16694e-10 -8.1916e-09 -1.02791e-12 -3.45406e-09 -1.34249e-08 -5.83312e-09 3.13548e-08 5.22664e-06 -1.0265e-08 4.14398e-08 -2.57392e-09 -3.95882e-09 -3.02355e-07 -1.13962e-09 -1.13244e-11 -4.44072e-09 -1.04141e-09 -6.03175e-10 -1.94084e-11 -5.07974e-08 -8.3995e-09 -4.53326e-11 -2.27548e-08 4.26424e-07 9.74444e-08 0 -1.84828e-06 -1.75385e-07 -5.20495e-07 -1.17328e-06 -3.09527e-07 -1.31031e-08 -4.69086e-07 -2.75682e-09 -4.62933e-09 -8.1906e-07 4.29383e-07 0 -5.9253e-11 -3.49939e-09 -1.71814e-08 7.89905e-08 5.12274e-07 -1.80456e-09 -5.50446e-09 -5.53351e-08 -1.0449e-09 -4.72421e-10 -2.39974e-10 -4.13877e-07 -9.59048e-09 3.45462e-08 -4.82163e-07 -4.16532e-09 -2.17609e-08 -9.62634e-09 3.38521e-07 -8.02119e-11 0 -8.91347e-07 -3.51929e-12 -4.42524e-12 -2.77013e-12 -1.63424e-09 -1.28106e-10 2.07236e-07 2.22438e-07 0 -2.83476e-08 -1.70267e-10 4.1219e-07 -1.20213e-12 -5.62529e-08 0 -1.37158e-07 
