0.23198 -0.224228 -0.00086956 0.132801 0.0385466 0.0506356 0.224669 -0.000327228 -0.0354117 0.00167023 0.000149409 0.000680229 -3.88195e-06 7.62991e-05 -0.0288153 0.00809283 0.0068291 -6.0083e-05 3.33101e-05 -0.000317626 0.0569204 -0.21135 -6.30985e-05 -0.000258361 -0.228219 -0.00122435 -0.0230309 0.192861 -0.00152334 0.00125874 -0.000120523 -0.00823062 -0.00396349 4.07828e-07 -0.000740648 -1.61152e-05 -0.217245 7.97362e-06 -0.145228 5.24701e-06 -0.00174411 0 -8.66791e-08 -0.0146756 -0.0177342 -1.48784e-05 0.101739 1.91737e-06 -0.000247766 -0.000213019 -0.000447304 0.20105 -0.203482 -0.000716299 1.99762e-06 -0.223737 -4.14465e-06 0.157 0.0119145 0.000275188 -0.000761828 -0.000293946 0.0268717 -0.223742 2.17251e-05 0.000160521 7.59904e-05 -3.87803e-06 -0.107689 -0.000879697 -7.92825e-05 0.123747 -1.87504e-06 9.25059e-06 0 -6.28335e-07 -7.17724e-06 0.164649 -0.0137403 0.192442 0.0425426 0.224636 6.38347e-05 -3.22111e-06 0.000185922 0.00839399 0.0132152 -0.221227 -0.198995 -0.0222314 0.00737105 0.0061046 -0.00343167 -0.000197338 -1.80347e-05 0.00075586 -5.89021e-05 -0.00246452 0.149816 0.00982715 
-0.224228 0.229606 0.000803341 -0.126186 -0.0376689 -0.0450244 -0.227177 -0.000421876 0.034635 -0.00189718 -0.000146102 -0.00908764 7.80069e-06 -5.93701e-05 0.0293465 -0.00800073 -0.00681401 1.30453e-05 -3.33869e-05 0.000321731 -0.0557751 0.215459 3.33896e-05 9.20655e-05 0.225768 0.00122871 0.0233104 -0.190054 0.00128719 -0.00319185 1.53824e-05 0.00832724 0.00128403 -1.7874e-06 -0.00712438 9.39822e-06 0.218381 -7.7868e-06 0.149286 -9.7038e-06 -0.00781087 0 -4.88163e-08 0.00591596 0.0172893 -1.10551e-05 -0.0993893 -2.33157e-06 -0.000133589 0.000148382 -0.000166448 -0.205069 0.207025 0.000724605 -1.9498e-06 0.228188 -1.08507e-06 -0.15326 -0.0121208 -0.000300804 -0.00147781 0.0001223 -0.0265037 0.228143 -4.5607e-05 -0.000223872 -7.97861e-05 3.93727e-06 0.108728 0.000893791 5.27374e-05 -0.12098 1.36722e-06 -9.1608e-06 0 2.09933e-07 5.29085e-06 -0.166917 0.0136338 -0.197507 -0.0459134 -0.219598 -6.31238e-05 8.69464e-06 -0.000183157 -0.00815281 -0.0216206 0.225805 0.204045 0.0203988 -0.0072011 -0.00600974 -0.00338203 0.000145307 1.74612e-05 -0.000737542 3.31251e-05 0.00221927 -0.145389 -0.00959104 
-0.00086956 0.000803341 0.00136968 -0.000709644 -0.00016788 -0.000834299 -0.00086155 -8.88622e-07 0.000132603 1.88091e-06 -5.66616e-07 -2.51358e-05 1.68124e-06 -0.000462849 -8.88782e-05 -0.000307049 -2.62709e-05 4.23337e-07 5.37086e-08 0.000205856 -0.000215451 0.000817799 -1.61812e-07 -6.68047e-07 0.000851886 0.000353365 0.000822629 -0.000732901 2.71264e-05 -1.22627e-05 -3.01342e-07 2.54905e-05 7.24043e-05 -7.00412e-09 -1.61395e-05 -4.90288e-08 0.000812512 -2.99001e-08 8.88548e-05 -3.8925e-08 6.43853e-05 0 -1.87447e-10 -3.2294e-05 -2.50755e-05 -4.26419e-08 -0.000381254 -6.2813e-08 4.43908e-05 1.49585e-06 7.88403e-05 -0.000776567 0.000788355 7.42431e-06 -7.65332e-09 0.00078068 3.26835e-06 -0.000589552 4.01213e-06 -1.93774e-06 -3.18651e-06 2.12767e-05 -9.73968e-05 0.000783266 -2.115e-07 -8.67925e-07 -3.06366e-07 -9.48207e-09 -0.000223866 0.000621732 7.83649e-06 -0.000472489 1.42315e-07 -3.5176e-08 0 -1.85618e-09 7.56062e-06 -0.000783097 1.8894e-05 -0.000664451 -0.000173083 -0.000843189 -2.48747e-07 3.30492e-07 -7.10397e-07 1.29297e-05 -7.32361e-05 0.000771719 0.000672973 7.86795e-05 -2.76512e-05 -2.30378e-05 -3.56077e-05 2.64991e-06 -4.42558e-08 1.22931e-06 9.99227e-06 -5.35785e-06 -0.00056466 -3.95324e-05 
0.132801 -0.126186 -0.000709644 0.173328 0.0269417 -0.00751913 0.126272 -0.000510286 -0.0215792 -0.000453706 9.05274e-05 -0.00934799 -1.36416e-05 0.00021144 0.0154484 0.00717096 0.00411806 -7.36343e-05 2.14306e-05 -0.000383897 0.0347427 -0.119402 -6.65691e-05 -0.00032547 -0.129713 -0.00139581 -0.027634 0.110263 -0.00549981 -0.00620921 -0.000114406 -0.00987767 -0.000265298 -3.92069e-06 -0.0105162 -1.86615e-05 -0.127568 1.97363e-06 -0.0667396 4.84498e-06 -0.00719115 0 -1.06176e-07 -0.0128413 -0.0202717 -1.29704e-05 0.0606809 -2.95932e-06 -2.09991e-05 -0.000146663 -0.000175645 0.111593 -0.113865 -0.000774968 1.17825e-06 -0.125245 -4.65631e-06 0.095612 0.00753458 0.000143002 -0.00128034 -0.000380789 0.0147523 -0.125295 -3.80935e-05 0.000137983 3.34877e-05 -4.36095e-06 -0.122416 -0.00102915 8.56057e-06 0.0734924 -2.98774e-06 5.69184e-06 0 -8.21401e-07 -1.2997e-06 0.128146 -0.0166456 0.106168 0.0228812 0.135614 -9.52813e-06 -7.07727e-05 0.000114495 0.00120243 -0.00232127 -0.123736 -0.110519 -0.0276733 0.00448732 0.00373788 -0.00968521 -0.000190026 -2.27612e-05 0.000449492 -7.22651e-05 -0.00133889 0.0911295 0.00607113 
0.0385466 -0.0376689 -0.00016788 0.0269417 0.10773 -0.0567285 0.0363028 -0.000105256 -0.0148713 0.000636464 -4.79563e-05 -0.000452757 -6.1811e-06 -0.000137511 0.00680827 0.00103955 0.0153899 -1.15069e-05 1.88958e-05 -6.14517e-05 0.0906191 -0.0290336 -1.44525e-05 -4.35755e-05 -0.0382731 -0.000220103 -0.00447781 0.0250214 -0.00112513 -0.000766362 -2.66096e-05 -0.00158172 -1.95104e-05 -6.27168e-07 -0.00233814 6.49823e-07 -0.0364089 1.5886e-05 -0.0179433 5.76455e-06 -0.00268583 0 -1.67845e-08 -0.00372242 -0.0033541 5.23173e-06 -0.0236453 -5.38445e-06 -4.82813e-05 -4.11858e-05 -8.74457e-05 0.020575 -0.0388907 -0.000135317 -6.18633e-07 -0.037332 -5.71534e-07 -0.00322415 -0.00409747 0.000600156 -0.000519249 2.57267e-05 0.0180037 -0.0370672 4.72784e-05 0.000547984 0.000174174 -4.22385e-07 -0.0205824 -0.000159472 -1.37018e-05 -0.0381145 1.58673e-06 2.11602e-05 0 -1.66208e-07 -9.86919e-07 0.0240592 -0.00265621 0.0145814 0.00508944 0.0351603 -2.22368e-05 -8.65123e-05 0.000141879 -0.00464488 -0.00319368 -0.0356493 0.00115128 -0.00441117 0.0142692 0.0142849 -0.0029738 -3.82064e-05 -3.96279e-06 0.000984579 -2.71949e-06 -0.000391241 0.0140753 -0.00254169 
0.0506356 -0.0450244 -0.000834299 -0.00751913 -0.0567285 0.230708 0.0472654 -0.000754752 -0.0235607 -0.00344606 0.000131658 -0.0177736 -1.01286e-05 0.00084717 -0.0452646 -0.000288915 -0.0121644 -5.63945e-05 1.8779e-06 -0.000265889 -0.072519 -0.0611537 9.22521e-06 -0.000261304 -0.0483732 -0.00125407 -0.00419158 0.0480926 -0.00481054 -0.00644358 -8.78663e-05 -0.00663641 -0.00503258 -3.26263e-06 -0.0119894 -6.24839e-06 -0.0383343 -1.18446e-05 -0.0833198 -1.54052e-05 -0.0129605 0 -8.73158e-08 -0.0130931 -0.00773568 -1.98633e-05 0.0463038 6.97371e-07 -0.00024947 -3.50807e-05 -0.000456304 0.042332 -0.037814 -7.23903e-05 1.73496e-06 -0.0448686 -5.29554e-06 0.116014 0.00840472 -0.000463046 -0.00221471 -0.000349948 -0.0410089 -0.0451962 -3.02732e-05 -0.000387937 -0.00013762 1.4131e-06 0.0164921 -0.000774835 -6.19717e-05 0.108828 -1.57913e-06 -1.63855e-05 0 -6.34639e-07 -6.42508e-06 0.0143247 -0.00277421 0.035066 0.0117661 0.062367 -8.14935e-05 0.000210072 -0.000159551 -0.0228972 -0.0280542 -0.0461454 -0.0613066 0.00878641 -0.0106364 -0.00883672 -0.00432339 -0.000106797 -1.00184e-05 -0.000282318 4.59894e-06 -0.00186913 0.0948706 0.0101149 
0.224669 -0.227177 -0.00086155 0.126272 0.0363028 0.0472654 0.230627 0.000341722 -0.0348397 0.00179963 0.000147419 0.00876836 -1.71904e-05 0.000100724 -0.0302871 0.00845072 0.00558535 -5.9762e-05 1.91437e-06 -0.000320104 0.0541928 -0.216316 -7.0459e-05 -0.000260298 -0.225706 -0.00125839 -0.0232108 0.192791 -0.00101254 0.0027233 -0.000108137 -0.00832446 -0.00180987 1.26256e-06 0.00613548 -1.35187e-05 -0.217868 7.86576e-06 -0.149882 -6.28341e-06 0.00659427 0 -8.73553e-08 -0.007688 -0.0177104 -2.51227e-06 0.10036 1.56411e-06 -0.000247337 -0.000214268 -0.000380136 0.207233 -0.206348 -0.000721487 1.97001e-06 -0.228144 -2.5187e-06 0.154095 0.011726 -0.000264466 0.00103402 -0.000298832 0.026748 -0.228365 3.81721e-05 -0.000185717 -8.37151e-06 -4.3389e-06 -0.109147 -0.000889048 -8.19985e-05 0.122169 -2.16146e-06 6.57369e-06 0 -2.05031e-07 -7.47847e-06 0.166922 -0.0138449 0.198778 0.0456711 0.221399 6.13607e-05 -6.37428e-06 -0.000143407 0.00825346 0.0214699 -0.225981 -0.20433 -0.0215071 0.00680664 0.00515435 0.00313203 -0.00019888 -1.8241e-05 0.000197592 -7.08346e-05 -0.0023269 0.144879 0.00963232 
-0.000327228 -0.000421876 -8.88622e-07 -0.000510286 -0.000105256 -0.000754752 0.000341722 0.00118359 9.97694e-05 3.18012e-05 9.50461e-07 0.000760317 -1.02608e-07 -2.57663e-05 -8.24193e-05 1.60247e-05 -2.22078e-05 -1.12313e-07 -1.23512e-07 -5.93443e-07 -0.000164567 -0.000438449 -1.39801e-07 2.19494e-07 9.61208e-05 -1.90037e-06 -4.32827e-05 -0.000360908 1.12962e-05 0.000270625 2.9393e-05 -1.54329e-05 0.00026222 1.97282e-07 0.000705661 5.54307e-07 -0.000362467 -2.58328e-08 -0.000398572 -3.363e-08 0.000928984 0 -1.61949e-10 0.000698141 4.37488e-05 -3.68413e-08 1.80791e-05 -5.42686e-08 1.80815e-07 -3.98129e-07 5.25899e-06 0.000363966 -6.54665e-05 -1.33831e-06 -6.61224e-09 -0.000422531 -1.2944e-08 -0.000508505 -3.54567e-05 -1.67415e-06 1.17794e-05 -9.18683e-07 0.000260881 -0.000422394 -1.39396e-07 -7.49862e-07 1.81864e-06 -8.19223e-09 -0.000195957 -1.64876e-06 -1.37636e-07 -0.000386592 -9.51942e-09 -3.0391e-08 0 -1.60369e-09 -1.38644e-08 0.000353197 -2.44171e-05 0.000519749 -0.000101118 -0.00051547 -2.1491e-07 -6.55971e-07 -6.13762e-07 0.000191036 0.00076231 -0.000423496 -0.000499214 -3.71576e-06 -2.20899e-05 -2.00623e-05 0.000248534 -3.68706e-07 4.75098e-07 -2.52051e-06 -1.50675e-07 -4.5721e-07 -0.000488017 -3.45407e-05 
-0.0354117 0.034635 0.000132603 -0.0215792 -0.0148713 -0.0235607 -0.0348397 9.97694e-05 0.0876015 0.000510269 2.5551e-05 0.00279444 -2.96796e-05 -4.35878e-05 -0.00101359 -0.00126495 -0.00525965 9.19489e-06 -2.17217e-05 4.85841e-05 -0.014268 0.0359981 1.07553e-05 1.95388e-05 0.0350239 0.000191329 0.00341993 -0.0365956 0.000912245 0.000984393 1.89144e-05 0.00126187 0.000759594 4.95413e-07 0.00206091 1.71224e-07 0.0332861 -9.35178e-06 0.0143611 -1.79534e-05 -0.000391482 0 1.32584e-08 0.00300507 0.00268419 1.3828e-06 0.0159293 -1.21405e-05 3.55051e-05 3.23374e-05 6.85336e-05 -0.0260834 0.0296482 0.000109565 -4.272e-06 0.0346165 1.05971e-06 -0.052758 -0.00141574 -0.000557284 -0.000147858 5.57943e-05 0.00543223 0.0346433 1.33531e-05 -2.32835e-05 4.75312e-06 6.64016e-07 0.0166466 0.000132571 1.28612e-05 -0.025252 3.96004e-07 -1.6194e-07 0 1.07958e-07 1.13505e-06 -0.0158176 0.00210186 -0.0174581 -0.0176064 -0.0368227 1.86094e-06 -0.000347945 -7.07424e-05 0.00363289 0.00527124 0.0343904 0.0218216 0.00350904 -0.00947817 -0.00933577 -0.00578038 3.01853e-05 1.70362e-06 -0.000481447 5.53552e-06 0.00037565 -0.0524136 -0.00733841 
0.00167023 -0.00189718 1.88091e-06 -0.000453706 0.000636464 -0.00344606 0.00179963 3.18012e-05 0.000510269 0.00542083 -1.67171e-06 0.00153257 -4.71962e-07 -5.82104e-05 -0.000359239 3.46311e-05 -8.92376e-05 -3.46602e-07 -3.74776e-07 4.10373e-07 0.000993175 -0.00143669 -6.43036e-07 1.35085e-05 -0.00172106 2.80044e-06 -0.000197528 -0.00201211 0.000593312 0.000807749 3.36248e-06 -5.48994e-05 0.000380328 6.88326e-08 0.00209506 1.43849e-06 -0.00181144 3.97845e-07 -0.00178357 -1.54686e-07 0.00386079 0 -7.44906e-10 0.000541656 -6.77738e-05 2.90543e-07 0.0011927 -2.49616e-07 1.12739e-05 -1.28459e-06 3.85277e-05 0.00188136 -0.000882745 -2.13909e-06 -3.0414e-08 -0.0018977 1.3738e-06 -0.00187076 -3.95097e-05 -4.94383e-06 0.000130186 -4.12228e-06 0.00233418 -0.00189527 3.87284e-06 9.60424e-06 2.04958e-05 -3.76814e-08 -0.000878749 -6.06036e-06 -6.22401e-07 -0.00184435 1.72881e-07 7.42688e-06 0 -7.37639e-09 -6.37712e-08 0.00159537 -0.00011088 0.00232004 5.23842e-05 -0.00121807 -8.28509e-07 -3.80849e-06 -2.64309e-06 -0.000236885 0.00242004 -0.00189165 -0.002016 -0.000168348 -8.05549e-05 -8.92197e-05 -0.000141902 -6.39249e-07 -1.75871e-07 2.26657e-06 4.26028e-06 -2.07415e-05 -0.00209787 -0.000156975 
0.000149409 -0.000146102 -5.66616e-07 9.05274e-05 -4.79563e-05 0.000131658 0.000147419 9.50461e-07 2.5551e-05 -1.67171e-06 0.000412946 -1.16747e-05 -3.57718e-08 -3.17858e-07 -2.85382e-05 4.14659e-06 -7.70058e-06 -3.91552e-08 -4.30592e-08 1.00978e-06 -6.44632e-05 -0.000150333 1.31262e-07 1.88783e-07 -0.000148404 -8.1475e-07 -1.50894e-05 -2.62941e-05 -3.89664e-06 -4.20156e-06 -9.07645e-08 -5.3803e-06 -2.6518e-06 -2.10965e-09 -8.89532e-06 -1.47675e-08 -0.000140183 -9.00594e-09 -0.000129889 -1.17243e-08 -6.95411e-06 0 -5.64593e-11 -1.20673e-05 -1.17375e-05 -1.28438e-08 0.000280892 -1.89194e-08 -1.62407e-07 -1.38798e-07 -2.77143e-07 9.30139e-06 -0.000163263 -4.66568e-07 -2.30519e-09 -0.000145833 -4.51261e-09 -9.45771e-05 9.06257e-05 -5.8365e-07 -8.41619e-07 3.29724e-07 -2.16091e-05 -0.000145967 1.12963e-07 -2.6142e-07 -9.22779e-08 -2.85601e-09 -6.91644e-05 -5.74797e-07 -5.728e-08 -3.5145e-05 -3.3187e-09 -1.05951e-08 0 -5.59085e-10 -4.83347e-09 0.000120622 -7.31049e-06 0.000157017 8.18882e-05 0.000154232 -7.49228e-08 -3.03061e-07 -1.27306e-07 -1.83998e-05 -2.05514e-05 -0.000147655 -0.000170384 -1.49552e-05 -7.57859e-06 -6.99423e-06 -1.18656e-05 9.47935e-08 -1.33299e-08 -5.5871e-07 1.27471e-07 -1.56447e-06 0.000205499 -1.23841e-06 
0.000680229 -0.00908764 -2.51358e-05 -0.00934799 -0.000452757 -0.0177736 0.00876836 0.000760317 0.00279444 0.00153257 -1.16747e-05 0.0284728 -2.41997e-06 4.12318e-05 -0.00179298 0.000385772 0.000574907 -1.29354e-06 -3.02074e-06 -1.46901e-05 0.00457066 -0.0107944 -3.46064e-06 8.58597e-06 -0.00436599 5.34855e-05 -0.0010672 0.0029061 0.00322935 0.00937814 8.75753e-05 -0.000365901 0.00290858 4.87354e-06 0.0171084 5.1481e-06 -0.00749872 1.6572e-06 -0.00484038 -6.69145e-07 0.0133459 0 -4.00888e-09 0.0121943 -0.000647663 2.21347e-05 -0.00676069 5.433e-07 2.05497e-06 -9.8553e-06 0.000113608 0.0110293 -0.0114965 -3.2302e-05 -1.40346e-07 -0.0103751 2.80292e-06 -0.0121413 -0.00086066 -1.3852e-05 0.00169517 -2.27411e-05 -0.00114019 -0.0101544 5.29867e-05 -1.02104e-07 9.53116e-06 -2.02791e-07 -0.0049362 -9.92002e-06 -4.06716e-06 -0.0098845 -9.56441e-08 -5.63436e-09 0 1.08364e-06 -1.43199e-07 0.00867665 -0.000629358 0.0123918 0.00230699 -0.00867097 9.70534e-05 -2.12321e-05 3.42403e-05 -0.00139197 0.0251654 -0.0102988 -0.0118397 0.000853734 -0.00050605 -0.000278354 0.00949962 -8.97362e-06 2.6846e-08 -2.33227e-05 -2.88649e-06 -7.03422e-05 -0.0112967 -0.000788882 
-3.88195e-06 7.80069e-06 1.68124e-06 -1.36416e-05 -6.1811e-06 -1.01286e-05 -1.71904e-05 -1.02608e-07 -2.96796e-05 -4.71962e-07 -3.57718e-08 -2.41997e-06 8.65825e-05 -2.11215e-05 -7.0829e-08 -1.1439e-05 -4.96299e-08 -8.207e-09 -9.02528e-09 3.66357e-08 -1.07457e-06 -1.80668e-06 -1.02156e-08 1.78246e-08 3.63258e-06 -4.10642e-09 2.53906e-05 -8.49642e-06 -8.16742e-07 -8.80654e-07 -1.90244e-08 7.61561e-06 -2.7787e-07 -4.42186e-10 -1.86448e-06 3.69047e-08 4.71697e-06 -1.88766e-09 2.19553e-05 9.45421e-06 -2.0864e-06 0 -1.1834e-11 -1.8632e-06 -2.35019e-06 -2.69208e-09 -1.57114e-05 -3.96553e-09 -3.40408e-08 -2.90922e-08 -6.43776e-08 -1.32432e-05 4.79658e-06 1.32206e-07 -4.83172e-10 7.75604e-06 -9.45851e-10 1.20356e-06 -2.99402e-06 7.70999e-07 -3.67841e-07 -6.71303e-08 -6.10892e-06 7.76133e-06 -1.33525e-08 -5.47942e-08 -1.93416e-08 -5.98626e-10 -8.4941e-06 1.36188e-07 -1.2006e-08 -1.64376e-05 -6.95606e-10 -2.22074e-09 0 -1.17185e-10 -1.0131e-09 -1.77174e-05 -1.38604e-06 -1.19767e-05 -6.02893e-06 -8.83434e-06 3.22763e-06 -6.35221e-08 9.68848e-06 -3.02484e-06 5.09834e-06 9.3079e-06 5.02426e-06 -3.11683e-06 8.36098e-06 8.04066e-06 -2.42373e-06 5.50306e-06 -2.79397e-09 7.97249e-06 -1.10102e-08 -3.39095e-07 4.5628e-06 -1.69064e-06 
7.62991e-05 -5.93701e-05 -0.000462849 0.00021144 -0.000137511 0.00084717 0.000100724 -2.57663e-05 -4.35878e-05 -5.82104e-05 -3.17858e-07 4.12318e-05 -2.11215e-05 0.00151979 -1.14556e-05 0.000352426 -3.36012e-05 -8.05734e-07 -3.69468e-06 -0.000211581 -0.000334923 -6.25126e-05 1.79573e-07 -7.19592e-08 -5.25482e-05 -0.000370478 -0.000457887 0.00014879 -4.58497e-05 1.54804e-05 -1.25582e-07 -8.47498e-05 -8.56784e-05 7.77291e-09 2.24344e-05 -2.84559e-06 -4.69794e-05 -1.66015e-06 0.000156231 -1.95068e-05 -1.48445e-05 0 2.08022e-10 1.63382e-05 3.15528e-05 -7.69344e-07 -0.000204055 -2.23626e-07 5.98382e-07 -2.86286e-05 1.13165e-06 0.000134619 -7.35759e-05 -2.49176e-05 -8.15066e-08 -7.57086e-05 -1.03373e-07 0.000273616 -9.52001e-06 -1.40957e-06 -2.04729e-06 -3.91766e-05 -0.000525837 -9.2039e-05 -2.97195e-06 -5.14348e-06 2.6666e-07 1.05229e-08 0.000213154 -0.000442359 -2.63656e-05 0.000313826 -5.07772e-07 3.9037e-08 0 -4.12734e-08 -8.61886e-06 0.000285204 3.17644e-05 0.000177656 -0.000222272 0.000106302 -6.00728e-06 -1.11672e-06 -1.8255e-05 -0.000596834 9.05942e-05 -0.000145851 -8.4675e-05 -4.36201e-05 -0.000130174 -6.60801e-05 4.23884e-05 -1.00997e-05 4.91134e-08 -1.49858e-05 1.93541e-07 -3.94526e-05 0.00034943 3.31173e-05 
-0.0288153 0.0293465 -8.88782e-05 0.0154484 0.00680827 -0.0452646 -0.0302871 -8.24193e-05 -0.00101359 -0.000359239 -2.85382e-05 -0.00179298 -7.0829e-08 -1.14556e-05 0.0661532 -0.00100225 0.0102029 2.20892e-05 -5.18726e-06 -3.53902e-05 0.00483976 0.0283196 2.26469e-05 6.71108e-06 0.0287901 -0.000135863 -0.00255907 -0.0379373 -0.000569625 -0.000698654 -1.46423e-05 -0.000905374 -0.000563672 -3.6373e-07 -0.00145338 4.35723e-06 0.029114 -9.92736e-07 0.0424329 8.50526e-06 -0.00157846 0 -9.73428e-09 -0.00184632 -0.00200302 4.04224e-06 -0.019635 -3.26193e-06 -2.76977e-05 3.89329e-05 -4.78752e-05 -0.0409362 0.0250508 -7.75322e-05 -3.97443e-07 0.0295033 -7.7803e-07 -0.0155289 -0.00245436 0.000662888 -0.000297459 -2.62195e-05 -0.00532585 0.0296241 -1.09634e-05 0.000406055 -1.56732e-05 -2.45745e-07 -0.0107526 -9.88187e-05 2.24342e-05 -0.0244308 -5.21856e-08 3.79661e-06 0 -9.63931e-08 3.99984e-07 -0.0395661 -0.00153741 -0.0385136 -0.00912447 -0.031668 -1.29176e-05 -5.17948e-05 9.65952e-05 -0.00325391 -0.00448424 0.0296096 0.024904 -0.00259323 0.0124258 0.0118261 -0.00184429 5.08381e-05 -2.20491e-06 0.000190426 2.22666e-06 0.000440067 -0.0132334 -0.00177217 
0.00809283 -0.00800073 -0.000307049 0.00717096 0.00103955 -0.000288915 0.00845072 1.60247e-05 -0.00126495 3.46311e-05 4.14659e-06 0.000385772 -1.1439e-05 0.000352426 -0.00100225 0.0133402 -9.97998e-05 -8.8715e-05 -3.36049e-06 -0.000386521 0.00159357 -0.00839005 -5.53779e-05 -3.706e-05 -0.00804411 -0.000592963 -0.00093599 0.00706922 -0.000432767 0.000124644 -9.66557e-06 -0.000672487 -0.000109946 3.90576e-08 0.000280464 -1.54766e-05 -0.00846862 2.94802e-07 -0.0024231 -3.60622e-06 0.000309739 0 1.84815e-09 -0.000165556 -0.000249594 -5.81957e-06 0.0037292 -2.73736e-06 -1.12471e-05 -0.000136743 -4.77594e-06 0.00762795 -0.00727367 -0.000206731 3.21252e-08 -0.00807793 -2.80895e-06 0.00554185 0.000390113 -0.000311518 4.49569e-05 -3.48994e-05 0.000932998 -0.00822938 1.89196e-06 -0.000310913 -5.73603e-06 -8.16511e-07 -0.00923562 -0.000295718 -7.10883e-05 0.002793 -1.0047e-06 -1.99318e-06 0 1.83012e-08 -9.51178e-06 0.00891751 -0.00334232 0.00740696 0.00173431 0.00810542 2.29254e-06 -3.56288e-06 -1.80058e-05 -0.00258914 0.000855008 -0.00769761 -0.00760411 -0.00316182 0.00024664 9.56402e-05 -0.000117861 -0.000170012 -5.50366e-06 -7.94795e-05 -3.77972e-05 -0.00124979 0.0053161 0.00036068 
0.0068291 -0.00681401 -2.62709e-05 0.00411806 0.0153899 -0.0121644 0.00558535 -2.22078e-05 -0.00525965 -8.92376e-05 -7.70058e-06 0.000574907 -4.96299e-08 -3.36012e-05 0.0102029 -9.97998e-05 0.0188362 2.96975e-06 4.11593e-07 -9.48454e-06 0.0158336 -0.00605297 -1.49908e-06 -2.77753e-06 -0.00693802 -1.63662e-05 -0.000701479 -0.00374465 -0.000167751 -8.73092e-05 -3.57614e-06 -0.000243714 -0.000139431 -9.80737e-08 -0.000285347 1.55348e-06 -0.00636502 1.85466e-06 0.00271189 4.82496e-06 -0.000387175 0 -2.62469e-09 -0.000389493 -0.00051401 5.82958e-06 -0.00504444 -7.6286e-07 -7.55001e-06 -6.07911e-06 -1.42718e-05 -0.00506089 -0.0078576 -2.09466e-05 -9.04974e-08 -0.00676243 -2.09783e-07 0.0036717 -0.000629145 0.000657727 -7.60878e-05 -1.3219e-05 -0.00032532 -0.00646579 -2.96148e-06 0.000479204 -1.33649e-06 -6.10408e-09 -0.00278794 -2.64212e-05 -2.53617e-06 -0.00651861 2.39053e-07 2.99746e-06 0 -2.59908e-08 1.86345e-08 -0.00281191 -0.000407248 -0.00516005 -0.000966908 0.00373934 -3.48302e-06 -1.15087e-05 0.000186769 -0.000884961 -8.85731e-05 -0.00675402 -0.00676587 -0.000685821 0.0100125 0.0116529 -0.000153545 -2.79891e-06 -6.19682e-07 0.000347867 8.24468e-06 -7.68887e-06 0.0063973 -0.000359395 
-6.0083e-05 1.30453e-05 4.23337e-07 -7.36343e-05 -1.15069e-05 -5.63945e-05 -5.9762e-05 -1.12313e-07 9.19489e-06 -3.46602e-07 -3.91552e-08 -1.29354e-06 -8.207e-09 -8.05734e-07 2.20892e-05 -8.8715e-05 2.96975e-06 9.4771e-05 -9.87892e-09 1.14925e-05 -1.49242e-05 5.85174e-05 2.76155e-05 -4.61645e-08 5.98502e-05 2.08731e-05 -1.10858e-06 -5.06161e-05 1.0446e-05 -9.33949e-07 7.19584e-06 7.65615e-07 -7.52932e-07 -4.8401e-10 -1.81749e-06 -3.38807e-09 4.9862e-05 -2.0662e-09 -2.54577e-05 -2.68986e-09 -2.23707e-06 0 -1.29533e-11 -1.43064e-06 -2.69289e-06 5.03866e-08 -2.63737e-05 -4.34061e-09 2.37607e-06 -3.18439e-08 1.61999e-08 -4.43184e-05 3.18335e-05 2.20663e-05 -5.28872e-10 2.55391e-05 -1.03531e-09 -4.07402e-05 -3.03054e-06 9.2761e-06 8.88403e-06 -7.34798e-08 3.74431e-06 3.03384e-05 -1.46154e-08 -5.99768e-08 -2.1171e-08 8.60114e-08 6.52394e-05 -1.31874e-07 -1.31416e-08 5.25214e-05 -7.61399e-10 -2.43079e-09 0 -1.28269e-10 -1.10893e-09 -5.34501e-05 1.46032e-05 -5.10643e-05 -1.14365e-05 -4.74243e-05 -1.71893e-08 -6.95303e-08 -2.9091e-08 6.39922e-05 -6.07306e-06 -3.54268e-06 -3.00048e-05 4.10816e-05 -1.9108e-06 -1.60466e-06 1.4377e-06 3.67738e-05 -3.05823e-09 -2.016e-07 2.14128e-06 2.22165e-07 -3.90334e-05 1.40873e-05 
3.33101e-05 -3.33869e-05 5.37086e-08 2.14306e-05 1.88958e-05 1.8779e-06 1.91437e-06 -1.23512e-07 -2.17217e-05 -3.74776e-07 -4.30592e-08 -3.02074e-06 -9.02528e-09 -3.69468e-06 -5.18726e-06 -3.36049e-06 4.11593e-07 -9.87892e-09 0.000104219 -5.21984e-08 1.90278e-05 -1.99531e-05 3.74104e-06 -5.07673e-08 -3.36832e-05 -2.05563e-07 -3.80709e-06 1.15424e-06 -9.83128e-07 3.98994e-06 1.71e-08 -1.01079e-06 1.112e-06 -5.32268e-10 -2.20764e-06 -3.72588e-09 -3.44088e-05 -2.27221e-09 -7.51802e-06 -2.95805e-09 -2.51144e-06 0 -1.42448e-11 -3.23383e-06 8.85862e-06 -3.24051e-09 -2.71699e-05 5.15227e-07 -4.09756e-08 -3.50188e-08 -7.74926e-08 -5.49245e-05 -1.43732e-05 -1.17716e-07 -5.81603e-10 -1.20077e-05 -1.13854e-09 -2.72155e-05 7.40427e-05 -1.47256e-07 -4.42777e-07 1.33586e-06 -6.33683e-06 -2.81148e-05 -1.60726e-08 2.37377e-07 6.33005e-06 -7.20577e-10 -1.63935e-05 -1.45022e-07 6.25548e-07 -3.02075e-05 -8.37314e-10 -2.67315e-09 0 -1.41058e-10 -1.21949e-09 1.66308e-05 -2.23822e-06 -5.24532e-05 -1.31095e-05 2.54077e-06 -1.89032e-08 -7.64628e-08 1.33268e-06 -5.68847e-07 -6.31288e-06 4.29164e-05 8.80124e-06 -1.41925e-06 1.44953e-05 2.02012e-07 -2.44705e-06 -3.24308e-08 -3.36315e-09 6.34163e-06 -1.32532e-08 1.47516e-06 5.32514e-05 2.59485e-05 
-0.000317626 0.000321731 0.000205856 -0.000383897 -6.14517e-05 -0.000265889 -0.000320104 -5.93443e-07 4.85841e-05 4.10373e-07 1.00978e-06 -1.46901e-05 3.66357e-08 -0.000211581 -3.53902e-05 -0.000386521 -9.48454e-06 1.14925e-05 -5.21984e-08 0.000500549 -7.88566e-05 0.000312528 -5.90827e-08 -2.37258e-07 0.000318844 0.000371322 0.000278435 -0.000267605 -1.43702e-06 -5.09333e-06 4.79971e-07 -1.4156e-06 2.06165e-06 -2.55742e-09 -1.07833e-05 -1.79019e-08 0.000323392 -1.09174e-08 -7.93181e-05 -1.42127e-08 -1.20668e-05 0 -6.84427e-11 -1.05144e-05 -4.54872e-06 -1.55699e-08 -0.000139354 -2.2935e-08 2.69789e-07 1.26174e-06 -3.65666e-07 -0.00028914 0.000292563 1.49811e-05 -2.79446e-09 0.000304196 -5.47041e-09 -0.000215013 -1.71595e-05 7.95805e-07 -1.95411e-06 -3.88254e-07 -3.75099e-05 0.000321274 -7.7225e-08 -3.16906e-07 -1.11864e-07 -3.4622e-09 8.90338e-05 0.0002535 4.73896e-07 -8.7883e-05 -4.02309e-09 -1.28439e-08 0 -6.77749e-10 1.47474e-07 -0.000350158 0.000103683 -0.000278691 -6.44614e-05 -0.000307981 -9.08251e-08 -3.34052e-07 -2.59388e-07 -2.3218e-05 -3.2384e-05 0.000218019 0.000278759 4.21532e-07 -1.00963e-05 -8.46874e-06 -1.41341e-05 9.44178e-07 -1.61591e-08 -1.06521e-06 4.63216e-08 2.76215e-06 -0.000205969 -1.39343e-05 
0.0569204 -0.0557751 -0.000215451 0.0347427 0.0906191 -0.072519 0.0541928 -0.000164567 -0.014268 0.000993175 -6.44632e-05 0.00457066 -1.07457e-06 -0.000334923 0.00483976 0.00159357 0.0158336 -1.49242e-05 1.90278e-05 -7.88566e-05 0.132667 -0.0464117 -1.85401e-05 -5.6218e-05 -0.0566393 -0.000283616 -0.00572898 0.0471561 -0.00143981 -0.000630222 -3.23753e-05 -0.0020307 -0.00119974 -7.57436e-07 -0.00221231 -1.95383e-07 -0.0535022 1.57307e-05 0.000379523 1.61712e-05 -0.00258428 0 -2.15197e-08 -0.00442536 -0.00440968 3.72453e-06 -0.0238131 -7.14787e-06 -6.19022e-05 -5.15633e-05 -0.000109205 0.0402081 -0.0583298 -0.000177835 -5.91967e-07 -0.05517 -1.08e-06 -0.00839962 -0.00516948 0.000566586 -4.46248e-05 7.34655e-05 0.0243839 -0.0549059 -2.21477e-05 0.000524725 0.000169891 -6.61916e-07 -0.0262812 -0.000218506 -1.18792e-05 -0.0524918 1.43173e-06 2.1025e-05 0 -2.13098e-07 -3.72297e-07 0.0279277 -0.00339843 0.0369147 0.00741282 0.0530785 3.76128e-05 -0.000110756 0.000206333 -0.00194748 0.0168282 -0.0528553 -0.00606753 -0.00572612 0.0140814 0.0138735 -0.00338094 -4.85002e-05 -3.71408e-06 0.000942849 -8.31506e-06 -0.000533558 0.006493 -0.00391716 
-0.21135 0.215459 0.000817799 -0.119402 -0.0290336 -0.0611537 -0.216316 -0.000438449 0.0359981 -0.00143669 -0.000150333 -0.0107944 -1.80668e-06 -6.25126e-05 0.0283196 -0.00839005 -0.00605297 5.85174e-05 -1.99531e-05 0.000312528 -0.0464117 0.23411 3.69297e-05 0.000236602 0.212921 0.00119675 0.0206837 -0.183555 0.000569537 -0.00358873 -1.48318e-05 0.00814281 0.00134636 -1.87295e-06 -0.00790997 8.836e-06 0.207031 -7.73536e-06 0.138631 -7.06926e-06 -0.00833206 0 8.55607e-08 0.00129492 0.0162148 -1.15727e-05 -0.0919064 -2.92549e-06 6.80984e-05 0.000183283 8.81763e-05 -0.194068 0.197999 0.000706083 -1.96662e-06 0.216492 2.37526e-06 -0.157005 -0.0123824 -6.17934e-05 -0.00153933 0.000348519 -0.0166296 0.216601 -4.75471e-05 0.000112187 5.01716e-05 3.89812e-06 0.106159 0.000853957 7.31744e-05 -0.12571 1.80263e-06 -4.60714e-06 0 -5.06074e-07 7.32483e-06 -0.157975 0.0135475 -0.187588 -0.0479868 -0.207447 -6.53622e-05 -6.72158e-05 -4.74909e-05 0.00142029 -0.0238571 0.215012 0.200466 0.0197732 -0.00748787 -0.00611147 -0.00513789 0.000193821 1.66873e-05 -0.00028944 6.74881e-05 0.00227022 -0.14816 -0.00988222 
-6.30985e-05 3.33896e-05 -1.61812e-07 -6.65691e-05 -1.44525e-05 9.22521e-06 -7.0459e-05 -1.39801e-07 1.07553e-05 -6.43036e-07 1.31262e-07 -3.46064e-06 -1.02156e-08 1.79573e-07 2.26469e-05 -5.53779e-05 -1.49908e-06 2.76155e-05 3.74104e-06 -5.90827e-08 -1.85401e-05 3.69297e-05 0.000117963 -5.74629e-08 6.59422e-05 -6.2674e-08 -1.96586e-06 -5.85647e-05 1.39205e-05 -1.19987e-06 3.47413e-07 -1.53649e-06 -7.70539e-07 -6.02468e-10 -2.3903e-06 -4.21727e-09 6.39386e-05 -2.57189e-09 -6.15105e-06 -3.34818e-09 -2.84266e-06 0 -1.61235e-11 2.613e-06 -2.94528e-06 -3.66789e-09 -3.26584e-05 -5.40294e-09 -4.63798e-08 1.83696e-07 -8.77129e-08 -6.70278e-05 3.17747e-05 -1.32413e-08 -6.5831e-10 7.11651e-05 -1.2887e-09 -4.7071e-05 2.25405e-06 1.16656e-07 -5.01174e-07 4.7187e-07 -7.62979e-06 5.56768e-05 -1.81924e-08 -2.7989e-08 -2.63524e-08 -8.15612e-10 5.12556e-05 2.52518e-07 -1.63579e-08 -9.35141e-06 -9.47746e-10 -3.02571e-09 0 -1.59662e-10 7.5862e-07 -6.73993e-05 3.08239e-05 -6.20998e-05 -1.42289e-05 -6.79398e-05 -2.13962e-08 -8.65473e-08 -6.11056e-08 2.65138e-05 -7.58149e-06 3.01164e-05 2.65043e-05 -1.57322e-06 -2.34179e-06 -1.90406e-06 7.31444e-07 3.59433e-05 -3.80671e-09 -2.5094e-07 4.09833e-06 -2.68675e-07 -3.10532e-05 1.62945e-05 
-0.000258361 9.20655e-05 -6.68047e-07 -0.00032547 -4.35755e-05 -0.000261304 -0.000260298 2.19494e-07 1.95388e-05 1.35085e-05 1.88783e-07 8.58597e-06 1.78246e-08 -7.19592e-08 6.71108e-06 -3.706e-05 -2.77753e-06 -4.61645e-08 -5.07673e-08 -2.37258e-07 -5.6218e-05 0.000236602 -5.74629e-08 0.000486833 0.000264266 -7.17268e-07 -5.85729e-06 -0.000259858 -4.57419e-06 6.56964e-06 1.86321e-07 -2.87678e-06 3.34739e-06 -2.4873e-09 9.2823e-06 4.25889e-08 8.36488e-05 -1.06181e-08 0.000288799 -1.3823e-08 3.24673e-05 0 -6.65662e-11 0.000115905 8.4268e-05 -1.5143e-08 -0.00012765 -8.97285e-09 -1.4148e-07 4.96892e-08 6.21208e-07 -0.000266446 6.33815e-05 5.39991e-06 -2.71785e-09 0.000245937 -5.32043e-09 -0.000179258 -1.67547e-05 2.70019e-05 -1.70911e-06 0.000249409 -3.48215e-05 0.000251526 -7.51078e-08 9.55115e-07 3.66787e-06 -3.36728e-09 8.69084e-05 -1.77693e-07 -6.75339e-08 -0.000167511 -3.9128e-09 2.08416e-08 0 -6.59168e-10 -5.69872e-09 -0.000281507 0.000235767 -0.000222017 -6.24441e-05 -0.000298694 -8.8335e-08 2.5602e-07 -2.52276e-07 -2.14114e-05 7.03511e-07 0.000250553 0.000214489 -1.59684e-05 1.69905e-05 -2.82629e-06 -9.63308e-06 -1.5155e-07 -1.57161e-08 -2.19344e-07 -3.85992e-08 2.96258e-06 -0.000165424 -1.41974e-05 
-0.228219 0.225768 0.000851886 -0.129713 -0.0382731 -0.0483732 -0.225706 9.61208e-05 0.0350239 -0.00172106 -0.000148404 -0.00436599 3.63258e-06 -5.25482e-05 0.0287901 -0.00804411 -0.00693802 5.98502e-05 -3.36832e-05 0.000318844 -0.0566393 0.212921 6.59422e-05 0.000264266 0.231321 0.0012199 0.0231134 -0.192443 0.000771648 -0.00286568 6.86306e-05 0.00826772 0.00374904 -1.31541e-06 -0.0032209 1.07455e-05 0.218239 -7.9206e-06 0.146468 -8.01798e-06 -0.00203614 0 8.70115e-08 0.0110164 0.0178572 1.08041e-05 -0.100515 -1.80598e-06 0.000244565 0.000210096 0.000434736 -0.203079 0.205135 0.00071373 -1.91405e-06 0.22534 4.07789e-06 -0.15527 -0.011845 -0.000304732 -0.00105575 0.000295029 -0.0266738 0.225287 -5.18134e-05 -0.000227859 -7.88171e-05 3.89484e-06 0.107944 0.000885201 5.49531e-05 -0.122062 1.53458e-06 -9.28821e-06 0 6.31627e-07 -7.76293e-08 -0.1652 0.0137792 -0.19485 -0.0452163 -0.222297 -6.41202e-05 3.05556e-06 -0.000187809 -0.00848183 -0.0169977 0.222838 0.20073 0.0214473 -0.00732488 -0.00611317 0.000275711 0.000194654 1.55632e-05 -0.000750513 5.98014e-05 0.00236934 -0.147928 -0.00914568 
-0.00122435 0.00122871 0.000353365 -0.00139581 -0.000220103 -0.00125407 -0.00125839 -1.90037e-06 0.000191329 2.80044e-06 -8.1475e-07 5.34855e-05 -4.10642e-09 -0.000370478 -0.000135863 -0.000592963 -1.63662e-05 2.08731e-05 -2.05563e-07 0.000371322 -0.000283616 0.00119675 -6.2674e-08 -7.17268e-07 0.0012199 0.00196831 0.000867627 -0.0010526 -1.84491e-05 4.03519e-05 4.40336e-06 9.41308e-07 1.01728e-05 1.99286e-08 -1.41626e-05 -7.04997e-08 0.00115501 -4.2994e-08 0.000240373 -5.59711e-08 -2.40739e-05 0 -2.69534e-10 0.000446861 -4.43542e-05 -6.13158e-08 -0.000548786 -9.03203e-08 1.65801e-06 -1.49281e-07 -8.6962e-07 -0.00113549 0.000984895 3.5536e-05 -1.10049e-08 0.00108879 -2.1543e-08 -0.000840857 -6.78495e-05 1.8567e-05 -8.37808e-06 7.80102e-06 -0.000147435 0.00123389 -3.0412e-07 2.10153e-05 -4.40531e-07 -1.36345e-08 0.000227782 0.000615863 5.00655e-06 -0.000587323 2.24157e-07 -5.05804e-08 0 6.90664e-07 1.21693e-06 -0.00102942 0.000103344 -0.00107596 -0.000248096 -0.00121128 -3.57679e-07 2.03653e-06 2.45184e-06 -9.20396e-05 -4.50249e-05 0.00106942 0.00102873 7.37917e-05 -3.97237e-05 -3.23802e-05 -5.41061e-05 1.6933e-05 -3.03031e-08 1.70684e-05 2.78256e-06 1.133e-05 -0.000810213 -5.71468e-05 
-0.0230309 0.0233104 0.000822629 -0.027634 -0.00447781 -0.00419158 -0.0232108 -4.32827e-05 0.00341993 -0.000197528 -1.50894e-05 -0.0010672 2.53906e-05 -0.000457887 -0.00255907 -0.00093599 -0.000701479 -1.10858e-06 -3.80709e-06 0.000278435 -0.00572898 0.0206837 -1.96586e-06 -5.85729e-06 0.0231134 0.000867627 0.0351917 -0.0194472 -0.000280925 -0.000371482 -8.02496e-06 0.00686043 -0.000258914 -1.86525e-07 -0.000782382 -1.22568e-06 0.0238428 -7.96263e-07 0.0180285 -1.0366e-06 -0.000875981 0 -4.99186e-09 -8.58798e-05 0.00570357 -1.13559e-06 -0.0101431 -1.54943e-06 -1.29293e-05 -2.11849e-06 -2.49161e-05 -0.0209419 0.0212768 0.000129298 -2.03814e-07 0.0233251 -1.9565e-07 -0.0155589 -0.0012608 -4.36335e-05 -0.000148505 2.46994e-05 -0.0027292 0.0232576 -5.37574e-06 -2.31135e-05 -8.15877e-06 -2.52515e-07 -0.000615084 0.0012054 8.76891e-06 -0.0124522 -4.3424e-08 -9.36765e-07 0 -4.94316e-08 7.59315e-07 -0.024836 -0.000678713 -0.0202441 -0.00470148 -0.0223263 -6.62432e-06 3.05781e-05 -1.89184e-05 -0.00168652 -0.00232188 0.023299 0.0209809 -0.000160421 -0.000736375 -0.000617563 -0.00104426 3.25018e-05 -7.819e-07 -7.21047e-05 -4.64105e-06 -0.000133989 -0.0149129 -0.000863747 
0.192861 -0.190054 -0.000732901 0.110263 0.0250214 0.0480926 0.192791 -0.000360908 -0.0365956 -0.00201211 -2.62941e-05 0.0029061 -8.49642e-06 0.00014879 -0.0379373 0.00706922 -0.00374465 -5.06161e-05 1.15424e-06 -0.000267605 0.0471561 -0.183555 -5.85647e-05 -0.000259858 -0.192443 -0.0010526 -0.0194472 0.24882 -0.00127023 0.00155495 -0.000110985 -0.00695926 -0.0042324 1.47456e-06 -0.000473109 -1.88714e-05 -0.182793 6.37774e-06 -0.128154 -7.50165e-06 -0.00347561 0 -7.30284e-08 -0.0118028 -0.0151079 -1.35597e-05 0.062064 3.96502e-06 -0.000209286 -0.000179531 -0.00038193 0.189751 -0.188176 -0.000603493 2.55497e-06 -0.190752 -2.5836e-06 0.117387 0.0147909 -0.000384837 -0.00117504 -0.000365884 0.0221851 -0.190918 -6.99192e-05 -0.000280803 -4.95954e-05 -3.6875e-06 -0.0916335 -0.000743203 -7.409e-05 0.100874 -1.38598e-06 7.42257e-07 0 -3.96493e-07 -6.25195e-06 0.144071 -0.011574 0.181828 0.0494532 0.195265 6.13395e-05 1.74604e-06 -0.000233857 0.0066776 0.0168152 -0.190172 -0.164109 -0.0191733 -0.00662949 -0.00582703 0.00162519 -0.000166263 -1.56218e-05 -0.000382496 -6.15016e-05 -0.00207587 0.10762 0.00228818 
-0.00152334 0.00128719 2.71264e-05 -0.00549981 -0.00112513 -0.00481054 -0.00101254 1.12962e-05 0.000912245 0.000593312 -3.89664e-06 0.00322935 -8.16742e-07 -4.58497e-05 -0.000569625 -0.000432767 -0.000167751 1.0446e-05 -9.83128e-07 -1.43702e-06 -0.00143981 0.000569537 1.39205e-05 -4.57419e-06 0.000771648 -1.84491e-05 -0.000280925 -0.00127023 0.00934332 0.00288552 8.09477e-05 -5.37499e-05 -5.725e-05 2.35166e-07 0.00415301 1.02827e-07 8.53432e-05 -6.89573e-08 0.000530199 -2.67688e-07 0.0024784 0 -1.28908e-09 0.000333205 -0.000256767 -2.9325e-07 -0.00116397 1.0147e-06 -3.70808e-06 -2.36236e-06 -2.77269e-06 -0.00038524 0.000365936 -1.04594e-05 -2.92988e-08 0.000904917 1.0703e-06 -0.00400839 -0.0003169 -9.54924e-06 6.30609e-05 -5.83587e-06 0.000770145 0.000852302 6.69088e-05 -5.61209e-06 -7.50224e-07 -2.52086e-08 0.00126025 -1.24571e-05 8.35885e-06 -0.00319945 -7.57727e-08 -2.41907e-07 0 -1.2765e-08 5.94631e-06 -0.000999019 0.000189202 -0.000103304 -0.000382572 -0.00505994 -4.53973e-07 -3.16283e-06 -4.78876e-06 0.00194631 0.00372052 0.000891839 -0.000120656 -0.000316951 -0.000184185 -0.000155982 0.000809803 1.81918e-05 2.57232e-06 -1.66227e-05 6.0732e-07 -3.63278e-05 -0.0038497 -0.000256927 
0.00125874 -0.00319185 -1.22627e-05 -0.00620921 -0.000766362 -0.00644358 0.0027233 0.000270625 0.000984393 0.000807749 -4.20156e-06 0.00937814 -8.80654e-07 1.54804e-05 -0.000698654 0.000124644 -8.73092e-05 -9.33949e-07 3.98994e-06 -5.09333e-06 -0.000630222 -0.00358873 -1.19987e-06 6.56964e-06 -0.00286568 4.03519e-05 -0.000371482 0.00155495 0.00288552 0.0100669 8.72722e-05 -0.000131166 9.33898e-05 4.8314e-06 0.00904535 2.64644e-06 -0.00287587 2.24952e-07 -0.00330268 -2.88636e-07 0.0049447 0 -1.38995e-09 0.00506489 -0.000286071 3.3438e-06 -0.0027264 1.70897e-07 -3.99825e-06 -3.41701e-06 7.87319e-05 0.0034925 -0.00419314 -1.14863e-05 -3.34174e-08 -0.00361363 1.13891e-06 -0.00436469 -0.000351028 -1.35687e-05 0.000160339 -7.37476e-06 -0.000663755 -0.00356796 5.0005e-05 -6.35915e-06 6.86149e-05 -7.03113e-08 -0.00170899 -9.8774e-06 -1.41016e-06 -0.00346039 -8.17021e-08 1.5583e-07 0 -1.37639e-08 -1.18994e-07 0.00303798 -0.000220053 0.00432142 0.000850743 -0.00567167 3.41322e-05 -7.33763e-06 1.76656e-05 -0.000479086 0.00926372 -0.00346556 -0.00410717 0.000621108 -0.000192372 -0.000169925 0.00349047 -3.16448e-06 6.45169e-07 1.47606e-05 -5.43199e-07 -3.96316e-05 -0.00405754 -0.000276755 
-0.000120523 1.53824e-05 -3.01342e-07 -0.000114406 -2.66096e-05 -8.78663e-05 -0.000108137 2.9393e-05 1.89144e-05 3.36248e-06 -9.07645e-08 8.75753e-05 -1.90244e-08 -1.25582e-07 -1.46423e-05 -9.66557e-06 -3.57614e-06 7.19584e-06 1.71e-08 4.79971e-07 -3.23753e-05 -1.48318e-05 3.47413e-07 1.86321e-07 6.86306e-05 4.40336e-06 -8.02496e-06 -0.000110985 8.09477e-05 8.72722e-05 0.000219658 -2.43472e-06 1.07985e-07 3.22211e-07 9.53559e-05 5.02146e-07 -1.7982e-05 -4.78961e-09 -3.93044e-05 -6.23528e-09 9.46328e-05 0 -3.00266e-11 9.62134e-05 -6.1123e-06 4.65027e-08 -4.4816e-05 2.06605e-07 4.56961e-07 -7.38163e-08 5.85999e-06 -9.92922e-05 1.34436e-05 7.12853e-06 -1.22596e-09 7.8098e-06 -2.39993e-09 -8.05419e-05 -7.4668e-06 3.00627e-06 1.514e-05 -1.70331e-07 9.8773e-06 -3.19614e-05 2.02612e-06 -1.3903e-07 3.99426e-06 -1.51891e-09 6.15809e-06 -3.05693e-07 -3.04631e-08 -4.23501e-05 -1.76498e-09 -5.63474e-09 0 -2.97336e-10 -2.57057e-09 4.30835e-05 -2.12012e-06 -1.03584e-05 1.29004e-06 -0.000107595 -3.9846e-08 9.12157e-07 1.2662e-06 7.44969e-05 8.38678e-05 8.41636e-06 -6.44796e-05 9.03819e-05 -3.5427e-06 -3.71972e-06 1.92286e-06 1.03831e-06 1.33958e-06 1.71268e-06 -2.79364e-08 -8.60394e-07 -7.64622e-05 -1.39079e-06 
-0.00823062 0.00832724 2.54905e-05 -0.00987767 -0.00158172 -0.00663641 -0.00832446 -1.54329e-05 0.00126187 -5.48994e-05 -5.3803e-06 -0.000365901 7.61561e-06 -8.47498e-05 -0.000905374 -0.000672487 -0.000243714 7.65615e-07 -1.01079e-06 -1.4156e-06 -0.0020307 0.00814281 -1.53649e-06 -2.87678e-06 0.00826772 9.41308e-07 0.00686043 -0.00695926 -5.37499e-05 -0.000131166 -2.43472e-06 0.0128541 0.000136667 -6.65076e-08 -0.000279722 1.36445e-06 0.00846627 -2.83916e-07 0.0082843 3.45705e-06 -0.000313204 0 -1.7799e-09 -0.000358038 -0.000285665 -4.04906e-07 -0.003624 1.23559e-07 -4.44663e-06 2.5301e-05 -9.09947e-06 -0.00751613 0.0075964 4.99646e-05 -7.26722e-08 0.00834299 8.10713e-08 -0.00559718 -0.000408677 -1.75165e-05 -5.46557e-05 -9.74016e-06 -0.000974517 0.00835739 -1.96496e-06 -7.05139e-06 -6.59101e-07 -9.00371e-08 0.00107014 4.39276e-07 1.23442e-05 -0.00448869 -7.46236e-08 -3.34014e-07 0 -1.76254e-08 -1.52377e-07 -0.00906395 -6.39516e-05 -0.00724673 -0.00167637 -0.00800513 -2.36198e-06 6.91587e-06 -6.74558e-06 -0.000489782 -0.000844232 0.00836009 0.00752402 -0.000461885 -0.000262563 -0.000218949 -0.000262303 1.94477e-05 3.69769e-07 -1.64151e-05 -1.64267e-06 0.000467288 -0.00534921 -0.000366671 
-0.00396349 0.00128403 7.24043e-05 -0.000265298 -1.95104e-05 -0.00503258 -0.00180987 0.00026222 0.000759594 0.000380328 -2.6518e-06 0.00290858 -2.7787e-07 -8.56784e-05 -0.000563672 -0.000109946 -0.000139431 -7.52932e-07 1.112e-06 2.06165e-06 -0.00119974 0.00134636 -7.70539e-07 3.34739e-06 0.00374904 1.01728e-05 -0.000258914 -0.0042324 -5.725e-05 9.33898e-05 1.07985e-07 0.000136667 0.00788089 9.94327e-08 0.00300259 2.10936e-06 5.48569e-06 -1.73179e-07 -0.000843863 4.75455e-06 0.00358937 0 -1.08568e-09 0.00276653 7.40121e-05 4.25969e-06 -0.00211059 -7.04751e-08 0.000257357 3.43543e-05 0.000296047 -0.00118351 0.00155395 2.15182e-05 -4.43275e-08 0.00123551 -8.67749e-08 -0.00332535 0.000202287 -5.77325e-06 1.15466e-05 -6.15871e-06 -0.000535858 0.00130275 -4.18324e-07 5.31971e-06 -1.77445e-06 -5.49195e-08 -0.00117186 2.48037e-05 1.02819e-05 -0.00273942 1.5285e-07 -2.03737e-07 0 5.9158e-09 -9.29447e-08 0.00161983 -0.000153999 -0.000693618 -0.000712706 -0.0048634 -3.40723e-07 -2.88435e-06 -4.11456e-06 -0.000373204 0.00270506 0.000894609 0.000801005 -6.7753e-05 -0.000159911 -0.000134495 0.000876607 6.65492e-06 -2.2966e-07 -1.06904e-05 9.26561e-07 0.000146431 -0.00327136 -0.000230259 
