0.117846 -0.0936846 -0.000219612 1.4878e-05 -0.0030632 -0.000399206 -0.0235069 -0.000201203 -0.00426524 -0.0106738 4.32268e-06 0.0981125 0.0185495 -0.000242614 0.0116396 -0.0963305 -0.00387998 -0.0458034 -0.0774713 -0.00285219 0.0933006 -2.87843e-08 1.33355e-05 -0.0980817 -0.00866274 -0.0144472 0.06693 0.0958475 -9.06706e-07 -1.36695e-06 -0.00137548 3.07607e-06 0.0107424 8.61366e-05 -0.0122654 -0.0704905 -0.00199447 0.000288302 5.45883e-09 -2.97342e-06 -0.000631478 0.0561257 -0.0140471 0.0961491 -0.00134257 -0.00365364 4.87333e-06 -7.94116e-05 -0.000322362 -1.37992e-05 -0.000236536 -4.05859e-07 -0.000313167 -0.00566589 -0.0931261 -0.00348076 1.47236e-05 -6.8942e-05 -7.93974e-05 2.74808e-05 -4.28291e-05 -0.00921509 0.00180695 -6.49035e-05 -0.00182405 0.00879164 -3.35628e-06 0.000290238 -0.000197966 0.000289998 -2.50265e-05 -8.94484e-06 -3.01828e-06 -0.000108225 -0.00302595 -7.48392e-08 -0.00348159 -1.56731e-05 0.000133726 0.100755 2.98244e-07 0.0139161 -0.0594291 -0.0687257 -1.94892e-05 -5.10023e-07 0.0094138 -0.00970397 -1.46227e-07 -5.35428e-06 0.0124214 -4.9079e-05 -7.32081e-05 4.7974e-06 -0.000293605 -0.00199629 -3.02006e-07 0.0377384 -0.000102405 0.000131534 
-0.0936846 0.10595 0.000208586 3.61948e-05 0.0031243 0.000374182 0.013482 3.97321e-05 0.00543623 -0.000247466 -9.62544e-06 -0.0946176 -0.0130862 2.80316e-05 -0.0022457 0.0949283 0.00404424 0.0428967 0.0744353 0.00201814 -0.0878961 -4.01537e-09 -6.60258e-05 0.100628 -0.000731179 0.00376202 -0.0724453 -0.0935444 -1.13151e-07 6.46058e-07 -0.000191423 3.9757e-05 0.00105078 -8.03486e-05 0.0014756 0.063439 -0.000276903 -0.000345847 -4.81844e-09 -4.14788e-07 -4.80179e-05 -0.0572313 0.0135067 -0.0951448 -0.000185175 -0.000114321 -4.42815e-06 8.00651e-05 0.000392978 -1.92497e-06 3.28608e-05 3.38329e-09 2.18853e-05 0.00082181 0.0934297 0.00320971 -1.43297e-05 4.8303e-05 -1.35222e-05 -4.90941e-05 -7.03979e-06 -7.87725e-05 0.000260352 -1.62316e-05 -0.000431664 -0.00999936 3.43649e-06 -0.00116642 4.08017e-05 -0.000259602 -2.8003e-06 9.67433e-06 -2.79379e-07 1.47537e-05 0.0031453 -1.044e-08 0.0011387 -2.18637e-06 -0.000126008 -0.0988738 -4.10371e-07 -0.0122428 0.0642998 0.0717155 1.63969e-05 -1.44152e-07 -0.00938888 0.0104821 3.27956e-09 -8.22011e-07 -0.000564737 -3.55822e-05 -1.05507e-05 -4.50925e-06 0.00031998 -0.000288625 -3.91608e-07 -0.0344741 -1.18398e-05 -0.000125465 
-0.000219612 0.000208586 0.000258753 -8.49732e-08 -4.26636e-07 -1.25658e-07 -6.81299e-06 -6.56704e-08 2.16927e-05 6.00467e-05 -2.6253e-08 -4.6788e-05 -6.9977e-05 -6.91986e-07 -0.000171827 4.38502e-05 1.15909e-06 8.80266e-05 -1.88806e-05 8.39677e-05 -0.00017482 -8.62733e-12 -9.40413e-06 0.000198213 6.55051e-06 0.000162678 -1.40386e-05 -3.77272e-05 -2.71761e-10 -4.167e-10 -3.95571e-07 8.40928e-07 -0.000151881 -1.9208e-07 0.000120727 2.19363e-05 -6.03398e-07 -3.06712e-06 -1.03528e-11 -8.91204e-10 -2.003e-07 -2.78467e-05 1.92172e-05 -0.000193345 -4.09298e-07 -1.08719e-06 -9.51422e-09 2.49639e-06 0.000138747 -4.13594e-09 -5.54665e-08 -1.21645e-10 -1.33566e-07 3.35123e-07 4.81602e-05 -1.43442e-06 -3.14259e-08 2.90066e-08 -2.90534e-08 -1.48734e-07 -2.30824e-08 5.18775e-07 -5.76381e-07 -4.72864e-08 -9.09297e-07 -2.26638e-05 -1.29669e-09 -2.68107e-06 -6.01851e-08 8.13568e-07 -1.00984e-07 3.24038e-06 -1.22336e-09 3.87931e-06 6.6733e-07 -2.24311e-11 1.42159e-06 -4.69758e-09 -1.9325e-07 -0.000201871 -8.81713e-10 -5.91322e-05 -1.06305e-05 1.07062e-05 -8.422e-09 -3.09721e-10 -2.03437e-05 0.000169043 -3.29564e-10 -9.43658e-09 -0.000137839 -7.96812e-08 -2.36216e-08 -9.83171e-09 3.17993e-08 -6.27861e-07 -2.47432e-09 -6.60962e-05 6.446e-08 -2.76698e-07 
1.4878e-05 3.61948e-05 -8.49732e-08 0.000328202 4.36519e-07 -1.09396e-07 -3.04491e-06 -2.99688e-08 3.60853e-06 2.07898e-05 -3.33016e-08 3.72909e-05 1.43715e-05 2.96189e-05 -0.000208913 -4.31526e-05 2.7083e-05 -0.000147551 0.000235447 2.15345e-05 -2.73359e-05 -1.09437e-11 -1.35243e-05 0.000108565 1.20923e-05 1.0861e-05 2.43641e-05 4.99206e-05 -3.44725e-10 -5.28579e-10 2.57773e-06 6.89141e-07 -0.000301212 2.92968e-06 1.8668e-05 -2.57471e-05 -7.65403e-07 -3.87184e-06 -1.31324e-11 -1.13048e-09 5.47558e-06 -0.00019009 -4.83759e-06 -0.000171378 2.32698e-06 -1.42983e-06 -1.20687e-08 1.75819e-07 4.51012e-06 -5.24639e-09 -9.15e-08 -1.54306e-10 6.80573e-07 -2.45014e-06 -3.82918e-05 8.0999e-06 1.6068e-06 -3.50865e-08 -3.68539e-08 4.43792e-05 -2.92798e-08 4.73212e-06 -1.80893e-05 1.788e-05 2.95274e-06 5.192e-05 -1.64483e-09 -1.89312e-06 3.33656e-07 -7.60795e-07 -1.28097e-07 -3.7493e-09 -1.55181e-09 -3.26453e-07 -9.94988e-07 -2.84535e-11 -1.88001e-06 -5.95883e-09 4.5134e-05 3.92984e-05 -1.11844e-09 -7.39636e-05 0.000186154 0.000125009 -1.06832e-08 -3.92878e-10 -8.1124e-06 2.04969e-05 -4.18048e-10 4.9547e-06 -0.000270389 -1.01075e-07 -2.99638e-08 1.09042e-05 7.0738e-06 -7.96434e-07 -3.13864e-09 -2.5764e-05 3.45248e-06 -3.50987e-07 
-0.0030632 0.0031243 -4.26636e-07 4.36519e-07 0.00368248 4.18551e-06 0.00297012 -8.57822e-07 -2.07107e-05 -3.66158e-05 -3.74912e-07 -0.00309153 -0.00299307 -7.88045e-06 4.04187e-05 0.00308701 -1.24544e-05 0.00118367 0.00285783 -3.35836e-06 -0.00320692 -1.23205e-10 -5.00733e-06 0.00315259 -2.74599e-05 -1.53601e-05 -0.00315515 -0.00293181 1.16119e-07 -5.95079e-09 -1.04654e-06 -2.72356e-07 0.000141368 -1.95971e-06 -4.88667e-05 -0.000293103 -8.40031e-06 5.06338e-05 -1.47846e-10 -1.27271e-08 -2.10821e-06 -0.00227877 -3.05767e-05 -0.00309976 -2.39589e-06 -5.52377e-06 -1.3587e-07 -9.81511e-08 3.5419e-05 -5.90644e-08 -1.02678e-06 -1.73719e-09 -1.61742e-06 -1.71839e-05 0.00282898 5.12445e-06 -4.48786e-07 -3.95007e-07 -4.14904e-07 -2.81702e-06 -3.29634e-07 -2.9589e-05 -1.95003e-05 -6.75285e-07 6.52374e-06 -0.000166066 -1.85177e-08 -3.44647e-05 -4.82822e-07 -7.14843e-06 -1.44212e-06 -8.87662e-09 -1.74704e-08 2.81143e-06 1.97065e-05 -3.20332e-10 0.000132298 -6.7085e-08 -4.04502e-06 -0.00314673 -1.25915e-08 0.00250324 -0.000112762 0.00313492 -1.20273e-07 -4.42305e-09 -0.000286983 0.000170909 7.86269e-08 -1.34761e-07 5.92651e-05 -1.13791e-06 -1.73347e-08 -1.40404e-07 7.32122e-07 -8.81966e-06 -3.53351e-08 -0.00100329 -4.59936e-07 -1.49145e-06 
-0.000399206 0.000374182 -1.25658e-07 -1.09396e-07 4.18551e-06 0.000485268 0.000367598 -1.23187e-07 -2.62638e-06 -7.12803e-06 -4.92462e-08 -0.000384327 -0.000200706 8.14225e-06 6.39713e-06 0.000410739 2.65751e-05 0.000115199 0.000260231 -3.01211e-06 -0.000408366 -1.61834e-11 -4.21034e-07 0.000373933 2.68627e-05 -7.98466e-06 -8.14239e-05 -0.00039683 -5.09778e-10 -7.8166e-10 -7.92049e-07 1.42249e-08 2.76117e-06 -3.6031e-07 -1.07982e-05 -3.71229e-05 2.98548e-05 6.45487e-06 -1.94201e-11 7.16616e-08 -4.94532e-07 -0.000261211 -6.81469e-06 -0.00040899 -8.17796e-07 2.84156e-05 -1.78471e-08 5.42786e-07 1.58917e-07 -7.75834e-09 6.85802e-06 -2.28187e-10 1.54612e-06 -3.18992e-06 0.000160867 4.11317e-06 -5.89498e-08 -5.18857e-08 -5.44994e-08 -4.10309e-07 -4.32988e-08 -5.37969e-06 -3.1256e-05 -8.87015e-08 4.00095e-06 4.8584e-06 -2.43237e-09 -3.57434e-06 2.60436e-07 -1.12506e-06 -1.89429e-07 -5.54445e-09 -2.29481e-09 -4.69424e-07 6.5578e-06 -4.2077e-11 3.82312e-05 -8.81189e-09 -5.3133e-07 -0.000412739 -1.65395e-09 9.42337e-05 -3.71885e-05 0.000368715 -1.57983e-08 -5.80986e-10 -3.76714e-05 1.99225e-05 -6.18208e-10 -1.77015e-08 1.38269e-05 -1.49469e-07 -2.09769e-08 -1.84427e-08 -1.55494e-07 2.95589e-05 -4.64141e-09 -0.000126264 -6.04144e-08 -5.19039e-07 
-0.0235069 0.013482 -6.81299e-06 -3.04491e-06 0.00297012 0.000367598 0.0292878 -1.22927e-06 5.38018e-05 -0.000438852 -1.27994e-06 -0.0261158 -0.0159058 0.000220551 0.000487469 0.0247096 -0.000112602 0.00622345 0.0240412 -0.000212831 -0.025552 -1.00666e-09 3.25462e-06 0.0199382 0.00863164 -0.00051317 -0.0100096 -0.0246199 9.8829e-07 -8.62173e-09 0.000602049 -2.22533e-06 0.000832393 2.3376e-06 -0.000650764 0.0106463 0.00225891 0.000409321 3.8792e-08 3.33935e-06 -2.06348e-05 -0.018536 0.000534073 -0.0243763 0.000605744 0.00394418 -1.11015e-06 -2.70872e-07 4.39098e-05 4.49407e-06 0.000183667 -1.41939e-08 0.000320142 0.0028433 0.0207396 0.000474816 -3.66686e-06 5.88588e-06 0.00010877 -2.05291e-05 7.53001e-06 0.0002625 -0.0022349 5.35558e-05 0.00207686 0.00153919 -1.51301e-07 0.00066701 6.40765e-07 -5.34156e-05 0.0001194 -2.78215e-07 -1.42745e-07 -2.99623e-05 -0.000125989 -2.61732e-09 0.00221626 1.76019e-05 -2.87271e-05 -0.0248594 -9.54743e-09 0.00687722 0.00107169 0.0132949 1.04396e-06 -3.61391e-08 -0.00200919 0.000641843 5.48789e-08 6.35558e-06 0.000447077 4.86559e-05 1.94504e-05 -1.14719e-06 -1.36779e-05 0.00227961 -1.72044e-07 -0.00671012 -3.75797e-06 5.31342e-05 
-0.000201203 3.97321e-05 -6.56704e-08 -2.99688e-08 -8.57822e-07 -1.23187e-07 -1.22927e-06 0.000253666 -1.49047e-06 -3.72519e-06 -2.57367e-08 -0.000218944 -1.01326e-05 5.90977e-07 4.06335e-06 0.000192524 -1.23938e-06 6.72384e-05 0.000211497 -1.80827e-06 -0.00022227 -8.45767e-12 -4.55097e-07 0.00019567 -6.59401e-07 -4.10745e-06 -0.000230187 -0.00020647 -2.66417e-10 -4.08505e-10 2.34727e-05 -1.86965e-08 -0.000224085 -1.28302e-07 -5.64326e-06 0.000196137 -5.91532e-07 -2.33549e-06 -1.01492e-11 -8.73677e-10 -2.58449e-07 -0.000156711 0.000224055 -0.000212549 2.34593e-05 -1.10502e-06 -9.32711e-09 -2.64167e-08 -1.36445e-07 -4.05461e-09 -7.07146e-08 -1.19253e-10 -1.30939e-07 4.16443e-07 0.00019266 -1.70031e-06 -3.08079e-08 -2.71161e-08 -2.8482e-08 2.48222e-05 4.30705e-07 7.77585e-05 6.83246e-07 8.36435e-08 2.30558e-05 -2.23608e-05 -1.27119e-09 -2.74598e-06 7.66514e-09 -5.8797e-07 -6.89978e-08 -2.8976e-09 -1.1993e-09 -2.52295e-07 -9.20526e-07 -2.19899e-11 -1.48371e-06 -4.6052e-09 -2.7768e-07 -0.000191855 -8.64374e-10 -2.97294e-05 0.000231526 7.73096e-05 -8.25637e-09 -3.0363e-10 -7.38695e-06 7.10486e-07 -3.23083e-10 -9.251e-09 -1.91044e-05 2.85525e-08 -2.31571e-08 -9.63836e-09 9.74583e-07 -6.15513e-07 -2.42566e-09 -7.41999e-05 -3.15733e-08 -2.71256e-07 
-0.00426524 0.00543623 2.16927e-05 3.60853e-06 -2.07107e-05 -2.62638e-06 5.38018e-05 -1.49047e-06 0.0065403 -9.13225e-05 -6.67801e-07 -0.00557874 -0.00325247 -5.49522e-06 0.000104037 0.00542342 4.68178e-05 0.00226901 0.00474446 -4.20904e-05 -0.00575592 -2.19455e-10 -4.53505e-06 0.00553288 -2.1309e-05 -5.33861e-05 -0.00423688 -0.00535013 -6.91282e-09 -1.05997e-08 5.89614e-06 -4.85126e-07 0.000336572 -3.93596e-06 -0.000145065 0.0026211 -1.39421e-05 -6.23079e-05 -2.63346e-10 -2.26697e-08 -6.70607e-06 -0.00385044 -5.23799e-05 -0.00552485 7.01937e-05 -2.55325e-05 -2.42015e-07 3.23456e-06 3.83563e-05 -1.05207e-07 3.67851e-05 -3.09431e-09 2.16225e-05 7.50904e-05 0.00545627 0.000304128 -7.99386e-07 2.57307e-06 -4.15702e-07 3.11527e-05 -5.87151e-07 5.60791e-05 1.58551e-05 9.57169e-07 7.59176e-06 -0.000526951 -3.2984e-08 -3.10711e-05 4.8624e-06 -1.51096e-05 3.93313e-05 -7.51852e-08 -3.11187e-08 -6.28307e-06 -1.23897e-06 -5.70582e-10 7.17824e-05 -1.19493e-07 -6.8484e-06 -0.00548864 -2.24283e-08 -0.00086547 0.00318788 0.00477618 1.0491e-06 -7.87842e-09 -0.000509642 0.00023993 -8.38317e-09 -2.4004e-07 0.000169144 3.30981e-06 -6.00867e-07 -2.50091e-07 -2.13689e-06 -1.49043e-05 -6.29396e-08 -0.0019066 -4.55913e-07 -5.54173e-06 
-0.0106738 -0.000247466 6.00467e-05 2.07898e-05 -3.66158e-05 -7.12803e-06 -0.000438852 -3.72519e-06 -9.13225e-05 0.0144662 -1.92549e-07 0.00179487 0.000725929 -3.74925e-05 -0.0112058 -0.00196196 -7.09218e-05 0.00421171 -0.00237296 0.000948898 0.00144244 -4.89391e-10 -2.35524e-07 -0.00111736 -0.000156999 0.0120624 0.00125043 0.00246808 -1.54158e-08 2.30291e-08 -2.29984e-05 1.81149e-06 -0.0131955 -7.43918e-06 0.0137257 -0.00116999 -3.34948e-05 -0.000149536 -5.87269e-10 -5.05541e-08 0.000454472 0.00512042 -0.000235864 0.000961205 -2.3827e-05 -5.86371e-05 1.78697e-06 1.59144e-06 7.53015e-05 -2.34614e-07 -3.90846e-06 -6.90041e-09 -2.9566e-06 0.000166042 -0.00165102 -1.9463e-05 5.44068e-06 1.1471e-05 -1.64807e-06 -1.17448e-06 4.28773e-05 0.0077146 3.13517e-05 1.9751e-05 -5.24931e-05 -0.000716839 -7.35554e-08 -0.000154992 2.03263e-06 -2.57321e-05 -4.98837e-06 -1.67665e-07 2.3806e-06 1.9158e-05 -6.35832e-05 -1.27242e-09 -8.64218e-05 -2.66473e-07 3.91914e-06 0.00132994 -5.00157e-08 -0.00334036 -0.00117252 -0.00137336 -4.77743e-07 6.55764e-07 -0.000809949 0.000506995 6.13053e-08 1.66514e-05 -0.0135081 -4.45996e-06 -4.23285e-07 -5.5771e-07 -5.59527e-06 -3.03958e-05 -1.40357e-07 -0.0034423 0.0001154 1.20408e-05 
4.32268e-06 -9.62544e-06 -2.6253e-08 -3.33016e-08 -3.74912e-07 -4.92462e-08 -1.27994e-06 -2.57367e-08 -6.67801e-07 -1.92549e-07 0.000101423 5.85793e-06 -1.66145e-06 -2.14755e-07 -4.41094e-06 -6.83747e-06 -4.95467e-07 -4.64834e-05 -1.62237e-05 2.31579e-06 1.05271e-05 -3.38111e-12 -9.30717e-07 -1.00497e-05 3.08894e-07 -1.14663e-06 8.48287e-06 1.27517e-06 -1.06505e-10 -1.63308e-10 -1.65478e-07 -7.47428e-09 -1.88793e-06 3.47226e-08 -1.15933e-06 -8.31183e-06 -2.36476e-07 1.18514e-07 -4.05733e-12 -3.49269e-10 5.20014e-07 1.68539e-05 -1.67586e-06 -3.06994e-05 -1.70857e-07 -4.41753e-07 -3.72869e-09 -1.05606e-08 -5.45465e-08 -1.6209e-09 -2.82695e-08 -4.76737e-11 1.94432e-06 1.93015e-07 -8.98492e-06 -3.39733e-07 -1.2316e-08 7.0916e-07 1.25528e-06 -8.57233e-08 -9.04616e-09 -1.12395e-06 2.7314e-07 -1.85319e-08 2.29986e-06 3.57915e-05 -5.08181e-10 1.90224e-06 -2.3587e-08 2.71615e-07 7.13757e-07 -1.15837e-09 -4.79442e-10 3.04247e-06 -3.87955e-07 -8.79089e-12 5.99154e-06 -1.84101e-09 -1.11008e-07 -5.23217e-05 -3.4555e-10 -1.53549e-05 -7.6854e-06 -8.9319e-06 -3.30064e-09 -1.21382e-10 -2.86168e-07 -9.69738e-07 -1.29158e-10 -3.69826e-09 -5.94745e-06 -3.12276e-08 -9.25748e-09 -3.85311e-09 -5.54681e-08 -2.46063e-07 3.8903e-07 4.09466e-05 1.7378e-08 7.54894e-07 
0.0981125 -0.0946176 -4.6788e-05 3.72909e-05 -0.00309153 -0.000384327 -0.0261158 -0.000218944 -0.00557874 0.00179487 5.85793e-06 0.114712 0.0200758 -0.000259417 -0.00210506 -0.110359 -0.000358963 -0.0420016 -0.0875762 0.00095928 0.0955897 -2.89272e-08 1.5497e-05 -0.105271 -0.00880334 0.00199527 0.0739271 0.108067 -9.11206e-07 -1.35052e-06 -0.00140072 9.33025e-06 -0.00367786 6.31891e-05 0.00252514 -0.0716465 -0.00202136 0.000237026 -3.47126e-08 -2.98818e-06 -0.000244114 0.0644293 -0.0142606 0.104736 -0.0014549 -0.00377866 -9.83089e-06 -4.19781e-06 -0.000134177 -1.38677e-05 -0.000208673 -4.07873e-07 -0.000295142 -0.00598044 -0.105923 -0.00480265 1.60499e-05 -1.68034e-05 -9.73552e-05 -0.000157031 -4.82133e-06 -0.00135536 0.0019522 -5.24799e-05 -0.00269005 0.00739155 6.62245e-07 -0.000332658 -0.000192232 0.000261286 -0.000182289 -8.07118e-07 2.2146e-07 0.000113294 0.000418636 -7.52107e-08 -0.00347099 -1.57508e-05 0.000128382 0.109534 2.83643e-07 0.00934148 -0.0666046 -0.0715202 -3.51538e-06 1.48181e-07 0.00839027 -0.00620367 7.49818e-08 -3.03055e-06 -0.00241827 -4.56618e-05 -7.49193e-05 5.02126e-06 -0.000344012 -0.00203264 -2.16298e-06 0.0355886 1.5862e-05 2.17885e-05 
0.0185495 -0.0130862 -6.9977e-05 1.43715e-05 -0.00299307 -0.000200706 -0.0159058 -1.01326e-05 -0.00325247 0.000725929 -1.66145e-06 0.0200758 0.0598766 -0.000318598 -0.000637252 -0.0183004 -0.00168857 -0.0111527 -0.0214059 -0.00096957 0.0237166 -3.1201e-08 1.22893e-06 -0.016138 -0.00849578 -1.8343e-05 0.0116045 0.021486 -6.82833e-07 6.29894e-08 -0.00151993 4.43363e-06 -0.00100148 -0.000102747 0.00102061 -0.00352125 -0.00217059 0.000231487 -3.74413e-08 -3.22307e-06 4.11882e-05 0.0128795 -0.00123015 0.020737 -0.00156752 -0.00370783 1.06149e-06 -6.39e-05 -0.00026267 -1.49578e-05 -0.000253515 -4.39935e-07 -0.000463389 -0.00313656 -0.0163479 -0.000564942 5.89373e-06 -7.76237e-05 -1.0676e-05 -0.000117966 -3.70417e-05 -0.00181017 0.00206244 -6.08363e-05 -0.00218 0.000744068 -4.23952e-06 -0.000400363 -8.3495e-05 -0.000144209 -0.000328578 -2.50281e-06 -1.00975e-07 -0.000571473 -0.0017251 -8.11227e-08 -0.00296267 -1.6989e-05 6.74899e-05 0.0200472 1.44586e-07 -0.0368929 -0.00557324 -0.0191579 -2.69051e-05 7.65491e-08 0.00288524 -0.00215425 -8.85467e-08 -8.49437e-06 -9.51927e-05 -0.00025081 -7.86285e-05 -2.31234e-05 -0.000110556 -0.0022012 -5.61794e-07 0.0109516 3.5767e-06 -4.67829e-05 
-0.000242614 2.80316e-05 -6.91986e-07 2.96189e-05 -7.88045e-06 8.14225e-06 0.000220551 5.90977e-07 -5.49522e-06 -3.74925e-05 -2.14755e-07 -0.000259417 -0.000318598 0.00319141 -0.000734044 0.00022356 -1.1879e-05 -0.000707118 0.000331876 7.85097e-05 -0.000346553 -1.06722e-10 -6.13331e-08 7.35512e-05 0.000235804 -3.49699e-05 6.79731e-05 -0.00066268 -3.36174e-09 -5.15467e-09 2.42502e-05 -2.58607e-09 -0.000892063 2.38506e-05 8.9798e-07 -0.000239166 0.000207369 -3.61556e-05 -1.28066e-10 -1.10244e-08 8.69547e-06 0.000293195 -4.04703e-05 -0.000207251 -3.9863e-06 0.00021795 -8.10262e-08 3.31333e-06 -1.53505e-06 -5.11625e-08 1.77698e-07 -1.50478e-09 5.4011e-06 4.07308e-06 4.93379e-05 0.000252575 -3.88745e-07 -3.42161e-07 -3.59397e-07 -2.21912e-06 1.71132e-07 -3.37997e-05 -0.000244335 2.31651e-05 0.000145119 -1.67544e-05 -1.60403e-08 -2.06364e-05 -2.41169e-07 2.98274e-05 3.14908e-05 -3.65629e-08 2.382e-07 4.12645e-06 -1.16922e-05 -2.77477e-10 0.000169382 -5.81101e-08 1.58328e-05 -0.00034719 -1.0907e-08 -0.000422117 -0.000229735 -7.04369e-05 2.65818e-07 -3.83132e-09 0.000944314 -2.09449e-05 -4.07678e-09 -6.57354e-11 -3.80419e-05 1.84327e-07 1.44478e-05 1.09184e-05 -2.77471e-07 0.000197427 -3.06078e-08 -0.000915644 -3.61737e-07 -1.43947e-06 
0.0116396 -0.0022457 -0.000171827 -0.000208913 4.04187e-05 6.39713e-06 0.000487469 4.06335e-06 0.000104037 -0.0112058 -4.41094e-06 -0.00210506 -0.000637252 -0.000734044 0.0159614 0.00222741 4.72586e-05 -0.00442302 0.0022548 -0.00389469 -0.00156421 5.40822e-10 4.72655e-05 0.000870047 0.000139385 -0.0132624 -0.00135194 -0.00285175 1.70359e-08 -2.0545e-08 2.58522e-05 -5.29278e-05 0.014304 -3.23624e-05 -0.0140313 0.00120908 3.78253e-05 0.000157078 6.48987e-10 5.58669e-08 -0.000462404 -0.00566205 0.00020661 -0.00162788 2.68093e-05 7.06602e-05 2.36419e-07 -1.29775e-05 -0.000233015 2.5927e-07 4.33848e-06 7.62559e-09 7.69618e-06 -0.000162444 0.00194285 7.8706e-05 -1.67667e-06 -3.25627e-05 1.82127e-06 -4.00149e-05 -4.61264e-05 -0.00761578 7.31678e-06 -3.66624e-05 5.81962e-05 0.00130096 8.12856e-08 2.23064e-06 -4.3405e-06 -0.000103292 1.89704e-06 -8.43805e-06 -4.24664e-06 -0.00020698 5.91358e-05 1.40614e-09 9.94475e-05 2.94478e-07 -2.42572e-05 -0.00139829 -1.34473e-06 0.00368408 0.000792038 0.00112338 5.27951e-07 -6.53918e-07 -0.00028067 -0.000707664 -2.06007e-07 -5.69512e-06 0.014237 4.96831e-06 1.48077e-06 -1.03003e-05 -9.38098e-06 3.91788e-05 -4.11559e-07 0.00426503 -0.000117511 1.41487e-05 
-0.0963305 0.0949283 4.38502e-05 -4.31526e-05 0.00308701 0.000410739 0.0247096 0.000192524 0.00542342 -0.00196196 -6.83747e-06 -0.110359 -0.0183004 0.00022356 0.00222741 0.121958 0.00128669 0.041884 0.0885942 -0.00095905 -0.0940228 -4.73901e-09 -2.11787e-05 0.105703 0.0066569 -0.00214808 -0.0731722 -0.10615 8.84055e-07 1.33444e-06 -0.000180266 -1.00627e-05 0.00114617 -7.62264e-05 -0.00271909 0.0705427 0.00183886 -0.000304455 -5.68681e-09 2.95379e-06 0.000236436 -0.0696875 0.0140622 -0.106266 -0.000233609 0.00355454 -4.91618e-06 4.30815e-05 0.00012706 -2.27188e-06 0.000155357 -6.82003e-09 0.000110079 0.00470241 0.105002 0.00446149 -1.71056e-05 9.59626e-06 -9.63909e-06 3.91524e-05 -6.08922e-06 -8.8491e-05 -0.00175836 3.25222e-05 0.000693833 -0.00503549 -7.12273e-07 0.000324496 8.83002e-05 -0.000250075 9.70261e-05 7.09749e-07 -6.71991e-07 -9.49327e-05 0.000436998 -1.23214e-08 0.00329189 1.55696e-05 -0.00012709 -0.110603 -3.90993e-07 -0.0100776 0.065868 0.0702441 -2.45622e-06 -1.6013e-07 -0.0109035 0.00686125 -8.76968e-08 -4.37353e-06 0.0039432 2.23843e-05 6.53126e-06 -5.11724e-06 0.000337872 0.00182712 1.57752e-06 -0.0354368 -1.65412e-05 -6.12538e-05 
-0.00387998 0.00404424 1.15909e-06 2.7083e-05 -1.24544e-05 2.65751e-05 -0.000112602 -1.23938e-06 4.68178e-05 -7.09218e-05 -4.95467e-07 -0.000358963 -0.00168857 -1.1879e-05 4.72586e-05 0.00128669 0.0048608 0.00168792 -0.000546514 0.000435478 -0.00403681 -1.62822e-10 -1.44138e-06 0.00379257 0.000120447 0.00155375 -4.91904e-05 -0.00388377 -5.12889e-09 -7.8643e-09 -7.78881e-06 -3.59934e-07 0.000224059 -1.74842e-06 -8.59173e-05 8.7726e-05 -1.13878e-05 -5.41633e-05 -1.95386e-10 -1.68195e-08 -4.12549e-06 -0.00199379 -4.93364e-05 -0.00399358 -5.4612e-06 -1.19899e-05 -1.7956e-07 6.50414e-05 3.13899e-05 -7.80568e-08 3.55253e-05 -2.29579e-09 6.99759e-05 9.59364e-05 0.00036495 1.79323e-06 1.50238e-07 -5.22023e-07 -4.68319e-07 3.05152e-05 -4.22297e-07 -4.81118e-05 1.26934e-05 -6.72427e-07 -1.74743e-05 -0.00040583 4.34219e-06 0.000127169 1.50747e-06 -1.00492e-05 6.79082e-06 1.22422e-06 3.80245e-07 1.61996e-05 0.003344 -4.23337e-10 0.00015207 -8.86565e-08 2.67876e-05 -0.00405647 -1.66404e-08 -0.000270305 -0.00029759 0.00195332 1.88244e-05 -5.84531e-09 -0.000381679 0.0029485 -6.2198e-09 -1.78095e-07 5.44591e-05 8.17953e-06 -4.02473e-07 -1.15552e-07 0.000126146 -1.13695e-05 -4.66973e-08 -0.00136317 3.73217e-06 -4.38872e-06 
-0.0458034 0.0428967 8.80266e-05 -0.000147551 0.00118367 0.000115199 0.00622345 6.72384e-05 0.00226901 0.00421171 -4.64834e-05 -0.0420016 -0.0111527 -0.000707118 -0.00442302 0.041884 0.00168792 0.231615 0.00756282 -0.000125969 -0.0375779 -2.11863e-08 2.99854e-05 0.0465976 -0.00051328 0.00620669 -0.0307386 -0.0541055 3.65964e-07 5.867e-07 -0.000547916 -2.76445e-05 6.1096e-05 -0.000451025 0.005076 0.0298631 -0.00142933 -0.00117942 -2.54236e-08 -2.18855e-06 0.000253207 0.107753 0.00591186 -0.027049 -0.00057901 -0.000867006 -1.55243e-05 3.39733e-05 0.000149714 -2.21006e-06 -8.97256e-05 -2.38727e-07 -0.000121234 0.00204371 0.0447018 0.000926391 -7.64034e-05 1.77478e-05 -7.08771e-05 -0.0004699 1.69287e-07 0.00291078 0.00165172 -9.32232e-06 -0.00180125 -0.0539272 1.82569e-06 0.00195606 2.05453e-05 -0.00109717 -1.74915e-05 3.24489e-06 7.89111e-07 0.000316672 0.00139897 -5.50845e-08 -0.00180521 -1.1536e-05 -0.000370293 -0.0438008 -2.07191e-06 -0.0955079 0.0263679 0.0287603 8.00456e-06 4.36077e-07 -0.00849834 0.00445831 -3.82651e-07 -2.12269e-05 -0.00660985 -0.000112305 -5.54015e-05 -1.8714e-05 9.61784e-05 -0.0014957 -1.73957e-06 -0.181338 3.61959e-05 -0.000596389 
-0.0774713 0.0744353 -1.88806e-05 0.000235447 0.00285783 0.000260231 0.0240412 0.000211497 0.00474446 -0.00237296 -1.62237e-05 -0.0875762 -0.0214059 0.000331876 0.0022548 0.0885942 -0.000546514 0.00756282 0.136586 -0.00106064 -0.0876361 2.78923e-08 -2.35716e-05 0.0811013 0.00869415 -0.00281622 -0.0695999 -0.0797036 8.18608e-07 1.20053e-06 0.0013355 -7.37123e-06 -0.00842999 0.000313194 -0.00362438 0.0620007 0.00194498 -0.00125335 3.34708e-08 2.88128e-06 -0.000125022 -0.099961 0.0128027 -0.0999031 0.00137118 0.00342421 -5.95034e-06 -1.01611e-05 1.73818e-05 1.33716e-05 0.000184971 3.93282e-07 8.17739e-05 0.00363524 0.0808174 0.00183462 6.37372e-05 -1.13108e-06 7.88035e-05 0.000100838 -1.56075e-06 0.00103406 -0.00188039 0.000107161 0.00284302 0.0130088 -8.17784e-07 -0.000372935 8.4893e-05 -0.000344805 0.000207842 -8.50756e-07 -7.71535e-07 -0.000161154 -0.000701924 7.252e-08 0.00330078 1.51874e-05 0.000178742 -0.0837501 -3.89404e-07 -0.00509395 0.0637349 0.0680855 5.18488e-07 -1.95332e-07 -0.0113838 8.09241e-05 2.95487e-07 9.20529e-06 0.00282402 -1.91059e-05 7.50992e-05 5.14276e-06 8.9172e-05 0.00196201 -1.04048e-06 -0.0122103 -1.94252e-05 -7.15451e-05 
-0.00285219 0.00201814 8.39677e-05 2.15345e-05 -3.35836e-06 -3.01211e-06 -0.000212831 -1.80827e-06 -4.20904e-05 0.000948898 2.31579e-06 0.00095928 -0.00096957 7.85097e-05 -0.00389469 -0.00095905 0.000435478 -0.000125969 -0.00106064 0.0072831 0.000161768 -2.44564e-10 -2.82452e-05 -0.000284383 9.78086e-06 0.0034515 0.00061828 0.000797744 -7.70378e-09 -1.18125e-08 -1.11328e-05 2.13827e-05 -0.00533627 1.26217e-05 0.00336686 -0.000523959 -1.71049e-05 -8.25088e-05 -2.93477e-10 -2.52635e-08 2.92133e-05 0.00137159 -0.000107676 0.000134789 -1.23586e-05 -3.19531e-05 -2.69706e-07 4.43613e-06 0.000159441 -1.17244e-07 5.82186e-06 -3.44836e-09 5.67039e-06 -5.4408e-05 -0.000892327 -4.85968e-05 -8.1085e-07 4.90892e-05 -8.23595e-07 -3.60059e-06 2.78567e-06 6.69121e-05 1.73503e-05 -1.34046e-06 -2.44857e-05 0.000165988 -1.6758e-08 2.48931e-05 -1.01611e-06 3.76581e-05 1.34735e-06 8.53955e-06 1.35865e-06 0.000178435 0.00041779 -6.35868e-10 -1.56234e-05 -1.33165e-07 -4.99466e-07 -1.31841e-05 5.08339e-07 -0.000894898 -0.000261085 -0.000341955 6.62459e-06 -8.77986e-09 0.00111045 0.000635807 2.17324e-07 -1.20838e-07 -0.00369641 3.78456e-06 -6.69617e-07 -2.72039e-07 -3.97549e-06 -1.77984e-05 5.65256e-08 -0.00186963 -2.32984e-07 -6.56372e-06 
0.0933006 -0.0878961 -0.00017482 -2.73359e-05 -0.00320692 -0.000408366 -0.025552 -0.00022227 -0.00575592 0.00144244 1.05271e-05 0.0955897 0.0237166 -0.000346553 -0.00156421 -0.0940228 -0.00403681 -0.0375779 -0.0876361 0.000161768 0.104487 -2.9382e-08 1.03946e-05 -0.0939067 -0.0092799 -0.000457645 0.0722768 0.0939838 -9.25534e-07 -1.27249e-06 -0.00143585 7.35472e-06 -0.00253732 5.12753e-05 0.00223444 -0.0680892 -0.00205193 1.95447e-05 -3.52585e-08 -3.03516e-06 0.00011046 0.0705781 -0.0145497 0.0963859 -0.00147882 -0.00377352 4.35748e-06 -8.03185e-05 -0.000391672 -1.40858e-05 -0.000243217 -4.14287e-07 -0.000372834 -0.00492967 -0.0895483 -0.0032088 1.4393e-05 -3.05651e-05 -9.6387e-05 -2.44605e-05 7.83469e-08 -0.00152315 0.00193565 -5.2043e-05 -0.00235031 0.0065566 -3.44612e-06 2.04663e-05 -0.000184062 0.000237357 -0.00015932 -4.40629e-06 1.23626e-07 7.33349e-05 -0.00306423 -7.63933e-08 -0.00364067 -1.59985e-05 0.000107854 0.0970093 2.37155e-07 0.00443752 -0.0642232 -0.0752563 -2.27394e-05 1.41851e-07 0.00811577 -0.00505739 -1.32394e-07 -5.79141e-06 -0.0015893 -7.65429e-05 -7.4128e-05 -3.77711e-06 -0.000278488 -0.00206868 3.26564e-07 0.0316271 7.37057e-06 7.36766e-05 
-2.87843e-08 -4.01537e-09 -8.62733e-12 -1.09437e-11 -1.23205e-10 -1.61834e-11 -1.00666e-09 -8.45767e-12 -2.19455e-10 -4.89391e-10 -3.38111e-12 -2.89272e-08 -3.1201e-08 -1.06722e-10 5.40822e-10 -4.73901e-09 -1.62822e-10 -2.11863e-08 2.78923e-08 -2.44564e-10 -2.9382e-08 3.33333e-08 6.337e-12 -4.32566e-09 3.29616e-08 -5.7727e-10 2.84901e-09 -2.72872e-08 -3.5e-14 -5.36667e-14 3.3279e-08 -2.45622e-12 -3.15395e-08 -2.47379e-11 -7.41373e-10 -2.77418e-09 -7.77114e-11 -4.03599e-10 -1.33333e-15 -1.14778e-13 -3.39532e-11 -2.06231e-08 -5.50725e-10 -2.81321e-08 3.32772e-08 -1.4517e-10 -1.22533e-12 -3.47044e-12 -1.79252e-11 -5.32667e-13 -9.29e-12 -1.56667e-14 -1.72019e-11 3.30846e-08 -4.10064e-09 -2.23376e-10 -4.04733e-12 -3.56233e-12 -3.74178e-12 -2.81707e-11 -2.97278e-12 3.2964e-08 8.97602e-11 -6.09e-12 3.32128e-08 -2.94505e-09 -1.67e-13 -3.60748e-10 -7.75122e-12 -7.72436e-11 -1.30057e-11 -3.80667e-13 -1.57556e-13 -3.31448e-11 -1.45018e-10 -2.88889e-15 -2.0543e-10 -6.05e-13 -3.64797e-11 4.82691e-09 -1.13556e-13 -7.68043e-09 -2.66472e-09 3.01462e-08 -1.08467e-12 -3.98889e-14 3.07133e-08 -4.17265e-10 -4.24444e-14 -1.21533e-12 -3.23806e-08 -1.02621e-11 -3.04222e-12 -1.26622e-12 -1.82281e-11 -8.0862e-11 -3.18667e-13 -9.75576e-09 -4.14789e-12 -3.56358e-11 
1.33355e-05 -6.60258e-05 -9.40413e-06 -1.35243e-05 -5.00733e-06 -4.21034e-07 3.25462e-06 -4.55097e-07 -4.53505e-06 -2.35524e-07 -9.30717e-07 1.5497e-05 1.22893e-06 -6.13331e-08 4.72655e-05 -2.11787e-05 -1.44138e-06 2.99854e-05 -2.35716e-05 -2.82452e-05 1.03946e-05 6.337e-12 0.000190074 -4.53694e-05 -8.46337e-06 -1.56877e-05 1.94679e-05 1.16169e-05 1.99616e-10 3.06077e-10 1.30145e-07 -1.33932e-06 4.0879e-05 -2.48912e-07 -1.55751e-05 -1.69136e-06 2.63212e-07 -9.25482e-06 7.6044e-12 6.54612e-10 1.93645e-07 3.91397e-05 -1.14657e-05 3.90459e-05 3.20227e-07 -1.55384e-07 6.98844e-09 -1.30354e-06 -9.81443e-06 3.03796e-09 -1.74702e-06 8.93517e-11 9.81075e-08 -6.08456e-06 -1.81461e-05 5.00646e-07 2.30832e-08 2.03171e-08 2.13405e-08 -5.16001e-07 -1.30454e-08 2.10654e-06 4.2514e-06 -1.11934e-07 6.8749e-07 -2.21968e-05 9.52451e-10 -6.65159e-05 4.42075e-08 -5.31428e-05 7.41752e-08 -9.1345e-06 -2.25768e-07 -1.0843e-06 -2.09588e-07 1.64762e-11 -6.21706e-07 3.4505e-09 2.08054e-07 2.82173e-05 -1.38935e-06 2.92872e-05 -4.62623e-05 -5.64959e-05 6.18618e-09 2.27498e-10 -1.22804e-05 -2.48502e-05 2.42073e-10 -1.74307e-06 6.19395e-05 -7.74805e-07 1.73507e-08 7.22165e-09 -3.46604e-06 2.8118e-07 1.81745e-09 3.39867e-05 -2.7301e-07 -1.19676e-06 
-0.0980817 0.100628 0.000198213 0.000108565 0.00315259 0.000373933 0.0199382 0.00019567 0.00553288 -0.00111736 -1.00497e-05 -0.105271 -0.016138 7.35512e-05 0.000870047 0.105703 0.00379257 0.0465976 0.0811013 -0.000284383 -0.0939067 -4.32566e-09 -4.53694e-05 0.11293 0.00282111 0.000966146 -0.0740961 -0.103648 4.10408e-07 9.74404e-07 -0.000202376 -9.27565e-06 0.00387486 -7.84604e-05 -0.00161153 0.0694771 -0.000289228 -0.000315295 -5.1908e-09 -4.46841e-07 0.000139157 -0.0615062 0.0141274 -0.102996 -0.000213742 0.00109531 -4.74701e-06 7.93026e-05 0.000403012 -2.07372e-06 4.68645e-06 -9.91866e-10 -1.6532e-05 0.00305276 0.104148 0.00398612 -1.57567e-05 2.81415e-05 -1.43871e-05 -5.08945e-05 -6.63998e-06 7.20695e-05 0.000284199 2.36677e-05 -0.000457767 -0.010727 3.38985e-06 -0.0012598 9.13937e-05 -0.00028206 2.8091e-05 8.13136e-06 -6.13379e-07 -8.62925e-05 0.00288346 -1.12467e-08 0.00111973 -2.35532e-06 -0.000134742 -0.110057 -3.4875e-07 -0.011522 0.0665786 0.0724302 5.45729e-06 -1.55291e-07 -0.0101983 0.0103506 7.47596e-08 -3.54745e-07 0.002508 -3.19447e-05 -1.07637e-05 -4.92953e-06 0.000328513 -0.000306157 1.61273e-06 -0.0369862 -1.32915e-05 -0.000104617 
-0.00866274 -0.000731179 6.55051e-06 1.20923e-05 -2.74599e-05 2.68627e-05 0.00863164 -6.59401e-07 -2.1309e-05 -0.000156999 3.08894e-07 -0.00880334 -0.00849578 0.000235804 0.000139385 0.0066569 0.000120447 -0.00051328 0.00869415 9.78086e-06 -0.0092799 3.29616e-08 -8.46337e-06 0.00282111 0.0110269 -5.36913e-05 0.000233382 -0.00840852 4.91625e-07 3.78713e-07 0.00153996 -8.21697e-07 -0.00163025 -5.47907e-06 -0.00024536 0.0040377 0.00228699 -9.99055e-05 -4.46049e-10 3.40494e-06 -1.13586e-05 -0.00686836 0.000157162 -0.00913644 0.00157102 0.00340108 -4.09919e-07 1.06234e-06 1.60067e-05 1.58018e-05 0.000217085 4.04759e-07 0.000354345 0.00355118 0.00434925 -6.62308e-05 -1.35398e-06 1.28549e-05 0.000105688 -8.64412e-06 1.2355e-06 0.0011923 -0.00213563 4.71293e-05 0.00244425 0.00229402 -5.58676e-08 0.000868103 9.82403e-05 -1.22608e-05 9.86158e-05 3.07599e-06 3.50625e-07 -7.32148e-06 5.99396e-05 -9.6644e-10 0.0024034 1.79476e-05 -1.00405e-05 -0.00717447 3.53448e-08 0.00110368 0.000311884 0.00146418 2.47714e-06 -1.33443e-08 0.000255991 -0.000105844 -1.41992e-08 8.70676e-06 -0.000950867 6.78736e-05 8.37089e-05 -4.23598e-07 5.66203e-06 0.00232165 1.00609e-08 -0.00175315 -1.05762e-06 -2.58481e-06 
-0.0144472 0.00376202 0.000162678 1.0861e-05 -1.53601e-05 -7.98466e-06 -0.00051317 -4.10745e-06 -5.33861e-05 0.0120624 -1.14663e-06 0.00199527 -1.8343e-05 -3.49699e-05 -0.0132624 -0.00214808 0.00155375 0.00620669 -0.00281622 0.0034515 -0.000457645 -5.7727e-10 -1.56877e-05 0.000966146 -5.36913e-05 0.0170182 0.00146835 0.000973784 -1.8184e-08 1.87845e-08 -2.76827e-05 6.00055e-06 -0.0137608 -1.02557e-05 0.0142712 -0.00115431 -4.03744e-05 -0.00012121 -6.92724e-10 -5.9632e-08 0.00044938 0.00463007 -0.000241165 -0.000499849 -2.91711e-05 -7.12321e-05 -6.36613e-07 1.98103e-05 0.000282084 -2.76743e-07 1.56234e-05 -8.1395e-09 -5.85378e-06 0.000172674 -0.00182824 5.15267e-05 -2.56096e-07 5.70459e-05 -1.91068e-06 -1.38586e-06 4.59655e-05 0.00742831 4.66343e-05 3.72932e-06 -6.26269e-05 -0.00150416 3.03324e-06 -0.000183514 1.07562e-05 -3.9148e-05 -6.687e-06 7.53889e-06 2.33814e-06 0.000164113 0.00144003 -1.5009e-09 -6.95862e-05 -3.14323e-07 -1.19361e-05 -0.000820245 -5.8997e-08 -0.00388193 -0.00137178 -0.00145246 2.41314e-06 6.52609e-07 -0.0012788 0.00241375 1.44615e-07 1.77192e-06 -0.0141797 1.1484e-06 -1.58056e-06 -6.57857e-07 -6.97362e-06 -4.19946e-05 -1.65561e-07 -0.00469391 0.000111232 -1.83043e-05 
0.06693 -0.0724453 -1.40386e-05 2.43641e-05 -0.00315515 -8.14239e-05 -0.0100096 -0.000230187 -0.00423688 0.00125043 8.48287e-06 0.0739271 0.0116045 6.79731e-05 -0.00135194 -0.0731722 -4.91904e-05 -0.0307386 -0.0695999 0.00061828 0.0722768 2.84901e-09 1.94679e-05 -0.0740961 0.000233382 0.00146835 0.0781651 0.0699173 -2.90256e-07 -1.02906e-06 1.30192e-05 6.29802e-06 -0.00277248 3.96906e-05 0.00187526 -0.0601784 0.000132981 0.000252429 -3.65812e-08 -4.69031e-07 5.92997e-05 0.0520983 -0.0142532 0.0716344 5.13387e-05 -0.000165415 3.14189e-06 -5.21807e-06 -0.000103084 1.36581e-06 -5.79437e-07 -1.9829e-08 2.13142e-05 -3.86154e-05 -0.0739019 -0.00013366 1.03778e-05 8.04207e-07 9.29766e-06 1.06793e-05 -5.99414e-06 -0.000567038 -2.99316e-05 -3.62512e-05 0.000126224 0.00718582 4.28206e-07 0.000920898 -1.57784e-05 0.000197794 -0.000143295 -1.77393e-06 4.03989e-07 7.21568e-05 0.000113614 -7.92592e-08 -0.000804709 -7.77205e-06 9.17011e-05 0.0729836 1.24502e-07 0.00614982 -0.0650545 -0.060917 -3.84213e-06 1.02279e-07 0.00665521 -0.00148086 1.54988e-08 3.04625e-06 -0.00232645 2.45865e-05 -2.97394e-05 2.97006e-06 -0.000244788 0.000150376 8.17096e-07 0.0249779 9.78897e-06 5.82065e-06 
0.0958475 -0.0935444 -3.77272e-05 4.99206e-05 -0.00293181 -0.00039683 -0.0246199 -0.00020647 -0.00535013 0.00246808 1.27517e-06 0.108067 0.021486 -0.00066268 -0.00285175 -0.10615 -0.00388377 -0.0541055 -0.0797036 0.000797744 0.0939838 -2.72872e-08 1.16169e-05 -0.103648 -0.00840852 0.000973784 0.0699173 0.148485 -8.59546e-07 -1.2713e-06 -0.001325 1.2809e-05 -0.00596914 9.90726e-05 0.00350899 -0.0676697 -0.00190688 -0.000782446 -3.27446e-08 -2.81876e-06 -0.000208602 0.0490012 -0.0134906 0.101742 -0.00137838 -0.00356513 -1.12956e-05 -6.85821e-05 -0.000110696 -1.30815e-05 -0.000225571 -3.84749e-07 -0.000327318 -0.00571801 -0.100668 -0.00469423 2.16404e-05 -4.94854e-05 -9.18922e-05 -0.000121598 -3.62347e-06 -0.000954247 0.00181709 -4.65476e-05 -0.002536 0.0116493 -4.10126e-06 -0.00129301 -0.000182238 0.000223845 -0.000247166 -7.25248e-07 4.54014e-07 -1.32542e-05 -0.00355221 -7.09466e-08 -0.00321489 -1.48579e-05 0.000171809 0.108 -1.05541e-06 0.0161235 -0.0629281 -0.0745303 -2.50211e-05 2.07058e-07 -0.0223268 -0.00894374 1.3763e-07 -1.35336e-06 -0.0037627 -3.02682e-05 -7.04289e-05 6.78355e-06 -0.000388614 -0.001919 -3.47262e-06 0.047378 1.7981e-05 3.28173e-05 
-9.06706e-07 -1.13151e-07 -2.71761e-10 -3.44725e-10 1.16119e-07 -5.09778e-10 9.8829e-07 -2.66417e-10 -6.91282e-09 -1.54158e-08 -1.06505e-10 -9.11206e-07 -6.82833e-07 -3.36174e-09 1.70359e-08 8.84055e-07 -5.12889e-09 3.65964e-07 8.18608e-07 -7.70378e-09 -9.25534e-07 -3.5e-14 1.99616e-10 4.10408e-07 4.91625e-07 -1.8184e-08 -2.90256e-07 -8.59546e-07 1.05e-06 -1.6905e-12 1.49537e-08 -7.7371e-11 3.98401e-08 -7.79244e-10 -2.33533e-08 8.25947e-07 -2.44791e-09 -1.27134e-08 -4.2e-14 -3.6155e-12 -1.06953e-09 -6.49627e-07 4.26522e-08 -8.86162e-07 1.4898e-08 4.15427e-07 -3.8598e-11 -1.09319e-10 -5.64645e-10 -1.6779e-11 -2.92635e-10 -4.935e-13 -5.41859e-10 2.62164e-07 7.84163e-07 -7.03634e-09 -1.27491e-10 -1.12213e-10 -1.17866e-10 -8.87376e-10 -9.36425e-11 5.03199e-09 2.82745e-09 -1.91835e-10 1.28696e-08 2.7231e-08 -5.2605e-12 -1.13636e-08 -2.44163e-10 -2.43317e-09 -4.09678e-10 -1.1991e-11 -4.963e-12 -1.04406e-09 -4.56805e-09 -9.1e-14 -6.47103e-09 -1.90575e-11 -1.14911e-09 -8.81286e-07 -3.577e-12 1.84733e-07 -8.39386e-08 -7.03959e-08 -3.4167e-11 -1.2565e-12 -6.58651e-08 -1.31439e-08 -1.337e-12 -3.8283e-11 1.3345e-08 -3.23257e-10 -9.583e-11 -3.9886e-11 -5.74185e-10 -2.54715e-09 -1.0038e-11 -3.07306e-07 -1.30658e-10 -1.12253e-09 
-1.36695e-06 6.46058e-07 -4.167e-10 -5.28579e-10 -5.95079e-09 -7.8166e-10 -8.62173e-09 -4.08505e-10 -1.05997e-08 2.30291e-08 -1.63308e-10 -1.35052e-06 6.29894e-08 -5.15467e-09 -2.0545e-08 1.33444e-06 -7.8643e-09 5.867e-07 1.20053e-06 -1.18125e-08 -1.27249e-06 -5.36667e-14 3.06077e-10 9.74404e-07 3.78713e-07 1.87845e-08 -1.02906e-06 -1.2713e-06 -1.6905e-12 1.61e-06 -2.62655e-09 -1.18636e-10 3.9977e-08 -1.19484e-09 1.08583e-08 1.11267e-06 -3.75346e-09 -1.94938e-08 -6.44e-14 -5.54377e-12 -1.63994e-09 -8.49428e-07 -2.66e-08 -1.27878e-06 -2.71193e-09 -7.01172e-09 -5.91836e-11 -1.67622e-10 -8.65788e-10 -2.57278e-11 -4.48707e-10 -7.567e-13 -8.30851e-10 3.84651e-07 9.85272e-07 -1.07891e-08 -1.95486e-10 -1.72061e-10 -1.80728e-10 -1.36064e-09 -1.43585e-10 1.75494e-07 4.33542e-09 -2.94147e-10 -5.8222e-09 -1.42246e-07 -8.0661e-12 3.62576e-07 -3.74384e-10 -3.73086e-09 -6.28174e-10 -1.83862e-11 -7.60993e-12 -1.60089e-09 -7.00435e-09 -1.39533e-13 -9.92225e-09 -2.92215e-11 -1.76197e-09 -1.33019e-06 -5.48473e-12 -3.70965e-07 1.02463e-06 1.3606e-07 -5.23894e-11 -1.92663e-12 -1.26549e-07 -2.01539e-08 -2.05007e-12 -5.87006e-11 -6.48826e-10 -4.9566e-10 -1.46939e-10 -6.11585e-11 -8.80418e-10 -3.90563e-09 -1.53916e-11 -4.71203e-07 -2.00343e-10 -1.72121e-09 
-0.00137548 -0.000191423 -3.95571e-07 2.57773e-06 -1.04654e-06 -7.92049e-07 0.000602049 2.34727e-05 5.89614e-06 -2.29984e-05 -1.65478e-07 -0.00140072 -0.00151993 2.42502e-05 2.58522e-05 -0.000180266 -7.78881e-06 -0.000547916 0.0013355 -1.11328e-05 -0.00143585 3.3279e-08 1.30145e-07 -0.000202376 0.00153996 -2.76827e-05 1.30192e-05 -0.001325 1.49537e-08 -2.62655e-09 0.00162874 -1.20212e-07 -0.00130628 1.83595e-06 -3.52242e-05 -0.000128944 4.533e-05 -1.96763e-05 -6.52559e-11 7.54383e-07 -1.66174e-06 -0.00100879 2.63365e-05 -0.00135465 0.00154408 4.40384e-05 -5.99701e-08 -1.6985e-07 -8.77294e-07 1.59539e-05 4.622e-06 4.09233e-07 0.000143545 0.0011213 -0.000191493 -3.32244e-06 -1.98084e-07 4.94232e-06 3.40204e-07 2.96279e-05 3.32784e-06 0.00129918 -4.9697e-05 8.86194e-06 0.00159763 -4.4693e-05 -8.1733e-09 -8.08904e-06 9.5084e-05 -3.69378e-06 6.09635e-05 -1.86305e-08 -7.71107e-09 -1.62217e-06 -6.96077e-06 8.65253e-08 0.000109806 -2.96098e-08 -1.78538e-06 0.000124902 6.77757e-08 -3.82517e-05 0.00025813 0.00140969 1.19358e-06 -1.95224e-09 0.000921243 -2.04218e-05 -2.07731e-09 5.21052e-06 -0.00123708 -5.02247e-07 7.46811e-05 -6.19713e-08 2.37121e-06 3.73025e-05 -1.55962e-08 -0.000477182 -1.19672e-07 -1.66742e-06 
3.07607e-06 3.9757e-05 8.40928e-07 6.89141e-07 -2.72356e-07 1.42249e-08 -2.22533e-06 -1.86965e-08 -4.85126e-07 1.81149e-06 -7.47428e-09 9.33025e-06 4.43363e-06 -2.58607e-09 -5.29278e-05 -1.00627e-05 -3.59934e-07 -2.76445e-05 -7.37123e-06 2.13827e-05 7.35472e-06 -2.45622e-12 -1.33932e-06 -9.27565e-06 -8.21697e-07 6.00055e-06 6.29802e-06 1.2809e-05 -7.7371e-11 -1.18636e-10 -1.20212e-07 7.36812e-05 -3.85345e-05 3.05314e-07 5.45745e-05 -5.33593e-06 -1.71789e-07 9.95447e-06 -2.94747e-12 -2.53728e-10 5.94943e-07 5.3306e-06 -1.21743e-06 5.4477e-08 -1.2412e-07 -3.20913e-07 -2.70872e-09 2.32824e-09 -3.96255e-08 -1.17751e-09 -2.05365e-08 -3.46327e-11 -3.80265e-08 -5.43248e-07 -8.65488e-06 -3.70461e-07 -8.94704e-09 -7.87489e-09 -8.27157e-09 -5.60741e-09 -6.57162e-09 -8.16495e-07 -1.10149e-05 3.46537e-07 -2.66471e-07 1.2993e-05 -3.6917e-10 -7.90804e-07 -1.71349e-08 2.20591e-06 -2.87503e-08 -8.41502e-10 -3.48292e-10 4.5673e-07 -3.20576e-07 -6.38618e-12 -4.34123e-07 -1.33741e-09 1.95269e-06 4.81038e-06 -2.51026e-10 -1.6865e-05 -5.89062e-06 -4.72889e-06 -2.39776e-09 -8.81784e-11 -4.5419e-06 -6.42407e-07 -9.38277e-11 -2.68662e-09 -5.50905e-05 -2.26854e-08 -6.72514e-09 -2.79911e-09 -3.02951e-08 -1.78754e-07 -7.04445e-10 -1.10694e-05 -9.16932e-09 6.45569e-08 
