0.14144 -0.00474647 -0.000107012 0.00808942 -0.000286798 -0.0252646 -0.000317746 -0.0071103 -0.000448122 0.0393799 -0.110098 0.135994 -0.112058 0.00493633 0.130871 -0.00528392 -8.97334e-05 0.000100744 0.000703897 0.136395 -0.116901 0.0662867 -0.00470063 -0.000142072 0.00885406 0.134786 -0.000881903 0.00587593 3.98765e-06 -0.134794 -0.104391 -0.000347689 -0.0220712 0.0855901 -0.124634 -0.0451473 0.00265541 0.0384971 9.49084e-08 0.0364902 -2.23209e-06 -0.131259 0.135102 3.42569e-05 0.000425809 -6.10138e-05 -1.70515e-08 0.0314369 -0.0178076 2.33023e-06 -0.000128622 0.000241447 -0.00152372 0.000356137 -0.00214487 0.000202905 7.04673e-05 0.00462169 0.00470913 0.0167426 0.136354 -5.2005e-05 8.41207e-06 -0.135617 0.0049799 -0.000181878 -0.000225808 -8.57207e-05 -0.130437 -0.0232044 -8.7947e-06 -1.04856e-05 0.00132301 0.0580744 0.112736 1.6971e-05 1.60297e-05 -0.00550649 0.0110712 -0.00130135 -0.132573 -0.000601361 -0.115055 -0.000357699 -0.00103726 -0.0201405 0.13626 -9.48533e-06 -0.000154934 0.126424 0.00556553 1.86733e-06 -0.104496 -0.00214822 -7.23779e-06 0.135567 8.40667e-05 0.000119075 -0.116822 -0.136712 
-0.00474647 0.0281274 -2.91777e-05 -0.000626206 1.98547e-05 0.0236041 -1.75213e-05 -0.00117678 -7.6253e-05 -0.00138752 -0.0189585 -0.00549338 -0.0189371 -0.000160413 -0.00534638 -3.73726e-05 -5.23624e-07 -4.33153e-06 5.8504e-05 -0.00521993 -0.0196559 -0.00570897 -0.000560362 -5.97959e-07 0.00313305 -0.0055137 -6.8074e-05 -0.000145539 -7.77166e-06 0.00536405 0.00912542 -2.79863e-05 0.0245413 -0.0041481 -0.0192573 0.0017095 -6.31685e-05 0.0216768 -2.57802e-08 -0.00118682 -1.40376e-07 -0.0212232 -0.00523205 -6.08199e-07 -1.48389e-05 -8.53961e-06 -2.89665e-09 -0.00110051 0.0253394 7.85453e-07 4.3479e-05 -9.39158e-06 0.000296279 -1.21966e-05 0.0155409 0.000120407 -3.22422e-06 -0.00037554 -0.000254148 -0.000616655 -0.00566741 -1.24697e-05 3.62187e-07 0.00179775 0.00115353 0.000200371 -3.83595e-05 -1.45619e-05 -0.0207779 0.0244169 -1.98966e-06 -1.86959e-06 -4.73491e-05 -0.00229992 -0.0044445 9.36917e-05 1.06988e-06 0.000912502 -0.000417243 -0.000221924 0.00361219 0.00408218 -0.0191699 0.00381193 0.00290787 0.0248405 -0.00556358 4.47753e-06 -2.63197e-05 -0.00533371 0.00356956 -2.08269e-07 -0.0177812 0.0146502 -1.22953e-06 -0.00552215 -2.58927e-06 0.000200826 -0.0151216 0.00492404 
-0.000107012 -2.91777e-05 0.00105887 -2.29792e-05 -1.785e-06 -0.000153061 7.22172e-08 -4.15323e-05 1.5827e-06 -6.18331e-05 0.000105367 -0.000115625 0.000220972 -1.01955e-05 -0.000131988 -2.90239e-05 1.05522e-05 8.38317e-07 8.95401e-07 -0.000107946 1.74274e-05 -0.000135348 -3.02147e-05 6.72673e-07 -2.39837e-05 -8.74423e-05 -1.45267e-07 7.52874e-05 1.104e-07 9.58193e-05 -0.00061102 3.24354e-05 -0.000125146 -0.000159152 0.000175001 -6.06706e-05 2.80286e-05 -0.000214045 3.23899e-08 -2.36644e-05 -1.40414e-08 0.000122635 -0.000161885 -6.54371e-08 1.44486e-06 -4.10081e-07 -1.06e-10 2.41179e-05 -1.93843e-05 -2.93195e-08 -8.13396e-07 9.41552e-07 0.000158865 6.12957e-05 -1.86676e-05 1.70143e-05 -1.25836e-06 2.20204e-05 5.56346e-05 -2.15244e-05 -0.000105232 6.04287e-06 -1.68751e-08 9.27364e-05 5.65034e-06 3.746e-06 1.19294e-06 -4.42878e-07 0.000124393 -0.000119536 -9.46436e-08 1.73158e-06 -1.73391e-06 2.31593e-05 -0.000102823 2.23294e-06 -9.05131e-08 -3.14033e-05 2.87407e-05 6.1088e-06 9.70946e-05 -9.03236e-07 0.000210964 -5.21157e-06 -5.65695e-06 -0.000113752 -0.00010563 -5.90065e-08 7.03525e-07 -9.2274e-05 -2.35263e-05 -7.62138e-09 0.000164081 -1.72787e-05 -4.49933e-08 -9.27648e-05 2.07605e-06 -4.0905e-06 0.000195978 7.50478e-05 
0.00808942 -0.000626206 -2.29792e-05 0.0248968 -4.26347e-05 -0.00373849 -3.98818e-05 -0.00105573 -6.72207e-05 -0.00090564 -0.0154514 0.0163975 -0.015197 0.00193417 0.0193688 -0.000773823 -7.75215e-06 -2.85254e-06 -3.05169e-05 0.0167657 -0.0171053 -0.00199893 0.00111859 -2.13877e-05 0.00446314 0.0173604 0.00360375 0.000131081 0.000122416 -0.0186465 -0.0144663 -2.95075e-05 -0.00279445 0.0194321 -0.0172765 -0.0017884 -0.000111871 0.0171433 -2.27391e-08 -0.0012837 1.0822e-07 -0.0181641 0.0189079 3.71294e-05 -7.76683e-06 -9.78771e-06 -2.55496e-09 0.00163967 -0.00253071 2.06663e-06 -1.83757e-05 -9.38938e-06 -0.000416394 2.08271e-05 0.000160244 -1.21329e-05 0.000606397 -0.000224559 0.000835283 -0.000423176 0.0184737 -4.23875e-06 7.36584e-07 -0.0187996 -3.84777e-06 9.23656e-05 -3.38346e-05 -1.28442e-05 -0.0190724 -0.00340778 6.37876e-06 -1.38906e-06 -3.60299e-05 -0.000783703 0.0126739 -5.63889e-06 3.08917e-05 -0.000823592 -0.00013985 -0.000186146 -0.0169068 0.000759832 -0.0157472 -4.17412e-05 -0.00010889 -0.00296575 0.0187546 -1.01559e-06 -2.32151e-05 0.0185296 -0.000581918 1.56298e-07 -0.0137416 -0.00010582 -1.0845e-06 0.0159909 -2.43933e-06 0.00137793 -0.0160053 -0.0148829 
-0.000286798 1.98547e-05 -1.785e-06 -4.26347e-05 0.00168113 0.000866807 -3.14731e-06 4.98939e-05 -2.79668e-06 -0.000100149 -0.000696152 -0.000331599 -0.000736316 -1.84569e-05 -0.000337783 0.00112009 9.05381e-06 -2.88632e-07 -2.14669e-06 -0.000332092 0.000399173 -0.000356639 0.000316094 -1.36632e-06 -3.77212e-05 -0.000328984 -6.38433e-06 -2.81449e-06 -4.6537e-07 -0.000726011 -0.000280146 1.01327e-05 0.000964633 -0.0001231 0.000128582 0.000109049 -7.19712e-06 0.000798926 -1.49873e-09 -8.75416e-05 -2.23069e-08 0.000311137 -0.00033645 3.2271e-07 -9.24284e-07 -5.28143e-07 -1.68397e-10 -6.10598e-05 2.70521e-05 -4.65785e-08 -1.08887e-06 -3.31435e-07 -2.69119e-05 -8.11756e-07 1.26471e-05 -5.63409e-07 -2.38529e-06 -2.27594e-05 -1.49101e-05 -3.78074e-05 -0.000334943 7.55152e-07 -2.68087e-08 0.000289286 -1.20234e-05 1.01591e-06 9.93997e-06 5.48968e-05 0.000324861 0.000953507 1.19644e-07 -1.08689e-07 -2.75458e-06 -0.0001377 -0.000265579 -8.38125e-07 2.62873e-07 -3.02902e-05 -3.3233e-05 -1.26151e-05 0.000330881 2.61225e-05 -0.000548895 -3.99325e-06 -9.35571e-06 -3.64062e-05 -0.000335574 -9.37408e-08 -6.30097e-07 -0.000310786 5.32532e-05 -1.21077e-08 -0.000797692 3.70868e-05 -7.14788e-08 -0.000328029 -2.23389e-07 -5.60504e-06 -0.000658219 0.000316243 
-0.0252646 0.0236041 -0.000153061 -0.00373849 0.000866807 0.126214 -7.15199e-05 0.0239042 -0.000241489 -0.00742401 -0.0601194 -0.0292149 -0.0561971 -0.00116404 -0.0297263 0.0155168 0.000127223 -2.21126e-05 -0.000184445 -0.0292578 -0.00705494 -0.0320727 -0.00447769 -1.26318e-05 0.000172343 -0.0289613 -0.000682285 -0.000828078 -4.075e-05 0.0274489 0.021383 -0.000208752 0.0812803 -0.0237756 -0.0263685 0.00763538 -0.000650352 0.0677258 -1.31869e-07 -0.00742848 1.06727e-06 0.00407784 -0.0291241 -9.06689e-06 -8.13254e-05 0.000306585 8.51832e-08 -0.00564585 0.0460442 1.20501e-06 0.000405826 -5.81512e-05 0.00561986 -7.13543e-05 0.0130484 -7.05232e-05 9.73489e-05 -0.00200236 -0.00126038 -0.00331781 -0.0294783 0.000239309 -2.3055e-06 0.026427 -0.000113608 -0.00013072 0.000203509 0.00028296 0.00609013 0.0804869 1.20392e-06 -8.96658e-06 -0.000240018 -0.012115 -0.0233665 3.80765e-05 -9.89872e-06 0.0162151 -0.00295313 -0.000884266 0.0128454 0.00378181 -0.0499904 0.00365408 0.00241487 0.0784952 -0.0295431 -2.41134e-06 0.000680537 -0.0273412 0.00421279 -8.0866e-07 -0.0798095 0.0130165 -6.28923e-06 -0.0288827 -1.96554e-05 -0.000477809 -0.0400899 0.027882 
-0.000317746 -1.75213e-05 7.22172e-08 -3.98818e-05 -3.14731e-06 -7.15199e-05 0.00186549 0.0014137 0.000411163 -8.0871e-05 0.000525696 -0.000362697 -0.00122407 -2.05221e-05 -0.000369298 2.18338e-05 1.54978e-06 9.49656e-07 0.000114441 -0.000364041 -0.00125363 -0.000411868 0.000681611 0.000647822 -1.11175e-06 -0.00035403 0.00077827 -5.0038e-06 -5.165e-07 0.000380815 -0.00113862 0.000955218 -0.000187598 -0.000292712 0.000442553 9.2431e-06 -8.25423e-06 -0.000339457 2.0167e-07 -7.75888e-05 -2.47578e-08 0.000359859 -0.000363384 -1.15379e-07 -1.02584e-06 -5.06387e-07 -1.86898e-10 -7.13015e-05 0.00152208 -5.16961e-08 -1.43418e-06 3.18861e-07 0.000133068 -9.00943e-07 -1.34513e-05 -8.91679e-07 -1.05322e-06 -2.51433e-05 -1.07683e-05 -4.20131e-05 -0.000361908 1.6478e-07 -2.97542e-08 9.53767e-05 -1.59818e-05 -2.0171e-06 -1.81504e-06 -9.39569e-07 -0.0013698 0.000146837 -1.66875e-07 -1.2063e-07 6.94611e-06 -0.000151803 -0.000291768 0.000192662 5.03741e-07 0.00163082 -3.47061e-05 0.000343974 -0.00112537 -1.34808e-05 -0.000293693 6.5727e-05 0.00157447 -0.0001592 -0.000362806 -1.0404e-07 -1.32487e-06 -0.000334532 -3.86219e-05 -1.3438e-08 -0.00114633 -3.00124e-05 4.16307e-05 -0.000353125 -2.47933e-07 -6.96902e-06 -0.00101153 0.000217117 
-0.0071103 -0.00117678 -4.15323e-05 -0.00105573 4.98939e-05 0.0239042 0.0014137 0.0399673 0.000554019 -0.000791916 0.007557 -0.00822308 0.00580683 -0.000459516 -0.00834003 -0.000852694 5.61652e-05 -6.17187e-06 7.28263e-05 -0.00823531 2.70962e-05 -0.00868598 -0.000530918 0.0007739 -0.000942597 -0.0081376 0.000334556 -0.000393951 -1.15258e-05 0.00872776 -0.0172267 0.000937493 -0.00515616 -0.00660655 0.0110199 0.00248982 -0.000183928 -0.00891073 -3.7119e-08 -0.00215152 1.53086e-06 0.00953816 -0.00831864 -2.5747e-06 -2.28917e-05 -1.58317e-05 -4.17067e-09 -0.00159107 0.000468803 -3.13608e-07 -3.17306e-05 2.24238e-06 0.00225635 -2.01047e-05 -0.000713792 -1.93313e-05 -5.96472e-05 -0.000563515 -0.000263095 -0.00092792 -0.00830054 -1.21541e-05 -6.63971e-07 0.00824136 -0.000356199 -3.83387e-05 5.96957e-05 -1.57433e-05 0.00592348 -0.00466502 6.73948e-06 -2.09522e-06 -5.54991e-05 -0.00340749 -0.00657784 0.000185199 -2.82467e-06 0.0212201 -0.000826715 3.57327e-05 -0.00288487 -0.000287846 0.0129341 3.54526e-05 0.00167539 -0.00477217 -0.00831617 -2.32167e-06 0.000823517 -0.00769367 -0.000745136 -2.99871e-07 -0.0202918 -0.000677655 3.97897e-05 -0.00812858 -5.53268e-06 -0.000160762 0.0111537 0.00771593 
-0.000448122 -7.6253e-05 1.5827e-06 -6.72207e-05 -2.79668e-06 -0.000241489 0.000411163 0.000554019 0.00262575 -0.000161023 0.000802189 -0.000514406 -0.000174901 -2.66797e-05 -0.000522562 1.44049e-05 4.87122e-06 8.98758e-07 0.000100617 -0.000518236 -0.000270736 -0.0001662 0.00026368 0.000115086 -6.01411e-05 -0.000512342 0.000214855 -1.40806e-05 -7.27551e-07 0.000403834 -0.00152253 0.000349894 -0.00032409 -0.000172648 0.000683542 -1.22196e-05 -1.16271e-05 -0.000548162 3.24324e-07 -0.000127086 -3.48743e-08 0.000603136 -0.000496719 -1.62524e-07 -1.44501e-06 -5.28506e-07 -2.63268e-10 -9.92032e-05 0.000383234 3.03847e-07 -2.02021e-06 2.9738e-07 0.000112549 -1.11575e-06 -4.55441e-05 -1.18604e-06 1.10042e-05 -3.52417e-05 -1.54469e-05 -2.96604e-05 -0.000519328 -1.14364e-06 -4.19123e-08 5.32923e-05 -2.3433e-05 -1.62799e-06 5.54003e-05 5.77984e-06 -1.25736e-05 -0.000154851 -1.68397e-07 6.06234e-05 1.66878e-07 -0.000214815 -0.000411487 0.000148792 5.11862e-07 0.000544131 -4.71264e-05 0.000677693 -0.000263749 -6.85473e-06 0.000311831 7.32044e-06 0.000456697 -0.000307588 -0.000520315 -1.46553e-07 1.00879e-05 -0.000446334 8.89578e-06 -1.8929e-08 6.17061e-05 -4.29146e-05 4.19283e-05 -0.000510791 -1.9591e-07 -9.54611e-06 0.000260216 0.000357327 
0.0393799 -0.00138752 -6.18331e-05 -0.00090564 -0.000100149 -0.00742401 -8.0871e-05 -0.000791916 -0.000161023 0.0574667 -0.0367699 0.0459717 -0.0390122 -0.000246488 0.0439344 -0.00189247 -3.12471e-05 -7.71539e-06 -7.47211e-05 0.0466052 -0.041062 0.0387183 -0.00110113 -5.12423e-05 0.0007557 0.0453005 0.000225391 -0.000525803 8.75967e-05 -0.0461066 -0.0373832 -8.45578e-05 -0.00786347 0.00161418 -0.0426962 -0.0144911 0.0032245 -0.0100181 -5.44803e-08 0.0364957 -6.67546e-07 -0.0449012 0.0465188 -1.3256e-06 -3.28153e-05 -1.80718e-05 -6.12139e-09 -0.00163212 -0.00627168 3.42016e-06 -4.58129e-05 0.000175508 -0.000879834 7.27186e-06 -0.000615061 1.68053e-05 -7.85896e-05 0.000930302 -0.000188318 0.00129083 0.0460389 -2.3508e-05 -6.91191e-07 -0.046415 0.000740257 0.000190455 -6.62703e-05 -2.62032e-05 -0.044641 -0.00824459 8.31086e-07 -3.95095e-06 -7.48816e-05 0.0437684 0.0185258 -2.94024e-05 3.10429e-05 -0.000567146 0.00381648 -0.000466465 -0.044471 0.00043597 -0.0390752 -0.000306099 -0.000352797 -0.007174 0.046471 -3.1409e-06 -5.55605e-05 0.0416998 0.00141349 -2.40128e-07 -0.0372494 -0.000995735 -2.59832e-06 0.0447527 8.22529e-05 0.00146463 -0.0397173 -0.0431959 
-0.110098 -0.0189585 0.000105367 -0.0154514 -0.000696152 -0.0601194 0.000525696 0.007557 0.000802189 -0.0367699 0.224576 -0.126885 0.212113 -0.0071891 -0.12282 -0.0181897 -0.000141928 -7.79894e-05 -0.00071332 -0.127256 0.135442 -0.0537329 0.00322936 0.000249777 -0.0150584 -0.126355 -0.00246044 -0.00708315 -0.000182167 0.133855 0.0883519 2.77045e-05 -0.0851721 -0.0795193 0.171564 0.0408469 -0.00272447 -0.143399 5.97581e-08 -0.032558 -2.70882e-06 0.148678 -0.128138 -4.07099e-05 -0.000359137 -0.000254771 -6.59448e-08 -0.0247457 -0.0439992 -1.6087e-05 -0.000501008 -0.000217506 -0.00729395 -0.000279264 -0.0115916 -0.000314522 -0.000941726 -0.0089056 -0.00564857 -0.0146819 -0.128236 -0.000246704 -1.03451e-05 0.131143 -0.00586535 -0.000696502 -0.00053321 -0.000182712 0.14455 -0.083814 8.23431e-07 2.14137e-05 -0.00103813 -0.0512049 -0.103259 -0.000168174 -3.90003e-05 0.00315799 -0.0131041 0.00255713 0.128808 -0.00392261 0.209089 -0.00317001 -0.00110591 -0.0776312 -0.128462 -1.7626e-06 0.000171411 -0.118781 -0.0117979 -4.74143e-06 0.204588 -0.0107464 1.4412e-05 -0.12565 -8.74468e-05 -0.00246071 0.20072 0.121017 
0.135994 -0.00549338 -0.000115625 0.0163975 -0.000331599 -0.0292149 -0.000362697 -0.00822308 -0.000514406 0.0459717 -0.126885 0.158299 -0.12941 0.00835431 0.151967 -0.00610976 -0.000103765 8.32369e-05 0.000894543 0.156554 -0.135184 0.0768926 -0.00427041 -0.000165059 0.0121721 0.15507 0.000922102 0.00560535 0.000219002 -0.155707 -0.12071 -0.00037139 -0.0249775 0.0997463 -0.143923 -0.0497814 0.0035152 0.0444008 -1.72156e-07 0.041318 -2.58529e-06 -0.151595 0.15635 4.84175e-05 0.000440461 -7.08759e-05 -1.97179e-08 0.0297435 -0.0205119 1.35527e-05 -0.00010745 0.000269068 -0.00194357 0.00029114 -0.00199305 0.000382481 0.000570408 0.0107407 0.00691683 0.0179209 0.157464 -5.95944e-05 1.07609e-05 -0.156652 0.00591964 -0.000208932 -0.000261118 -9.9125e-05 -0.150774 -0.026833 -1.32121e-05 -1.24332e-05 0.00129774 0.0655449 0.12662 9.9569e-05 3.94529e-05 -0.00636855 0.0159934 -0.00150555 -0.152968 0.000245163 -0.132881 -0.000416857 -0.00119862 -0.0232897 0.157386 -1.09696e-05 -0.000179162 0.145813 0.00689179 5.49562e-06 -0.120153 -0.00237399 -8.36958e-06 0.155288 8.82596e-05 0.00136213 -0.134924 -0.148863 
-0.112058 -0.0189371 0.000220972 -0.015197 -0.000736316 -0.0561971 -0.00122407 0.00580683 -0.000174901 -0.0390122 0.212113 -0.12941 0.225205 -0.00724334 -0.12532 -0.0200787 -0.000105188 -7.96829e-05 -0.000834579 -0.129751 0.141467 -0.0571495 0.000977021 -0.000550366 -0.014967 -0.128512 -0.00354871 -0.00701105 -0.000179113 0.136662 0.0957502 -0.00131826 -0.0854475 -0.0794864 0.173882 0.0425871 -0.00290076 -0.14314 -5.85144e-07 -0.0343152 -1.98922e-06 0.151097 -0.130478 -4.05875e-05 -0.000360865 -0.000254157 3.42535e-08 -0.0250487 -0.047575 -1.58888e-05 -0.000466904 -0.000259543 -0.00559576 -0.000293371 -0.011569 -0.000310896 -0.000918242 -0.00887678 -0.00573554 -0.0146427 -0.130727 -0.000195743 -1.03002e-05 0.1343 -0.00585989 -0.000219039 -0.000346015 -0.000189502 0.150558 -0.0849972 -4.67622e-06 1.8955e-05 -0.00107342 -0.0537258 -0.103648 -0.000354844 -5.57943e-05 0.00030326 -0.0131047 0.001801 0.133253 -0.00398694 0.212738 -0.00341392 -0.00392282 -0.0769556 -0.130938 -3.65569e-07 0.000279259 -0.120975 -0.0119556 -4.72718e-06 0.206266 -0.0107133 -2.76239e-05 -0.128122 -8.72172e-05 -0.00245157 0.206548 0.123562 
0.00493633 -0.000160413 -1.01955e-05 0.00193417 -1.84569e-05 -0.00116404 -2.05221e-05 -0.000459516 -2.66797e-05 -0.000246488 -0.0071891 0.00835431 -0.00724334 0.0108964 0.00821036 -0.00033981 -5.32811e-06 -1.68178e-06 0.000105718 0.00795646 -0.00722629 0.000680581 -0.000334639 2.77364e-06 0.00251118 0.00779136 0.000283826 0.000980423 0.000172812 -0.00853534 -0.00658263 -2.27009e-05 -0.000902217 0.00856689 -0.00808687 -0.00870142 -2.93892e-05 0.00485791 -9.80583e-09 -0.000479899 -1.45949e-07 -0.00843333 0.0086255 1.77065e-05 -4.6607e-06 -2.23245e-06 -1.10178e-09 0.0014974 -0.00101092 -2.80853e-08 0.000344142 1.01392e-06 -0.000190339 4.49221e-06 -4.76571e-05 2.87349e-06 0.000524151 0.00088421 0.0020487 0.00206702 0.0083567 -2.75279e-06 3.92793e-06 -0.00871604 0.000502357 -1.18909e-05 -1.45905e-05 -5.48882e-06 -0.00820785 -0.00103146 -6.83741e-07 -7.11125e-07 8.09041e-05 -0.000334916 0.00554609 -3.46012e-06 4.10586e-06 -0.000317962 0.000873428 -8.44131e-05 -0.00806019 -7.73412e-05 -0.00743453 5.44435e-05 -2.45866e-05 -0.000833477 0.00835252 -6.13323e-07 -1.00111e-05 0.00838451 -6.88991e-05 1.14412e-06 -0.00642687 0.000343986 -4.67668e-07 0.0079698 1.83051e-05 0.000127386 -0.00754737 -0.00818545 
0.130871 -0.00534638 -0.000131988 0.0193688 -0.000337783 -0.0297263 -0.000369298 -0.00834003 -0.000522562 0.0439344 -0.12282 0.151967 -0.12532 0.00821036 0.160516 -0.00622365 -0.00010374 7.23458e-05 7.42929e-05 0.152244 -0.136857 0.0750989 -0.0024586 -0.000168091 0.0142582 0.150763 0.00257897 0.0043679 0.000216675 -0.152192 -0.120681 -0.000387328 -0.0254645 0.101212 -0.140299 -0.0467572 0.00326059 0.0455869 -1.78766e-07 0.03804 -2.35073e-06 -0.147969 0.154203 4.65869e-05 7.64996e-05 -7.23003e-05 -2.00861e-08 0.0291735 -0.0204631 1.36775e-05 -0.000110828 0.000232494 -0.00272864 -8.74349e-05 -0.00182284 0.000276104 0.000457749 0.0107377 0.0048889 0.0178116 0.153385 -6.36672e-05 1.06023e-05 -0.153124 0.00571488 9.98745e-05 -0.000265964 -9.60426e-05 -0.148372 -0.0273178 -5.01084e-06 -1.29642e-05 0.00128418 0.0596801 0.120558 6.09895e-05 4.15885e-05 -0.00643713 0.0145015 -0.00139994 -0.147898 0.000492886 -0.128911 -0.000636612 -0.00121836 -0.0237161 0.153695 -9.58457e-06 -0.000182494 0.141998 0.00650292 7.42479e-07 -0.116018 -0.00244689 -8.52586e-06 0.150109 7.15712e-05 0.00286228 -0.130989 -0.144734 
-0.00528392 -3.73726e-05 -2.90239e-05 -0.000773823 0.00112009 0.0155168 2.18338e-05 -0.000852694 1.44049e-05 -0.00189247 -0.0181897 -0.00610976 -0.0200787 -0.00033981 -0.00622365 0.0300278 0.000147913 -1.82802e-06 -3.94597e-05 -0.00611769 0.000368041 -0.00543903 0.00416615 -1.36502e-05 -0.000657615 -0.0060591 0.000765833 0.00205482 -8.49032e-06 0.000319118 0.00272042 0.000776067 0.0251527 -0.00464074 -0.0085899 0.00183684 -0.000136857 0.0215519 4.12421e-07 -0.00160327 3.55618e-06 0.00577411 -0.00616153 -1.323e-06 -1.70085e-05 -7.28502e-06 -3.09881e-09 -0.00117474 0.00687779 -8.03796e-07 5.82611e-05 2.29637e-05 0.00169943 -1.49178e-05 -0.000151973 -1.47842e-05 -4.05184e-05 -0.000418229 -0.000254924 -0.000696521 -0.00616383 5.93212e-06 -4.9333e-07 0.00582583 -0.000261879 4.46095e-05 0.000106997 0.000297545 0.00533993 0.0260261 -1.85349e-06 -1.95341e-06 -5.06259e-05 -0.00253375 -0.00488518 -1.67725e-05 -1.0394e-06 -0.000449062 -0.000617362 0.000228187 0.0057125 0.000165425 -0.0167916 -1.31874e-05 0.000780534 0.0174893 -0.00617856 -1.35834e-06 -2.72166e-05 -0.00571957 0.00164765 5.38625e-08 -0.0187474 -0.00020321 -8.62007e-07 -0.00604033 -4.11077e-06 -4.69353e-05 -0.019664 0.00582748 
-8.97334e-05 -5.23624e-07 1.05522e-05 -7.75215e-06 9.05381e-06 0.000127223 1.54978e-06 5.61652e-05 4.87122e-06 -3.12471e-05 -0.000141928 -0.000103765 -0.000105188 -5.32811e-06 -0.00010374 0.000147913 0.000525973 -9.01993e-08 -2.40855e-07 -0.000103919 -1.1258e-05 -9.14099e-05 -9.42367e-06 9.47437e-09 -3.59895e-06 -0.000102864 1.31463e-06 3.58432e-06 -1.45431e-07 4.60328e-05 -0.000185237 0.000112682 0.000158177 -8.38215e-05 4.18745e-05 9.54612e-06 -2.32414e-06 5.14274e-05 -4.68363e-10 -2.27496e-05 -6.97106e-09 0.00010423 -0.000102927 4.67513e-07 -2.88845e-07 2.91974e-06 -5.2625e-11 -1.99264e-05 1.44781e-05 -1.45561e-08 6.95119e-08 -2.07744e-07 7.25363e-05 -2.53679e-07 -5.9811e-06 -2.5107e-07 -3.42084e-07 -7.11247e-06 -4.50951e-06 -6.3863e-06 -0.000104699 -2.28603e-07 -8.3779e-09 0.000103268 -3.60137e-06 3.12045e-07 6.82644e-06 5.37878e-06 0.000101204 0.000129842 -4.69871e-08 7.60341e-08 -8.60822e-07 -4.30322e-05 -8.30055e-05 1.45164e-07 -4.49365e-08 6.77927e-05 -1.03916e-05 -1.65188e-06 7.62371e-05 7.29654e-06 -1.65371e-05 8.75595e-07 4.07107e-06 5.81483e-05 -0.000104932 -2.92946e-08 3.23184e-06 -9.71318e-05 -6.26403e-06 -3.78374e-09 -0.000174928 -4.44157e-06 2.17662e-07 -0.000101892 -6.98106e-08 -1.98412e-06 -5.57465e-05 9.84535e-05 
0.000100744 -4.33153e-06 8.38317e-07 -2.85254e-06 -2.88632e-07 -2.21126e-05 9.49656e-07 -6.17187e-06 8.98758e-07 -7.71539e-06 -7.79894e-05 8.32369e-05 -7.96829e-05 -1.68178e-06 7.23458e-05 -1.82802e-06 -9.01993e-08 0.000171371 7.85817e-06 9.60534e-05 -0.000106681 2.39971e-05 -4.88137e-06 -9.01462e-08 -2.42389e-06 4.94389e-05 -9.61269e-07 1.98083e-05 -4.7367e-08 -9.44027e-05 -9.86066e-05 -3.53254e-07 -1.61848e-05 8.56077e-05 -8.46221e-05 -5.93945e-05 -7.56976e-07 1.24242e-05 -1.52546e-10 1.84786e-06 -2.27048e-09 -9.10824e-05 7.53921e-05 3.99419e-07 -2.07436e-08 -5.63095e-08 -1.714e-11 4.61044e-05 -1.33795e-05 -4.74092e-09 -1.31525e-07 8.429e-06 -7.95975e-07 1.84974e-05 1.13482e-06 -8.17738e-08 -2.48211e-07 -1.1632e-06 1.69757e-05 8.57375e-06 9.5991e-05 2.21888e-06 -2.72869e-09 -9.69594e-05 -1.15015e-06 -1.2165e-07 -1.5698e-07 -1.28323e-08 -9.14883e-05 -1.78104e-05 -1.53037e-08 1.33894e-06 4.82963e-07 6.51444e-05 7.52017e-05 -9.27714e-08 -1.46358e-08 -4.17602e-06 -2.69486e-06 5.5348e-07 -9.3833e-05 -7.57644e-07 -7.87698e-05 -3.71454e-07 3.13764e-07 -1.6325e-05 9.49701e-05 -9.54127e-09 -1.32405e-07 9.84908e-05 -2.47474e-06 -1.23237e-09 -7.27913e-05 -2.17394e-06 -7.27536e-09 9.66913e-05 8.35393e-06 1.15239e-07 -8.04936e-05 -9.88381e-05 
0.000703897 5.8504e-05 8.95401e-07 -3.05169e-05 -2.14669e-06 -0.000184445 0.000114441 7.28263e-05 0.000100617 -7.47211e-05 -0.00071332 0.000894543 -0.000834579 0.000105718 7.42929e-05 -3.94597e-05 -2.40855e-07 7.85817e-06 0.00127316 0.00076766 -0.000871304 -0.000270315 -3.9384e-05 0.000104053 -2.10726e-05 0.000613287 -2.52754e-06 0.000532885 1.81043e-07 -0.000879325 -0.000777295 0.000115103 -0.000163374 0.000394741 -0.000684479 -0.00115862 2.67733e-05 -0.00027223 -1.13456e-09 -1.72343e-05 -1.68866e-08 -0.000849691 0.000430677 5.13034e-08 0.000149704 -4.93175e-07 -1.27478e-10 0.000450981 -1.26073e-05 -3.52605e-08 -2.1488e-07 8.40096e-07 0.000217279 0.000117615 -1.97668e-05 0.000118375 0.000167181 1.80742e-05 0.00083055 6.7534e-05 0.000768884 1.10957e-06 2.09705e-07 -0.000984144 0.000146466 -1.37581e-06 -1.68816e-06 -6.40855e-07 -0.000971711 -0.000161571 -1.13821e-07 -8.22788e-08 2.98085e-07 0.000818773 0.000943145 0.00011616 1.95711e-05 8.51193e-05 0.000668441 -8.09012e-06 -0.000987534 2.96984e-06 -0.000807955 1.52088e-05 6.76053e-05 -0.000147649 0.000760439 -7.09629e-08 -1.1583e-06 0.000615365 0.000236794 -9.16569e-09 -0.000776405 -2.05332e-05 4.12759e-05 0.000820792 5.14225e-07 -4.71268e-06 -0.000869788 -0.000994788 
0.136395 -0.00521993 -0.000107946 0.0167657 -0.000332092 -0.0292578 -0.000364041 -0.00823531 -0.000518236 0.0466052 -0.127256 0.156554 -0.129751 0.00795646 0.152244 -0.00611769 -0.000103919 9.60534e-05 0.00076766 0.158476 -0.135379 0.0772579 -0.00342369 -0.000165304 0.0134275 0.156146 0.000803254 0.00561025 4.46248e-05 -0.156103 -0.120894 -0.000372816 -0.0251612 0.100249 -0.144301 -0.0494259 0.00354014 0.0447109 7.09172e-08 0.0411974 -2.58917e-06 -0.15199 0.156711 4.78328e-05 0.000419687 -7.09891e-05 -1.97471e-08 0.030169 -0.0205433 1.34079e-05 -0.000110598 0.000279189 -0.00198622 0.000340719 -0.0018532 0.000381658 0.000109637 0.0108065 0.00685775 0.0178427 0.157319 -5.56482e-05 1.02896e-05 -0.157052 0.00591141 7.71573e-06 -0.000261032 -9.92721e-05 -0.151053 -0.02686 -1.40216e-05 -1.22721e-05 0.00129808 0.0652216 0.125389 8.61707e-05 -2.53874e-06 -0.00637673 0.0159331 -0.00150126 -0.152834 -0.000184182 -0.133248 -0.000523926 -0.00119619 -0.0233238 0.157585 -1.09859e-05 -0.000179428 0.145479 0.00717341 5.37018e-06 -0.12101 -0.00241518 -8.382e-06 0.155884 9.90941e-05 0.00177421 -0.135292 -0.149441 
-0.116901 -0.0196559 1.74274e-05 -0.0171053 0.000399173 -0.00705494 -0.00125363 2.70962e-05 -0.000270736 -0.041062 0.135442 -0.135184 0.141467 -0.00722629 -0.136857 0.000368041 -1.1258e-05 -0.000106681 -0.000871304 -0.135379 0.21554 -0.0668698 -0.0156481 -0.000568119 -0.015594 -0.134137 -0.00334997 -0.00576646 -0.000189477 0.134342 0.128324 -0.0010918 -0.00468669 -0.103166 0.14665 0.0430089 -0.00302798 -0.0650552 -6.10214e-07 -0.0358122 -4.15569e-06 0.156033 -0.136268 -4.22464e-05 -0.000376326 -0.000118598 -6.85634e-08 -0.0261426 -0.0297594 -1.8468e-05 4.44712e-05 -0.000268613 -4.29773e-05 -0.000316093 -0.0120623 -0.000327111 -0.000625 -0.00926649 -0.00604585 -0.0153946 -0.136441 -2.99525e-05 -1.04653e-05 0.139884 -0.00611805 6.42267e-05 0.000394253 0.000145244 0.159456 -0.0052783 1.29654e-05 -2.29631e-05 -0.00112124 -0.0560435 -0.108138 -0.000370727 -5.03296e-05 -0.00466951 -0.0136728 -0.00433987 0.135852 -0.00453346 0.142421 -0.0035491 -0.00414645 -0.0068319 -0.13669 1.35307e-06 0.000263528 -0.126318 -0.0120465 -4.67304e-06 0.139035 -0.0109187 -2.90595e-05 -0.133644 -9.09539e-05 -0.00241779 0.140309 0.129007 
0.0662867 -0.00570897 -0.000135348 -0.00199893 -0.000356639 -0.0320727 -0.000411868 -0.00868598 -0.0001662 0.0387183 -0.0537329 0.0768926 -0.0571495 0.000680581 0.0750989 -0.00543903 -9.14099e-05 2.39971e-05 -0.000270315 0.0772579 -0.0668698 0.179756 -0.00448588 -0.000153279 -0.00457394 0.0755747 -0.00135357 -0.00233408 -6.40531e-05 -0.0780829 -0.129646 -0.000465889 -0.0210093 0.0244676 -0.0622051 -0.00770969 0.00284985 -0.000660841 -2.09118e-07 0.0383216 -3.08916e-06 -0.0713809 0.0769898 6.61541e-07 -5.61356e-05 -7.90706e-05 -2.34964e-08 -0.000410903 -0.00848459 -2.68911e-06 0.000201909 0.000229001 0.001715 -5.71545e-05 -0.00381796 0.000214543 5.47789e-05 0.00349286 -0.00181533 -0.00513833 0.0765866 -4.16151e-05 7.83937e-06 -0.0768185 0.00196989 0.000288532 0.000266521 -0.00011401 -0.0704086 -0.0174589 -6.89917e-06 -1.51654e-05 -0.0003246 0.0516018 0.0517149 -0.000116539 -2.11026e-06 -0.00460817 0.0014922 -0.00149323 -0.0731765 -0.000514931 -0.0546843 -0.00105238 -0.000530833 -0.021248 0.0766082 -7.08301e-06 -0.000209665 0.0743273 -0.000678007 -1.55606e-06 -0.0553789 -0.00382421 -9.97345e-06 0.0771527 6.38138e-05 0.000938183 -0.0600324 -0.0720083 
-0.00470063 -0.000560362 -3.02147e-05 0.00111859 0.000316094 -0.00447769 0.000681611 -0.000530918 0.00026368 -0.00110113 0.00322936 -0.00427041 0.000977021 -0.000334639 -0.0024586 0.00416615 -9.42367e-06 -4.88137e-06 -3.9384e-05 -0.00342369 -0.0156481 -0.00448588 0.0302467 3.43244e-05 0.00117351 -0.00361942 0.00321501 0.000556571 1.69018e-05 -0.000274856 -0.0179085 0.000861639 0.000112225 0.016086 0.00433255 0.00169509 -0.000137888 -0.00100252 6.15546e-07 -0.00154682 -3.10248e-07 0.00337202 -0.0023578 -1.71741e-06 -1.625e-05 -1.19353e-05 -3.12215e-09 -0.00115771 0.0033186 -4.86921e-07 -2.17581e-05 2.68349e-05 -0.000483516 -1.49037e-05 -0.000334688 -7.54892e-06 0.000253744 0.000619763 -0.000264041 -0.000544699 -0.00306219 -1.27193e-05 -4.97047e-07 0.00208648 -0.00025936 0.000288324 4.47243e-05 -2.24225e-06 0.00157667 0.00107822 3.22333e-07 5.41682e-05 -5.05478e-05 -0.0025159 -0.00320314 -1.49722e-05 3.2384e-05 0.000188301 -0.000575691 0.000780122 0.00327229 -0.000207185 0.000649993 -0.000136565 0.00127138 -0.00268428 -0.00271636 1.46867e-06 -2.83687e-05 -0.00286481 -0.000168055 -9.44828e-08 0.00197002 -0.000508839 -7.21917e-07 -0.0041042 -4.10174e-06 0.00180867 3.08935e-05 0.00309514 
-0.000142072 -5.97959e-07 6.72673e-07 -2.13877e-05 -1.36632e-06 -1.26318e-05 0.000647822 0.0007739 0.000115086 -5.12423e-05 0.000249777 -0.000165059 -0.000550366 2.77364e-06 -0.000168091 -1.36502e-05 9.47437e-09 -9.01462e-08 0.000104053 -0.000165304 -0.000568119 -0.000153279 3.43244e-05 0.000836403 -7.93498e-06 -0.000162652 3.22018e-05 -8.02267e-06 -2.31336e-07 0.000175352 -0.000512252 0.000204768 -8.99465e-05 -0.000134628 0.000206584 -3.95291e-05 -3.69701e-06 -0.000167717 -7.45022e-10 -4.07807e-05 -1.10888e-08 0.000176815 -0.000167394 -5.16772e-08 -4.59464e-07 -3.2385e-07 -8.37103e-11 -3.19354e-05 0.000731836 -2.31543e-08 -6.42357e-07 9.42876e-07 5.15664e-05 -4.03526e-07 -1.44389e-05 -3.99376e-07 -1.21224e-06 -1.13138e-05 -6.88519e-06 -1.88173e-05 -0.000166602 -3.63638e-07 -1.33267e-08 2.98377e-05 -7.21314e-06 -9.03444e-07 -9.18551e-07 -4.20826e-07 -0.000640288 0.000300323 -7.47422e-08 -5.40294e-08 1.76069e-06 -6.84511e-05 -0.000132036 0.00014972 6.65186e-07 0.000791766 -1.48108e-05 2.35317e-06 -0.000594166 -6.09208e-06 0.00011994 2.3854e-05 0.000779467 -7.44984e-05 -0.000166916 -4.65988e-08 -7.60614e-07 -0.000154507 -1.89607e-05 -6.01877e-09 -0.000513908 -1.2502e-05 4.13745e-05 -0.000162345 -1.11047e-07 -3.23036e-06 -0.00048576 7.49713e-05 
0.00885406 0.00313305 -2.39837e-05 0.00446314 -3.77212e-05 0.000172343 -1.11175e-06 -0.000942597 -6.01411e-05 0.0007557 -0.0150584 0.0121721 -0.014967 0.00251118 0.0142582 -0.000657615 -3.59895e-06 -2.42389e-06 -2.10726e-05 0.0134275 -0.015594 -0.00457394 0.00117351 -7.93498e-06 0.0224804 0.0135021 0.00273258 -0.000153983 2.09978e-05 -0.0144838 -0.0114375 -4.34598e-05 0.000796077 0.0154225 -0.0167353 -0.0131072 -7.85914e-05 0.00451207 -2.04788e-08 -0.00120033 -3.04804e-07 -0.0174663 0.0146687 1.67286e-06 -9.24284e-06 -8.90183e-06 -2.30099e-09 0.00345574 0.00126281 1.11235e-05 -1.57535e-05 -8.07346e-06 -0.000411761 -9.76191e-06 0.00178022 -7.88119e-06 0.000251538 0.00377782 0.00213539 0.00959143 0.0139831 -7.31216e-06 8.87016e-07 -0.0152483 -7.80314e-05 0.000295533 -2.37913e-05 -3.12412e-06 -0.0173923 0.000550848 9.66552e-06 -1.48513e-06 8.99787e-06 -0.00116756 0.0100241 -1.10909e-05 1.79652e-05 -0.000739096 0.00571281 -0.000148538 -0.0124673 -0.000138479 -0.0154802 0.000115839 0.00074201 0.000935346 0.0143459 -1.13422e-06 -2.09074e-05 0.00645335 0.0100156 1.48456e-06 -0.0139645 -0.00023256 -9.76693e-07 0.0116098 -1.52241e-06 0.00154271 -0.0156275 -0.0138045 
0.134786 -0.0055137 -8.74423e-05 0.0173604 -0.000328984 -0.0289613 -0.00035403 -0.0081376 -0.000512342 0.0453005 -0.126355 0.15507 -0.128512 0.00779136 0.150763 -0.0060591 -0.000102864 4.94389e-05 0.000613287 0.156146 -0.134137 0.0755747 -0.00361942 -0.000162652 0.0135021 0.157383 0.0011172 0.00570279 2.12494e-05 -0.154636 -0.11977 -0.000381069 -0.0247422 0.0994255 -0.143105 -0.0489731 0.00346309 0.0453856 7.25208e-08 0.0407159 -2.5653e-06 -0.150576 0.15528 4.80773e-05 0.000430022 -6.98086e-05 -1.95669e-08 0.0301401 -0.0202709 1.33944e-05 -0.000106895 0.000259124 -0.00199724 0.000337784 -0.00206084 0.000244387 0.000110913 0.0106866 0.00679002 0.0176824 0.156198 -5.68255e-05 1.06849e-05 -0.155566 0.00570154 -0.000201793 -0.000259119 -9.83663e-05 -0.14964 -0.0266126 -9.12734e-06 -1.21192e-05 0.00128946 0.063589 0.123693 9.11826e-05 -1.24082e-05 -0.00631207 0.0158142 -0.00149253 -0.1515 -0.000117859 -0.132003 -0.000416143 -0.00118621 -0.0230975 0.156422 -1.08856e-05 -0.00017779 0.144422 0.00667278 5.38314e-06 -0.119969 -0.00234168 -8.30552e-06 0.154452 0.000105696 0.00158068 -0.134021 -0.147586 
-0.000881903 -6.8074e-05 -1.45267e-07 0.00360375 -6.38433e-06 -0.000682285 0.00077827 0.000334556 0.000214855 0.000225391 -0.00246044 0.000922102 -0.00354871 0.000283826 0.00257897 0.000765833 1.31463e-06 -9.61269e-07 -2.52754e-06 0.000803254 -0.00334997 -0.00135357 0.00321501 3.22018e-05 0.00273258 0.0011172 0.00590368 2.4009e-05 0.000162039 -0.00308439 -0.00362727 0.000902433 6.52834e-06 0.00301292 -0.00239864 0.000146098 -1.85489e-05 0.00277589 6.38048e-07 -0.000306713 -7.86713e-08 -0.00263284 0.00268792 2.20035e-07 -3.25973e-06 -2.2876e-06 -5.93895e-10 -0.000166344 0.00101752 2.19573e-06 -4.35729e-06 6.86219e-06 0.000124056 -2.84287e-06 9.38727e-05 6.12657e-06 0.000613233 2.84762e-05 -4.91278e-05 -8.62523e-05 0.00227677 1.31679e-06 5.87852e-08 -0.00295921 -5.15928e-06 0.00011409 -5.82811e-06 -2.22894e-06 -0.00381548 0.000249683 8.42973e-06 5.37335e-06 -8.2214e-06 -0.000361759 5.04854e-05 1.30955e-05 3.80895e-05 0.000513812 -0.000102923 0.000693139 -0.00215446 0.000215207 -0.00364536 7.37983e-05 0.00121362 -0.00060039 0.00256969 7.60651e-08 -2.45296e-06 0.0021885 -0.000114855 1.72989e-08 -0.0030127 -9.5269e-05 3.07911e-07 0.000113769 -7.87841e-07 0.00148476 -0.00383813 -0.00148479 
0.00587593 -0.000145539 7.52874e-05 0.000131081 -2.81449e-06 -0.000828078 -5.0038e-06 -0.000393951 -1.40806e-05 -0.000525803 -0.00708315 0.00560535 -0.00701105 0.000980423 0.0043679 0.00205482 3.58432e-06 1.98083e-05 0.000532885 0.00561025 -0.00576646 -0.00233408 0.000556571 -8.02267e-06 -0.000153983 0.00570279 2.4009e-05 0.0107246 -2.77293e-06 -0.00718765 -0.00607034 0.000157508 0.00141699 0.00362841 -0.00535592 -0.0070228 -1.34436e-05 0.00496517 2.37017e-07 -0.000242472 -1.43622e-07 -0.0056307 0.00477319 -5.89322e-07 0.000360626 -3.26117e-06 -1.08422e-09 0.00466951 0.000406202 -2.99894e-07 2.89353e-06 1.52899e-05 0.00178478 0.000418937 -3.80607e-05 -4.67939e-06 -2.64429e-06 4.46376e-05 0.00218396 4.9928e-05 0.00575745 7.01017e-06 3.77393e-07 -0.00574363 -4.28254e-05 -9.62473e-06 -1.14479e-05 -4.9472e-06 -0.00565813 0.00130635 -9.6806e-07 -4.39789e-07 -4.7919e-06 0.00178183 0.00549747 5.54549e-05 -9.25811e-07 -0.000321099 0.00140332 -7.65108e-05 -0.00593984 -4.75218e-05 -0.00591544 8.23839e-05 -4.32079e-05 -0.000567405 0.0057523 -6.03547e-07 -7.8348e-06 0.00588599 -0.000250257 -7.79551e-08 -0.00665109 -0.000131268 -4.60213e-07 0.00578642 2.73717e-05 -4.04629e-05 -0.00728975 -0.00587892 
3.98765e-06 -7.77166e-06 1.104e-07 0.000122416 -4.6537e-07 -4.075e-05 -5.165e-07 -1.15258e-05 -7.27551e-07 8.75967e-05 -0.000182167 0.000219002 -0.000179113 0.000172812 0.000216675 -8.49032e-06 -1.45431e-07 -4.7367e-08 1.81043e-07 4.46248e-05 -0.000189477 -6.40531e-05 1.69018e-05 -2.31336e-07 2.09978e-05 2.12494e-05 0.000162039 -2.77293e-06 0.000276277 -0.000218391 -0.000169187 6.73772e-07 -3.59842e-05 0.000214725 -0.000203043 -0.000227654 -1.01716e-06 4.44683e-05 -2.45954e-10 -1.40546e-05 -3.66076e-09 -0.000212615 0.000219978 -1.70602e-08 7.16504e-08 -1.06913e-07 -2.76353e-11 -1.00962e-05 -2.88242e-05 -7.64393e-09 -2.12062e-07 -1.09094e-07 -4.29874e-06 -1.33216e-07 -4.41018e-06 -7.51797e-08 0.00010497 3.67283e-05 2.35765e-05 0.000108924 0.000216716 -1.20048e-07 -4.39955e-09 -0.000219797 -1.99378e-06 -2.98254e-07 -3.65966e-07 -1.38927e-07 -0.000211401 -3.75376e-05 3.78659e-07 -1.78368e-08 -4.5205e-07 1.90422e-05 0.000229164 -1.06245e-07 1.19531e-05 -8.92589e-06 2.27921e-05 -2.04396e-06 -0.000212855 3.00559e-07 -0.000186476 -1.45344e-06 -1.61354e-06 -3.26417e-05 0.000221119 -1.53837e-08 -2.51102e-07 0.000219359 -6.01316e-06 -1.98698e-09 5.87989e-06 -4.50475e-06 -1.17303e-08 2.97355e-05 -3.66601e-08 6.26769e-05 -0.000189336 -0.000221195 
-0.134794 0.00536405 9.58193e-05 -0.0186465 -0.000726011 0.0274489 0.000380815 0.00872776 0.000403834 -0.0461066 0.133855 -0.155707 0.136662 -0.00853534 -0.152192 0.000319118 4.60328e-05 -9.44027e-05 -0.000879325 -0.156103 0.134342 -0.0780829 -0.000274856 0.000175352 -0.0144838 -0.154636 -0.00308439 -0.00718765 -0.000218391 0.165595 0.125178 0.000162845 0.0182884 -0.101383 0.145713 0.0493954 -0.00348713 -0.0521566 -6.02341e-08 -0.0407324 4.81762e-08 0.152383 -0.157089 -4.88018e-05 -0.000433898 -7.83817e-07 2.09475e-08 -0.03014 0.0178206 -1.38926e-05 -0.000228418 -0.00027773 -0.00134161 -0.000357406 0.00185837 -0.000376894 -0.00112248 -0.010684 -0.00686273 -0.0176716 -0.157331 3.08425e-05 -1.06952e-05 0.157478 -0.00583771 -0.000357908 -0.000124162 -0.00020215 0.151006 0.0200237 2.74664e-06 -2.88798e-05 -0.00128022 -0.0646245 -0.124688 -9.34704e-05 -6.58996e-05 0.0067636 -0.0157603 0.00148358 0.152297 -0.000435878 0.136989 0.000369247 0.00125575 0.0235951 -0.157628 1.10708e-05 0.000190334 -0.145685 -0.0086903 -5.68388e-06 0.126883 0.00251672 8.84817e-06 -0.154096 -0.000104868 -0.00303399 0.142504 0.14862 
-0.104391 0.00912542 -0.00061102 -0.0144663 -0.000280146 0.021383 -0.00113862 -0.0172267 -0.00152253 -0.0373832 0.0883519 -0.12071 0.0957502 -0.00658263 -0.120681 0.00272042 -0.000185237 -9.86066e-05 -0.000777295 -0.120894 0.128324 -0.129646 -0.0179085 -0.000512252 -0.0114375 -0.11977 -0.00362727 -0.00607034 -0.000169187 0.125178 0.237408 -0.00121141 0.0298893 -0.0978491 0.09838 0.0384009 -0.00269968 -0.0235921 -5.44869e-07 -0.0319644 3.79022e-06 0.112406 -0.122198 -3.77939e-05 -0.000336027 0.00013022 -6.12213e-08 -0.0233499 0.00636626 -1.01038e-05 -0.000157309 -0.000241666 -0.00621602 -0.000291937 0.00475966 -0.000291916 -0.00085208 -0.00827405 -0.00540917 -0.0137596 -0.121834 -7.30529e-06 -9.67976e-06 0.12223 -0.00424491 -0.000154267 -0.000223829 -0.000101856 0.114549 0.0274363 -4.96125e-05 -3.75009e-05 -0.00100137 -0.0500517 -0.096561 -0.000212914 -4.83669e-05 -0.010832 -0.0122092 0.000558536 0.123269 0.000991164 0.0887574 0.00111908 -0.00154392 0.0333395 -0.122073 1.81101e-05 -0.000550053 -0.112977 -0.00624332 -4.14514e-06 0.106927 0.00541295 -2.56597e-05 -0.119342 -8.12141e-05 -0.0023603 0.0992132 0.115214 
-0.000347689 -2.79863e-05 3.24354e-05 -2.95075e-05 1.01327e-05 -0.000208752 0.000955218 0.000937493 0.000349894 -8.45578e-05 2.77045e-05 -0.00037139 -0.00131826 -2.27009e-05 -0.000387328 0.000776067 0.000112682 -3.53254e-07 0.000115103 -0.000372816 -0.0010918 -0.000465889 0.000861639 0.000204768 -4.34598e-05 -0.000381069 0.000902433 0.000157508 6.73772e-07 0.000162845 -0.00121141 0.00205674 0.000390584 -0.000297085 0.00048749 -1.72556e-05 1.86311e-05 -9.07871e-06 2.01499e-07 -9.08014e-05 3.60321e-08 0.000397699 -0.000403892 4.66102e-07 -1.06456e-06 -3.97335e-07 -2.06099e-10 -7.74332e-05 0.00127723 7.12993e-07 -1.58151e-06 4.74973e-06 0.00051 7.69983e-06 4.94066e-06 2.88867e-05 -1.37935e-07 -1.13784e-05 1.07716e-05 -4.30159e-05 -0.000405592 3.87137e-06 -3.2811e-08 4.26478e-05 2.99874e-05 1.67568e-06 -1.51264e-06 5.19391e-06 -0.000980965 0.000495169 -1.84019e-07 -1.33023e-07 2.81203e-06 -0.000154987 -0.00030893 0.000174671 2.00679e-07 0.00110765 -1.03652e-05 0.000364453 -0.000798341 -7.94987e-06 -0.000648468 0.000109161 0.00100157 -9.82652e-05 -0.000403214 -5.47284e-08 -1.87267e-06 -0.000371478 -4.62432e-05 5.18148e-09 -0.00125839 -1.78989e-05 4.15425e-05 -0.000387238 -2.73404e-07 4.13368e-07 -0.00118052 0.000216541 
-0.0220712 0.0245413 -0.000125146 -0.00279445 0.000964633 0.0812803 -0.000187598 -0.00515616 -0.00032409 -0.00786347 -0.0851721 -0.0249775 -0.0854475 -0.000902217 -0.0254645 0.0251527 0.000158177 -1.61848e-05 -0.000163374 -0.0251612 -0.00468669 -0.0210093 0.000112225 -8.99465e-05 0.000796077 -0.0247422 6.52834e-06 0.00141699 -3.59842e-05 0.0182884 0.0298893 0.000390584 0.113256 -0.0199299 -0.031851 0.00628247 -0.000569919 0.0998017 -1.15888e-07 -0.00628709 4.60181e-06 -0.000861968 -0.0248632 -5.91501e-06 -7.14459e-05 0.000330245 -1.30211e-08 -0.00488867 0.0657232 1.92504e-06 0.000542939 -3.96891e-05 0.00721315 -6.27681e-05 0.0136727 -6.1386e-05 0.000139687 -0.00175504 -0.00111872 -0.00292184 -0.0251489 0.000257386 -3.49621e-07 0.0218431 6.87823e-05 6.72434e-05 -3.87416e-06 0.000245304 0.00198687 0.111382 -5.77942e-06 -8.40423e-06 -0.000204768 -0.010538 -0.0202436 5.92226e-05 -9.40536e-06 -0.00169959 -0.00255232 -0.0009321 0.0192283 0.00396846 -0.080874 0.00385256 0.00240873 0.101596 -0.0252076 7.56494e-06 -0.000116553 -0.0232897 0.00427093 -6.59548e-07 -0.0799213 0.0133437 -5.48368e-06 -0.0248996 -1.704e-05 -0.000394119 -0.0709701 0.02417 
