0.248824 -0.00012551 0.0654223 -0.010114 -0.00481907 -0.0400292 0.00136274 0.0706727 0.000124663 0.042507 -6.10446e-05 -0.0926758 -0.0888716 -0.000716783 0.000206244 -0.0542029 -0.00378649 -0.000520784 0.110646 -0.0993628 0.00448203 -0.0130276 -0.0789558 0.0355572 -0.118821 -0.000146796 0.191386 -0.10085 -0.102816 -0.100406 -0.00274975 0.0859272 -0.0261706 -0.0967064 -0.000100617 0.110898 0.100849 -0.0113417 -5.61584e-05 0.000297209 0.0429622 0.1625 -1.88725e-05 0.00480848 -0.000936651 -0.110194 -0.00995808 5.83383e-06 -0.00177932 0.0128088 0.0908621 -2.93163e-06 -0.0453746 0.0111945 -0.0329858 -0.00733047 0.0272928 -0.106027 0.000574518 -0.00015909 -0.0900336 0.0231427 -0.0943296 3.00912e-07 1.35626e-05 -0.00996811 0.01087 -2.34847e-05 -0.00139106 0.0151989 0.00117483 -0.0120498 -0.000483562 -0.000286896 0.0217947 -0.0951381 1.27358e-06 -0.0422624 0.00671476 -0.000348044 -0.012467 -0.00125241 -0.104118 -0.0704361 1.87003e-07 0.0345513 0.111246 0.16288 -0.0347423 -4.21494e-06 -3.75488e-06 -0.000153407 0.0917306 0.00362614 -0.0414798 -1.19066e-06 0.00137791 -0.0971336 0.16383 -1.74845e-05 
-0.00012551 0.000284762 -2.67403e-05 0.000213236 1.3338e-05 0.000197441 1.79408e-05 -6.96542e-05 1.15527e-06 -2.35033e-05 -4.97289e-08 -6.13101e-05 -5.40891e-05 3.93653e-05 -1.47602e-07 -4.7321e-05 -3.05342e-06 3.54593e-06 -2.91855e-07 0.00016644 0.000241452 0.000205717 -7.65966e-05 -1.56457e-05 -0.000112251 -1.09299e-07 -0.00013532 0.000143924 0.0001473 0.000136961 3.11645e-05 -7.54885e-05 -5.28083e-05 -3.14096e-05 2.12003e-05 -0.000200807 -7.38987e-05 0.000210892 6.54075e-07 -2.46513e-07 -2.34658e-05 -9.35582e-05 -1.18428e-08 -1.53304e-06 1.65123e-06 0.000166779 -5.93788e-06 -5.22308e-09 -7.0637e-06 -6.38567e-06 0.000182006 -2.02144e-09 -1.71931e-05 -0.000108477 -2.13212e-05 -6.43165e-06 -0.000161498 -7.01362e-05 -3.70957e-07 1.96434e-06 -8.41483e-06 -5.37483e-05 -5.99444e-05 -2.70601e-10 9.32617e-06 4.80734e-05 -5.87858e-06 9.47286e-08 -1.09342e-06 -7.70456e-06 -8.43896e-06 0.00018782 -8.70515e-07 -2.01881e-07 -1.2022e-05 0.000149739 -1.78787e-09 6.76417e-06 -0.000150783 -2.28816e-07 -0.000133446 -1.23879e-06 -6.49721e-05 -6.58408e-05 -9.96952e-11 -6.03809e-06 -0.000199076 -0.000109207 -0.000114556 -6.31308e-09 -2.3604e-08 -1.8636e-07 -2.20377e-05 -3.18752e-06 -0.000132612 -7.28249e-10 1.01598e-05 0.000136632 -0.000125897 1.98034e-05 
0.0654223 -2.67403e-05 0.130133 -0.00433025 -0.00623153 -0.0132111 -0.000554568 0.00198362 -0.000296317 0.023232 1.9469e-05 -0.0331816 -0.0307057 6.3174e-05 0.000348859 -0.0255405 0.00583204 -0.000167054 0.0811939 -0.0353811 -0.0150567 -0.00868855 -0.0411153 0.0272463 -0.0704538 -5.89786e-05 0.0679886 -0.0291209 -0.037268 -0.0431107 -0.000984883 0.055821 -0.0272063 -0.0337347 -4.30553e-05 0.0418017 0.0763306 -0.00530333 -6.09922e-05 -0.000129541 0.0186879 0.0834364 -6.39373e-06 0.00127309 -0.000299052 -0.0416938 -0.00300497 -2.76318e-06 0.000575904 -0.000847149 0.0666639 -7.98004e-07 -0.0195471 -0.030285 -0.0107927 -0.00342782 -0.0227195 -0.0374304 0.00010033 2.41959e-06 -0.0350757 -0.0212956 -0.0328613 -1.39426e-07 4.35246e-05 -0.00375858 -0.00264301 -1.72029e-05 -0.000517033 0.0169013 -0.00227727 -0.00417844 -0.000398942 -0.000106045 -0.00423563 -0.0446166 2.4381e-06 -0.0144993 -0.0250074 -0.000116213 -0.0396517 2.46272e-05 -0.0373438 -0.0357664 2.96176e-07 0.0293964 0.0376621 0.0737003 -0.0555956 7.91686e-07 -1.27434e-05 -4.48455e-05 0.0888422 -0.00109146 -0.0483603 4.86832e-07 0.027192 -0.0455214 0.0651306 -4.1347e-05 
-0.010114 0.000213236 -0.00433025 0.0273656 -0.0013183 0.016823 0.000710202 -0.00688551 0.000622511 0.00705003 5.18399e-06 -0.00603346 -0.00556172 -4.74314e-05 -1.19114e-05 -0.00467797 -0.000299589 5.24968e-05 -0.00510697 0.018113 0.0242634 0.0264524 -0.00760676 -0.00179082 -0.0130021 -1.01516e-05 -0.0137718 0.0198598 0.0013922 0.0194465 -0.000201274 -0.00903784 -0.00525376 -0.00566914 -7.88373e-06 -0.02046 -0.00763334 0.0250973 1.02968e-05 -2.43693e-05 -0.00228005 -0.00969092 2.66593e-06 -0.000254597 -3.71312e-05 0.0205188 -0.000621926 5.00333e-07 -0.000698214 -0.000677773 0.0182381 2.87017e-06 -0.00356833 -0.0107236 -0.00210772 -0.000626028 -0.0160016 -0.00175548 -3.66714e-05 -9.31593e-06 -0.00651984 -0.00533137 -0.00599299 -2.67506e-08 5.56317e-05 0.00752374 0.00197795 -1.69971e-05 -0.000108091 -0.000844353 -0.000831883 0.000572515 -8.48591e-05 -1.78472e-05 -0.00123096 0.0193557 -1.76742e-07 -0.00193566 -0.0149477 -2.26198e-05 -0.0132269 -0.000137963 0.00044981 -0.00656618 -9.85548e-09 -0.00444584 -0.0202782 -0.0112776 -0.0113232 3.63258e-06 6.29733e-05 -1.81395e-05 0.0136669 1.17185e-05 -0.0143877 7.38008e-07 -0.00247313 0.019714 0.0103381 -7.57642e-06 
-0.00481907 1.3338e-05 -0.00623153 -0.0013183 0.0446352 -0.00403178 -0.000133071 0.0044815 -1.42512e-05 -0.00406537 -7.53873e-06 -0.0100748 -0.00935038 0.000546531 -2.3979e-05 -0.00764097 -0.000493613 0.000243619 -0.00176859 -0.0129672 -0.00185666 -0.0026538 0.00799041 -0.00272892 -0.00338888 2.8698e-05 0.0028363 -0.0134131 -0.0112951 -0.0131221 0.00052466 0.00975457 -0.00635119 -0.010156 0.000124513 0.0122573 0.00218091 -0.00166033 0.000187439 -3.91665e-05 -0.00263953 -0.00165929 -1.23029e-06 -0.000180474 -0.000108685 -0.0124913 0.00728122 -4.9867e-07 -0.000976121 -0.00109479 -0.00380185 7.9101e-07 -0.00476187 0.00364627 0.00613556 -0.000973022 0.0172228 -0.0111841 -5.85751e-05 -9.74748e-06 0.0100312 0.0117271 -0.00999385 6.88467e-08 -8.74653e-06 -0.00107764 0.00337526 2.80235e-05 -0.000166787 -0.0012885 -0.000508975 -0.000998866 -0.000126989 -2.67957e-05 0.000599089 -0.0136114 4.66076e-07 -0.0042532 0.0150398 -3.64805e-05 0.0136817 3.18227e-05 -0.0109279 0.00409406 -1.63898e-08 -0.00438946 0.0122396 0.00457974 0.0157234 -8.17865e-07 -3.88048e-06 4.02459e-05 -0.00513453 -0.000531239 0.0137583 -1.19724e-07 0.0130663 -0.0134206 -0.00206462 1.01903e-05 
-0.0400292 0.000197441 -0.0132111 0.016823 -0.00403178 0.0786876 -0.000205291 -0.0210433 0.000468725 -0.00399954 -8.88179e-06 0.0421302 0.0364061 -9.64442e-05 -4.2843e-05 -0.0142924 -0.000866657 -8.03021e-05 -0.0184249 0.0594331 0.0124968 0.0213459 -0.02324 -0.00575835 0.0110664 -3.1535e-05 -0.0424856 0.0613656 0.0498974 0.0604333 -0.000614321 -0.0276209 -0.0160135 0.0431189 -2.32696e-05 -0.0625724 -0.0235163 0.0203067 -3.09377e-05 -7.45146e-05 -0.00704071 -0.0300525 3.51021e-06 -0.000776645 -9.71786e-05 0.0626971 -0.00188971 -1.02214e-06 -0.00213041 -0.00208335 -0.00391793 8.72304e-07 -0.0109232 -0.0327789 -0.00643969 -0.00190429 -0.0489134 0.0443373 -0.000112131 -1.91793e-05 -0.0194241 -0.0128577 0.0398488 -8.17959e-08 5.68807e-05 0.00794976 -0.00212917 -5.08259e-05 -0.000327222 -0.0025818 -0.00252769 0.00297954 -0.000260331 5.94399e-05 -0.00376204 0.05959 -5.40427e-07 -0.001333 -0.0456797 -5.83852e-05 -0.0404232 -0.000384086 0.046232 -0.0200694 -3.01353e-08 -0.0118662 -0.062102 -0.0344827 -0.0344942 2.24838e-06 1.56084e-05 -1.23118e-05 -0.00145544 -0.000453339 -0.0439029 -2.13465e-07 -0.00767981 0.0602256 -0.0224505 -1.23533e-05 
0.00136274 1.79408e-05 -0.000554568 0.000710202 -0.000133071 -0.000205291 0.00365827 -0.00084175 0.000165869 0.000368779 3.85564e-06 -0.000649015 -0.000602009 5.8506e-06 1.05735e-06 -0.000581848 -3.93365e-05 1.14559e-05 0.00164906 0.0021097 0.00290129 0.00284624 -0.000952834 -0.000246123 -0.00147115 -1.20225e-06 -0.00102769 0.000389445 -0.0006548 0.00137231 -2.11401e-05 -0.00105071 -0.000674664 -0.000523729 6.33987e-05 -0.000833556 -0.000967384 0.000306263 -1.17651e-07 -2.05099e-06 -0.000289863 0.000388554 2.73407e-08 -3.09639e-05 -8.16111e-06 0.000847222 -8.06832e-05 8.69339e-07 -9.08408e-05 -8.79882e-05 0.00217889 6.72761e-08 -0.000360463 -0.00136759 -0.000266736 -8.26534e-05 -0.00198028 -0.000705092 -1.82513e-06 5.34396e-06 -0.000700066 -0.000663731 -0.000662317 6.51183e-09 -7.42447e-07 0.000514431 0.00215567 -2.05969e-06 -1.40946e-05 -0.000109653 -0.000108548 -9.41783e-05 -9.81132e-06 -5.12331e-07 -4.51049e-05 0.00201527 -2.30464e-08 -3.0055e-05 -0.00179747 -2.94953e-06 -0.00165222 -1.74677e-05 -0.000632442 -0.000812552 -1.28511e-09 -0.000546464 -0.000702607 -0.00130395 -0.00142435 -8.13783e-08 1.7224e-06 -2.40226e-06 0.00188636 2.21113e-05 -0.00182167 -9.38745e-09 -0.000330071 0.00151451 0.00134903 5.09487e-05 
0.0706727 -6.96542e-05 0.00198362 -0.00688551 0.0044815 -0.0210433 -0.00084175 0.184738 -0.000475724 -0.022866 2.77949e-05 -0.0527803 -0.0487979 -0.000422171 -4.06249e-05 -0.0327428 0.0046821 -0.000271249 -0.0417721 -0.0696507 -0.0322548 -0.0138598 -0.0507742 -0.0154981 -0.0947713 -8.99989e-05 0.117015 -0.0696952 -0.0532616 -0.0709248 -0.00174476 -0.0561172 -0.0164005 -0.0536318 -6.84442e-05 0.066743 -0.0507728 -0.00913491 -8.15435e-05 -4.2729e-05 -0.0202993 0.0245576 -1.0097e-05 -0.00218853 -0.000596006 -0.0663089 -0.00153442 -4.48396e-06 0.0180392 -0.00589699 -0.0701216 6.12813e-08 -0.0310776 0.12253 -0.0176411 -0.000979752 0.10535 -0.0560035 -0.000188353 -8.15633e-05 -0.0560429 0.105367 -0.052237 1.77691e-07 -8.30385e-05 -0.00856442 -0.00645416 0.000150036 -0.000541225 -0.00176034 0.0186543 -0.0069216 -0.000711926 -0.000171939 0.00422774 -0.0718007 -1.53487e-06 -0.0232489 0.113712 -0.000196436 0.11102 0.00263893 -0.0592827 -0.0468064 -8.55873e-08 0.0558291 0.0625666 0.101647 0.0578398 1.06028e-06 -2.02638e-05 0.000102645 -0.0256605 -0.00232943 0.0902672 -6.25195e-07 0.0204799 -0.0415956 0.0998857 -6.14255e-05 
0.000124663 1.15527e-06 -0.000296317 0.000622511 -1.42512e-05 0.000468725 0.000165869 -0.000475724 0.00194371 0.000184707 -3.13336e-07 -0.000399886 -0.000387261 -7.94166e-07 -5.15839e-07 -0.000229919 -2.04899e-05 2.50762e-06 3.06394e-05 0.000585267 0.0012937 0.00122865 -0.000239159 -0.000125508 -0.000302529 -3.73957e-07 -0.000665408 0.000618632 -0.000475119 0.000735023 -1.28013e-05 -0.000314107 -0.000258642 -0.000425709 -5.19231e-08 -0.000827831 -0.000160546 0.000629974 1.85807e-05 9.51229e-07 -0.000158919 -0.00031688 -8.09708e-08 -1.41249e-05 3.28574e-07 0.000746064 1.74696e-05 -3.57108e-08 -4.82953e-05 0.00024432 0.00102442 2.82846e-07 -0.0001373 -0.000535682 -0.000107269 -4.27639e-05 -0.000583089 -0.000355916 6.22039e-06 -6.76817e-07 -0.000146069 -0.000361626 -0.000415766 -1.85013e-09 5.8757e-06 -3.24196e-05 0.000466727 -1.17556e-06 -7.89156e-07 -5.83974e-05 -5.73148e-05 -4.40124e-05 -3.75181e-06 -1.37362e-06 -8.4579e-05 0.00103306 -1.22239e-08 -0.000139339 -0.000756628 -1.56444e-06 -0.000666587 -7.14371e-06 0.000121564 -0.000232916 -6.81627e-10 -0.000309049 -0.000667887 -0.000716356 -0.000523718 -4.31632e-08 5.19499e-08 -2.54163e-07 0.000243904 0.000242884 -0.000714277 -4.97913e-09 -0.000143158 0.000742966 0.000469623 -5.24003e-07 
0.042507 -2.35033e-05 0.023232 0.00705003 -0.00406537 -0.00399954 0.000368779 -0.022866 0.000184707 0.0848447 3.09779e-06 -0.0200524 -0.018688 -0.000158194 -4.72392e-05 -0.0155494 -0.000673472 -8.44151e-05 0.0606638 -0.014898 0.024561 0.00715783 -0.0252767 0.0192177 -0.0430544 -3.59185e-05 0.0318067 -0.00836115 -0.0211869 -0.0156114 -0.000673266 0.0468648 -0.0170494 -0.0204779 -2.62077e-05 0.0133698 0.0479594 0.00485157 -1.78258e-05 -6.68005e-05 0.0468074 0.0489644 -3.49853e-06 -0.000728176 -0.000221428 -0.0130369 -0.0020586 -1.71644e-06 -0.00231003 -0.00188482 0.0604716 2.99036e-07 -0.0118981 -0.035645 -0.00685844 -0.00210728 -0.052442 -0.0196535 -0.000108213 -3.04479e-05 -0.0217372 -0.0177111 -0.0199936 -8.89266e-08 0.000136774 -0.00163504 0.00481781 -5.447e-05 -0.000359215 0.000599935 -0.00277299 -0.00260694 -0.000283917 -6.61866e-05 -0.00354274 -0.0147882 7.79127e-07 -0.00888211 -0.0494114 -7.46481e-05 -0.0439646 -0.000456526 -0.0204245 -0.0217577 -3.27624e-08 -0.000332713 0.013098 0.0406995 -0.037645 -2.07464e-06 5.71298e-05 -5.44626e-05 0.0654708 -0.000733751 -0.0478292 1.69735e-06 -0.00209711 -0.0152269 0.0406314 -2.42862e-05 
-6.10446e-05 -4.97289e-08 1.9469e-05 5.18399e-06 -7.53873e-06 -8.88179e-06 3.85564e-06 2.77949e-05 -3.13336e-07 3.09779e-06 0.000174553 -1.57571e-05 -2.05679e-05 5.35399e-06 -9.04668e-08 -1.46568e-05 3.24452e-05 8.31373e-07 -5.63327e-06 -9.99496e-06 -5.60831e-06 7.49682e-06 -2.244e-05 -1.155e-05 -6.94463e-05 -6.69905e-08 6.38631e-06 -1.46975e-07 1.38438e-05 1.04451e-05 -1.89071e-07 -5.26631e-05 -2.31589e-05 -1.51285e-05 -4.88793e-08 -1.56053e-05 -4.49818e-05 -5.059e-07 -6.43847e-08 -1.5109e-07 -5.30579e-07 -2.76731e-05 2.66075e-07 -1.09575e-06 -4.26238e-07 1.46594e-05 2.49405e-06 -3.20128e-09 2.39725e-06 -2.80309e-06 -1.67774e-05 -1.23896e-09 -2.00887e-05 2.09901e-05 -1.28479e-05 4.42131e-06 -4.70821e-06 -1.18717e-06 -2.27363e-07 1.84933e-06 -3.93385e-05 2.28068e-06 -2.10751e-05 -1.65854e-10 6.30045e-06 3.29302e-05 1.7048e-06 -1.05383e-07 -5.90167e-07 -3.925e-06 1.2241e-05 -4.26869e-06 -5.33548e-07 -1.23735e-07 -6.84528e-06 -7.30213e-06 -1.0958e-09 6.00867e-07 4.97719e-06 -1.03577e-07 6.06501e-07 1.39933e-06 -4.5681e-06 -4.05429e-05 -6.11042e-11 8.53327e-05 -9.3429e-06 -7.17892e-06 2.24398e-06 7.76131e-07 3.622e-07 2.48578e-06 1.43119e-05 5.92032e-07 5.9787e-06 7.82887e-07 2.68484e-05 1.13644e-05 6.85921e-05 -4.6974e-08 
-0.0926758 -6.13101e-05 -0.0331816 -0.00603346 -0.0100748 0.0421302 -0.000649015 -0.0527803 -0.000399886 -0.0200524 -1.57571e-05 0.169259 0.154572 -0.00034502 -0.000109741 -0.0358496 -0.00116137 -1.05169e-05 -0.0452313 0.15151 -0.026518 0.000804068 -0.0580503 -0.0139324 0.0536934 -8.07819e-05 -0.106398 0.152525 0.161472 0.150398 -0.00153835 -0.0684897 -0.040138 0.16466 -5.93963e-05 -0.156092 -0.0582143 -0.00802647 -5.25226e-05 -0.000186637 -0.0179282 -0.0746766 1.01523e-05 -0.00144222 0.000919971 0.156452 -0.0047615 -3.09797e-06 -0.0050443 -0.00522453 -0.0586077 -1.53182e-06 -0.0272704 -0.0821993 -0.0160096 -0.0048342 -0.122471 0.157817 -0.000271686 0.000186532 -0.0441778 -0.0259492 0.163343 1.60915e-09 -2.97038e-05 -0.0060191 -0.000290041 -0.000130292 -0.000786879 -0.00646856 -0.00631453 0.00696852 -0.000546997 -4.20823e-05 -0.00886463 0.149312 -1.01815e-06 0.0698463 -0.113539 0.000578267 -0.10133 -0.00102645 0.161135 -0.0501817 -7.55475e-08 -0.031191 -0.153991 -0.0858298 -0.0865109 4.80604e-06 -4.9001e-06 -9.67706e-05 -0.0525539 -0.000404805 -0.0766029 -3.8519e-07 -0.0193944 0.149946 -0.088053 -5.75807e-05 
-0.0888716 -5.40891e-05 -0.0307057 -0.00556172 -0.00935038 0.0364061 -0.000602009 -0.0487979 -0.000387261 -0.018688 -2.05679e-05 0.154572 0.159832 -0.00035389 -0.000103493 -0.0331772 -0.00141283 4.02937e-05 -0.0427433 0.140434 -0.0261279 -0.000504049 -0.0539464 -0.013396 0.051882 -7.61195e-05 -0.0979139 0.141779 0.150762 0.140047 -0.00143652 -0.0641201 -0.0371205 0.155306 -5.50905e-05 -0.145114 -0.0545554 -0.00738727 -7.89384e-05 -0.000172845 -0.0166044 -0.0697052 1.00896e-05 -0.00180483 0.000790283 0.145434 -0.00441109 -3.46888e-06 -0.00460087 -0.00483456 -0.0588181 -1.41735e-06 -0.0253899 -0.0759679 -0.0149495 -0.00446892 -0.113406 0.149288 -0.00025943 0.000157741 -0.0430483 -0.0232358 0.154538 1.69319e-08 -6.54121e-05 -0.00658043 -0.00275093 -0.000120556 -0.000729011 -0.00598877 -0.00582789 0.00560783 -0.000602697 -0.000134074 -0.00872035 0.140801 -9.16914e-07 0.0659351 -0.105319 0.000609567 -0.0937228 -0.000979798 0.150945 -0.0466021 -6.99023e-08 -0.0312725 -0.143216 -0.0799072 -0.0802031 3.85352e-06 -5.82686e-06 -0.000130668 -0.0506216 -0.000366673 -0.0724634 -5.10619e-07 -0.0179635 0.13949 -0.0859781 -5.33542e-05 
-0.000716783 3.93653e-05 6.3174e-05 -4.74314e-05 0.000546531 -9.64442e-05 5.8506e-06 -0.000422171 -7.94166e-07 -0.000158194 5.35399e-06 -0.00034502 -0.00035389 0.00176878 4.3848e-07 -0.000294189 6.1979e-05 -1.81595e-06 0.000658337 0.000706874 0.000973483 -7.14641e-05 -0.000322592 -0.000117687 -0.000139641 -6.5325e-07 -0.000771824 -0.000134134 -0.000316018 -0.000324277 0.00112174 -0.00020218 -0.00033078 -0.000266591 0.000144081 -0.000943625 -0.000387645 -6.42192e-05 3.54155e-05 -1.35348e-06 -0.000107585 -0.000498421 1.173e-06 -1.60268e-05 0.000220934 0.000371849 7.28426e-06 1.37509e-07 -2.43911e-05 -1.21325e-05 0.00095906 -1.25747e-08 0.000108086 -0.000592604 -0.000120096 -3.44993e-05 -0.000825542 -0.000336686 -2.30761e-06 2.10942e-05 0.00104304 -0.00033295 -0.000374623 -1.68333e-09 3.45289e-05 0.00143888 -2.6731e-05 7.50238e-05 -6.80182e-06 -4.74124e-05 9.75038e-05 0.000984088 2.47897e-08 6.91083e-06 -7.34434e-05 -5.24015e-05 -1.11218e-08 0.000577561 -0.000715721 -8.56725e-07 -0.00061303 1.97252e-05 0.000710042 -0.000344086 -6.20173e-10 0.000916612 -0.000861642 -0.000630476 -0.00050323 -3.92717e-08 -1.46833e-07 -1.03929e-06 0.00078929 -2.12988e-05 -0.000109008 -4.53022e-09 0.000647441 -0.000276926 -0.000804767 3.66732e-05 
0.000206244 -1.47602e-07 0.000348859 -1.19114e-05 -2.3979e-05 -4.2843e-05 1.05735e-06 -4.06249e-05 -5.15839e-07 -4.72392e-05 -9.04668e-08 -0.000109741 -0.000103493 4.3848e-07 0.000517918 -8.60863e-05 5.21652e-05 -5.89551e-07 0.000267195 -6.53631e-05 -3.66702e-05 -2.31542e-05 -0.000139531 0.000166916 -0.000195655 -1.98837e-07 -7.04417e-05 -8.14624e-05 -0.000124681 -0.000147554 -3.7272e-06 0.00024378 -9.5148e-05 -0.000113598 -1.4508e-07 0.000137152 0.000284181 -1.62387e-05 -2.1089e-07 8.08211e-07 -3.26358e-05 0.000279979 -2.15445e-08 1.76164e-05 -1.26513e-06 -0.000137016 -1.06383e-05 -9.50182e-09 -1.24836e-05 4.35421e-05 0.000271476 -3.6774e-09 -6.55655e-05 -0.000165414 -2.54408e-05 -1.13671e-05 -0.000141426 -0.000127175 1.11685e-05 4.45832e-05 -0.000119576 -9.14578e-05 -0.00011073 -4.92277e-10 -1.00089e-07 -7.89398e-06 5.43607e-06 1.35939e-05 -1.98914e-06 -4.04857e-07 -1.26821e-05 -1.45586e-05 -1.17364e-06 -3.67261e-07 -1.50193e-05 -0.000121654 -3.25248e-09 -4.90951e-05 -0.000166312 3.89707e-06 -0.000136711 -2.44135e-06 -0.000125278 -0.000120543 -1.81365e-10 3.65283e-05 0.000137491 0.000163478 -0.000192217 -1.14847e-08 -4.29404e-08 -2.99025e-07 0.00015087 1.74915e-05 -0.000144893 -1.32483e-09 0.000249149 -0.000145207 0.000219289 -1.39425e-07 
-0.0542029 -4.7321e-05 -0.0255405 -0.00467797 -0.00764097 -0.0142924 -0.000581848 -0.0327428 -0.000229919 -0.0155494 -1.46568e-05 -0.0358496 -0.0331772 -0.000294189 -8.60863e-05 0.138531 -0.00139345 -2.72693e-05 -0.0355761 -0.047333 -0.00742718 -0.00941699 0.120981 -0.011143 0.0736385 0.000205133 -0.0492546 -0.0476351 -0.0406414 -0.0282358 -0.0011602 -0.0386795 0.106586 -0.0364419 -4.64858e-05 0.0446488 -0.043001 -0.0062414 -5.15476e-05 -0.000143468 -0.013813 -0.0558742 -6.50379e-06 -0.00149986 -0.000397139 -0.0450254 0.00544229 -3.04627e-06 -0.00406132 -0.00402055 -0.0557129 8.14365e-07 0.0850019 0.0863705 -0.00209657 0.00278812 0.0716075 -0.0345957 -0.000205564 -5.77351e-05 0.0896256 -0.0206115 -0.0354956 -1.57823e-07 -5.66275e-05 -0.00474558 -0.00427689 -8.25132e-05 0.00112463 -0.00462921 -0.00346999 -0.00470264 -0.000468129 0.0003956 -0.00662674 -0.0488386 -1.04274e-06 -0.0157939 0.0777659 -0.000133453 0.0849846 -0.000200788 -0.039972 0.0921118 -5.81455e-08 -0.0260766 0.0455193 -0.0654652 0.0987695 -3.48532e-06 -1.37666e-05 -5.1701e-05 -0.0421188 -0.00204162 0.0797725 -4.24739e-07 -0.0143382 -0.0497051 -0.0697621 -4.19861e-05 
-0.00378649 -3.05342e-06 0.00583204 -0.000299589 -0.000493613 -0.000866657 -3.93365e-05 0.0046821 -2.04899e-05 -0.000673472 3.24452e-05 -0.00116137 -0.00141283 6.1979e-05 5.21652e-05 -0.00139345 0.0106047 -1.13093e-05 -0.00165324 -0.00176355 -0.00137747 -0.000602118 -0.00250642 -0.000533901 -0.0041325 -4.1133e-06 0.00147484 -0.00105448 -0.00100837 -0.00168484 -6.78872e-05 -0.00304407 -0.00103824 -0.00086516 -2.40458e-06 0.00143574 -0.00236665 -0.000402252 -4.36264e-06 -8.94713e-06 -0.00048661 0.00100437 -4.45687e-07 -6.37644e-05 -2.35716e-05 -0.00142069 -0.00017236 -3.3229e-08 0.00206345 -9.87644e-05 -0.00332145 2.1726e-07 -0.00136105 0.00306271 -0.000718982 -0.000220849 0.00238483 -0.000864046 -3.71373e-06 7.73246e-05 -0.0023206 0.00139981 -0.00105054 -1.01837e-08 -3.2965e-06 -0.000108003 -0.000187199 -4.31062e-06 4.1976e-06 -0.000283436 0.00198565 -0.000282916 -2.60638e-05 -6.2208e-06 -0.000465211 -0.00175212 1.42938e-06 -0.000759091 0.00279685 -2.16778e-06 0.00318905 -5.10214e-05 -0.000834387 -0.00239415 4.95815e-08 0.00467224 -0.000836812 -0.000353149 -0.00194513 -2.37583e-07 5.73837e-06 9.789e-05 -0.000768622 0.000136101 0.00371444 1.71926e-06 0.00579979 -0.0017753 0.00267775 -2.69093e-06 
-0.000520784 3.54593e-06 -0.000167054 5.24968e-05 0.000243619 -8.03021e-05 1.14559e-05 -0.000271249 2.50762e-06 -8.44151e-05 8.31373e-07 -1.05169e-05 4.02937e-05 -1.81595e-06 -5.89551e-07 -2.72693e-05 -1.13093e-05 0.00113643 -0.000232407 -0.000219172 0.000106807 0.000147203 0.00047702 -7.53984e-05 6.50707e-05 -3.63229e-07 -0.000557188 1.1655e-05 5.2325e-05 1.02911e-06 -5.85336e-06 0.00042045 -0.000190015 1.71475e-05 -3.18535e-07 -3.59234e-05 -0.000153156 2.8405e-05 1.40236e-05 1.82046e-07 -9.44256e-05 -0.000316356 -4.73026e-08 -9.3172e-06 -2.73436e-06 3.79272e-05 0.000365288 -2.0862e-08 -2.79771e-05 -2.74093e-05 -8.92809e-05 1.83193e-06 -0.000144059 -0.000407864 0.000324742 0.000344451 4.85324e-05 -0.000127151 3.07499e-06 -1.25392e-07 0.000373901 -0.00017463 4.82625e-05 -1.08083e-09 -3.44747e-07 -3.82083e-05 0.00020528 4.31991e-06 -3.90399e-06 -3.2592e-05 -3.24202e-05 -3.01894e-05 -2.79368e-06 1.65303e-05 0.000121048 7.2669e-06 -7.14109e-09 0.000174484 0.000111917 -9.13934e-07 0.000119263 -3.62372e-06 -1.10564e-05 0.000260163 -3.98202e-10 -0.000178201 -2.85269e-05 -0.000426034 0.000141837 5.40478e-06 3.03905e-06 1.8959e-05 -0.000287967 -1.05297e-05 -0.000108161 -2.90877e-09 0.000256221 5.67452e-06 -0.000571704 1.76388e-06 
0.110646 -2.91855e-07 0.0811939 -0.00510697 -0.00176859 -0.0184249 0.00164906 -0.0417721 3.06394e-05 0.0606638 -5.63327e-06 -0.0452313 -0.0427433 0.000658337 0.000267195 -0.0355761 -0.00165324 -0.000232407 0.168288 -0.0396833 0.0203632 -0.00601471 -0.0577811 0.0505549 -0.0782379 -8.21187e-05 0.0925099 -0.0422698 -0.0498129 -0.0530945 -0.000686798 0.116875 -0.0307561 -0.0463675 0.00012995 0.0538594 0.133732 -0.00358863 -5.90564e-05 0.000184916 0.0650056 0.134883 -7.03688e-06 0.00557812 -0.0005056 -0.0536402 -0.00439953 -3.66675e-06 -0.00531054 0.0116991 0.1355 -1.51973e-06 -0.0269481 -0.0801914 -0.014847 -0.00396302 -0.0690298 -0.0523218 -0.000174479 1.25673e-05 -0.0485987 -0.0402073 -0.045486 7.98931e-08 0.000134784 -0.00308265 0.00963635 -0.000116505 -0.000809251 0.0161492 -0.00623314 -0.00541832 0.000100209 -0.000145096 0.00620541 -0.0441677 4.59587e-06 -0.0186219 -0.0874843 -0.000157052 -0.099045 -0.000765275 -0.0499649 -0.0491417 2.75048e-07 0.0143277 0.0548054 0.0948778 -0.0860148 -4.13623e-06 -1.58157e-05 -4.33168e-05 0.13174 -0.00230101 -0.1068 2.35829e-07 -0.00256383 -0.0547062 0.09184 7.96641e-05 
-0.0993628 0.00016644 -0.0353811 0.018113 -0.0129672 0.0594331 0.0021097 -0.0696507 0.000585267 -0.014898 -9.99496e-06 0.15151 0.140434 0.000706874 -6.53631e-05 -0.047333 -0.00176355 -0.000219172 -0.0396833 0.203739 0.0160885 0.0381306 -0.0737044 -0.0164653 0.0353261 -0.000105567 -0.126936 0.185868 0.163658 0.181645 0.00447473 -0.0827611 -0.0529907 0.153987 -1.04466e-05 -0.189563 -0.0673472 0.0200163 -6.38876e-05 -0.000234216 -0.0166243 -0.0817904 2.73541e-05 -0.00255662 0.00170026 0.188736 -0.00628845 1.25723e-05 -0.00676256 -0.00654684 -0.0179104 -8.81956e-07 -0.0275562 -0.108501 -0.0211852 -0.00639374 -0.160393 0.161013 -0.000366652 0.00016449 -0.0500564 -0.0390154 0.150193 -3.73371e-08 9.11745e-06 0.0213385 0.0060958 -4.66088e-05 -0.00105877 -0.00839885 -0.00832976 0.020227 -0.000720662 -3.56858e-05 -0.0123797 0.18381 -1.16166e-06 0.0652574 -0.150337 0.000527636 -0.133832 -0.00136583 0.170455 -0.0664981 -9.97207e-08 -0.0285879 -0.185989 -0.105262 -0.114383 2.25864e-06 -1.41967e-05 -0.000177967 -0.0205127 -0.000996427 -0.104345 -7.28436e-07 -0.0229347 0.176308 -0.0721629 -3.22038e-05 
0.00448203 0.000241452 -0.0150567 0.0242634 -0.00185666 0.0124968 0.00290129 -0.0322548 0.0012937 0.024561 -5.60831e-06 -0.026518 -0.0261279 0.000973483 -3.66702e-05 -0.00742718 -0.00137747 0.000106807 0.0203632 0.0160885 0.115502 0.037846 0.00245585 -0.00170849 -0.00928543 -5.02908e-05 -0.0220589 0.0111359 -0.0172035 0.00816126 0.00569616 0.00657465 -0.020195 -0.0276467 0.00023408 -0.0148195 -0.000477592 0.0289616 0.000255703 9.23623e-05 0.0102309 0.000241297 1.06062e-05 -0.00108639 0.000486268 0.0139317 0.000737267 1.18431e-05 -0.00327543 0.00518427 0.0536575 3.3743e-06 0.0158654 -0.0242674 -0.00487946 -0.0016466 -0.029216 -0.0173807 -1.42139e-05 -2.77319e-05 0.0145775 -0.0213901 -0.0281316 1.9007e-07 9.28746e-05 0.0206456 0.00936896 2.64845e-05 0.000684616 -0.00388144 -0.00392682 0.00942512 -0.000336492 -7.95605e-05 -0.00136068 0.0210841 -5.83095e-07 -0.00919242 -0.03286 -0.000102925 -0.0270094 -0.000634033 -0.00994735 0.000881047 -4.6641e-08 -0.013353 -0.0140585 -0.024221 -0.0180211 -4.60153e-07 5.51505e-05 -8.57591e-05 0.0364443 -0.000887314 -0.0276603 4.69299e-07 -0.0071091 0.00551991 0.00625378 4.28213e-05 
-0.0130276 0.000205717 -0.00868855 0.0264524 -0.0026538 0.0213459 0.00284624 -0.0138598 0.00122865 0.00715783 7.49682e-06 0.000804068 -0.000504049 -7.14641e-05 -2.31542e-05 -0.00941699 -0.000602118 0.000147203 -0.00601471 0.0381306 0.037846 0.0534731 -0.0152673 -0.00370038 -0.0237987 -2.05682e-05 -0.0268184 0.0370299 0.0110848 0.0370295 0.000473791 -0.0180806 -0.0105796 -0.00128723 -1.41009e-05 -0.0379877 -0.0152073 0.0298238 2.96799e-05 -4.8825e-05 -0.00447833 -0.0164048 4.66983e-06 -0.000512702 5.78323e-05 0.0381629 -0.00125201 8.21056e-06 -0.0013939 -0.00137209 0.0268014 2.66772e-06 -0.00592533 -0.0215816 -0.00424251 -0.00127451 -0.0322015 0.00553264 -7.35572e-05 1.62631e-05 -0.0113715 -0.0106071 -0.00263322 -5.38521e-08 7.66541e-05 0.0148387 0.0107563 -3.42173e-05 -0.00021668 -0.00169971 -0.00167264 0.00645356 -0.000104714 -3.87028e-05 -0.00247717 0.0383718 -1.42469e-07 -0.00229889 -0.030074 -4.28798e-05 -0.0266231 -0.000278076 0.0118032 -0.0132109 -1.98403e-08 -0.00865007 -0.0374041 -0.0226648 -0.0227677 -1.25636e-06 6.34726e-05 -3.6804e-05 0.0219831 -0.000369603 -0.0276945 6.65072e-07 -0.00502876 0.0373315 0.00901954 -1.42956e-05 
-0.0789558 -7.65966e-05 -0.0411153 -0.00760676 0.00799041 -0.02324 -0.000952834 -0.0507742 -0.000239159 -0.0252767 -2.244e-05 -0.0580503 -0.0539464 -0.000322592 -0.000139531 0.120981 -0.00250642 0.00047702 -0.0577811 -0.0737044 0.00245585 -0.0152673 0.197168 -0.0180912 0.110072 0.000274513 -0.0861683 -0.0747509 -0.0651193 -0.0560955 -0.000328994 0.00581308 0.0979087 -0.0591536 -5.25985e-05 0.069743 -0.0284733 -0.0101358 0.000177293 -4.31319e-05 -0.0224426 -0.0772398 -4.53186e-06 -0.00234032 -0.000113459 -0.070704 0.0153484 6.52305e-06 -0.0065978 -0.0063211 -0.0498439 1.36952e-06 0.0870362 0.0732399 0.0523397 0.0120451 0.112797 -0.0569772 -0.000144609 -8.87579e-05 0.155856 -0.0271833 -0.0576363 -2.56641e-07 -9.18784e-05 -0.00459367 -0.00672785 5.67156e-05 0.00226033 -0.00597047 -0.00462809 -0.00449569 0.00117024 0.000356008 -0.0108432 -0.0752696 -1.69563e-06 -0.0256323 0.121296 -0.000214014 0.125565 -0.000665919 -0.0628702 0.147971 -9.45519e-08 -0.0322952 0.0707492 -0.0977499 0.145358 -4.58738e-06 -2.23863e-05 3.63247e-05 -0.067857 -0.0032183 0.127045 -6.90679e-07 0.00182362 -0.0807448 -0.115533 3.8613e-05 
0.0355572 -1.56457e-05 0.0272463 -0.00179082 -0.00272892 -0.00575835 -0.000246123 -0.0154981 -0.000125508 0.0192177 -1.155e-05 -0.0139324 -0.013396 -0.000117687 0.000166916 -0.011143 -0.000533901 -7.53984e-05 0.0505549 -0.0164653 -0.00170849 -0.00370038 -0.0180912 0.0625753 -0.0304215 -2.56842e-05 0.0295275 -0.0135702 -0.0163675 -0.0199252 -0.00048245 0.0428288 -0.0109978 -0.014714 -1.87792e-05 0.0182086 0.0486833 -0.00217068 -2.4811e-05 -4.47183e-05 0.0144652 0.0436259 -2.78872e-06 0.00392697 -0.000163746 -0.0180146 -0.00141502 -1.22992e-06 -0.00166263 -0.000617813 0.0438133 5.4733e-07 -0.00852667 -0.0255184 -0.00495303 -0.0015077 -0.0316498 -0.0164751 -8.03755e-05 2.06968e-06 -0.0155442 -0.0126731 -0.0143331 -5.70539e-08 1.36274e-05 -0.00200436 0.000184482 -3.93743e-05 -0.000257429 0.0131989 -0.00196265 -0.00188992 9.37636e-06 -4.75384e-05 -0.000868559 -0.0195831 -2.11003e-07 -0.00631228 -0.0330134 -5.1471e-05 -0.0314047 -0.000321758 -0.0163093 -0.0156277 8.98573e-08 -0.00393633 0.0179709 0.0365471 -0.0269685 -1.48659e-06 -5.55822e-06 -4.38836e-05 0.0444825 -0.000664586 -0.0342632 -1.71487e-07 0.000852477 -0.0199198 0.029087 -8.08389e-06 
-0.118821 -0.000112251 -0.0704538 -0.0130021 -0.00338888 0.0110664 -0.00147115 -0.0947713 -0.000302529 -0.0430544 -6.94463e-05 0.0536934 0.051882 -0.000139641 -0.000195655 0.0736385 -0.0041325 6.50707e-05 -0.0782379 0.0353261 -0.00928543 -0.0237987 0.110072 -0.0304215 0.249202 0.000186788 -0.139667 0.0347335 0.0474079 0.0403012 0.00287536 -0.0183635 0.0664652 0.0572938 0.000145918 -0.0429911 -0.0347754 -0.0150833 3.36211e-06 0.000290469 -0.037565 -0.103335 -7.86712e-06 0.00080459 0.000895351 0.0423978 0.00204458 5.41301e-06 -0.0099976 0.0106782 -0.0616849 -3.16452e-06 0.0668782 -0.0158745 0.0338169 0.00649142 0.0243399 0.057363 0.000586404 1.17461e-05 0.108204 -0.0611843 0.0563518 -1.31496e-07 -0.000151859 -0.00157066 -0.00917031 -9.10326e-05 0.000653631 -0.0132771 -0.0113812 -0.00157004 0.00107759 0.00031061 0.00373697 0.0539428 -2.76102e-06 0.0358365 0.0155048 -0.000346852 0.0149605 -0.00183281 0.0549281 0.116222 -1.65112e-07 -0.0623503 -0.0394204 -0.146181 0.0516418 -8.15888e-06 -3.61323e-05 1.9706e-05 -0.116194 0.0048726 0.0229782 -7.52774e-07 -0.0299098 0.0207992 -0.17744 0.000121929 
-0.000146796 -1.09299e-07 -5.89786e-05 -1.01516e-05 2.8698e-05 -3.1535e-05 -1.20225e-06 -8.99989e-05 -3.73957e-07 -3.59185e-05 -6.69905e-08 -8.07819e-05 -7.61195e-05 -6.5325e-07 -1.98837e-07 0.000205133 -4.1133e-06 -3.63229e-07 -8.21187e-05 -0.000105567 -5.02908e-05 -2.05682e-05 0.000274513 -2.56842e-05 0.000186788 0.000383569 -0.000173878 -0.000106264 -9.09913e-05 -9.43383e-05 -2.68665e-06 7.34017e-05 0.000199682 -8.20695e-05 -1.07432e-07 0.000100406 -5.66851e-05 -1.32965e-05 4.38363e-08 -3.32081e-07 -3.19075e-05 -0.000130812 -1.59537e-08 -3.27733e-06 -9.36829e-07 -0.000100494 1.1615e-05 -7.03608e-09 -9.42562e-06 -9.07259e-06 -8.57851e-05 -2.72311e-09 -3.11099e-05 3.49559e-05 3.42946e-05 -6.86751e-06 0.000161226 -9.17082e-05 -4.83055e-07 -1.33353e-07 0.000262161 -7.07911e-05 -8.13036e-05 -3.64531e-10 -1.30887e-07 -1.22567e-05 -9.36834e-06 -3.16203e-08 6.54371e-06 -1.1506e-05 -1.11816e-05 -9.20541e-06 -7.89351e-07 -2.71957e-07 -8.72759e-06 -0.000109188 -2.40846e-09 -3.63566e-05 0.00016937 -3.08241e-07 0.000151967 -1.88434e-06 -9.0954e-05 0.000255876 -1.34301e-10 -6.08001e-05 0.000100936 -0.000151583 0.000219773 1.81496e-07 -3.17973e-08 -2.51048e-07 -9.66093e-05 -4.743e-06 0.000170885 -9.81036e-10 1.58219e-06 -0.000111962 -0.000208981 -1.03244e-07 
0.191386 -0.00013532 0.0679886 -0.0137718 0.0028363 -0.0424856 -0.00102769 0.117015 -0.000665408 0.0318067 6.38631e-06 -0.106398 -0.0979139 -0.000771824 -7.04417e-05 -0.0492546 0.00147484 -0.000557188 0.0925099 -0.126936 -0.0220589 -0.0268184 -0.0861683 0.0295275 -0.139667 -0.000173878 0.249966 -0.125793 -0.11172 -0.115624 -0.00350054 0.0649038 -0.0205389 -0.10767 -0.000138248 0.133982 0.0846501 -0.0132542 -0.00017304 0.000245953 0.0370295 0.157348 -2.02434e-05 0.0038222 -0.00120206 -0.132918 -0.00916609 -7.0751e-06 0.0106119 0.0121059 0.0578977 -3.10709e-06 -0.0626823 0.0581778 -0.0358219 -0.00684172 0.0648336 -0.110208 0.000493692 -0.000164615 -0.113385 0.0579974 -0.105002 2.73855e-07 -1.30826e-05 -0.0164938 -0.00275533 -5.49352e-06 -0.000794839 0.0126832 0.00894999 -0.0139782 -0.000614122 -0.000348999 0.0204717 -0.120732 -1.21852e-06 -0.0468207 0.0457273 -0.000377736 0.0281748 0.00180065 -0.119413 -0.0886919 6.37008e-08 0.0618334 0.130872 0.191121 -0.0113546 -4.09952e-06 -1.16751e-05 6.58824e-05 0.0811795 0.00356039 -0.00422136 5.09859e-07 0.0208142 -0.112348 0.193858 -4.09613e-05 
-0.10085 0.000143924 -0.0291209 0.0198598 -0.0134131 0.0613656 0.000389445 -0.0696952 0.000618632 -0.00836115 -1.46975e-07 0.152525 0.141779 -0.000134134 -8.14624e-05 -0.0476351 -0.00105448 1.1655e-05 -0.0422698 0.185868 0.0111359 0.0370299 -0.0747509 -0.0135702 0.0347335 -0.000106264 -0.125793 0.204521 0.166127 0.178418 0.0030834 -0.0762191 -0.0513262 0.155512 -3.80443e-05 -0.190542 -0.0630665 0.0216189 -6.10705e-05 -0.000235879 -0.0198062 -0.0819225 2.61649e-05 -0.000756754 0.00129243 0.190807 -0.00632762 -1.94789e-06 -0.0067887 -0.00678496 -0.019454 1.03509e-06 -0.0288306 -0.109195 -0.0212727 -0.00643509 -0.161376 0.162326 -0.000370919 0.000222262 -0.0521961 -0.0394046 0.151752 -6.57379e-08 4.93981e-05 0.0194992 0.00448514 -0.000113731 -0.00105815 -0.00850048 -0.00837348 0.0187028 -0.00040169 -2.93895e-05 -0.0123889 0.182322 -1.46311e-06 0.065855 -0.15081 0.000546003 -0.134653 -0.00136999 0.170647 -0.0667908 2.4964e-07 -0.037086 -0.18766 -0.102312 -0.115125 4.59485e-06 5.88853e-05 -7.30817e-05 -0.0230339 8.35638e-05 -0.10582 1.04023e-06 -0.0244048 0.176414 -0.0705208 -6.31083e-05 
-0.102816 0.0001473 -0.037268 0.0013922 -0.0112951 0.0498974 -0.0006548 -0.0532616 -0.000475119 -0.0211869 1.38438e-05 0.161472 0.150762 -0.000316018 -0.000124681 -0.0406414 -0.00100837 5.2325e-05 -0.0498129 0.163658 -0.0172035 0.0110848 -0.0651193 -0.0163675 0.0474079 -9.09913e-05 -0.11172 0.166127 0.18479 0.162768 -0.00167681 -0.0778264 -0.0454439 0.165275 -6.66426e-05 -0.169265 -0.0660407 0.00283456 -8.53082e-05 -0.00020918 -0.0181481 -0.079244 1.57388e-05 -0.00220348 0.000953762 0.169674 -0.0054006 -4.28249e-06 -0.00528651 -0.00584938 -0.0531473 -1.41944e-06 -0.0300189 -0.0883728 -0.0182541 -0.00547651 -0.132415 0.16328 -0.000317629 0.000184135 -0.0494077 -0.026023 0.161346 -2.57384e-08 -3.87731e-05 0.00299529 -0.00153602 -0.000147535 -0.000828712 -0.00709851 -0.00703123 0.013027 -0.000626393 -1.21281e-05 -0.0106683 0.161242 -1.19884e-06 0.068616 -0.122464 0.000578906 -0.108683 -0.000427817 0.166356 -0.0569571 -8.56229e-08 -0.0302142 -0.166555 -0.0900016 -0.0976132 8.4747e-06 -2.71558e-06 -0.000113268 -0.0461492 -0.00029346 -0.0817881 5.84545e-07 -0.0219915 0.167636 -0.0827517 -5.57328e-05 
-0.100406 0.000136961 -0.0431107 0.0194465 -0.0131221 0.0604333 0.00137231 -0.0709248 0.000735023 -0.0156114 1.04451e-05 0.150398 0.140047 -0.000324277 -0.000147554 -0.0282358 -0.00168484 1.02911e-06 -0.0530945 0.181645 0.00816126 0.0370295 -0.0560955 -0.0199252 0.0403012 -9.43383e-05 -0.115624 0.178418 0.162768 0.209148 2.26565e-05 -0.0922437 -0.0345607 0.153493 -6.63928e-05 -0.182916 -0.0790723 0.0206611 -7.93769e-05 -0.000257212 -0.0203975 -0.0960694 1.83451e-05 -0.00267218 0.000916471 0.183157 -0.00639467 2.39787e-06 -0.00699915 -0.00715699 -0.0378692 9.60438e-08 -0.0352272 -0.0879514 -0.0222252 -0.00594799 -0.143249 0.156048 -0.000387815 0.000167594 -0.0598346 -0.0403978 0.149719 -6.63195e-08 3.90154e-05 0.0144818 0.00525648 -0.000177161 -0.000479908 -0.00892897 -0.00853623 0.0127501 -0.000864324 -5.08906e-05 -0.012953 0.175942 -1.53303e-06 0.0655373 -0.130936 0.000537265 -0.1138 -0.00141348 0.163441 -0.0669151 -1.04258e-07 -0.0369983 -0.179589 -0.116331 -0.0940989 6.99465e-06 5.7659e-05 -0.000133342 -0.0317938 -0.000611439 -0.0884608 6.6842e-07 -0.022139 0.175067 -0.0717354 -4.9542e-05 
-0.00274975 3.11645e-05 -0.000984883 -0.000201274 0.00052466 -0.000614321 -2.11401e-05 -0.00174476 -1.28013e-05 -0.000673266 -1.89071e-07 -0.00153835 -0.00143652 0.00112174 -3.7272e-06 -0.0011602 -6.78872e-05 -5.85336e-06 -0.000686798 0.00447473 0.00569616 0.000473791 -0.000328994 -0.00048245 0.00287536 -2.68665e-06 -0.00350054 0.0030834 -0.00167681 2.26565e-05 0.00714103 -0.00171882 -0.00133523 -0.00138032 0.00017063 -0.0047795 -0.00196074 -9.3718e-05 1.59427e-05 -4.0282e-06 -0.000574549 -0.00250942 1.04282e-07 -6.50577e-05 0.000382972 0.00402874 -2.77004e-05 7.74775e-07 -0.00017448 -0.000160771 0.00419472 -5.10447e-08 0.00480188 -0.00263222 -0.000524895 -0.000162 -0.0036234 0.00191942 -8.72395e-06 2.41363e-06 0.00547632 -0.00132228 -0.00153484 -6.83313e-09 2.93632e-05 0.00652693 -0.000179923 3.78583e-05 -2.70373e-05 -0.00021568 -0.000203128 0.00582072 -1.66253e-05 5.89884e-06 -0.00031418 0.0037559 -4.51466e-08 0.00107565 -0.00336556 -3.15798e-06 -0.00293687 -3.29187e-06 0.0046327 -0.00142632 -2.51747e-09 -0.000145101 -0.00469783 -0.00287417 -0.00243966 -1.59416e-07 -5.96041e-07 -4.70589e-06 -0.000734852 -8.89075e-05 -0.000612431 -1.83895e-08 0.000400873 -0.00190305 -0.00404902 3.74469e-06 
0.0859272 -7.54885e-05 0.055821 -0.00903784 0.00975457 -0.0276209 -0.00105071 -0.0561172 -0.000314107 0.0468648 -5.26631e-05 -0.0684897 -0.0641201 -0.00020218 0.00024378 -0.0386795 -0.00304407 0.00042045 0.116875 -0.0827611 0.00657465 -0.0180806 0.00581308 0.0428288 -0.0183635 7.34017e-05 0.0649038 -0.0762191 -0.0778264 -0.0922437 -0.00171882 0.217976 -0.0329574 -0.0704257 -8.24061e-05 0.0867718 0.165835 -0.00711498 -5.04259e-05 0.000497664 0.0479247 0.119928 -1.30481e-05 0.00593178 -0.00027504 -0.0868826 0.00386428 -4.39363e-06 -0.00793751 0.0140285 0.145408 -1.68504e-06 -0.0357638 -0.111813 0.049398 0.011498 -0.00853507 -0.0782312 0.000103899 -6.1014e-05 0.0141116 -0.0473114 -0.0685723 -3.16627e-08 6.5016e-05 -0.00855952 0.00263439 0.000272264 -0.00065386 0.013084 -0.00727135 -0.00824402 0.00185947 -6.86877e-05 0.0218985 -0.0730362 2.48219e-07 -0.0304126 -0.0309367 -0.000242876 -0.0598777 -0.00144858 -0.0780514 0.0243464 2.37633e-07 3.26096e-05 0.0869213 0.0734873 -0.0453888 -2.06884e-06 -2.66042e-05 8.29663e-05 0.0817606 0.00265572 -0.0623849 -8.20814e-07 0.018388 -0.0951665 0.0468823 7.3581e-05 
-0.0261706 -5.28083e-05 -0.0272063 -0.00525376 -0.00635119 -0.0160135 -0.000674664 -0.0164005 -0.000258642 -0.0170494 -2.31589e-05 -0.040138 -0.0371205 -0.00033078 -9.5148e-05 0.106586 -0.00103824 -0.000190015 -0.0307561 -0.0529907 -0.020195 -0.0105796 0.0979087 -0.0109978 0.0664652 0.000199682 -0.0205389 -0.0513262 -0.0454439 -0.0345607 -0.00133523 -0.0329574 0.151846 -0.0407724 -5.2253e-05 0.0503355 -0.0290711 -0.00681978 -6.05079e-05 -0.000135791 -0.0155216 -0.0364019 -7.56257e-06 0.00220313 -0.000454979 -0.0504266 0.00488932 -3.25688e-06 -0.00412656 0.0069531 -0.043946 7.81684e-07 0.0678524 0.0861162 -0.009134 -0.00318781 0.0771265 -0.0410049 -0.000210923 -6.25022e-05 0.0669287 -0.00814322 -0.0397051 -1.1737e-07 -6.36857e-05 -0.00609745 -0.00462579 -0.000106209 9.08695e-05 -0.00414828 0.00281846 -0.00528479 0.000481511 0.000283528 -0.007518 -0.0424105 -1.17188e-06 -0.0177194 0.0694757 -0.000149811 0.0773836 -0.000562017 -0.0447125 0.0693668 1.7132e-07 -0.026852 0.0509667 -0.0671442 0.09063 -3.54134e-06 -1.54716e-05 0.000323921 -0.0461219 0.00416302 0.0698468 -4.77342e-07 -0.0146121 -0.05443 -0.0434313 6.57512e-05 
-0.0967064 -3.14096e-05 -0.0337347 -0.00566914 -0.010156 0.0431189 -0.000523729 -0.0536318 -0.000425709 -0.0204779 -1.51285e-05 0.16466 0.155306 -0.000266591 -0.000113598 -0.0364419 -0.00086516 1.71475e-05 -0.0463675 0.153987 -0.0276467 -0.00128723 -0.0591536 -0.014714 0.0572938 -8.20695e-05 -0.10767 0.155512 0.165275 0.153493 -0.00138032 -0.0704257 -0.0407724 0.171247 0.000151365 -0.159467 -0.0599237 -0.00769723 -8.44021e-05 -0.000189807 -0.0181351 -0.0765518 1.1516e-05 -0.00198143 0.000773805 0.159824 -0.00484226 -2.93586e-06 -0.00513261 -0.00529139 -0.0618858 -1.5568e-06 -0.0274555 -0.0835261 -0.0164193 -0.00491019 -0.124647 0.162688 -0.000285691 0.000204339 -0.0448446 -0.026537 0.166188 -1.73552e-09 -3.69948e-05 -0.00296667 -0.00306526 -0.000132417 -0.000791857 -0.00657798 -0.0064278 0.00719521 -0.000624787 -2.40242e-05 -0.00958936 0.152614 -1.04025e-06 0.0701987 -0.115539 0.000598059 -0.103023 -0.00104624 0.164969 -0.0511791 -7.67798e-08 -0.0305945 -0.157086 -0.0878471 -0.0880548 6.70801e-06 3.42481e-06 -0.000101541 -0.0545987 -9.10299e-05 -0.0746556 5.91422e-08 -0.0197269 0.152771 -0.0859609 6.21538e-06 
