0.145398 -0.0119331 -0.000230431 -6.45663e-05 0.0143506 -0.062605 0.142633 0.138427 0.0185461 -0.0844172 -0.000454384 -9.90091e-05 -0.000416634 -0.0779964 -0.00124328 -0.0584165 -0.00546924 0.141059 0.00110649 3.22473e-05 -0.00543081 -2.67891e-07 -0.0114486 0.0874978 -0.114872 -0.0570685 -0.0065574 -0.0953249 0.143283 -0.105709 0.143636 0.000181598 0.0442769 -0.106293 -0.00593494 -0.0950967 -0.024852 -0.000107941 0.0663995 0.0958251 -0.00211914 -0.0166752 6.36779e-06 -0.0314951 -0.000455663 -0.00154874 -8.02939e-05 -0.0325233 -1.01804e-05 -5.28235e-05 1.63485e-07 0.0382196 -0.0150526 -0.0744034 0.00105991 -0.0149176 0.0803014 -8.56606e-07 -0.0813061 0.106476 2.9999e-05 -0.000190988 -5.58268e-07 0.102285 -0.00222358 -2.34676e-06 -0.0350788 -2.72553e-06 -3.82864e-06 -0.0274091 -4.09753e-05 -0.0468209 -0.11571 0.103799 -0.000239333 0.1433 -0.00489427 -1.01007e-06 -0.113669 -0.000341504 0.00989699 -8.0421e-06 -0.00332059 -7.46351e-06 -0.104366 -0.0265963 -0.0276306 -1.42715e-07 -0.0273693 -0.00566784 -0.000431693 -0.0441365 -0.000436664 -0.0357304 0.00838888 0.136906 -0.0786243 -0.00464794 -8.49707e-06 -0.00502739 
-0.0119331 0.0143763 1.90797e-05 -1.14957e-06 -0.00120094 0.0132629 -0.011939 -0.0115508 -0.00155141 0.0129212 -9.8572e-06 -1.90693e-06 1.582e-05 0.0129619 -2.2028e-05 -0.000986969 -9.85466e-05 -0.0117485 -9.36733e-05 -1.51383e-05 -7.97371e-05 -2.02789e-08 -0.000220966 -0.0128199 0.0124225 -0.00102021 -0.000115763 0.0126445 -0.0119483 0.0125203 -0.0119597 -1.54611e-05 -0.00366764 0.0125485 -0.000144317 0.0126257 -0.00043594 -2.04692e-06 -0.00877279 -0.0079891 -3.75095e-05 -0.000294797 -6.10943e-07 -0.000854459 1.79737e-05 -2.47015e-05 -1.4238e-06 -0.000585726 -2.98785e-07 -7.18735e-07 -4.76578e-08 -0.00335804 -0.000514086 0.0130946 -8.87724e-05 -0.000481655 -0.00675397 -3.5257e-08 0.0128987 -0.0124251 -3.55211e-06 2.07792e-07 1.18753e-07 -0.0115339 -3.47554e-05 -4.1579e-08 -0.000626005 -4.829e-08 -2.09568e-06 -0.000492387 -8.32498e-07 -0.000737354 0.0122341 -0.0112685 -4.24159e-06 -0.0119233 -0.000103446 -1.7896e-08 0.01241 -2.34811e-05 -0.000940892 -1.42487e-07 -5.87007e-05 -1.37138e-07 0.0126286 -0.000455264 -0.000434057 -4.18221e-09 -0.000491026 -0.00152274 1.39076e-05 -0.000775362 -9.92156e-06 -0.000633201 -0.000696969 -0.0117513 0.0129945 1.44195e-05 -3.46705e-06 -0.00233174 
-0.000230431 1.90797e-05 0.000724008 -5.70908e-08 1.42681e-05 0.000202557 -0.00021184 -0.000567048 -3.02392e-05 0.000242624 -2.03131e-07 -5.20337e-08 3.4331e-05 0.000270027 -1.09397e-06 0.00020819 -3.61723e-06 -0.000575574 0.00020578 -7.51807e-07 -4.11131e-06 -1.0071e-09 -7.93708e-06 -0.000434758 0.000479255 -4.06155e-05 1.58016e-05 0.000339697 -0.000535419 3.40962e-05 -0.000313594 1.68549e-06 -0.000141719 0.000246706 8.08382e-05 0.00040032 -1.52152e-05 -1.05463e-07 -0.000156092 -0.000379834 5.73869e-06 -1.4674e-05 -3.0341e-08 0.000105166 0.000211812 1.48986e-06 -7.07096e-08 -2.71674e-05 -1.48384e-08 -6.16844e-08 -2.36681e-09 -1.28434e-05 3.24915e-05 9.7731e-05 -4.40867e-06 5.51118e-05 -0.000331878 -1.75096e-09 0.000240559 -0.000478046 -1.76407e-07 1.39297e-06 9.52203e-07 -0.000318552 -1.39788e-06 -2.06492e-09 -3.03275e-05 -2.39821e-09 -1.04077e-07 -2.22578e-05 4.45065e-07 0.00025278 0.00031845 -0.000331026 -2.10648e-07 -0.000219035 -2.64273e-06 -8.88761e-10 0.000214818 2.19663e-06 -3.92546e-05 -7.07628e-09 -2.66519e-06 -6.81061e-09 0.000317635 -2.19272e-05 0.000140337 -2.077e-10 -1.16753e-05 -4.10722e-05 1.45685e-05 -3.62526e-05 0.00019299 -3.05331e-05 -5.25515e-06 -0.000336304 0.000214529 1.37202e-05 6.37245e-05 -4.7706e-05 
-6.45663e-05 -1.14957e-06 -5.70908e-08 7.87905e-05 -6.48745e-06 -5.89638e-06 -6.46166e-05 -6.21763e-05 -7.72391e-06 -8.07442e-06 -5.43555e-08 5.5832e-07 -4.19485e-08 -6.48228e-06 -1.18975e-07 7.19332e-05 -5.32598e-07 -6.33205e-05 -5.25649e-07 -8.17628e-08 -5.21079e-07 -1.09527e-10 3.75322e-06 3.61082e-06 -1.09473e-05 6.8029e-05 -6.27708e-07 -7.79649e-06 -6.43182e-05 -1.00191e-05 -6.44641e-05 -5.68397e-08 -1.97776e-05 -1.00767e-05 -7.79969e-07 -7.91248e-06 7.27256e-05 -1.14696e-08 3.0409e-05 -4.31356e-05 -2.02789e-07 -1.59587e-06 -3.29974e-09 -4.64048e-06 -1.82122e-07 2.04366e-06 -7.69003e-09 -3.16703e-06 -1.61376e-09 -6.70849e-09 -2.57402e-10 -1.81681e-05 -2.85139e-06 -7.02342e-06 -4.79465e-07 3.33253e-06 -3.64791e-05 -1.90425e-10 -5.92832e-06 5.74539e-06 -1.91851e-08 -1.99778e-08 -1.57304e-09 7.64071e-06 -2.30331e-07 -2.24571e-10 -3.38201e-06 -2.60817e-10 -1.13189e-08 7.55465e-05 -1.10497e-08 -4.49988e-06 -1.10297e-05 1.22202e-05 -2.29091e-08 -6.3931e-05 1.46015e-05 -9.66572e-11 -1.07812e-05 2.065e-06 -5.11127e-06 -7.69581e-10 -3.17766e-07 -7.40689e-10 6.82652e-05 7.08897e-05 7.31765e-05 -2.25884e-11 7.50049e-05 -8.22611e-06 -4.25736e-08 -4.2236e-06 -1.06985e-07 -3.41995e-06 -3.52965e-06 -6.33621e-05 -7.42897e-06 -5.72389e-07 -1.87258e-08 6.30496e-05 
0.0143506 -0.00120094 1.42681e-05 -6.48745e-06 0.075553 -0.00624757 0.0144316 -0.00303565 0.00992083 -0.00844569 -5.64373e-05 -1.91701e-05 -4.19836e-05 -0.00769203 -0.000122788 -0.00615312 -0.000556491 0.00927581 -0.00053438 -5.10407e-05 -0.000543134 1.12226e-07 -0.00124313 0.0087921 -0.0115234 -0.00590577 -0.000655578 -0.0100702 0.0142642 -0.0105253 0.0145838 -8.58925e-05 0.0296365 -0.0106127 0.000721602 -0.00977615 -0.00256744 -1.19842e-05 -0.0333199 -0.00076432 -0.000211823 -0.00166584 -2.32444e-06 0.0115977 -0.000186732 -0.000176712 -8.03501e-06 -0.0028919 -1.60615e-06 -6.37943e-06 -2.6895e-07 0.0448023 0.0109529 -0.00743317 -0.0004816 -0.00314792 -0.0368984 1.10322e-08 -0.00723738 0.0104363 -1.91158e-05 -1.96741e-05 -1.27361e-06 0.0131364 -0.00013931 -2.34645e-07 -0.00326461 -2.72517e-07 -1.18266e-05 -0.0029619 -1.1462e-05 -0.00462592 -0.0114949 -0.0274329 9.95654e-06 0.0143799 -0.000553333 1.12567e-06 -0.0113256 -0.000130633 0.00259286 2.4859e-06 -0.000296965 -4.9725e-07 -0.0106715 -0.00272446 -0.00313816 -2.36017e-08 -0.00303381 -0.00791906 -4.43201e-05 -0.0043698 0.000509455 -0.00353121 -0.00380776 0.0145043 -0.0078569 0.000554717 9.62509e-05 -0.0136147 
-0.062605 0.0132629 0.000202557 -5.89638e-06 -0.00624757 0.0702724 -0.0626535 -0.0603199 -0.00808921 0.0681236 -1.3719e-05 5.47109e-05 0.00032714 0.0685065 -0.000114838 0.00409304 0.00585065 -0.0613561 -0.000484413 -7.88735e-05 0.00169596 -1.05719e-07 -0.00114345 -0.0676284 0.0653542 -0.00546034 0.00725669 0.0651204 -0.062387 0.0575828 -0.0625054 -7.9013e-05 -0.0191491 0.0662138 -0.000739141 0.0665919 -0.0023423 -9.80087e-06 -0.0463151 -0.0416841 0.000693025 -0.0015258 -3.18502e-06 -0.0045171 0.000604694 0.000182149 -6.25266e-06 -0.00305077 -1.20765e-06 -3.84858e-06 -1.01786e-07 -0.0175847 -0.00274535 0.0616819 -0.000456975 -0.00317226 -0.0352093 -1.83805e-07 0.0677507 -0.0657131 -1.78081e-05 0.00015263 -1.51835e-06 -0.0609289 -0.000191339 8.03237e-07 -0.00311834 -2.51749e-07 -1.09253e-05 -0.00273819 -1.04788e-05 0.0406557 0.0649769 -0.0594321 -2.16926e-05 -0.062632 -0.000537788 -9.32967e-08 0.0654634 -0.000123657 -0.00492957 -4.92824e-07 -0.000284385 -2.8827e-07 0.0649021 -0.00258066 -0.00290293 -2.1803e-08 -0.00280406 -0.00784379 0.00046562 -0.00358353 0.000488051 -0.00325372 -0.00363859 -0.0614394 0.0683328 0.00425992 -7.17138e-06 -0.0126836 
0.142633 -0.011939 -0.00021184 -6.46166e-05 0.0144316 -0.0626535 0.144984 0.139352 0.0186315 -0.0844365 -0.000567841 -0.000191874 -0.000417057 -0.078092 -0.00124424 -0.0592745 -0.00556966 0.142011 0.0011342 3.65149e-05 -0.00543503 -2.68779e-07 -0.0123894 0.0887752 -0.113983 -0.0591242 -0.00656248 -0.0941 0.144246 -0.10576 0.144571 0.000181005 0.044281 -0.105141 -0.00617376 -0.0945926 -0.0256345 -0.000119837 0.0665913 0.0964186 -0.00212078 -0.0166888 6.33773e-06 -0.030152 -0.000439452 -0.00172465 -8.04162e-05 -0.0325159 -1.17234e-05 -5.27778e-05 -1.6486e-06 0.0393542 -0.0136759 -0.0744622 0.00105807 -0.0148754 0.0811717 -8.58148e-07 -0.0802323 0.106624 2.98403e-05 -0.000202866 -5.71011e-07 0.103462 -0.00222529 -2.34857e-06 -0.0350922 -2.72764e-06 -0.000118374 -0.0296647 -3.71781e-05 -0.0468536 -0.114475 0.102708 -0.000239522 0.143749 -0.00582238 -1.01085e-06 -0.113762 -0.00126071 0.00996882 -8.04833e-06 -0.00332262 -7.46951e-06 -0.106481 -0.0278047 -0.0292876 -1.42898e-07 -0.0295751 -0.00461517 -0.000432038 -0.0441615 -0.000457114 -0.035758 0.00841516 0.137713 -0.078683 -0.00463246 -9.12209e-06 -0.00682899 
0.138427 -0.0115508 -0.000567048 -6.21763e-05 -0.00303565 -0.0603199 0.139352 0.164097 0.00723163 -0.0810854 -0.000543854 -0.000184663 -0.000400246 -0.0751877 -0.00119748 -0.058678 -0.00536062 0.145066 0.000386985 0.000187167 -0.00516532 -2.25731e-07 -0.0119155 0.0855902 -0.111134 -0.0569435 -0.00631725 -0.0928605 0.140529 -0.101657 0.140446 0.000200278 0.0271044 -0.102387 -0.00675794 -0.0937106 -0.0246731 -0.000115236 0.0762444 0.103752 -0.00204108 -0.0160623 1.30796e-06 -0.0463772 -0.000955119 -0.0016401 1.23962e-05 -0.0318311 -1.15892e-05 -5.09612e-05 -1.54743e-06 0.0209543 -0.0275418 -0.0715755 0.00123489 -0.0149395 0.0927522 -1.76664e-06 -0.0783546 0.10303 -2.51393e-05 -0.000195381 -2.67276e-06 0.0975094 -0.00211721 -1.50031e-06 -0.0338194 -2.62513e-06 -0.000109472 -0.0285342 -6.28986e-05 -0.0451913 -0.111892 0.114321 -0.000112428 0.139494 -0.005553 -9.72859e-07 -0.109343 -0.00119255 0.0111854 -5.34586e-06 -0.00307439 -7.1084e-06 -0.102767 -0.0266637 -0.0289675 -1.3402e-07 -0.0284359 -0.0018625 -0.000428418 -0.0423525 -0.000796616 -0.0342608 0.00954215 0.135383 -0.0757379 -0.00434609 -0.000165992 -0.0028117 
0.0185461 -0.00155141 -3.02392e-05 -7.72391e-06 0.00992083 -0.00808921 0.0186315 0.00723163 0.0950452 -0.0109819 -7.33106e-05 -2.47642e-05 -5.02539e-05 -0.0101145 -0.000160391 -0.00799357 -0.00071845 0.0128702 -0.000421473 0.000121566 -0.000703211 2.25497e-07 -0.0015888 0.0108764 -0.0148905 -0.00760725 -0.000847129 -0.0128421 0.0186657 -0.013637 0.0187554 0.000182806 0.037425 -0.0137308 -4.12949e-05 -0.0131779 -0.00331647 -1.54813e-05 -0.00927253 -0.00170198 -0.000273718 -0.00215144 -4.34055e-06 0.00222 -0.000231882 -0.000193413 -1.02897e-05 -0.00417525 -2.17819e-06 -5.83488e-06 8.59003e-08 0.0217269 0.00186148 -0.00961045 -0.000636545 -0.00306558 -0.0486109 7.26304e-07 -0.010635 0.0135189 -1.19588e-05 -2.68787e-05 -4.56575e-07 0.0160721 -0.000236192 -3.03118e-07 -0.00438025 -3.52042e-07 -1.52778e-05 -0.00376443 -1.37544e-05 -0.00603239 -0.0150067 -0.0135372 -1.64486e-05 0.0187224 -0.000711143 3.92869e-07 -0.0146755 -9.66893e-05 0.0210882 -1.03875e-06 -0.000414437 -9.99756e-07 -0.0137218 -0.00357 -0.00406564 6.28443e-08 -0.00387092 -0.00976558 -5.74644e-05 -0.00568368 0.000123481 -0.00459719 -0.00480615 0.00450926 -0.0101457 -0.000691741 0.000100675 -0.0151025 
-0.0844172 0.0129212 0.000242624 -8.07442e-06 -0.00844569 0.0681236 -0.0844365 -0.0810854 -0.0109819 0.092945 7.35501e-05 5.62449e-05 0.000429301 0.0829782 3.65315e-06 0.0224828 0.00571008 -0.0826597 -0.000577377 4.93047e-05 0.00477778 -1.44141e-07 -0.000552317 -0.0894058 0.0878672 -0.00352934 0.00710497 0.083832 -0.0840495 0.0806471 -0.0842332 -0.000103543 -0.0257199 0.0867833 0.00272096 0.0854626 -0.00286791 6.8959e-05 -0.0591499 -0.0565726 0.00216285 -0.00195889 -4.07588e-06 -0.00188414 0.000589137 0.00100005 8.62597e-05 0.000290876 -1.77374e-06 1.93081e-05 -1.88748e-07 -0.0238218 -0.00185166 0.0805353 -0.000618114 -0.00380651 -0.0470065 -2.50604e-07 0.0849802 -0.083666 -2.06615e-05 0.000187082 -2.07017e-06 -0.0814059 0.000219296 2.51779e-06 0.0027931 -3.43242e-07 -2.2426e-06 -0.00373313 -1.22683e-05 0.0452085 0.0875511 -0.0805865 0.000189158 -0.0844401 -0.000608509 -1.27203e-07 0.0880718 -0.000168676 -0.00526083 3.22721e-06 0.00231223 6.68568e-07 0.0783117 -0.00340411 -0.00390411 -2.97269e-08 -0.00382314 -0.00705947 0.000470749 0.0123497 0.000489155 0.00328016 -0.00490023 -0.0815916 0.079864 0.00523186 1.98131e-05 -0.0171603 
-0.000454384 -9.8572e-06 -2.03131e-07 -5.43555e-08 -5.64373e-05 -1.3719e-05 -0.000567841 -0.000543854 -7.33106e-05 7.35501e-05 0.000689344 0.000131619 -2.37235e-07 7.15171e-06 -1.81555e-07 0.000467073 0.000105977 -0.000557084 -4.60176e-06 3.86755e-06 2.21586e-07 -9.5885e-10 6.2142e-05 -0.000275185 6.51132e-05 0.00059611 -4.63856e-06 -4.00158e-05 -0.000556261 7.86259e-05 -0.000566505 1.35228e-06 -0.000170409 -3.6882e-05 0.000228038 -4.5376e-05 0.000499108 -6.04102e-08 -2.5852e-05 -0.000378065 1.13114e-05 1.46691e-05 -2.88874e-08 9.14984e-05 1.02256e-05 9.33646e-05 2.60268e-06 0.000102294 6.65872e-07 -5.8729e-08 1.80775e-06 -0.000159366 -1.42923e-05 -2.33189e-05 -4.19744e-06 7.09672e-06 -0.000276757 -1.66707e-09 -4.31711e-05 -0.000157867 2.64538e-06 5.24177e-06 -1.37711e-08 -0.000229979 -1.58641e-06 1.36735e-09 8.95224e-05 -2.2833e-09 0.000110311 0.000489335 -9.67335e-08 5.73528e-05 8.19648e-05 -0.000195917 1.14494e-05 -0.000567156 -3.72855e-06 -8.46179e-10 8.39436e-05 5.81132e-05 -4.13129e-05 -6.73724e-09 -2.0552e-06 -6.48431e-09 0.000451702 0.000388517 0.000407185 -1.97748e-10 0.000488718 3.49617e-05 6.37396e-06 8.88081e-05 1.6534e-06 0.000106434 -3.30011e-05 -0.000555258 -2.52294e-05 1.31573e-06 -1.306e-07 0.000405176 
-9.90091e-05 -1.90693e-06 -5.20337e-08 5.5832e-07 -1.91701e-05 5.47109e-05 -0.000191874 -0.000184663 -2.47642e-05 5.62449e-05 0.000131619 0.000232786 4.26045e-07 5.78517e-05 5.17698e-08 0.000141422 9.11895e-05 -0.000188043 -1.55326e-06 -2.41605e-07 -1.15309e-06 -3.23648e-10 3.34101e-05 -0.000177934 4.79924e-05 0.000135732 -1.54818e-06 5.16927e-05 -0.000185396 4.76186e-05 -0.000191424 -2.46757e-07 -5.71016e-05 5.05649e-05 9.12286e-05 5.1814e-05 0.000139834 -3.38922e-08 -9.18473e-05 -0.000127611 -5.99232e-07 -3.98571e-06 -9.75056e-09 -1.31406e-05 -5.3816e-07 2.89386e-05 -2.27236e-08 -8.71841e-06 7.91898e-07 1.76779e-10 1.80924e-06 -5.39123e-05 -6.66905e-06 5.73039e-05 -1.41679e-06 1.39903e-06 -7.79672e-05 -5.62697e-10 5.53961e-05 -0.00012408 3.46642e-07 1.60967e-07 -4.64826e-09 -0.000159721 -6.80615e-07 -6.63594e-10 -9.29699e-06 -7.707e-10 9.22366e-05 0.000143427 -3.26512e-08 -8.8869e-06 4.42954e-05 -0.000173545 3.35638e-07 -0.000191809 2.98066e-08 -2.85617e-10 5.29197e-05 2.25874e-05 -1.51035e-05 -2.27407e-09 -4.38982e-07 -2.1887e-09 0.000199356 0.00012108 8.52852e-05 -6.67475e-11 0.000143226 -2.43077e-05 -1.25803e-07 -7.58052e-06 -3.16136e-07 -9.36912e-06 -1.11391e-05 -0.000188167 5.81288e-05 -1.37471e-06 -5.53336e-08 0.000112794 
-0.000416634 1.582e-05 3.4331e-05 -4.19485e-08 -4.19836e-05 0.00032714 -0.000417057 -0.000400246 -5.02539e-05 0.000429301 -2.37235e-07 4.26045e-07 0.00053208 0.000392513 6.45952e-06 6.44363e-05 3.6765e-05 -0.000412134 -2.9747e-06 2.16426e-06 1.98951e-06 -7.39985e-10 1.79702e-05 -0.000430175 0.000428972 -1.47609e-05 4.62358e-05 0.00039217 -0.00041584 0.00021509 -0.000416996 7.2484e-08 -0.000124869 0.000438944 -2.00626e-06 0.000440652 -1.64746e-05 1.29251e-06 -0.000312427 -0.000283636 5.00326e-06 -3.47862e-06 -2.22936e-08 -7.76876e-06 1.49129e-05 -5.83008e-07 1.86138e-06 2.27967e-06 -1.09028e-08 -4.53236e-08 -1.73905e-09 -0.000115421 -1.89445e-05 0.000341532 -3.23934e-06 -1.52907e-05 -0.000244752 -1.28654e-09 0.000431541 -0.00044111 4.37049e-07 -1.34974e-07 -1.06277e-08 -0.000408716 5.03849e-07 -1.51724e-09 5.21059e-06 -1.76212e-09 4.90194e-07 -1.86027e-05 5.62013e-07 0.000203318 0.000373682 -0.000406538 2.32522e-06 -0.000416476 -3.79585e-06 -6.53032e-10 0.000436021 -3.03722e-07 -3.20826e-05 -5.19942e-09 2.24312e-06 -5.00422e-09 0.000406584 -1.76234e-05 -1.96165e-05 -1.52611e-10 -1.96271e-05 -5.50303e-05 -8.76341e-08 3.91547e-05 9.10719e-06 1.05942e-05 -2.1635e-05 -0.000410911 0.000373309 4.20562e-05 1.51682e-06 -8.84457e-05 
-0.0779964 0.0129619 0.000270027 -6.48228e-06 -0.00769203 0.0685065 -0.078092 -0.0751877 -0.0101145 0.0829782 7.15171e-06 5.78517e-05 0.000392513 0.0862826 -0.000144013 0.0210387 0.00578183 -0.0765091 -0.000588801 -9.89703e-05 0.00264114 -1.32578e-07 -0.00136945 -0.0831038 0.0795651 -0.00490918 0.00710551 0.0804476 -0.0777865 0.0719934 -0.0779011 -9.85674e-05 -0.0239743 0.0803439 -0.000701234 0.0814333 -0.000728224 3.01332e-05 -0.0528406 -0.0522346 0.00163462 -0.00189184 -3.99419e-06 -0.00562693 0.00059779 0.000425968 -8.89177e-06 -0.00382753 -8.4338e-07 4.18634e-06 -1.64908e-07 -0.0220093 -0.00337091 0.0766445 -0.000570128 -0.00373881 -0.0440354 -2.30501e-07 0.0824119 -0.0757629 -2.14228e-05 0.000151384 -1.9041e-06 -0.0735205 -0.000251835 1.3515e-06 -0.00269779 -3.15707e-07 -1.61767e-06 -0.00151592 -1.26885e-05 0.0423012 0.0791644 -0.0721678 -9.17043e-06 -0.078 -0.000599583 -1.16999e-07 0.0795405 -0.000143168 -0.00614653 -7.54877e-07 -0.000370682 -3.89904e-07 0.0798485 -0.00171983 -0.00164977 -2.73422e-08 -0.00156489 -0.00961762 0.00046735 0.00330645 0.000528086 -0.00407518 -0.00455975 -0.0765934 0.0783295 0.00489049 7.83995e-06 -0.0139252 
-0.00124328 -2.2028e-05 -1.09397e-06 -1.18975e-07 -0.000122788 -0.000114838 -0.00124424 -0.00119748 -0.000160391 3.65315e-06 -1.81555e-07 5.17698e-08 6.45952e-06 -0.000144013 0.00150761 -9.65173e-05 -9.99226e-06 -0.00121992 -9.77576e-06 -1.50673e-06 -4.12819e-06 -2.09875e-09 0.000488131 -2.2572e-05 0.00127916 0.00139742 -1.18614e-05 -0.00018954 -0.00123768 0.00116986 -0.00123877 -1.31681e-06 -0.000372851 0.000922379 0.000625854 -0.000158457 -3.91009e-05 2.06887e-07 -0.000923284 -0.000827518 4.07275e-05 0.000864393 9.56771e-07 0.00142021 -3.4898e-06 -3.25126e-06 -1.30689e-07 0.00144921 6.57441e-08 -1.28547e-07 -4.93232e-09 -0.000314171 0.000621675 -0.000136304 -9.18745e-06 -6.29942e-05 -0.000699009 -3.64891e-09 -0.000160237 -0.00130213 8.61904e-06 -3.61467e-08 -3.01425e-08 -0.0012089 4.16731e-05 -4.3032e-09 0.00139897 -4.99775e-09 1.29064e-05 -5.35154e-05 -1.85066e-07 -2.58461e-05 0.00128374 -0.00117986 2.26044e-05 -0.00124382 -1.06625e-05 -1.85214e-09 0.00130086 -2.19915e-06 -9.79416e-05 -1.47466e-08 -6.06234e-06 1.05807e-07 -0.000195088 -4.90282e-05 -4.60214e-05 1.929e-07 -5.46665e-05 0.000397059 -8.1579e-07 0.00141857 -2.05004e-06 0.00144377 -7.22336e-05 -0.00121829 -0.000106509 -9.56138e-06 -3.58821e-07 -0.000237102 
-0.0584165 -0.000986969 0.00020819 7.19332e-05 -0.00615312 0.00409304 -0.0592745 -0.058678 -0.00799357 0.0224828 0.000467073 0.000141422 6.44363e-05 0.0210387 -9.65173e-05 0.0700978 0.00018134 -0.0595486 -0.000473707 -7.65065e-05 0.00212544 4.079e-07 0.000911495 -0.0283464 0.0261914 0.0333603 -0.000581391 0.0391598 -0.0608319 0.0244404 -0.0604674 -8.03848e-05 -0.0190733 0.0247086 0.000610854 0.027147 0.0285976 0.000130236 -0.0024003 -0.041481 0.000917208 0.00156873 -3.1664e-06 0.00395067 -0.000143987 0.00128978 -5.82924e-06 0.0026322 7.29323e-06 4.77756e-05 1.77889e-06 -0.0155039 0.00304499 0.0221479 -0.000459186 0.020098 -0.0344301 2.20026e-07 0.0231368 -0.0196868 -1.79547e-05 4.51423e-05 -1.51424e-06 -0.0217278 -0.000159237 7.47157e-07 0.00448946 3.05893e-06 0.000110981 0.0332349 -9.77328e-06 -0.000950782 0.0274649 -0.0227917 8.34506e-05 -0.0593884 0.00642629 -9.30442e-08 0.0244204 0.00139806 -0.00378724 -4.64147e-07 0.00170954 -6.33001e-07 0.0531817 0.0310743 0.0330509 -2.1744e-08 0.0332486 -0.00441244 -2.05722e-05 0.0126344 0.000244974 0.00400198 -0.00356877 -0.0598365 0.0161411 -8.0506e-05 2.40275e-05 0.0238847 
-0.00546924 -9.85466e-05 -3.61723e-06 -5.32598e-07 -0.000556491 0.00585065 -0.00556966 -0.00536062 -0.00071845 0.00571008 0.000105977 9.11895e-05 3.6765e-05 0.00578183 -9.99226e-06 0.00018134 0.00671346 -0.00545995 -4.509e-05 -7.01358e-06 -9.41125e-06 -9.39521e-09 -9.80104e-05 -0.00580963 0.00549963 -0.0001867 0.00583117 0.00503137 -0.00553914 -0.000669336 -0.00555687 -7.16314e-06 -0.00170209 0.00558529 3.06113e-05 0.00563452 7.10828e-05 1.06628e-05 -0.00392033 -0.00370444 0.000573151 -0.000123273 -2.83051e-07 -0.00039299 -5.65233e-06 -1.28378e-05 -6.59648e-07 -0.000268033 1.15727e-08 -5.75451e-07 1.74125e-06 -0.00156247 -0.000232595 -0.000542785 -4.09416e-05 -0.000255725 -0.00312091 -1.63346e-08 0.00571578 -0.00561711 -1.42569e-06 2.37763e-05 -1.34935e-07 -0.00523591 6.05672e-07 -1.92636e-08 -0.000268157 -2.23728e-08 9.16291e-05 5.52791e-05 -9.47835e-07 0.00596622 0.0055153 -0.00512744 -1.7518e-06 -0.00556678 -2.34173e-05 -8.29122e-09 0.00547064 -9.53855e-06 -0.000438442 -6.60143e-08 -1.15612e-05 -6.3536e-08 0.00583565 3.69349e-05 -5.14868e-06 -1.93762e-09 4.87215e-05 -0.000701753 -3.55278e-07 -0.000337452 1.81995e-05 -0.000271686 -0.000323359 -0.00545919 0.00579227 -1.78059e-05 -8.39622e-07 -0.000829065 
0.141059 -0.0117485 -0.000575574 -6.33205e-05 0.00927581 -0.0613561 0.142011 0.145066 0.0128702 -0.0826597 -0.000557084 -0.000188043 -0.000412134 -0.0765091 -0.00121992 -0.0595486 -0.00545995 0.155166 0.000339677 -3.8488e-06 -0.00533439 -2.46386e-07 -0.0121459 0.0872274 -0.112973 -0.0580021 -0.00641769 -0.0934407 0.143075 -0.103675 0.143135 0.000194111 0.0406485 -0.104188 -0.00653024 -0.0953915 -0.0251276 -0.000117492 0.0671909 0.0977269 -0.00207933 -0.0163609 5.28235e-06 -0.0371438 -0.000917204 -0.00169126 -7.8844e-05 -0.0323971 -1.18935e-05 -5.14896e-05 -1.59597e-06 0.0348823 -0.0206925 -0.0729067 0.0010994 -0.0156536 0.0824943 -1.02922e-06 -0.0796663 0.104848 2.5376e-05 -0.000199742 -1.81274e-06 0.100336 -0.00221072 -2.30266e-06 -0.0343936 -2.67432e-06 -0.00011606 -0.0290745 -6.15724e-05 -0.0460281 -0.113741 0.107441 -0.000234838 0.142101 -0.00572704 -9.91087e-07 -0.111424 -0.00123262 0.00988175 -7.89099e-06 -0.00325763 -7.59474e-06 -0.104639 -0.027249 -0.0291004 -1.38279e-07 -0.0290092 -0.0044104 -0.000436263 -0.0432841 -0.000760891 -0.0350581 0.00643002 0.136474 -0.0770314 -0.00448945 -0.000153687 -0.0043566 
0.00110649 -9.36733e-05 0.00020578 -5.25649e-07 -0.00053438 -0.000484413 0.0011342 0.000386985 -0.000421473 -0.000577377 -4.60176e-06 -1.55326e-06 -2.9747e-06 -0.000588801 -9.77576e-06 -0.000473707 -4.509e-05 0.000339677 0.00662645 -6.7054e-06 -4.0738e-05 -9.27263e-09 -9.73579e-05 0.00068674 -0.000654528 -0.000432107 -4.7332e-05 -0.000849948 0.000815744 -0.000833194 0.00103691 8.72699e-06 0.000667433 -0.000847051 -4.58391e-05 -0.00023821 -0.00020723 -9.71024e-07 -0.000588535 -0.000537495 -1.48015e-05 -0.000124514 1.50806e-05 -0.000232428 0.000317235 -1.43646e-05 -6.51041e-07 -0.000220422 8.76712e-07 -4.91276e-07 -2.17918e-08 0.00138739 -5.517e-05 -0.000598359 -3.89683e-05 -9.96852e-05 0.00248333 5.45196e-10 -0.000264858 0.000370749 -7.80888e-07 -8.84665e-07 1.40349e-06 -0.00119337 -1.51565e-05 -1.90122e-08 -0.000272825 -2.20809e-08 -9.5826e-07 -0.000239752 7.67912e-05 -0.000300324 -0.00080599 -0.00315381 -1.93949e-06 0.00112472 -3.81785e-05 -8.18304e-09 -0.000881863 -1.08649e-05 -0.000400128 -6.5153e-08 -2.67689e-05 -6.2707e-08 -0.000810461 -0.000225956 3.74742e-05 -1.91234e-09 -0.00024453 -0.000384625 1.17457e-05 -0.000324172 2.80626e-05 -0.000256984 0.00141009 0.00125039 -0.00062929 -3.1422e-05 1.38347e-05 -0.000962771 
3.22473e-05 -1.51383e-05 -7.51807e-07 -8.17628e-08 -5.10407e-05 -7.88735e-05 3.65149e-05 0.000187167 0.000121566 4.93047e-05 3.86755e-06 -2.41605e-07 2.16426e-06 -9.89703e-05 -1.50673e-06 -7.65065e-05 -7.01358e-06 -3.8488e-06 -6.7054e-06 0.00103657 6.28881e-05 -1.44232e-09 -1.40694e-05 -2.94416e-05 -0.000137774 -6.83338e-05 -7.25605e-06 -0.000131482 3.60049e-05 1.04565e-05 3.99203e-05 -1.08633e-06 0.000560007 -0.000127396 -8.04778e-06 -0.000125841 -3.12379e-05 -1.51039e-07 -0.000488179 0.000245708 -2.67045e-06 -1.91221e-05 -4.3453e-08 -5.71788e-05 -2.39829e-06 -2.23436e-06 9.39021e-05 -2.87621e-05 -2.12509e-08 -8.83415e-08 -3.38963e-09 0.000418688 -3.41656e-05 1.83167e-06 2.03278e-06 -4.29648e-05 -0.000313946 -2.50764e-09 -0.000106914 -7.36131e-06 -2.52642e-07 -2.63081e-07 -2.07148e-08 -0.000567168 3.67969e-05 8.23709e-07 -3.20864e-05 -3.4346e-09 5.40428e-06 -3.68603e-05 -1.45509e-07 -5.38872e-05 -0.000138859 -7.55266e-06 0.000101238 1.69478e-05 3.81714e-05 -1.27284e-09 -8.7068e-06 -1.69e-06 7.7315e-05 -1.01343e-08 0.000119369 -9.75385e-09 -0.000134018 6.29355e-05 -3.89639e-05 -2.97458e-10 -3.7759e-05 -9.38965e-05 -5.60635e-07 8.9751e-05 -1.40885e-06 0.000100381 -4.89211e-05 -0.000129355 -9.61723e-05 0.000139189 2.93408e-07 -0.000172028 
-0.00543081 -7.97371e-05 -4.11131e-06 -5.21079e-07 -0.000543134 0.00169596 -0.00543503 -0.00516532 -0.000703211 0.00477778 2.21586e-07 -1.15309e-06 1.98951e-06 0.00264114 -4.12819e-06 0.00212544 -9.41125e-06 -0.00533439 -4.0738e-05 6.28881e-05 0.00656922 -9.19201e-09 0.000500034 -0.00459052 0.0055932 -0.00022146 3.46667e-05 0.00532028 -0.00540975 0.00560524 -0.00542166 -4.51488e-06 -0.00165869 0.00566902 -5.98616e-05 0.00546311 -0.000199834 1.95374e-05 -0.00403327 -0.00362036 -1.58756e-05 -8.29489e-05 -2.76928e-07 -0.000132363 1.04224e-06 -1.37664e-05 6.57713e-05 3.17158e-05 1.21233e-07 1.76033e-06 -2.16023e-08 -0.00152278 -0.000229068 0.00511303 -4.02387e-05 -0.000262529 -0.00289461 -1.59813e-08 0.00344308 -0.00568364 -1.6101e-06 1.36707e-07 -1.32017e-07 -0.00526728 0.000854496 1.02449e-06 0.00182176 -2.18889e-08 4.51007e-06 -0.000237778 3.34933e-06 -0.000275849 0.00557202 -0.00516708 3.9444e-05 -0.00543317 -9.79828e-06 3.55221e-07 0.00568206 -1.07705e-05 0.000770461 5.18747e-07 0.00248971 -6.21618e-08 0.0022875 -0.000179565 -0.000252811 -1.89571e-09 -0.000243505 -0.00063133 5.63437e-05 0.00303251 -7.78534e-06 0.00259342 -0.000305815 -0.00532938 0.00331031 3.72427e-05 8.25179e-06 -0.00109818 
-2.67891e-07 -2.02789e-08 -1.0071e-09 -1.09527e-10 1.12226e-07 -1.05719e-07 -2.68779e-07 -2.25731e-07 2.25497e-07 -1.44141e-07 -9.5885e-10 -3.23648e-10 -7.39985e-10 -1.32578e-07 -2.09875e-09 4.079e-07 -9.39521e-09 -2.46386e-07 -9.27263e-09 -1.44232e-09 -9.19201e-09 1.39e-06 4.9228e-07 -3.59436e-07 -8.14857e-08 -9.98033e-08 -1.1073e-08 3.34993e-07 -2.63514e-07 -1.78445e-07 -2.66088e-07 -1.47308e-09 4.03098e-07 -6.61283e-08 -1.37589e-08 -2.86037e-09 -4.33547e-08 -2.02328e-10 -2.1385e-07 -7.28476e-07 -3.57727e-09 -2.81517e-08 -5.82086e-11 -8.25653e-08 -3.21269e-09 5.1034e-07 -1.35655e-10 -5.58675e-08 -2.84672e-11 -1.1834e-10 -4.54067e-12 4.3149e-07 -5.02996e-08 -1.25601e-07 -8.45792e-09 3.42008e-07 -6.43504e-07 -3.35917e-12 9.84126e-07 1.85025e-07 -3.38433e-10 -3.52416e-10 -2.7749e-11 -2.56897e-07 -4.06311e-09 -3.9615e-12 -5.96598e-08 -4.6009e-12 -1.99669e-10 3.49958e-07 -1.9492e-10 -7.93793e-08 -8.29399e-08 -1.08617e-06 -4.04124e-10 1.31614e-07 -9.91096e-09 -1.70507e-12 -1.9189e-07 3.97736e-07 9.83551e-09 -1.35757e-11 -5.6055e-09 -1.3066e-11 3.33141e-07 -4.71635e-08 -5.31595e-08 -3.98467e-13 -5.12463e-08 -1.45111e-07 -7.51012e-10 3.88276e-08 3.98113e-07 -6.03291e-08 5.68355e-08 -2.46648e-07 -1.32755e-07 -1.00971e-08 -3.30329e-10 -2.31802e-07 
-0.0114486 -0.000220966 -7.93708e-06 3.75322e-06 -0.00124313 -0.00114345 -0.0123894 -0.0119155 -0.0015888 -0.000552317 6.2142e-05 3.34101e-05 1.79702e-05 -0.00136945 0.000488131 0.000911495 -9.80104e-05 -0.0121459 -9.73579e-05 -1.40694e-05 0.000500034 4.9228e-07 0.0149166 -0.000987025 0.0112781 0.0117266 -0.000120302 0.000910621 -0.0123332 0.0109151 -0.0123477 -1.59379e-05 -0.00374837 0.00979419 0.00106223 0.0069385 -0.000145595 7.97869e-06 -0.00759915 -0.00823013 -3.21926e-05 0.00589132 -6.34262e-07 0.0109389 -3.471e-05 0.000828276 -1.47814e-06 0.0113889 5.99314e-06 3.57191e-07 -2.8101e-09 -0.00344669 0.00228334 -0.000880861 -9.11373e-05 0.00035452 -0.00691776 1.30064e-07 0.000569702 -0.00911119 -3.64435e-06 1.49466e-05 -3.02364e-07 -0.0119879 0.000925447 -4.3166e-08 0.0127082 -5.01331e-08 1.7081e-05 0.00110156 9.00275e-06 -8.23697e-05 0.0113254 -0.010219 4.18652e-06 -0.0115133 0.000569 -1.8579e-08 0.0113143 0.00136485 -0.000967655 -1.45921e-08 0.000776947 -1.42372e-07 -6.42782e-05 -0.000354781 0.000265147 -4.34184e-09 0.000984641 0.00250994 -8.18331e-06 0.0126014 4.21824e-05 0.0125149 -0.000723589 -0.0120952 -0.00111027 -0.000104612 -3.34272e-06 -0.00135991 
0.0874978 -0.0128199 -0.000434758 3.61082e-06 0.0087921 -0.0676284 0.0887752 0.0855902 0.0108764 -0.0894058 -0.000275185 -0.000177934 -0.000430175 -0.0831038 -2.2572e-05 -0.0283464 -0.00580963 0.0872274 0.00068674 -2.94416e-05 -0.00459052 -3.59436e-07 -0.000987025 0.098459 -0.0880509 -0.00170954 -0.00707273 -0.0866806 0.088862 -0.0803325 0.0886249 0.000109805 0.0270053 -0.0860783 -0.00438295 -0.0878979 -0.000114183 -0.000109694 0.057054 0.0597388 -0.00225799 0.00143355 3.61647e-06 0.000212717 -0.000579787 -0.00184192 -8.64281e-05 -0.00146655 -6.43584e-06 -2.45772e-05 -1.59832e-06 0.0253113 0.00122206 -0.0793996 0.000647903 0.00200127 0.0500449 2.67567e-07 -0.08402 0.0831651 1.40404e-05 -0.000208306 2.21029e-06 0.0826509 9.12102e-06 -2.49779e-06 -0.00322807 -1.11019e-06 -0.000125969 -0.000691027 1.38326e-05 -0.0455183 -0.0878507 0.080013 -0.000250257 0.0877531 -0.001665 -1.09085e-06 -0.0877515 -0.00131919 0.00404522 -6.70866e-06 -0.00223558 -8.29258e-07 -0.0823336 0.000902695 0.000478446 -2.54928e-07 -0.000538136 0.00613417 -0.000467713 -0.0128194 -0.000673178 -0.00387089 0.0052162 0.0868731 -0.078525 -0.00515208 -9.14184e-05 0.014052 
-0.114872 0.0124225 0.000479255 -1.09473e-05 -0.0115234 0.0653542 -0.113983 -0.111134 -0.0148905 0.0878672 6.51132e-05 4.79924e-05 0.000428972 0.0795651 0.00127916 0.0261914 0.00549963 -0.112973 -0.000654528 -0.000137774 0.0055932 -8.14857e-08 0.0112781 -0.0880509 0.120513 0.0279293 0.00681075 0.0841843 -0.114858 0.109376 -0.114818 -0.000143795 -0.0352836 0.110457 0.00619893 0.098332 -0.0038298 7.59753e-05 -0.080163 -0.0767887 0.00216557 0.0172452 -5.86933e-06 0.0317336 0.000704739 0.000957454 -1.08918e-05 0.0330925 3.05624e-06 1.97075e-05 -3.07848e-07 -0.0302257 0.0146843 0.0775682 -0.000847692 -0.00424218 -0.0647173 6.91286e-07 0.0834244 -0.111216 -3.22351e-05 0.000169465 2.13532e-06 -0.107833 0.00227775 1.62388e-06 0.0365089 -4.63921e-07 -1.94798e-05 -0.00499589 4.95124e-05 0.048804 0.119643 -0.109023 6.55144e-05 -0.114897 -0.000877773 -1.71927e-07 0.118357 -0.00022174 -0.00783438 4.88113e-06 0.00329054 7.45919e-06 0.0743842 -0.00472612 -0.00490025 -4.01785e-08 -0.00508547 0.00829682 0.000455417 0.045751 0.000447549 0.0369918 -0.00669449 -0.108628 0.0820009 0.00474621 1.66487e-05 -0.0226711 
-0.0570685 -0.00102021 -4.06155e-05 6.8029e-05 -0.00590577 -0.00546034 -0.0591242 -0.0569435 -0.00760725 -0.00352934 0.00059611 0.000135732 -1.47609e-05 -0.00490918 0.00139742 0.0333603 -0.0001867 -0.0580021 -0.000432107 -6.83338e-05 -0.00022146 -9.98033e-08 0.0117266 -0.00170954 0.0279293 0.0666456 -0.000563376 0.00532575 -0.058822 0.0267773 -0.0589607 -7.22825e-05 -0.018075 0.018121 0.00667874 0.0070825 0.026898 3.7852e-05 -0.0102913 -0.0393467 0.000103771 0.0186945 -1.97678e-06 0.0343041 -0.000151083 0.000159521 -6.31729e-06 0.0349569 1.29462e-05 1.86377e-06 1.83878e-06 -0.0154199 0.015904 -0.00638295 -0.000436897 0.0151151 -0.0331548 1.10981e-06 -0.00740153 -0.0253364 -7.57852e-06 1.44758e-05 1.99995e-06 -0.0241577 0.000894612 -1.67966e-07 0.0335717 2.37901e-06 0.000125906 0.0309882 4.36947e-05 0.0044746 0.0279488 -0.0237185 4.90182e-05 -0.0585818 0.00607697 -8.80758e-08 0.0280625 0.000880032 -0.00464279 4.33541e-06 -0.000180684 6.80507e-06 0.024458 0.0294103 0.0305358 1.7275e-07 0.0310858 0.0147472 -3.87938e-05 0.0340359 -9.4787e-05 0.0348017 -0.00343447 -0.0536722 -0.000778624 -0.000519498 -8.99326e-06 0.0222472 
-0.0065574 -0.000115763 1.58016e-05 -6.27708e-07 -0.000655578 0.00725669 -0.00656248 -0.00631725 -0.000847129 0.00710497 -4.63856e-06 -1.54818e-06 4.62358e-05 0.00710551 -1.18614e-05 -0.000581391 0.00583117 -0.00641769 -4.7332e-05 -7.25605e-06 3.46667e-05 -1.1073e-08 -0.000120302 -0.00707273 0.00681075 -0.000563376 0.00790272 0.00588219 -0.00653265 -4.71957e-05 -0.00654706 -8.15899e-06 -0.00200586 0.00692451 -7.47699e-05 0.0069424 -0.000247428 -5.76224e-07 -0.00487419 -0.00436596 0.000800995 -0.000151429 7.36403e-07 -0.000462143 -1.01155e-05 -1.71403e-05 2.35887e-07 -0.000295927 -1.63147e-07 -3.81547e-07 -2.60229e-08 -0.00184254 -0.000275493 0.000715844 -4.17262e-05 -0.000332357 -0.00368471 -1.92516e-08 0.00703048 -0.00690522 -1.84625e-06 9.64603e-05 -1.59032e-07 -0.00638133 -2.05326e-05 7.06297e-08 -0.000325914 -2.63681e-08 -9.07649e-07 -0.00028657 -1.00431e-07 0.00724744 0.00682596 -0.00622491 1.17706e-05 -0.00656023 -5.4807e-05 -9.77185e-09 0.00679953 -1.29744e-05 -0.000511989 -7.7803e-08 -3.21055e-05 -7.48821e-08 0.00669493 -0.000270297 -0.000304434 -2.28364e-09 -0.000293696 -0.000820113 0.000128456 -0.000398294 6.57607e-05 -0.00030456 -0.000381104 -0.0064275 0.00718567 8.42127e-05 4.2302e-06 -0.00132824 
-0.0953249 0.0126445 0.000339697 -7.79649e-06 -0.0100702 0.0651204 -0.0941 -0.0928605 -0.0128421 0.083832 -4.00158e-05 5.16927e-05 0.00039217 0.0804476 -0.00018954 0.0391598 0.00503137 -0.0934407 -0.000849948 -0.000131482 0.00532028 3.34993e-07 0.000910621 -0.0866806 0.0841843 0.00532575 0.00588219 0.111841 -0.0964912 0.0766205 -0.0952533 -0.000133021 -0.0297432 0.0854594 -0.000837537 0.0867557 0.00771655 0.000110474 -0.0506514 -0.064663 0.000968773 -0.0024794 -5.37289e-06 -0.00242549 0.000536979 0.00158814 -9.20149e-06 -0.00207757 5.82361e-07 4.44101e-05 -2.72455e-07 -0.0229734 -0.00151299 0.0780761 -0.000775488 0.00540967 -0.0590042 -2.20065e-07 0.086341 -0.0771746 -2.94387e-05 6.99006e-05 -2.56135e-06 -0.0767476 0.0011529 1.10434e-06 0.00181108 1.19198e-06 -1.80369e-05 0.0100682 -1.43319e-05 0.0393897 0.0849901 -0.0758722 1.71244e-05 -0.0946391 0.00112071 -1.57385e-07 0.0824081 0.000415338 -0.00673086 1.2691e-07 0.0032033 9.06214e-08 0.0905875 0.00921288 0.0102528 -3.67801e-08 0.0100392 -0.0123498 0.000311248 0.0100276 0.000500618 0.00104502 -0.00598112 -0.0952306 0.0759241 0.00466824 1.3536e-05 -0.00697954 
0.143283 -0.0119483 -0.000535419 -6.43182e-05 0.0142642 -0.062387 0.144246 0.140529 0.0186657 -0.0840495 -0.000556261 -0.000185396 -0.00041584 -0.0777865 -0.00123768 -0.0608319 -0.00553914 0.143075 0.000815744 3.60049e-05 -0.00540975 -2.63514e-07 -0.0123332 0.088862 -0.114858 -0.058822 -0.00653265 -0.0964912 0.147425 -0.105305 0.145376 0.000184768 0.0449331 -0.105894 -0.00618018 -0.095895 -0.0254554 -0.000119286 0.0656779 0.0981531 -0.00211104 -0.0166111 6.13966e-06 -0.0315043 -0.000688298 -0.00173508 -8.00466e-05 -0.0324011 -1.27859e-05 -5.30354e-05 -1.63623e-06 0.0377534 -0.0150578 -0.0741201 0.00106923 -0.0168903 0.0829045 -9.55662e-07 -0.0812461 0.106399 3.16091e-05 -0.000202766 -1.7554e-06 0.102859 -0.00222245 -2.33778e-06 -0.0349321 -2.71511e-06 -0.000116266 -0.0294613 -5.80503e-05 -0.0467 -0.115666 0.10374 -0.000237574 0.144304 -0.00580523 -1.0062e-06 -0.113238 -0.00125808 0.00966094 -8.01134e-06 -0.00330795 -7.43391e-06 -0.106263 -0.0276139 -0.0294438 -1.41812e-07 -0.0293738 -0.00435014 -0.000442975 -0.0439677 -0.000499345 -0.0355936 0.0084942 0.138648 -0.0783223 -0.00463466 -2.42454e-05 -0.00629028 
-0.105709 0.0125203 3.40962e-05 -1.00191e-05 -0.0105253 0.0575828 -0.10576 -0.101657 -0.013637 0.0806471 7.86259e-05 4.76186e-05 0.00021509 0.0719934 0.00116986 0.0244404 -0.000669336 -0.103675 -0.000833194 1.04565e-05 0.00560524 -1.78445e-07 0.0109151 -0.0803325 0.109376 0.0267773 -4.71957e-05 0.0766205 -0.105305 0.111897 -0.105535 -0.000130601 -0.0323177 0.10021 0.00632884 0.0879015 -0.00349949 6.49334e-05 -0.0742682 -0.0703591 0.0014001 0.0157897 -5.37603e-06 0.0295773 0.000521363 0.00100639 8.42612e-05 0.0321041 3.33749e-06 4.8237e-05 -2.69367e-07 -0.0292792 0.013687 0.0767564 -0.000770437 -0.00413565 -0.0592428 5.69754e-07 0.0755857 -0.102518 -2.92069e-05 5.66882e-05 1.52049e-06 -0.0997848 0.0023345 2.48412e-06 0.0352051 -4.2493e-07 -8.74768e-06 -0.00461317 3.87676e-05 0.0408691 0.109823 -0.100314 0.000222339 -0.105751 -0.000737723 1.06919e-06 0.109676 -0.000203724 -0.00690729 8.34618e-06 0.00349602 7.89658e-06 0.0673134 -0.00423117 -0.00407064 -3.68016e-08 -0.00473233 0.00915623 0.000357131 0.0447246 0.00020751 0.0358295 -0.00614161 -0.0994665 0.0737634 0.00404251 1.17648e-05 -0.0209353 
0.143636 -0.0119597 -0.000313594 -6.44641e-05 0.0145838 -0.0625054 0.144571 0.140446 0.0187554 -0.0842332 -0.000566505 -0.000191424 -0.000416996 -0.0779011 -0.00123877 -0.0604674 -0.00555687 0.143135 0.00103691 3.99203e-05 -0.00542166 -2.66088e-07 -0.0123477 0.0886249 -0.114818 -0.0589607 -0.00654706 -0.0952533 0.145376 -0.105535 0.146235 0.000183056 0.0447679 -0.106133 -0.00612956 -0.0956507 -0.0255619 -0.000117719 0.0659227 0.0973444 -0.0021158 -0.0166468 6.44213e-06 -0.0314124 -0.000539421 -0.0017187 -8.02273e-05 -0.0324654 -1.21638e-05 -5.25897e-05 -1.64228e-06 0.0386845 -0.0150235 -0.0742823 0.0010709 -0.016153 0.0817232 -8.5347e-07 -0.0811015 0.106477 3.2865e-05 -0.000202376 -9.42365e-07 0.103018 -0.0022181 -2.34306e-06 -0.0350087 -2.72124e-06 -0.000110869 -0.0295397 -4.94733e-05 -0.0467395 -0.11561 0.103683 -0.000235189 0.144653 -0.00575859 -1.00847e-06 -0.113485 -0.00125026 0.0100364 -8.02943e-06 -0.00331415 -7.45131e-06 -0.106453 -0.0277095 -0.0294201 -1.42343e-07 -0.0294479 -0.00447172 -0.000434485 -0.0440642 -0.000453849 -0.0356695 0.00850602 0.138724 -0.0784923 -0.00461888 -8.80204e-06 -0.00698396 
0.000181598 -1.54611e-05 1.68549e-06 -5.68397e-08 -8.58925e-05 -7.9013e-05 0.000181005 0.000200278 0.000182806 -0.000103543 1.35228e-06 -2.46757e-07 7.2484e-08 -9.85674e-05 -1.31681e-06 -8.03848e-05 -7.16314e-06 0.000194111 8.72699e-06 -1.08633e-06 -4.51488e-06 -1.47308e-09 -1.59379e-05 0.000109805 -0.000143795 -7.22825e-05 -8.15899e-06 -0.000133021 0.000184768 -0.000130601 0.000183056 0.00105865 0.000706822 -0.000133976 3.20299e-05 -0.000127826 -3.0488e-05 -1.5426e-07 -0.000633641 0.000381495 -2.7274e-06 -2.13869e-05 -4.43796e-08 -5.70964e-05 -2.24277e-06 -2.28201e-06 -1.03426e-07 -3.87848e-05 -2.17041e-08 5.3108e-08 -3.46192e-09 0.000770948 -3.81996e-05 -9.4121e-05 4.38481e-06 -4.31946e-05 -0.00043724 -2.56111e-09 -0.000102866 0.000119794 -2.58029e-07 -2.68691e-07 -2.11565e-08 -0.000768535 -2.72115e-06 5.36463e-08 -4.04594e-05 -3.50784e-09 -1.52232e-07 -3.81535e-05 1.06472e-06 -5.66141e-05 -0.000144244 -8.08028e-05 7.65219e-07 0.000181304 -7.55636e-06 -1.29998e-09 -0.000140851 -1.45937e-06 -6.48403e-05 -1.03504e-08 -4.27377e-06 -9.96184e-09 -0.000137383 -3.58286e-05 -3.95868e-05 -3.03801e-10 -3.76381e-05 -0.000102026 -5.7259e-07 -5.2805e-05 3.52111e-06 -4.21364e-05 -4.82796e-05 0.000183831 -9.94389e-05 -7.6983e-06 2.94815e-06 -0.000174848 
0.0442769 -0.00366764 -0.000141719 -1.97776e-05 0.0296365 -0.0191491 0.044281 0.0271044 0.037425 -0.0257199 -0.000170409 -5.71016e-05 -0.000124869 -0.0239743 -0.000372851 -0.0190733 -0.00170209 0.0406485 0.000667433 0.000560007 -0.00165869 4.03098e-07 -0.00374837 0.0270053 -0.0352836 -0.018075 -0.00200586 -0.0297432 0.0449331 -0.0323177 0.0447679 0.000706822 0.18848 -0.0325124 -0.00134249 -0.031299 -0.00782736 -3.66765e-05 -0.122014 0.0429802 -0.000648459 -0.00509184 -1.48491e-06 0.00209768 -0.00025476 -0.000542418 -1.24937e-05 -0.00956535 -5.13697e-06 -1.88617e-05 -7.43095e-07 0.134775 0.00518644 -0.0227406 0.000566869 -0.0103367 -0.0663855 3.74411e-07 -0.0253775 0.032416 0.000124195 -6.32865e-05 -4.55012e-06 -0.00730712 -0.000673714 -7.18109e-07 -0.0105826 -8.34014e-07 -2.7001e-05 -0.00906623 -9.20347e-06 -0.0142662 -0.0354677 -0.0149456 -5.59597e-05 0.0442277 -0.00178992 -3.09081e-07 -0.0347439 -0.000396958 0.0130788 -2.46089e-06 -0.00100502 -2.3685e-06 -0.0326412 -0.00846998 -0.00960504 2.14436e-07 -0.00860303 0.00135402 -0.000135831 -0.0134863 0.00020715 -0.010902 -0.0117554 0.0330699 -0.02402 -0.000498383 9.6304e-05 -0.0371268 
