0 0 0 0 0 0 0 0 0 0 0 0 0 0 0 0 0 0 0 0 0 0 0 0 0 0 0 0 0 0 0 0 0 0 0 0 0 0 0 0 0 0 0 0 0 0 0 0 0 0 0 0 0 0 0 0 0 0 0 0 0 0 0 0 0 0 0 0 0 0 0 0 0 0 0 0 0 0 0 0 0 0 0 0 0 0 0 0 0 0 0 0 0 0 0 0 0 0 0 0 
0 4.12783e-05 5.77871e-06 -2.6144e-12 2.12338e-06 6.69464e-08 -3.73171e-10 -6.23238e-07 -3.69774e-08 -8.40461e-10 -1.80614e-09 -7.18272e-11 -2.064e-12 -2.93088e-11 -2.59417e-06 4.78364e-08 -8.07046e-06 -1.108e-08 -2.38816e-07 -2.81298e-08 -4.90245e-06 -3.29395e-06 -2.99028e-08 -2.83561e-08 -1.25411e-06 -7.1552e-12 -1.2384e-12 -6.03816e-09 0 2.19871e-09 -5.89754e-10 -2.37451e-07 -3.49526e-07 -7.39791e-06 -7.08062e-09 0 -4.62515e-09 1.16935e-07 -2.72998e-10 0 7.42014e-06 -1.40352e-11 -4.5423e-08 -1.06984e-09 -1.10375e-06 -1.3383e-09 -7.66432e-10 -9.17187e-08 -2.64646e-09 -1.08511e-09 -1.45306e-10 0 -4.87489e-09 -2.45854e-08 -1.57495e-07 -1.41905e-05 -1.17467e-07 -7.75115e-09 -9.632e-13 0 -5.80672e-10 -2.07542e-06 1.44043e-06 0 4.83746e-08 -6.44403e-07 -6.88e-13 -1.33392e-08 -1.26798e-09 -1.74735e-07 -2.07971e-08 -1.11258e-05 -6.65775e-06 -7.11565e-08 -1.67046e-10 -6.15964e-08 -5.53868e-09 -2.83456e-11 -3.48901e-08 2.85916e-06 0 -2.3392e-12 -3.1282e-09 0 0 2.86019e-07 5.04372e-06 0 -5.92643e-10 1.43054e-06 -4.8827e-06 9.4269e-08 -2.76576e-11 9.1028e-08 -8.5312e-12 -4.59793e-08 -1.13157e-06 -1.14373e-06 4.85379e-06 -1.77164e-08 
0 5.77871e-06 0.123225 -5.42168e-08 0.0587007 0.00368394 -4.35406e-07 -0.00816298 -4.55653e-05 2.87071e-06 -7.7086e-06 -2.59536e-07 -4.28028e-08 1.02201e-07 -0.0533942 0.000678066 -0.0421011 -0.000229747 -0.00112327 -0.00257274 -0.0961713 0.0116623 -0.000593721 9.41852e-06 -3.50142e-05 -1.2505e-07 4.31834e-09 -8.35047e-05 0 4.79302e-06 -1.51351e-06 -7.18868e-05 -0.00444518 -0.111338 -4.10163e-05 0 6.01138e-06 0.00380072 -3.75805e-06 0 0.112466 -1.14392e-07 0.000125212 -1.74994e-05 0.00522995 -2.69633e-05 1.34591e-06 -0.00345242 -4.46384e-05 3.78383e-06 5.06685e-07 0 1.10022e-05 -0.000493013 -0.00641752 -0.0922411 0.000552907 -0.000156141 3.35871e-09 0 2.02482e-06 -0.107465 0.105847 0 -0.000912767 -0.010434 -1.09343e-08 -2.6949e-05 -2.53285e-05 0.014146 -0.000324533 0.0410464 -0.112427 0.000223235 -1.31417e-06 -0.000142111 1.28435e-05 9.88421e-08 -0.00070758 0.104962 0 8.15687e-09 1.09081e-05 0 0 0.000259524 0.113628 0 -8.03677e-06 0.00192053 -0.102879 -4.40525e-05 -3.70224e-07 3.85019e-05 2.97486e-08 -1.08702e-05 -0.0541202 -0.000584276 0.111291 -0.000171956 
0 -2.6144e-12 -5.42168e-08 6.33333e-08 -4.61428e-08 -2.51572e-09 -5.72533e-13 -1.10451e-09 -5.67321e-11 -1.28947e-12 -2.77104e-12 -1.102e-13 -3.16667e-15 -4.49667e-14 -4.06189e-09 7.33924e-11 -1.49391e-08 -1.69993e-11 -3.664e-10 -1.91467e-10 5.55817e-08 -5.17644e-09 -4.5878e-11 -4.35049e-11 3.46036e-11 -1.09778e-14 -1.9e-15 -9.26398e-12 0 3.37334e-12 -9.04822e-13 -3.64306e-10 -8.32876e-10 5.19832e-08 -1.08634e-11 0 -7.09608e-12 -1.72816e-09 -4.18844e-13 0 -5.18008e-08 -2.15333e-14 -6.96897e-11 -1.64139e-12 -2.5219e-09 -2.05327e-12 -1.17589e-12 -2.99256e-10 -4.0603e-12 -1.66482e-12 -2.22933e-13 0 -7.47924e-12 -3.77199e-11 2.89332e-09 4.08816e-08 -2.46706e-10 -1.18921e-11 -1.47778e-15 0 -8.90889e-13 4.80082e-08 -4.75658e-08 0 -7.40916e-11 4.23447e-08 -1.05556e-15 -2.04655e-11 -1.94539e-12 1.05647e-09 -3.19078e-11 -1.70268e-08 5.30369e-08 -1.09171e-10 -2.56289e-13 -9.45035e-11 -8.49764e-12 -4.34889e-14 -5.35298e-11 -5.07334e-08 0 -3.58889e-15 -4.7994e-12 0 0 -1.28847e-10 -5.23629e-08 0 -9.09256e-13 -8.48123e-10 5.33771e-08 -3.67861e-12 -4.24333e-14 -1.41618e-10 -1.30889e-14 6.16867e-12 -4.13973e-09 5.61944e-10 -5.2951e-08 -2.71812e-11 
0 2.12338e-06 0.0587007 -4.61428e-08 0.100645 0.00442793 -6.38365e-06 -0.00978415 -0.000267476 -4.1151e-06 -1.29425e-05 -1.21245e-06 -4.43233e-08 8.06097e-08 -0.030382 6.94291e-06 -0.0129215 -0.000213183 -0.000961918 -0.00103989 -0.0658321 0.00840417 3.86677e-06 -1.9514e-05 0.000218108 1.96794e-08 -9.92729e-09 -4.37929e-05 0 1.36094e-07 -4.2113e-06 -0.000348961 -0.00928899 -0.0669942 -1.44324e-05 0 7.44081e-06 0.00275872 -4.71916e-06 0 0.0705566 3.86018e-08 7.01728e-05 -2.57756e-06 0.00351635 -8.55587e-06 -1.12187e-05 -0.00359438 -4.34346e-05 2.57445e-06 -1.40358e-07 0 -3.2859e-05 -0.000460735 -0.00501794 -0.0574764 -0.00181885 -0.000116718 2.64914e-09 0 2.70389e-07 -0.0785143 0.0804785 0 -0.000922246 -0.0078047 1.89225e-09 2.9281e-05 -1.68626e-05 0.00614296 -0.000367264 -0.00298909 -0.0716957 0.000164416 -3.58723e-06 -0.000910781 5e-06 2.12939e-08 -0.000716893 0.0724141 0 6.43364e-09 -2.0873e-05 0 0 0.000188221 0.0732108 0 -5.42335e-06 -0.00945875 -0.0658609 -4.26122e-05 7.60683e-08 -0.000526137 -1.19869e-07 3.1745e-05 -0.0383807 -0.000986294 0.0642287 -0.000261864 
0 6.69464e-08 0.00368394 -2.51572e-09 0.00442793 0.0381441 -3.59086e-07 -0.000685152 -7.29169e-06 -6.85405e-07 -1.55797e-06 -6.91161e-08 -1.9861e-09 7.84641e-08 -0.00210407 -0.000110503 -0.00837011 -9.89509e-06 -7.57252e-05 -0.000120086 -0.0046831 -0.00291251 0.000246463 -2.61491e-05 -0.00014765 -6.88513e-09 -1.19166e-09 2.91308e-06 0 1.76905e-06 1.44251e-06 -0.000143455 -0.00051643 -0.00496218 9.273e-05 0 -1.15724e-06 0.00156052 -2.62694e-07 0 0.00441378 -1.35054e-08 0.000115631 -6.42793e-07 -0.00128253 -1.28778e-06 -7.37503e-07 -0.000184977 -2.14657e-06 -1.04416e-06 -1.39821e-07 0 1.02691e-05 -1.98708e-05 0.00154551 -0.00390602 -0.000148798 -7.45858e-06 -9.26844e-10 0 -5.58755e-07 -0.0070219 0.00857812 0 -4.6186e-05 -0.000458967 -6.62032e-10 9.8093e-07 1.11654e-06 0.000380531 -1.95622e-05 -0.0162948 -0.00624771 -4.94041e-05 -1.60741e-07 -5.04148e-05 1.68437e-05 2.16058e-07 -3.17366e-05 0.000385419 0 -2.25091e-09 -2.55679e-06 0 0 -8.00944e-05 0.0045038 0 -5.70274e-07 -0.000505986 0.000190412 2.12949e-06 -2.66137e-08 0.000155469 -8.20919e-09 -2.40278e-05 -0.000621472 -0.00518179 -0.0013733 -1.68744e-05 
0 -3.73171e-10 -4.35406e-07 -5.72533e-13 -6.38365e-06 -3.59086e-07 9.03992e-06 6.19013e-07 -8.09776e-09 -1.84054e-10 -3.9553e-10 -1.57296e-11 -4.52e-13 -6.4184e-12 -3.86449e-07 1.04758e-08 -1.81902e-06 -2.42643e-09 6.10345e-08 -2.73295e-08 5.86886e-07 -7.38869e-07 -6.54849e-09 -6.20976e-09 4.93921e-09 -1.56693e-12 -2.712e-13 -1.32231e-09 0 4.81501e-10 -1.29151e-10 1.91333e-07 3.44451e-07 4.80325e-06 -1.5506e-09 0 -1.01287e-09 -2.46673e-07 -5.97845e-11 0 -5.45054e-06 -3.0736e-12 -9.94728e-09 -2.34287e-10 -3.59968e-07 -2.93077e-10 -1.67843e-10 -4.27149e-08 -5.79554e-10 -2.37631e-10 -3.18208e-11 0 -1.06756e-09 1.28265e-09 4.12984e-07 2.71531e-06 -3.52141e-08 -1.69744e-09 -2.10933e-13 0 -1.27163e-10 5.60921e-06 -6.1694e-06 0 -1.05756e-08 -1.41119e-07 -1.50667e-13 -2.92119e-09 -2.77679e-10 1.50798e-07 -4.55441e-09 9.82284e-07 3.42699e-06 2.77506e-08 -3.65819e-11 -3.48913e-09 -1.21293e-09 -6.20747e-12 4.59026e-07 -7.00819e-06 0 -5.12267e-13 -6.85051e-10 0 0 6.54942e-07 -4.41079e-06 0 -1.29784e-10 1.54227e-06 2.78555e-06 -5.25073e-10 -6.0568e-12 -2.02142e-08 -1.86827e-12 8.80496e-10 -4.04226e-07 -3.31233e-08 -4.28053e-07 5.3612e-07 
0 -6.23238e-07 -0.00816298 -1.10451e-09 -0.00978415 -0.000685152 6.19013e-07 0.0171354 2.81982e-05 -2.95069e-07 -6.26372e-07 6.89655e-07 -8.71978e-10 -1.23821e-08 -0.000851479 1.63894e-05 -0.00369241 1.75324e-05 -2.23525e-05 0.000661911 0.00294698 -0.00126252 -6.95304e-06 -1.19596e-05 -0.000107318 -3.02286e-09 -5.23187e-10 2.82357e-05 0 -3.07444e-06 2.73751e-06 -6.85326e-05 0.00732494 0.011888 2.5602e-05 0 -1.82399e-06 -0.000448696 -5.86669e-08 0 -0.0119322 -5.92945e-09 -1.01498e-05 -4.51975e-07 -0.000543543 2.53046e-05 -2.03794e-07 -8.15669e-05 2.40553e-05 -4.58428e-07 5.52794e-08 0 -1.56283e-06 -7.21326e-06 0.000758843 0.00973688 -6.63834e-05 1.98204e-06 -4.06923e-10 0 1.04135e-06 0.00838647 -0.0105384 0 0.000968748 0.00421892 -2.90659e-10 2.33446e-05 9.74315e-07 -0.00532566 2.03805e-05 -0.00258239 0.00588806 -2.88882e-05 3.56095e-07 8.63007e-05 -3.03257e-07 -1.19752e-08 8.98966e-05 -0.0133486 0 -9.88242e-10 -5.14903e-07 0 0 -1.77194e-05 -0.00875635 0 -3.37072e-08 -0.000203827 0.00705043 2.92837e-05 1.64982e-07 -3.65529e-05 -3.60418e-09 1.45861e-06 0.00664411 0.000143204 -0.00558188 -1.64465e-06 
0 -3.69774e-08 -4.55653e-05 -5.67321e-11 -0.000267476 -7.29169e-06 -8.09776e-09 2.81982e-05 0.000894968 6.50955e-08 6.90807e-07 -1.55864e-09 -4.47885e-11 -6.35997e-10 7.93163e-05 1.03804e-06 -8.17443e-05 4.029e-07 -5.17893e-06 1.66419e-05 5.21759e-05 -7.14609e-05 -2.55535e-08 3.08134e-06 3.82758e-07 -1.55267e-10 -2.68731e-11 -1.31027e-07 0 4.77117e-08 -1.27976e-08 -3.71932e-06 -9.39976e-07 -0.000102354 -1.69818e-08 0 2.76302e-07 2.0244e-05 -5.92403e-09 0 -4.15163e-05 -3.04562e-10 1.7641e-05 -2.32154e-08 -2.72124e-05 -2.90409e-08 -1.66315e-08 -2.88593e-06 -2.40945e-08 -2.35468e-08 -3.15311e-09 0 -4.24511e-08 -2.56833e-07 4.02357e-05 -4.26646e-05 2.48732e-06 4.38468e-07 -2.09013e-11 0 -1.26005e-08 6.95213e-06 -8.83857e-06 0 1.37154e-05 1.24466e-05 -1.49295e-11 -2.56126e-07 -2.75151e-08 -4.04042e-05 6.02038e-07 -0.00025093 2.97905e-05 -1.17742e-06 3.30418e-08 1.38e-05 1.45314e-06 -6.15095e-10 -7.53777e-07 -0.000206817 0 -5.07603e-11 1.87852e-08 0 0 -1.75904e-06 -2.27977e-05 0 -1.28603e-08 1.2521e-05 0.000184912 1.3428e-05 -6.00166e-10 8.85365e-06 -1.85126e-10 -1.93275e-06 -1.6718e-05 -7.23653e-05 -0.000131504 1.1889e-07 
0 -8.40461e-10 2.87071e-06 -1.28947e-12 -4.1151e-06 -6.85405e-07 -1.84054e-10 -2.95069e-07 6.50955e-08 2.03596e-05 -8.90818e-10 -3.54264e-11 -1.018e-12 -1.44556e-11 -1.30579e-06 2.35937e-08 -4.22252e-06 -5.46483e-09 -1.17788e-07 -6.15517e-08 -2.49195e-06 1.06159e-05 -1.47486e-08 -1.39857e-08 1.11242e-08 -3.52907e-12 -6.108e-13 -2.97813e-09 0 1.08444e-09 -2.90877e-10 -1.17115e-07 -2.67748e-07 -3.28211e-06 -3.49228e-09 0 -2.2812e-09 -1.45559e-07 -1.34647e-10 0 8.37419e-07 -6.9224e-12 1.57426e-06 -5.27663e-10 3.89276e-07 -6.60071e-10 -3.78017e-10 -9.6203e-08 -1.30528e-09 -5.35197e-10 -7.16672e-11 0 -2.40438e-09 -1.21259e-08 -9.52654e-06 -6.97097e-06 1.43402e-06 -3.823e-09 -4.75067e-13 0 -2.86397e-10 -1.09329e-06 -2.32116e-06 0 -2.38185e-08 1.8217e-07 -3.39333e-13 -6.57913e-09 -6.25391e-10 3.39629e-07 -1.02575e-08 -6.56506e-06 -3.31002e-06 -3.50956e-08 -8.23901e-11 -3.03804e-08 -2.73177e-09 -1.39805e-11 -1.72084e-08 2.79054e-06 0 -1.15373e-12 -1.54288e-09 0 0 -4.14208e-08 3.39002e-06 0 -2.92302e-10 3.86735e-06 -3.18067e-06 -1.18258e-09 -1.36412e-11 -4.55266e-08 -4.20773e-12 1.98306e-09 -1.33082e-06 1.1065e-07 2.93099e-06 -8.73804e-09 
0 -1.80614e-09 -7.7086e-06 -2.77104e-12 -1.29425e-05 -1.55797e-06 -3.9553e-10 -6.26372e-07 6.90807e-07 -8.90818e-10 4.37514e-05 -7.61308e-11 -2.18767e-12 -3.10649e-11 9.02721e-06 -1.04596e-06 -1.00705e-05 -1.17438e-08 3.84021e-06 1.24393e-07 7.19483e-06 -3.25944e-06 -3.16945e-08 -3.0055e-08 -4.19428e-07 -7.58391e-12 -1.3126e-12 6.30267e-07 0 2.33045e-09 -6.25089e-10 1.69832e-06 -5.75386e-07 -8.07835e-07 -7.50486e-09 0 -4.90227e-09 7.63278e-06 -2.89355e-10 0 -3.12615e-06 -1.48761e-11 4.41855e-07 -1.13394e-09 -1.63557e-06 -1.41848e-09 -8.12354e-10 1.22326e-06 -2.80503e-09 -1.15013e-09 -1.54012e-10 0 -5.16698e-09 6.72749e-08 -1.58145e-05 5.95607e-06 -1.70435e-07 -8.21556e-09 -1.02091e-12 0 -6.15464e-10 5.96609e-06 -1.75205e-05 0 -5.11856e-08 -6.49679e-07 -7.29222e-13 -1.41385e-08 -1.34396e-09 -4.43477e-07 -5.37655e-09 -5.31456e-06 2.26816e-07 2.78791e-06 -1.77055e-10 2.98046e-07 1.07961e-08 -3.0044e-11 2.99686e-07 -3.37212e-06 0 -2.47936e-12 8.00177e-08 0 0 1.12432e-06 -9.48786e-06 0 -6.28152e-10 1.97415e-07 4.88483e-07 7.27459e-07 -2.93147e-11 7.1055e-06 -9.04236e-12 4.26157e-09 -9.49903e-07 2.08214e-07 -4.27075e-06 1.47889e-07 
0 -7.18272e-11 -2.59536e-07 -1.102e-13 -1.21245e-06 -6.91161e-08 -1.57296e-11 6.89655e-07 -1.55864e-09 -3.54264e-11 -7.61308e-11 1.74e-06 -8.7e-14 -1.2354e-12 -9.49286e-08 2.01636e-09 -4.10431e-07 -4.67033e-10 -6.73303e-09 -5.26032e-09 2.80367e-07 -3.88826e-08 -1.26044e-09 -1.19524e-09 9.5069e-10 -3.016e-13 -5.22e-14 -2.54516e-10 0 9.26782e-11 -2.48588e-11 -1.00088e-08 3.73785e-07 8.91503e-07 -2.98456e-10 0 -1.94955e-10 -4.7479e-08 -1.15072e-11 0 -1.29649e-06 -5.916e-13 -1.91463e-09 -4.5095e-11 -6.92858e-08 -5.64108e-11 -3.2306e-11 -8.22167e-09 -1.11551e-10 -4.57388e-11 -6.1248e-12 0 -2.05482e-10 -1.0363e-09 7.94903e-08 8.53168e-07 -6.77793e-09 -3.2672e-10 -4.06e-14 0 -2.4476e-11 -7.77043e-08 -1.27681e-06 0 -2.03557e-09 -2.71623e-08 -2.9e-14 -5.62264e-10 -5.3447e-11 2.90252e-08 3.24567e-08 9.80808e-07 6.80453e-07 -2.99933e-09 -7.0412e-12 -2.59636e-09 -2.33462e-10 -1.1948e-12 -1.47066e-09 -1.05717e-06 0 -9.86e-14 -1.31857e-10 0 0 -3.53989e-09 -2.86031e-08 0 -2.49806e-11 -2.33011e-08 -2.73534e-07 -1.01065e-10 -1.1658e-12 -3.89078e-09 -3.596e-13 1.69476e-10 -1.13734e-07 1.54387e-08 -2.08091e-07 -7.46767e-10 
0 -2.064e-12 -4.28028e-08 -3.16667e-15 -4.43233e-08 -1.9861e-09 -4.52e-13 -8.71978e-10 -4.47885e-11 -1.018e-12 -2.18767e-12 -8.7e-14 5e-08 -3.55e-14 -3.20676e-09 5.79413e-11 -1.1794e-08 -1.34205e-11 -2.89263e-10 -1.51158e-10 4.38803e-08 -4.08666e-09 -3.62195e-11 -3.4346e-11 2.73187e-11 -8.66667e-15 -1.5e-15 -7.31367e-12 0 2.66317e-12 -7.14333e-13 -2.8761e-10 -6.57534e-10 4.10393e-08 -8.57633e-12 0 -5.60217e-12 -1.36434e-09 -3.30667e-13 0 -4.08953e-08 -1.7e-14 -5.50182e-11 -1.29583e-12 -1.99097e-09 -1.621e-12 -9.28333e-13 -2.36255e-10 -3.2055e-12 -1.31433e-12 -1.76e-13 0 -5.90467e-12 -2.97788e-11 2.2842e-09 3.2275e-08 -1.94768e-10 -9.3885e-12 -1.16667e-15 0 -7.03333e-13 3.79012e-08 -3.7552e-08 0 -5.84933e-11 -7.80526e-10 -8.33333e-16 -1.6157e-11 -1.53583e-12 8.34058e-10 -2.51903e-11 2.86631e-08 4.18713e-08 -8.61877e-11 -2.02333e-13 -7.4608e-11 -6.70867e-12 -3.43333e-14 -4.22603e-11 -4.00527e-08 0 -2.83333e-15 -3.789e-12 0 0 -1.01721e-10 -4.13392e-08 0 -7.17833e-13 -6.69571e-10 4.21398e-08 -2.90417e-12 -3.35e-14 -1.11804e-10 -1.03333e-14 4.87e-12 -3.26821e-09 4.4364e-10 -4.18034e-08 -2.14588e-11 
0 -2.93088e-11 1.02201e-07 -4.49667e-14 8.06097e-08 7.84641e-08 -6.4184e-12 -1.23821e-08 -6.35997e-10 -1.44556e-11 -3.10649e-11 -1.2354e-12 -3.55e-14 7.09999e-07 -4.5536e-08 8.22767e-10 -4.74748e-08 -1.90571e-10 -4.10754e-09 -2.14645e-09 -8.69001e-08 1.01969e-07 -5.14317e-10 -4.87713e-10 3.87925e-10 -1.23067e-13 -2.13e-14 -1.03854e-10 0 3.7817e-11 -1.01435e-11 -4.08407e-09 -9.33698e-09 -1.27241e-07 -1.21784e-10 0 -7.95508e-11 -1.93736e-08 -4.69547e-12 0 1.29286e-07 -2.414e-13 -7.81258e-10 -1.84008e-11 -2.82718e-08 -2.30182e-11 -1.31823e-11 -3.35482e-09 -4.55181e-11 -1.86635e-11 -2.4992e-12 0 -8.38463e-11 -4.22859e-10 -1.27564e-07 -2.5029e-08 -2.76571e-09 -1.33317e-10 -1.65667e-14 0 -9.98733e-12 -1.21803e-07 1.26762e-07 0 -8.30605e-10 -1.10835e-08 -1.18333e-14 -2.29429e-10 -2.18088e-11 1.18436e-08 -3.57703e-10 -3.02984e-07 -1.15428e-07 -1.22386e-09 -2.87313e-12 -1.05943e-09 -9.52631e-11 -4.87533e-13 -6.00097e-10 3.4585e-08 0 -4.02333e-14 -5.38038e-11 0 0 -1.44444e-09 1.22984e-07 0 -1.01932e-11 -9.5079e-09 -1.11615e-07 -4.12392e-11 -4.757e-13 -1.58762e-09 -1.46733e-13 6.9154e-11 -4.64086e-08 -1.137e-07 -1.10275e-07 -3.04715e-10 
0 -2.59417e-06 -0.0533942 -4.06189e-09 -0.030382 -0.00210407 -3.86449e-07 -0.000851479 7.93163e-05 -1.30579e-06 9.02721e-06 -9.49286e-08 -3.20676e-09 -4.5536e-08 0.0600219 -0.000446732 0.0328018 6.65955e-05 -0.000311342 1.55018e-05 0.0449497 -0.00524197 4.58078e-05 -3.38191e-05 2.62818e-05 -1.11168e-08 -1.92406e-09 2.62021e-05 0 -3.44395e-06 -7.36278e-07 0.000223278 -0.000585571 0.0455551 2.19824e-05 0 -7.15592e-06 -0.00173192 3.92519e-07 0 -0.0477704 -2.1806e-08 -6.23587e-05 4.58783e-06 -0.00246819 -2.07926e-06 -4.07766e-08 0.00335339 4.49601e-08 -1.6859e-06 -2.25756e-07 0 -4.80394e-06 9.18392e-05 0.00291022 0.0413315 -0.00024983 7.47337e-07 -1.49649e-09 0 -9.02168e-07 0.0485897 -0.048129 0 -4.53496e-05 -0.000307647 -1.06892e-09 -2.03646e-05 -8.50019e-07 -0.00362033 6.30416e-05 -0.0271093 0.0518937 -0.000110553 8.238e-07 3.38467e-05 -8.60523e-06 -4.40395e-08 0.000156809 -0.0503259 0 -3.63433e-09 -4.86016e-06 0 0 -0.000130428 -0.0519817 0 -6.30767e-07 -0.000835667 0.0419445 1.58148e-07 1.00363e-07 -7.34281e-05 -1.32546e-08 2.49677e-06 0.00757075 8.35918e-05 -0.0535401 2.95347e-05 
0 4.78364e-08 0.000678066 7.33924e-11 6.94291e-06 -0.000110503 1.04758e-08 1.63894e-05 1.03804e-06 2.35937e-08 -1.04596e-06 2.01636e-09 5.79413e-11 8.22767e-10 -0.000446732 0.00115748 -0.000401783 -2.72896e-06 -0.000339496 1.42e-06 -0.000336829 4.3328e-05 -1.84706e-05 -1.15606e-05 7.67468e-05 2.00863e-10 3.47648e-11 -7.12716e-06 0 2.84828e-06 -7.56778e-07 -3.86742e-05 -5.1864e-05 -0.000648983 1.9877e-07 0 -1.73683e-06 3.534e-06 7.66371e-09 0 0.000607525 3.94001e-10 1.27513e-06 -3.29967e-07 2.18716e-06 -1.12431e-07 2.15155e-08 -4.72344e-05 -3.57076e-08 -1.6205e-08 4.07907e-09 0 1.3685e-07 1.35035e-08 -2.78066e-05 -0.000528082 4.26738e-06 2.17593e-07 2.70393e-11 0 1.63008e-08 -0.000479192 0.000622001 0 4.82339e-07 1.06989e-06 -1.3314e-08 3.74463e-07 -8.03774e-06 -1.58339e-05 4.97158e-07 5.91859e-05 -0.000663901 -2.60225e-05 -9.21977e-07 -5.64751e-06 5.54836e-08 7.95728e-10 8.46115e-07 0.000379899 0 6.56668e-11 7.11492e-08 0 0 -6.54913e-06 0.000559525 0 -4.00298e-08 1.22883e-05 -0.000207158 -2.82691e-07 7.76414e-10 -0.000174505 2.39491e-10 -1.1287e-07 3.50258e-05 1.82797e-06 0.000356211 -2.29927e-05 
0 -8.07046e-06 -0.0421011 -1.49391e-08 -0.0129215 -0.00837011 -1.81902e-06 -0.00369241 -8.17443e-05 -4.22252e-06 -1.00705e-05 -4.10431e-07 -1.1794e-08 -4.74748e-08 0.0328018 -0.000401783 0.180241 5.20743e-06 -0.00101696 -0.000473729 0.032965 -0.0192694 -0.000152559 9.30493e-05 1.28352e-05 -4.08859e-08 -7.0764e-09 -3.01296e-06 0 7.22042e-06 -2.42994e-06 -0.000856031 -0.00267132 0.0364393 3.25869e-05 0 1.19579e-05 -0.00490631 -1.13329e-06 0 -0.0392182 -8.01992e-08 -0.00025291 -4.73656e-06 -0.00727239 -6.1139e-06 -3.66284e-06 0.000815591 -1.50923e-05 -6.19717e-06 -7.86964e-07 0 -1.67092e-05 0.000159622 0.00571891 0.0177894 -0.000234262 6.83455e-05 -5.50387e-09 0 -3.27471e-06 0.0593738 -0.0550616 0 -0.000205495 -0.00208509 6.06867e-09 -1.48689e-05 -4.95545e-06 -0.00633558 -5.10046e-05 -0.0921811 0.0456555 -0.000135922 4.48805e-07 -0.000348824 3.61119e-06 -1.61971e-07 -0.000168081 -0.0561116 0 4.33001e-08 -1.76817e-05 0 0 0.000158568 -0.0449763 0 3.83355e-06 -0.000356737 0.037772 -7.8407e-06 9.19604e-08 -0.000482783 1.45848e-08 4.36805e-06 0.00330945 0.000411972 -0.0512473 -8.16709e-05 
0 -1.108e-08 -0.000229747 -1.69993e-11 -0.000213183 -9.89509e-06 -2.42643e-09 1.75324e-05 4.029e-07 -5.46483e-09 -1.17438e-08 -4.67033e-10 -1.34205e-11 -1.90571e-10 6.65955e-05 -2.72896e-06 5.20743e-06 0.000268338 -1.55282e-06 -3.88116e-07 0.000232675 -2.1938e-05 -1.94434e-07 -1.84376e-07 1.46652e-07 -4.65244e-11 -8.0523e-12 -3.92612e-08 0 1.42964e-08 -3.83468e-09 -1.54395e-06 -3.4431e-06 0.000201664 -4.60395e-08 0 -3.00736e-08 -3.18738e-06 -1.77508e-09 0 -0.000214854 -9.12594e-11 -2.95349e-07 -6.95629e-09 -1.06879e-05 1.12981e-08 -4.98348e-09 1.99174e-06 -1.72078e-08 -7.0556e-09 -9.44803e-10 0 -3.16974e-08 -1.59859e-07 1.22621e-05 0.000171032 -1.04555e-06 -3.37327e-08 -6.2629e-12 0 -3.77563e-09 0.000203461 -0.000201586 0 2.15996e-07 -7.20021e-07 -4.4735e-12 1.04327e-06 -8.24466e-09 -0.000175979 5.14399e-08 -7.34709e-05 0.000220673 -4.62673e-07 -1.08617e-09 -2.05107e-08 -3.60135e-08 -1.84308e-10 1.72831e-05 -0.000214871 0 -1.52099e-11 -2.03401e-08 0 0 -5.46059e-07 -0.000221917 0 3.28132e-08 -3.59439e-06 0.000220245 1.7441e-07 -1.79835e-10 -6.00186e-07 -5.54714e-11 -3.85687e-09 0.000191012 1.56488e-06 -0.000224389 -1.15195e-07 
0 -2.38816e-07 -0.00112327 -3.664e-10 -0.000961918 -7.57252e-05 6.10345e-08 -2.23525e-05 -5.17893e-06 -1.17788e-07 3.84021e-06 -6.73303e-09 -2.89263e-10 -4.10754e-09 -0.000311342 -0.000339496 -0.00101696 -1.55282e-06 0.0057518 9.67502e-05 -0.000634095 -0.000471782 8.62544e-07 -2.34402e-06 -0.000233082 -1.00278e-09 -1.73558e-10 -4.82897e-07 0 -4.25186e-06 -8.26522e-08 9.6872e-05 0.00054115 0.0025231 1.34339e-07 0 5.7218e-06 -0.000148238 -3.82599e-08 0 -0.00246977 1.247e-07 -1.45923e-06 3.73007e-06 0.000223237 1.25775e-07 2.92535e-08 -2.60826e-05 -3.70893e-07 -1.52075e-07 -2.03641e-08 0 -4.63201e-07 -3.44557e-06 -0.000690342 0.00262077 -1.87624e-05 -1.0863e-06 -1.3499e-10 0 5.71954e-07 0.00131626 -0.00314028 0 3.52201e-06 -3.78211e-05 1.32369e-08 -1.42612e-06 4.62296e-07 5.43017e-05 -2.10466e-06 0.00142169 0.000940755 -8.70571e-06 2.96589e-07 -8.46588e-06 -7.76229e-07 -3.97255e-09 -1.42641e-06 -0.000515668 0 -3.27832e-10 -1.21741e-07 0 0 2.40503e-05 -0.00260135 0 -8.30571e-08 -5.34229e-05 -0.000788982 -2.56028e-07 -3.87613e-09 5.34237e-05 -1.19562e-09 -5.03182e-07 -0.000272329 -0.000489012 0.000802278 1.3271e-06 
0 -2.81298e-08 -0.00257274 -1.91467e-10 -0.00103989 -0.000120086 -2.73295e-08 0.000661911 1.66419e-05 -6.15517e-08 1.24393e-07 -5.26032e-09 -1.51158e-10 -2.14645e-09 1.55018e-05 1.42e-06 -0.000473729 -3.88116e-07 9.67502e-05 0.00301403 0.00214053 -0.00024084 -2.01329e-06 -1.64334e-06 -9.48221e-07 -5.24016e-10 -9.06951e-11 -4.42209e-07 0 -3.52898e-06 5.86809e-07 -1.49766e-05 -3.712e-05 0.00224944 -1.18876e-08 0 4.77941e-07 -4.61726e-05 1.6334e-07 0 -0.00243393 -1.02788e-09 -3.32659e-06 -2.16838e-08 -9.20109e-05 -1.80112e-08 -5.61302e-08 2.50752e-05 8.86185e-07 -7.94691e-08 -1.06416e-08 0 5.16317e-07 3.8728e-06 0.000125421 0.00173502 -1.15797e-05 -8.0994e-08 -7.05406e-11 0 -4.25259e-08 0.00223883 -0.0022422 0 0.000260147 -9.81994e-06 -5.03862e-11 -8.13574e-07 2.70472e-07 -0.000663047 2.96907e-07 -0.00098979 0.00245713 -5.2112e-06 -1.22338e-08 1.76023e-05 -5.6288e-09 -2.07591e-09 6.49048e-05 -0.00235465 0 -1.71313e-10 -1.45762e-07 0 0 5.22936e-07 -0.00242929 0 -4.34026e-08 -4.03945e-05 0.0020528 2.53311e-05 -2.02552e-09 -4.80005e-06 -6.24788e-10 2.94457e-07 0.000622613 -4.96127e-05 -0.00194657 3.10253e-06 
0 -4.90245e-06 -0.0961713 5.55817e-08 -0.0658321 -0.0046831 5.86886e-07 0.00294698 5.21759e-05 -2.49195e-06 7.19483e-06 2.80367e-07 4.38803e-08 -8.69001e-08 0.0449497 -0.000336829 0.032965 0.000232675 -0.000634095 0.00214053 0.107414 -0.0100037 0.000316025 -7.33053e-05 5.09998e-05 1.28785e-07 -3.67184e-09 -3.77973e-06 0 -4.47419e-06 -3.48611e-07 -0.000139956 0.000597193 0.0899484 3.47273e-06 0 -1.28168e-05 -0.00311117 3.1239e-06 0 -0.092376 -4.16142e-08 -0.000125445 5.30127e-06 -0.00451836 -1.28803e-06 -1.18579e-06 0.00385278 2.66233e-05 -3.21735e-06 -4.30829e-07 0 -7.42065e-06 0.000401171 0.00554898 0.0784706 -0.000475228 0.000143801 -2.85587e-09 0 -1.72168e-06 0.0926553 -0.0918867 0 0.000586828 0.0079882 -2.03991e-09 -2.31106e-05 -2.23622e-06 -0.0125957 0.0003037 -0.02999 0.101154 -0.000210865 1.40138e-06 0.000114374 -1.18754e-05 -8.40443e-08 0.000698018 -0.0968077 0 -6.93569e-09 -9.24173e-06 0 0 -0.000248562 -0.0984426 0 5.47616e-06 -0.00136743 0.0903256 3.41376e-05 -8.20044e-08 -0.000199471 -2.52949e-08 5.2379e-06 0.0461242 0.000851779 -0.100631 2.58444e-05 
0 -3.29395e-06 0.0116623 -5.17644e-09 0.00840417 -0.00291251 -7.38869e-07 -0.00126252 -7.14609e-05 1.06159e-05 -3.25944e-06 -3.88826e-08 -4.08666e-09 1.01969e-07 -0.00524197 4.3328e-05 -0.0192694 -2.1938e-05 -0.000471782 -0.00024084 -0.0100037 0.0750529 -5.86101e-05 -5.61009e-05 2.12569e-05 -1.41671e-08 -2.452e-09 -1.19521e-05 0 -1.86599e-05 -1.1677e-06 -0.00046078 -0.00106772 -0.0129428 -1.40194e-05 0 -8.96433e-06 -0.00110509 -5.40529e-07 0 0.0119049 1.25544e-07 5.84704e-06 -1.96825e-06 0.00380937 -8.53126e-07 -1.49418e-06 -0.000385441 -3.96992e-06 -1.16516e-06 1.12299e-07 0 -1.36549e-06 -4.86784e-05 -0.00580987 -0.0283452 -0.000315347 -1.53471e-05 -1.90711e-09 0 -1.14971e-06 -0.0197112 0.0195447 0 -9.5617e-05 -0.00113135 -1.36222e-09 -2.57613e-05 -2.51057e-06 0.00136222 -3.98611e-05 -0.0315637 -0.013278 -1.68447e-05 -3.30747e-07 -0.000121872 -1.05331e-05 -5.61235e-08 -6.90815e-05 0.0160642 0 -4.63155e-09 -5.99708e-06 0 0 -0.000159366 0.0139373 0 -1.17342e-06 -0.000985324 -0.0128363 -4.65067e-06 -5.47613e-08 -0.000157822 -1.68915e-08 -1.42918e-06 -0.00534222 0.000543356 0.0133733 2.76199e-06 
0 -2.99028e-08 -0.000593721 -4.5878e-11 3.86677e-06 0.000246463 -6.54849e-09 -6.95304e-06 -2.55535e-08 -1.47486e-08 -3.16945e-08 -1.26044e-09 -3.62195e-11 -5.14317e-10 4.58078e-05 -1.84706e-05 -0.000152559 -1.94434e-07 8.62544e-07 -2.01329e-06 0.000316025 -5.86101e-05 0.000723865 -4.97598e-07 3.95787e-07 -1.25561e-10 -2.17317e-11 3.42071e-06 0 -5.47499e-08 -1.03491e-08 1.00565e-05 -7.01621e-06 0.000542157 3.92414e-07 0 -1.16307e-09 -1.96763e-05 -4.79063e-09 0 -0.00055918 -2.46293e-10 -7.97092e-07 -1.87738e-08 -2.40148e-05 6.51528e-09 -1.34495e-08 3.16052e-06 -4.64406e-08 -1.90418e-08 -2.54985e-09 0 -8.55456e-08 4.3319e-06 2.96497e-05 0.000458043 -2.82176e-06 -1.16019e-07 -1.69024e-11 0 -1.01898e-08 0.000515722 -0.000516095 0 3.45894e-07 -1.06514e-05 -1.20732e-11 -1.20746e-07 1.77492e-08 -8.86299e-06 9.35047e-07 -0.000264922 0.000251973 -1.24867e-06 -2.93136e-09 -8.14239e-07 -9.71938e-08 -4.97414e-10 -1.95593e-07 -0.000558862 0 -4.10488e-11 -5.48943e-08 0 0 -1.47371e-06 -0.000567214 0 -1.03998e-08 -9.4906e-06 0.000536967 -4.2075e-08 -4.85341e-10 1.76435e-05 -1.49707e-10 -5.86111e-07 0.000280454 -3.1496e-05 -0.000572989 -3.10891e-07 
0 -2.83561e-08 9.41852e-06 -4.35049e-11 -1.9514e-05 -2.61491e-05 -6.20976e-09 -1.19596e-05 3.08134e-06 -1.39857e-08 -3.0055e-08 -1.19524e-09 -3.4346e-11 -4.87713e-10 -3.38191e-05 -1.15606e-05 9.30493e-05 -1.84376e-07 -2.34402e-06 -1.64334e-06 -7.33053e-05 -5.61009e-05 -4.97598e-07 0.000686448 -2.28135e-06 -1.19066e-10 -2.06076e-11 1.19522e-07 0 3.65876e-08 7.6352e-07 0.000184199 -8.78679e-06 -0.000122305 4.07884e-06 0 5.60864e-05 -1.95384e-06 -4.54283e-09 0 0.000121834 -2.33553e-10 1.07747e-06 -1.78027e-08 0.000139371 -2.22699e-08 -1.27538e-08 6.44757e-06 -4.40384e-08 2.05276e-07 -2.41796e-09 0 -8.11207e-08 -4.09114e-07 -0.000354819 -0.000177964 -2.22914e-06 -1.28983e-07 -1.60281e-11 0 -9.66267e-09 -0.000125491 0.000125289 0 -8.03605e-07 1.77535e-05 -1.14487e-11 1.2547e-06 1.90489e-05 2.1553e-06 1.01839e-05 -0.000247859 -0.000110002 -1.44081e-07 -2.77974e-09 -3.71661e-07 3.37834e-07 1.06195e-07 -5.80589e-07 -0.000204667 0 -3.89255e-11 -5.20548e-08 0 0 -7.27484e-07 0.000101336 0 -9.86188e-09 -2.06883e-06 -9.3573e-05 4.80101e-07 -4.60236e-10 5.97973e-05 -1.41963e-10 6.6906e-08 -4.465e-05 -3.56518e-05 6.13716e-05 6.94885e-05 
0 -1.25411e-06 -3.50142e-05 3.46036e-11 0.000218108 -0.00014765 4.93921e-09 -0.000107318 3.82758e-07 1.11242e-08 -4.19428e-07 9.5069e-10 2.73187e-11 3.87925e-10 2.62818e-05 7.67468e-05 1.28352e-05 1.46652e-07 -0.000233082 -9.48221e-07 5.09998e-05 2.12569e-05 3.95787e-07 -2.28135e-06 0.000546075 9.47047e-11 1.63912e-11 -2.32008e-06 0 1.24232e-07 7.80585e-09 -8.15715e-06 -0.000257881 -0.000185429 -1.42628e-06 0 -2.19545e-06 -7.79789e-06 3.61335e-09 0 0.000177119 1.85767e-10 1.14543e-07 1.41602e-08 1.90329e-05 -1.17562e-06 -6.52234e-09 -8.71667e-07 3.5028e-08 1.43623e-08 1.92323e-09 0 6.4523e-08 3.25407e-07 -1.05306e-05 -0.00011443 2.12832e-06 1.02593e-07 1.27487e-11 0 -1.08981e-07 -0.000174854 0.000170795 0 -5.26082e-06 -5.06642e-05 9.10622e-12 -2.80112e-07 -1.13217e-07 1.23692e-05 -8.06681e-09 -0.000228391 -0.000151227 -2.21485e-06 -3.17789e-07 -1.36139e-06 7.33087e-08 3.75176e-10 -1.6682e-06 0.000212421 0 3.09612e-11 4.14042e-08 0 0 -6.25114e-07 0.000219076 0 7.8441e-09 3.14338e-06 5.76019e-05 -8.04931e-07 3.6607e-10 -4.47616e-05 1.12917e-10 -5.32168e-08 -4.1434e-06 1.45421e-05 -5.40648e-05 -1.29218e-06 
0 -7.1552e-12 -1.2505e-07 -1.09778e-14 1.96794e-08 -6.88513e-09 -1.56693e-12 -3.02286e-09 -1.55267e-10 -3.52907e-12 -7.58391e-12 -3.016e-13 -8.66667e-15 -1.23067e-13 -1.11168e-08 2.00863e-10 -4.08859e-08 -4.65244e-11 -1.00278e-09 -5.24016e-10 1.28785e-07 -1.41671e-08 -1.25561e-10 -1.19066e-10 9.47047e-11 1.73333e-07 -5.2e-15 -2.5354e-11 0 9.23231e-12 -2.47636e-12 -9.97049e-10 -2.27945e-09 1.18936e-07 -2.97313e-11 0 -1.94208e-11 -4.72971e-09 -1.14631e-12 0 -1.18437e-07 -5.89333e-14 -1.9073e-10 -4.49222e-12 -6.90204e-09 -5.61947e-12 -3.21822e-12 -8.19017e-10 -1.11124e-11 -4.55636e-12 -6.10133e-13 0 -2.04695e-11 -1.03233e-10 7.91857e-09 8.85532e-08 -6.75196e-10 -3.25468e-11 -4.04444e-15 0 -2.43822e-12 1.08058e-07 -1.06847e-07 0 -2.02777e-10 -2.70582e-09 -2.88889e-15 -5.60109e-11 -5.32422e-12 2.8914e-09 -8.73265e-11 -7.3968e-08 1.2182e-07 -2.98784e-10 -7.01422e-13 -2.58641e-10 -2.32567e-11 -1.19022e-13 -1.46502e-10 -1.15516e-07 0 -9.82222e-15 -1.31352e-11 0 0 -3.52633e-10 -1.19976e-07 0 -2.48849e-12 -2.32118e-09 1.22751e-07 -1.00678e-11 -1.16133e-13 -3.87587e-10 -3.58222e-14 1.68827e-11 -1.13298e-08 1.53795e-09 -1.21585e-07 -7.43906e-11 
0 -1.2384e-12 4.31834e-09 -1.9e-15 -9.92729e-09 -1.19166e-09 -2.712e-13 -5.23187e-10 -2.68731e-11 -6.108e-13 -1.3126e-12 -5.22e-14 -1.5e-15 -2.13e-14 -1.92406e-09 3.47648e-11 -7.0764e-09 -8.0523e-12 -1.73558e-10 -9.06951e-11 -3.67184e-09 -2.452e-09 -2.17317e-11 -2.06076e-11 1.63912e-11 -5.2e-15 3e-08 -4.3882e-12 0 1.5979e-12 -4.286e-13 -1.72566e-10 -3.9452e-10 -5.37639e-09 -5.1458e-12 0 -3.3613e-12 1.25147e-08 -1.984e-13 0 5.4628e-09 -1.02e-14 -3.30109e-11 -7.775e-13 -1.19458e-09 -9.726e-13 -5.57e-13 -1.41753e-10 -1.9233e-12 -7.886e-13 -1.056e-13 0 -3.5428e-12 -1.78673e-11 -1.19628e-08 -1.0635e-08 -1.16861e-10 -5.6331e-12 -7e-16 0 -4.22e-13 -7.25927e-09 7.46882e-09 0 -3.5096e-11 -4.68316e-10 -5e-16 -9.6942e-12 -9.215e-13 5.00435e-10 -1.51142e-11 5.31179e-10 -4.87724e-09 -5.17126e-11 -1.214e-13 -4.47648e-11 -4.0252e-12 -2.06e-14 -2.53562e-11 5.96838e-09 0 -1.7e-15 -2.2734e-12 0 0 -6.10326e-11 5.1965e-09 0 -4.307e-13 -4.01742e-10 -4.71611e-09 -1.7425e-12 -2.01e-14 -6.70824e-11 -6.2e-15 2.922e-12 -1.96093e-09 2.66184e-10 4.91797e-09 -1.28753e-11 
0 -6.03816e-09 -8.35047e-05 -9.26398e-12 -4.37929e-05 2.91308e-06 -1.32231e-09 2.82357e-05 -1.31027e-07 -2.97813e-09 6.30267e-07 -2.54516e-10 -7.31367e-12 -1.03854e-10 2.62021e-05 -7.12716e-06 -3.01296e-06 -3.92612e-08 -4.82897e-07 -4.42209e-07 -3.77973e-06 -1.19521e-05 3.42071e-06 1.19522e-07 -2.32008e-06 -2.5354e-11 -4.3882e-12 0.000146252 0 7.79101e-09 -2.08976e-09 -1.14728e-07 3.29631e-05 8.75692e-05 -2.50898e-08 0 4.69444e-08 -3.99133e-06 -9.67354e-10 0 -9.34546e-05 -4.97329e-11 -1.60954e-07 -3.79092e-09 -4.84786e-06 1.16192e-06 -2.71581e-09 1.65551e-06 -9.37758e-09 -3.84504e-09 -5.14882e-10 0 -1.72739e-08 2.80955e-06 4.98569e-06 5.8916e-05 1.87021e-06 -2.74657e-08 -3.41304e-12 0 -2.05758e-09 7.29121e-05 -7.5037e-05 0 4.32213e-07 2.36326e-06 -2.43789e-12 6.93999e-08 -4.49303e-09 -8.07332e-06 -7.36935e-08 -4.22538e-05 2.34966e-06 -2.52139e-07 -5.91919e-10 3.04507e-06 -1.9626e-08 -1.00441e-10 1.06369e-07 -7.90328e-05 0 -8.28882e-12 -1.10846e-08 0 0 3.75752e-07 -7.6893e-05 0 -2.1e-09 7.25786e-06 4.73086e-05 4.1504e-08 -9.80031e-11 3.86959e-06 -3.02298e-11 1.4247e-08 5.24256e-05 -2.21465e-08 -5.21711e-05 7.77223e-07 
0 0 0 0 0 0 0 0 0 0 0 0 0 0 0 0 0 0 0 0 0 0 0 0 0 0 0 0 0 0 0 0 0 0 0 0 0 0 0 0 0 0 0 0 0 0 0 0 0 0 0 0 0 0 0 0 0 0 0 0 0 0 0 0 0 0 0 0 0 0 0 0 0 0 0 0 0 0 0 0 0 0 0 0 0 0 0 0 0 0 0 0 0 0 0 0 0 0 0 0 
0 2.19871e-09 4.79302e-06 3.37334e-12 1.36094e-07 1.76905e-06 4.81501e-10 -3.07444e-06 4.77117e-08 1.08444e-09 2.33045e-09 9.26782e-11 2.66317e-12 3.7817e-11 -3.44395e-06 2.84828e-06 7.22042e-06 1.42964e-08 -4.25186e-06 -3.52898e-06 -4.47419e-06 -1.86599e-05 -5.47499e-08 3.65876e-08 1.24232e-07 9.23231e-12 1.5979e-12 7.79101e-09 0 5.32605e-05 7.60955e-10 2.59715e-07 -2.46288e-06 -7.97785e-06 9.13608e-09 0 5.9678e-09 -1.24299e-05 3.52248e-10 0 9.6411e-06 -1.53315e-07 -1.81391e-07 1.38041e-09 -3.96924e-05 1.7268e-09 9.88923e-10 -2.95499e-06 3.41471e-09 1.40012e-09 1.87487e-10 0 -2.60377e-07 3.17224e-08 2.695e-05 -4.61476e-06 -2.10252e-06 1.00013e-08 1.24281e-12 0 -4.59174e-08 -7.0157e-07 1.19286e-06 0 -2.55436e-06 -5.51865e-07 8.87722e-13 1.72115e-08 1.63607e-09 3.07151e-06 -1.44983e-06 1.15285e-06 -5.83406e-06 9.18128e-08 2.15539e-10 -2.71893e-08 3.81319e-09 3.65742e-11 -3.91648e-07 1.39014e-06 0 3.01826e-12 4.0363e-09 0 0 -9.85497e-06 4.08391e-06 0 7.64684e-10 2.49938e-07 1.81986e-06 3.09371e-09 3.56864e-11 -3.75656e-08 1.10078e-11 3.74812e-07 1.94485e-06 2.79407e-06 7.13509e-06 -7.47141e-07 
0 -5.89754e-10 -1.51351e-06 -9.04822e-13 -4.2113e-06 1.44251e-06 -1.29151e-10 2.73751e-06 -1.27976e-08 -2.90877e-10 -6.25089e-10 -2.48588e-11 -7.14333e-13 -1.01435e-11 -7.36278e-07 -7.56778e-07 -2.42994e-06 -3.83468e-09 -8.26522e-08 5.86809e-07 -3.48611e-07 -1.1677e-06 -1.03491e-08 7.6352e-07 7.80585e-09 -2.47636e-12 -4.286e-13 -2.08976e-09 0 7.60955e-10 1.42865e-05 1.07449e-06 -1.87879e-07 3.69643e-07 -2.45054e-09 0 -1.60073e-09 7.68293e-08 -9.44825e-11 0 -3.88494e-07 -4.85747e-12 -1.57205e-08 -3.70263e-10 -5.68887e-07 -4.63174e-10 -2.65256e-10 -6.75059e-08 4.57507e-08 -3.75549e-10 -5.02891e-11 0 -1.68716e-09 -8.50881e-09 -4.23994e-07 -3.81303e-07 7.10149e-08 -2.68261e-09 -3.33356e-13 0 -2.00966e-10 -1.26369e-06 1.08348e-06 0 -1.67135e-08 1.52031e-06 -2.38111e-13 -4.61659e-09 9.95612e-08 -8.38348e-07 6.61356e-08 -1.86667e-06 -6.95984e-07 -2.46267e-08 -5.78134e-11 -2.1318e-08 -1.91689e-09 -9.81018e-12 -1.20752e-08 -7.61439e-06 0 -8.09578e-13 -1.08264e-09 0 0 -2.90651e-08 7.81355e-07 0 -2.05109e-10 1.41868e-06 1.56075e-06 -8.29817e-10 -9.57207e-12 7.68054e-07 -2.95258e-12 1.39152e-09 -7.53837e-07 -1.38657e-06 -1.68129e-06 7.80535e-07 
0 -2.37451e-07 -7.18868e-05 -3.64306e-10 -0.000348961 -0.000143455 1.91333e-07 -6.85326e-05 -3.71932e-06 -1.17115e-07 1.69832e-06 -1.00088e-08 -2.8761e-10 -4.08407e-09 0.000223278 -3.86742e-05 -0.000856031 -1.54395e-06 9.6872e-05 -1.49766e-05 -0.000139956 -0.00046078 1.00565e-05 0.000184199 -8.15715e-06 -9.97049e-10 -1.72566e-10 -1.14728e-07 0 2.59715e-07 1.07449e-06 0.00571912 -5.43454e-05 -0.000922311 2.37333e-05 0 6.98884e-06 -0.000111283 -3.80413e-08 0 0.000920305 -1.95575e-09 2.25538e-05 -1.49078e-07 -3.6903e-05 -1.86487e-07 -1.06799e-07 0.000239774 -1.12107e-07 -1.51206e-07 2.56419e-07 0 1.94036e-07 -3.36588e-06 -0.000979229 0.00110694 -2.19669e-05 -1.08009e-06 -1.34218e-10 0 1.18424e-05 -0.000570177 0.000297103 0 -6.72931e-06 6.73217e-05 -9.58701e-11 -1.75543e-06 2.20166e-05 5.57235e-05 2.04553e-05 -0.00150894 -0.00043057 -3.97539e-06 -2.32773e-08 2.36345e-06 1.58154e-06 -3.94985e-09 -4.8618e-06 -0.00117923 0 -3.25958e-10 -4.35902e-07 0 0 2.82426e-06 -0.000166046 0 -8.25825e-08 -6.86435e-05 -0.000835711 9.19226e-07 -3.85398e-09 0.000154418 -1.18879e-09 -2.90974e-06 -0.000372849 -0.000235155 0.000277078 0.000205358 
0 -3.49526e-07 -0.00444518 -8.32876e-10 -0.00928899 -0.00051643 3.44451e-07 0.00732494 -9.39976e-07 -2.67748e-07 -5.75386e-07 3.73785e-07 -6.57534e-10 -9.33698e-09 -0.000585571 -5.1864e-05 -0.00267132 -3.4431e-06 0.00054115 -3.712e-05 0.000597193 -0.00106772 -7.01621e-06 -8.78679e-06 -0.000257881 -2.27945e-09 -3.9452e-10 3.29631e-05 0 -2.46288e-06 -1.87879e-07 -5.43454e-05 0.0129777 0.0102569 1.3011e-05 0 1.49656e-06 -0.000345296 -6.36364e-08 0 -0.0102961 -4.47123e-09 -1.21338e-05 -2.70822e-07 -0.000514022 1.90403e-05 -2.44164e-07 -4.84715e-05 8.25691e-06 -3.45687e-07 -4.62904e-08 0 -1.45634e-06 -6.50223e-06 0.000568303 0.00720296 0.000128443 -1.38263e-06 -3.06849e-10 0 7.16806e-08 0.00818209 -0.00965141 0 -8.74453e-06 0.000913184 -2.19178e-10 1.33383e-06 6.66055e-07 -0.00166692 2.08479e-05 0.00224563 0.0042815 -2.25918e-05 2.66784e-07 0.000129917 -1.76447e-06 -9.03013e-09 1.5345e-05 -0.0101975 0 -7.45205e-10 -9.09891e-07 0 0 -2.6754e-05 -0.00839428 0 -4.54665e-08 0.000435224 0.00408009 -5.07168e-07 -8.81095e-09 -2.3086e-05 -2.71781e-09 -1.09125e-07 0.00362237 0.00010429 -0.00349561 1.10727e-05 
0 -7.39791e-06 -0.111338 5.19832e-08 -0.0669942 -0.00496218 4.80325e-06 0.011888 -0.000102354 -3.28211e-06 -8.07835e-07 8.91503e-07 4.10393e-08 -1.27241e-07 0.0455551 -0.000648983 0.0364393 0.000201664 0.0025231 0.00224944 0.0899484 -0.0129428 0.000542157 -0.000122305 -0.000185429 1.18936e-07 -5.37639e-09 8.75692e-05 0 -7.97785e-06 3.69643e-07 -0.000922311 0.0102569 0.147096 2.35735e-05 0 2.51371e-06 -0.00480329 4.96814e-06 0 -0.141914 1.02401e-07 -8.79695e-05 1.82254e-05 -0.00656816 2.59532e-05 -1.90406e-06 0.00101776 4.2704e-05 -4.71091e-06 -6.3083e-07 0 -1.30505e-05 0.000350428 0.00809216 0.108751 -0.000644547 0.000151106 -4.18164e-09 0 -2.52093e-06 0.117367 -0.122086 0 0.000907575 0.0114634 1.03464e-08 0.000162359 4.31839e-07 -0.0128294 0.000309165 -0.0324891 0.121761 -0.000277756 3.14812e-06 7.78021e-05 -6.57228e-06 -6.6393e-08 0.000693385 -0.11698 0 -1.01554e-08 -1.33674e-05 0 0 -0.000344675 -0.127323 0 1.15671e-05 -0.00116343 0.109241 1.67607e-05 5.49927e-07 -0.000302541 -3.70374e-08 1.63987e-05 0.0511679 0.000691551 -0.113029 -4.18274e-05 
0 -7.08062e-09 -4.10163e-05 -1.08634e-11 -1.44324e-05 9.273e-05 -1.5506e-09 2.5602e-05 -1.69818e-08 -3.49228e-09 -7.50486e-09 -2.98456e-10 -8.57633e-12 -1.21784e-10 2.19824e-05 1.9877e-07 3.25869e-05 -4.60395e-08 1.34339e-07 -1.18876e-08 3.47273e-06 -1.40194e-05 3.92414e-07 4.07884e-06 -1.42628e-06 -2.97313e-11 -5.1458e-12 -2.50898e-08 0 9.13608e-09 -2.45054e-09 2.37333e-05 1.3011e-05 2.35735e-05 0.000171497 0 -1.92184e-08 1.00996e-05 -1.13436e-09 0 -1.93728e-05 -5.83191e-11 -1.88742e-07 -4.4454e-09 1.11932e-05 3.51106e-07 -3.18468e-09 -8.1048e-07 -1.09966e-08 -4.50886e-09 -6.03774e-10 0 9.36411e-07 1.47843e-07 5.08937e-06 0.000101347 -6.68159e-07 -3.22076e-08 -4.00229e-12 0 -2.41281e-09 2.97447e-05 -2.76633e-05 0 -1.20663e-07 -2.58762e-06 -2.85878e-12 2.84573e-07 -5.26873e-09 -4.83021e-05 5.90692e-06 -7.0977e-05 -1.44392e-05 -1.5567e-07 -6.94111e-10 -2.55945e-07 -2.30143e-08 -1.17782e-10 1.21691e-07 -0.000129899 0 -9.71984e-12 -1.29983e-08 0 0 -3.48957e-07 -7.21221e-05 0 -2.46255e-09 -2.09365e-06 8.40254e-05 1.60037e-07 -1.14923e-10 -3.83547e-07 2.32979e-08 1.67067e-08 3.56316e-05 -0.000103818 -0.000135501 2.76638e-06 
0 0 0 0 0 0 0 0 0 0 0 0 0 0 0 0 0 0 0 0 0 0 0 0 0 0 0 0 0 0 0 0 0 0 0 0 0 0 0 0 0 0 0 0 0 0 0 0 0 0 0 0 0 0 0 0 0 0 0 0 0 0 0 0 0 0 0 0 0 0 0 0 0 0 0 0 0 0 0 0 0 0 0 0 0 0 0 0 0 0 0 0 0 0 0 0 0 0 0 0 
0 -4.62515e-09 6.01138e-06 -7.09608e-12 7.44081e-06 -1.15724e-06 -1.01287e-09 -1.82399e-06 2.76302e-07 -2.2812e-09 -4.90227e-09 -1.94955e-10 -5.60217e-12 -7.95508e-11 -7.15592e-06 -1.73683e-06 1.19579e-05 -3.00736e-08 5.7218e-06 4.77941e-07 -1.28168e-05 -8.96433e-06 -1.16307e-09 5.60864e-05 -2.19545e-06 -1.94208e-11 -3.3613e-12 4.69444e-08 0 5.9678e-09 -1.60073e-09 6.98884e-06 1.49656e-06 2.51371e-06 -1.92184e-08 0 0.000112031 -4.1397e-07 -7.4098e-10 0 3.489e-06 -3.80947e-11 1.07834e-05 -2.90379e-09 5.99516e-06 -3.63244e-09 -2.08027e-09 6.38392e-06 -7.1831e-09 -2.94525e-09 -3.94393e-10 0 -1.32316e-08 -6.67304e-08 -4.45147e-05 1.92139e-05 -4.26449e-07 -2.10384e-08 -2.61434e-12 0 -1.57608e-09 -1.10884e-05 1.71644e-05 0 6.89242e-08 1.11809e-05 -1.86739e-12 -2.28723e-08 -3.4416e-09 1.60235e-06 -5.64482e-08 -4.43532e-05 -1.45954e-05 -1.93135e-07 -4.53402e-10 -1.6052e-07 -1.50332e-08 -7.69364e-11 -9.46998e-08 -8.20628e-05 0 -6.34912e-12 -8.49064e-09 0 0 -1.0461e-07 -4.10223e-06 0 -1.60857e-09 1.34958e-06 1.84664e-05 -6.50785e-09 -7.5069e-11 2.49462e-07 -2.31556e-11 1.0913e-08 -1.56696e-06 -5.25592e-05 -1.59025e-05 1.27858e-06 
0 1.16935e-07 0.00380072 -1.72816e-09 0.00275872 0.00156052 -2.46673e-07 -0.000448696 2.0244e-05 -1.45559e-07 7.63278e-06 -4.7479e-08 -1.36434e-09 -1.93736e-08 -0.00173192 3.534e-06 -0.00490631 -3.18738e-06 -0.000148238 -4.61726e-05 -0.00311117 -0.00110509 -1.96763e-05 -1.95384e-06 -7.79789e-06 -4.72971e-09 1.25147e-08 -3.99133e-06 0 -1.24299e-05 7.68293e-08 -0.000111283 -0.000345296 -0.00480329 1.00996e-05 0 -4.1397e-07 0.0265422 -1.80457e-07 0 0.00480061 1.44056e-07 -2.09221e-05 -7.07183e-07 0.00235141 -8.84638e-07 -2.23291e-07 -0.000118696 -1.46936e-06 9.16272e-06 3.60617e-07 0 -2.95572e-06 -1.62514e-05 -0.0171879 -0.00758891 -8.90453e-05 -5.12364e-06 -6.36692e-10 0 -3.83834e-07 -0.00611649 0.00567144 0 -1.80519e-05 -0.000336738 -4.5478e-10 -8.81745e-06 -8.38159e-07 0.000328809 -1.25073e-05 0.00335522 -0.00414748 1.76743e-05 -1.10421e-07 -2.78529e-05 4.22122e-05 1.91263e-07 -1.90863e-05 0.00119037 0 -1.54625e-09 -1.76446e-06 0 0 -4.96395e-05 0.00434024 0 -3.91747e-07 -0.000345942 -0.00178023 -4.94908e-07 -1.82822e-08 -2.95188e-05 -5.63927e-09 2.0644e-06 -0.00155278 -0.0018481 0.0013348 -1.06742e-05 
