0.0097746 0.00144735 0.00195927 -0.00439859 0.00372078 -1.55604e-05 -1.21371e-05 0.0042835 1.13596e-06 -0.00494877 0.00377237 0.00613568 0.00175185 4.65705e-06 -0.00599445 0.00772335 -0.000201841 7.85773e-05 -0.00109994 0.000390185 -0.000242485 -0.00260312 -0.000133048 0.000151134 -0.000297497 -0.00047284 -0.00550122 -0.00184383 -0.000225538 -6.05373e-05 -0.00109071 -9.91799e-06 0.000916545 -4.58067e-05 0.0042732 -0.000119169 1.01232e-05 0.00508744 -7.43695e-08 -0.00578178 9.52084e-05 -0.00628018 1.83288e-06 -0.000106065 -2.71741e-06 0.00272747 -1.33489e-05 -0.00161679 -0.00652597 -0.00639548 -4.17675e-05 -0.00041463 -2.87195e-05 -1.31956e-08 -0.00418008 -3.17564e-05 -0.000251225 -0.000617306 -6.16641e-07 3.26865e-05 -4.27427e-07 -0.00124821 -0.00466928 -1.1406e-05 -2.14522e-06 0.00367428 -4.41255e-06 0.00364469 -0.00129497 -5.33749e-08 -0.00494664 1.67638e-07 0.000392352 0.00434514 -3.2448e-06 -0.00116326 -0.00125706 -0.00710346 -0.00015651 -0.00383133 -0.000169241 0.000787214 -2.27298e-05 -1.98027e-05 -7.76931e-08 0.00204019 -0.000125529 0.00352887 -8.97448e-08 -2.48554e-08 0.00502346 1.39182e-06 0.00403968 -0.00491459 0.00210686 -1.90665e-05 0.0040959 0.00429177 -5.05592e-06 0.000263214 
0.00144735 0.148232 0.000228555 0.0332269 -0.000871102 -0.00170908 -0.000698463 -0.00115757 -0.00120436 0.0197564 0.00112239 -0.0238613 0.0307689 -0.000992011 -0.0531301 0.0202325 -0.0129203 -0.00537525 -0.0173837 0.0345323 -0.0139111 -0.0698222 0.00237726 -0.00201232 -2.44555e-05 -0.0120856 0.0631008 0.00310566 0.00207406 0.00103948 -0.0821587 -0.000816382 0.0310588 -0.00247061 0.0192837 0.00192827 -1.15068e-05 0.0238564 -6.03219e-07 -0.0179557 -0.00145076 0.100812 -2.54861e-05 -0.00496769 -7.10281e-05 -0.00674953 0.00015509 0.016545 0.0375054 -0.0312906 -0.00350239 -0.0470165 -0.00213365 -1.09475e-06 0.0702802 -0.00257861 -0.00349029 -0.0514813 -3.32815e-05 4.18211e-05 6.46954e-06 -0.098637 0.0805963 0.000165239 2.38561e-05 0.00365638 -0.000626661 0.00246619 -0.0989581 -2.12812e-06 0.0392734 -2.39667e-06 -0.00147928 0.00240656 8.66463e-05 -0.0899971 -0.0497355 0.0401832 -0.0124276 0.00573114 -0.00244362 0.00257157 -0.000852634 -0.00152259 -5.52562e-06 -0.0097173 -0.00186731 0.00066579 2.04535e-06 -0.000347718 0.00739823 -2.8201e-06 0.00656938 0.0212958 -0.0350764 -0.00159615 -0.0532884 0.0541086 -0.000187913 0.00422089 
0.00195927 0.000228555 0.00205303 -0.000918616 0.0017167 -4.38189e-06 -2.53832e-06 0.00187321 -1.11255e-05 -0.00103368 -1.93418e-05 0.00123139 0.0011518 6.82957e-06 -0.00121131 0.00136678 -4.52332e-05 4.27625e-05 -0.000227791 8.81577e-05 -5.01379e-05 -0.000638747 -2.80221e-05 -9.42936e-07 -6.18796e-05 -0.000101821 -0.00148874 -0.000399288 -4.74544e-05 -1.26155e-05 -0.000226988 -2.06684e-06 -0.000293367 -2.27433e-05 0.00166923 -2.5947e-05 1.76459e-06 0.0014793 -1.54981e-08 -0.00121475 3.46165e-05 -0.00143191 1.70724e-06 -3.22619e-06 6.81411e-07 -0.000163659 -2.7818e-06 -0.000388856 -0.00138808 -0.00135034 -9.8516e-06 -3.65547e-05 -6.24751e-06 -2.74988e-09 -0.000831329 -7.33719e-06 -3.52581e-05 -0.000131267 -1.28504e-07 1.16776e-07 -8.90726e-08 -0.000227137 -0.00100959 -2.41097e-06 -6.84616e-07 -4.11029e-05 1.76196e-06 0.000907631 -0.000277004 -1.11229e-08 -0.00101305 3.36165e-07 2.18091e-05 6.53804e-05 -8.21607e-07 -0.000251872 -0.000285517 -0.0014985 -3.44676e-05 -0.00172295 -3.61441e-05 -2.90778e-05 -4.7395e-06 -4.1455e-06 -1.61907e-08 -3.92837e-05 -1.78464e-05 -3.73106e-06 -6.03807e-08 -6.9311e-07 0.00190739 -2.87948e-08 0.00182635 -0.00103274 -0.000179879 -3.66362e-06 0.00170472 -2.0473e-05 -1.09433e-06 0.000273921 
-0.00439859 0.0332269 -0.000918616 0.249081 -0.00309325 -0.00110648 -0.000338709 -0.00331988 -0.00231306 -0.0677056 -0.00480041 0.057521 0.0650518 -0.000888783 -0.0659105 -0.00594223 -0.00982145 -0.000106273 0.0536585 0.0245306 0.0103471 -0.00306747 -0.0063637 -0.00307368 -0.00982934 0.000371468 -0.0333821 0.0159052 0.00715616 -0.00325092 -0.0216969 -0.00028273 0.00745857 -0.0051155 0.00430196 -0.00582136 1.97719e-05 -0.00807277 -2.55095e-07 -0.0316473 0.000459193 0.025379 -4.9631e-06 -0.00599095 -0.000176958 0.00276398 -0.000603141 0.0501971 -0.0259006 -0.0254302 -0.00196038 0.00225336 -0.00147925 -5.75531e-07 -0.0357821 -3.38138e-05 -0.00868401 -0.0179224 4.3243e-06 -0.000126509 -2.22445e-05 -0.012311 -0.0803401 -0.000319344 -0.000100727 -0.0111509 -0.00028267 0.00763208 -0.00638801 7.76058e-07 -0.0610791 -8.55367e-07 -0.00207856 -0.0104494 -0.000255117 -0.0610238 0.0245282 0.0501138 -0.0114229 -0.0113276 -0.0084584 -0.00695278 -0.00110934 0.000733254 2.28636e-06 -0.00989503 -0.00500694 -0.00195875 -2.46829e-06 -8.5153e-05 0.0190145 1.15726e-06 0.0194635 -0.0660362 -0.0385051 0.000708165 0.0290987 0.079774 0.000152659 -0.00798354 
0.00372078 -0.000871102 0.0017167 -0.00309325 0.0108393 -9.34976e-06 -9.08541e-06 0.00931451 -4.35077e-05 -0.00546909 -0.000139787 0.00620382 0.00646315 -4.38158e-07 -0.00677861 0.00800781 -0.000202511 0.000363377 0.000386227 0.000431065 -0.000253009 -0.00310317 -0.00014875 0.0037498 -0.000319565 -0.00043794 -0.00777632 -0.00203889 -0.000252316 -6.67718e-05 -0.00121378 9.22932e-07 -0.00140175 -1.73442e-05 0.00934659 -0.00015204 -2.00871e-06 0.00824281 2.75744e-06 -0.00646697 -2.81104e-05 -0.00592983 -2.5086e-07 -0.000172147 6.24727e-05 -0.000621808 -1.30658e-05 -0.00208194 -0.00734467 -0.00718693 -4.72645e-05 0.00208278 -3.21826e-06 9.55351e-07 -0.00484472 -3.94149e-05 -0.000231797 -0.000690328 1.34211e-06 -4.74151e-06 -4.17839e-07 -0.00114443 -0.00537012 -1.28437e-05 -2.32707e-06 -0.000241004 3.19637e-05 0.00588091 -0.00147138 -5.92538e-08 -0.00554234 1.26064e-05 0.00371768 3.82414e-05 2.3553e-05 -0.00129156 -0.0014977 -0.00798383 -0.00015552 -0.00916385 -0.000192504 -0.000158928 -2.19381e-05 -1.79272e-05 -8.62505e-08 -0.000192281 -9.12018e-05 -3.92399e-05 -3.21658e-07 -3.34914e-06 0.0101186 -1.53395e-07 0.0100252 -0.00549861 -0.000960262 -7.72216e-06 0.00905522 0.000461109 5.67149e-05 0.000210519 
-1.55604e-05 -0.00170908 -4.38189e-06 -0.00110648 -9.34976e-06 0.00212542 0.000616075 -3.13066e-05 0.000271781 -0.000296202 -2.16467e-05 -0.000739932 0.000811131 0.000883514 -0.00113446 -0.000292947 0.00110442 5.54915e-05 -0.000238073 -0.00133773 -3.92152e-05 0.00139751 -2.88386e-05 -1.1266e-05 -6.54351e-05 0.00174552 -0.000555898 0.000914856 -4.92107e-05 1.67387e-05 -0.000220816 0.000509457 -0.000374425 0.00180904 -0.000276987 -2.9541e-05 -3.95576e-07 -0.000407354 -1.60457e-08 -0.000297561 -5.07842e-06 -0.000597928 5.99765e-06 -4.42397e-05 7.46351e-05 0.000984375 -7.40104e-07 0.000169885 0.000205669 -0.000882273 0.00067735 -0.000142449 0.000682535 -2.84705e-09 -0.000950549 -7.29917e-06 -6.98764e-05 -4.19485e-05 -1.33044e-07 2.21575e-05 -9.22202e-08 -0.000289119 -0.00101985 -2.49616e-06 3.31192e-07 -4.75491e-05 0.000456516 -0.000183657 -0.000262113 4.8484e-08 -0.00087117 -3.50307e-08 -8.25108e-06 -4.18483e-05 -1.1992e-06 0.00182673 -0.000294399 -0.00136597 0.0010189 -0.0015487 -3.67855e-05 -3.05756e-05 0.000623893 2.04047e-05 -1.67628e-08 0.000737288 -2.66424e-05 -7.87311e-06 -6.25143e-08 -1.06617e-06 -0.000140516 -2.98123e-08 -0.000129749 -0.00010599 -0.000186701 -1.93329e-06 -0.000347453 -0.000728208 -8.63941e-07 -5.0138e-05 
-1.21371e-05 -0.000698463 -2.53832e-06 -0.000338709 -9.08541e-06 0.000616075 0.00123231 -1.80943e-05 -2.82582e-06 -0.000607548 -1.58104e-05 -5.7596e-05 0.000569087 0.000672365 -0.000537934 -0.000170561 0.000667098 -9.32137e-06 -0.000145715 -0.000598698 8.22604e-05 0.000660273 -1.53228e-05 -5.35168e-06 1.51878e-05 0.00073196 -0.00061329 0.000281555 0.000234483 4.18339e-05 3.5523e-05 0.000393067 -0.000139402 0.000677853 -0.00015 -1.72675e-05 -2.29148e-07 -0.000144233 -9.29488e-09 -0.000682391 -8.8809e-07 -0.000627168 4.0237e-06 -2.2759e-05 0.00011453 0.00055756 -1.66837e-06 -7.6175e-05 -0.000495855 -0.000580009 -1.87511e-06 0.00017218 0.000668 -1.64922e-09 -0.000519468 -4.44642e-06 1.2157e-05 -6.44776e-05 -7.70693e-08 3.9963e-06 -5.34209e-08 8.8547e-05 -0.000550894 -1.44597e-06 -1.47262e-07 -2.7544e-05 0.000454809 4.23642e-06 4.26814e-05 1.06662e-07 -0.000602781 -2.02924e-08 -4.92447e-06 9.20555e-06 1.37866e-06 0.000774273 6.68177e-05 -0.000576685 0.000607618 -0.000756167 -2.16912e-05 -6.88026e-06 0.000455038 2.36604e-05 -9.71027e-09 -2.33502e-05 -1.33622e-05 -4.5607e-06 2.33787e-07 -5.27604e-07 -8.43122e-05 -1.72696e-08 -7.88714e-05 -0.000618947 0.000126256 -1.25047e-06 -0.000150008 -0.000162958 -6.72312e-07 -2.27595e-05 
0.0042835 -0.00115757 0.00187321 -0.00331988 0.00931451 -3.13066e-05 -1.80943e-05 0.0144868 -7.78457e-05 -0.00683021 -0.000184334 0.00791789 0.00862463 -2.43507e-06 -0.00806262 0.0103267 0.000649606 0.000385148 8.18982e-05 0.00060072 -0.000350947 -0.00380789 -0.000191329 0.00396364 -0.000451231 3.15622e-05 -0.0103567 -0.000955297 -1.23603e-05 -8.99978e-05 -0.00163078 -1.47713e-05 -0.00183418 5.35574e-05 0.0107537 -0.000192337 -2.73063e-06 0.0102538 4.16924e-06 -0.0086637 -2.59235e-05 -0.00819293 1.20855e-06 -0.000253092 2.48167e-05 0.00125477 -1.83478e-05 -0.000799324 -0.00862477 -0.00958273 -6.17544e-05 0.0025058 3.06834e-05 -1.96529e-08 -0.00639881 -4.50356e-05 -0.000194933 -0.000937164 1.08494e-06 -2.42147e-06 -6.36588e-07 -0.00123929 -0.0065134 -1.36741e-05 -4.83284e-06 -0.000256607 -1.26029e-05 0.007225 -0.00197863 -7.94938e-08 -0.00674361 9.18485e-06 0.00391765 0.000222462 -5.74133e-06 -0.000806363 -0.00203987 -0.00964102 0.000704615 -0.0114793 -0.000228479 -0.000191736 -3.20724e-05 -2.75806e-05 -1.15712e-07 -0.000279777 -0.000188965 -5.0304e-05 3.51358e-08 -4.27298e-06 0.0116114 -2.05792e-07 0.0106339 -0.0073715 -0.0012803 -2.87562e-05 0.010189 0.00150318 1.86651e-05 0.000337095 
1.13596e-06 -0.00120436 -1.11255e-05 -0.00231306 -4.35077e-05 0.000271781 -2.82582e-06 -7.78457e-05 0.00537868 0.00239095 -5.69373e-05 -0.00187322 -0.000126556 -6.01037e-06 0.00140816 -0.000740543 -0.000113492 -2.08664e-05 -0.000628264 -0.00406919 -0.000127854 0.00255205 -7.37942e-05 -2.69418e-05 -0.000165342 -7.18958e-05 0.00142336 -0.000768149 -3.4635e-05 -1.70858e-05 0.00124975 -4.81309e-06 -0.000882635 0.00113337 -0.000711778 -7.61805e-05 -1.00436e-06 -0.00103531 -4.07397e-08 0.00214596 -5.29938e-06 -0.000211883 -2.17543e-07 -2.42201e-05 9.2156e-06 -0.000404591 7.11641e-05 -0.00102947 0.00174998 0.00167037 0.000172476 -0.000394332 9.11716e-06 -7.2286e-09 -0.00199601 -1.94888e-05 -0.000183618 0.00111846 -2.27797e-07 -2.42688e-06 -2.34145e-07 0.000685088 -0.00227891 1.94156e-05 3.74368e-06 -0.00011183 -4.97758e-06 -0.00190676 0.00106764 -2.92389e-08 -0.00125203 -8.89424e-08 -2.15841e-05 5.71973e-05 -3.04475e-06 0.00293222 -0.000744397 -0.000379563 -0.000111125 -0.00115481 -8.746e-05 -7.9933e-05 7.25913e-05 0.000184606 7.43959e-09 0.00105467 -6.87638e-05 -1.9033e-05 -1.58723e-07 -2.70698e-06 -0.000367624 2.24764e-06 -0.000337998 0.00256116 -0.000417896 -9.27156e-06 -0.000895377 -0.00149473 -1.37676e-06 -8.78198e-05 
-0.00494877 0.0197564 -0.00103368 -0.0677056 -0.00546909 -0.000296202 -0.000607548 -0.00683021 0.00239095 0.249993 -0.00623176 -0.174511 -0.187572 -0.000902039 0.184049 -0.0698622 -0.00762361 -0.00418363 -0.0591535 -0.0234357 -0.0123278 -0.0885167 -0.00646172 -0.00154339 -0.0142882 -0.0193176 0.128411 -0.0750674 -0.0101676 -0.0028616 0.00139887 -0.000451124 -0.0884977 -0.00153839 -0.0665176 -0.00600674 -9.33388e-05 -0.094715 -3.78609e-06 0.198243 -0.00108245 0.0944944 -1.95204e-05 -0.00867931 -0.000120779 -0.0347777 0.000511867 -0.0934543 0.159849 0.166275 0.00153572 -0.0366812 0.000206197 -6.7178e-07 0.181277 -0.00129383 -0.0151862 0.00720557 -2.3976e-05 -0.000223389 -2.04066e-05 -0.0321154 -0.0145365 7.43268e-05 -6.86313e-05 -0.0111971 -0.00038262 -0.162586 -0.0268819 -2.44394e-06 0.203741 -8.26574e-06 -0.00200415 -0.00972519 -0.000276127 0.0102486 -0.0692731 0.106048 -0.00740795 0.063711 -0.00426621 -0.00740203 -0.000442806 -0.000800634 -2.89529e-06 0.0053009 -0.00521214 -0.00185748 4.29933e-06 -0.000247082 -0.0344606 -4.40775e-06 -0.0321623 0.24348 -0.036009 -0.000929862 -0.0821551 -0.174275 -0.00026204 -0.0109427 
0.00377237 0.00112239 -1.93418e-05 -0.00480041 -0.000139787 -2.16467e-05 -1.58104e-05 -0.000184334 -5.69373e-05 -0.00623176 0.0126498 0.00753126 -0.00360019 -2.26271e-05 -0.00781352 0.00807347 -0.000281847 -0.000108301 0.000445517 0.000575124 0.000437144 -0.00241329 -0.000170393 -8.29587e-05 -0.000390921 -0.000586353 -0.00602047 -0.00210875 -0.000257772 -7.85347e-05 -0.000441343 -4.02698e-06 0.004623 -0.000141117 -0.00106573 -0.000179349 7.53514e-07 0.00495189 -9.65323e-08 -0.00545082 -1.82726e-05 -0.00531363 8.57868e-07 -0.000199728 -5.22329e-06 0.00418611 -1.68003e-05 -0.00196284 -0.00769727 -0.00685989 0.000371941 0.00136312 -1.87504e-05 -1.71281e-08 -0.00533638 2.45415e-05 -0.000421828 -0.000768881 -4.6374e-07 6.42562e-05 -5.54804e-07 -0.00177866 0.000825431 5.10362e-05 -2.08425e-06 0.00952054 -1.21165e-05 0.00392015 0.000202115 3.45405e-06 -0.0063152 3.02585e-07 -5.11432e-05 0.00955735 0.000105209 -0.00148096 -0.00136449 -0.00704938 -0.000281187 0.00191664 0.00101826 0.00201984 -2.91508e-05 -2.42476e-05 -1.00846e-07 0.00210168 -0.000160585 0.00357651 -2.19425e-07 -6.32081e-06 -0.000869962 2.90398e-06 -0.000810478 -0.00537171 0.0059817 -7.20047e-06 -0.00199337 0.00798192 -6.89231e-06 -5.41966e-05 
0.00613568 -0.0238613 0.00123139 0.057521 0.00620382 -0.000739932 -5.7596e-05 0.00791789 -0.00187322 -0.174511 0.00753126 0.226903 0.132777 -0.000485534 -0.129075 0.0893836 -0.00764573 -0.00289254 0.0495502 0.017464 0.0142821 0.0121256 -0.00468224 0.00211706 -0.010628 -0.0163491 -0.0923389 -0.0106325 0.00916009 -0.00213115 0.0145141 -9.12127e-05 0.069248 -0.00211965 0.0845676 -0.00488463 -5.89982e-05 0.0855141 -6.51081e-08 -0.127149 0.00123836 -0.0592994 1.44135e-05 -0.00733249 -0.000119959 0.0043986 -0.000447162 0.0345968 -0.175354 -0.086111 -0.00125652 0.0461891 -0.000674369 -4.65191e-07 -0.152643 0.0018274 -0.00961086 0.0024165 2.5238e-05 4.78995e-06 -1.45116e-05 0.0350834 0.00523306 -7.28688e-05 5.25415e-05 0.0134579 -7.99637e-05 0.0809079 0.0461604 2.44502e-06 -0.174356 6.78618e-06 0.00253363 0.00909562 4.87171e-05 -0.0117429 0.0861214 -0.0907391 -0.00761645 -0.0149045 0.00638417 0.00562344 -0.000724055 0.0009975 4.07106e-06 -0.00438547 -0.00398347 0.00238552 -3.86115e-06 -0.000146452 0.0426656 4.6155e-06 0.0354556 -0.173293 0.00438112 0.00106791 0.0877763 0.131517 4.06367e-05 0.00525461 
0.00175185 0.0307689 0.0011518 0.0650518 0.00646315 0.000811131 0.000569087 0.00862463 -0.000126556 -0.187572 -0.00360019 0.132777 0.239068 0.00106856 -0.194679 0.0722417 0.0130121 -0.00270375 0.0370274 0.016452 -0.00275889 0.0822047 -0.00535736 0.00190744 -0.0115553 0.027791 -0.0565546 0.0844988 0.0083423 -0.00233634 -0.0419235 0.000294731 0.0937986 0.00516901 0.0792927 -0.00556021 -6.48948e-05 0.0767377 4.44434e-06 -0.185928 -0.000316029 -0.0233535 1.01227e-05 -0.00854658 0.000145582 0.040845 -0.000362701 0.113521 -0.0850094 -0.158968 -0.00108884 -0.00160997 -0.000122341 -5.28574e-07 -0.169644 -0.00122922 -0.0130005 -0.0243766 -8.79729e-06 0.000191423 -1.70213e-05 -0.0342722 0.0422495 -0.000194674 0.000111588 0.00148326 0.000269004 0.150283 -0.026111 -1.31802e-06 -0.182212 7.90296e-06 0.00239419 -0.00131598 0.000161136 -0.00974585 0.0248902 -0.0676173 0.0112183 -0.0572687 0.00169121 0.00271542 0.000855543 -0.000538398 -1.7288e-06 -0.00577711 -0.00498517 -0.00146109 -7.35622e-06 -0.000188824 0.040214 1.27846e-06 0.0384169 -0.187972 -0.010672 -0.000731858 0.024542 0.192304 7.9075e-05 0.00396848 
4.65705e-06 -0.000992011 6.82957e-06 -0.000888783 -4.38158e-07 0.000883514 0.000672365 -2.43507e-06 -6.01037e-06 -0.000902039 -2.26271e-05 -0.000485534 0.00106856 0.00181324 -0.00109035 -0.000121015 0.0016039 -1.12529e-05 -0.000183335 -0.000639321 -4.29726e-05 0.00107103 -6.62677e-06 0.000114417 -5.60281e-05 0.00155943 -0.00130788 0.000923445 -1.33327e-05 5.57707e-05 -0.000201356 0.000471945 -0.00031939 0.00151427 -0.000131543 -7.39923e-06 -3.37367e-07 -0.000135342 -1.36846e-08 -0.00107145 -8.13546e-07 -0.00121209 1.24026e-06 -3.94014e-05 9.78895e-05 0.00151164 -2.4563e-06 0.000721193 -6.69269e-05 -0.00119127 -1.9855e-06 -0.000108978 0.000737617 -2.4281e-09 -0.000784949 -6.443e-06 -3.88179e-05 -8.59588e-05 -1.13467e-07 4.63748e-05 8.56135e-06 -0.00024832 -0.000873198 1.03011e-05 3.35493e-07 -1.27289e-05 0.00047517 0.000522414 -0.000244518 1.03512e-07 -0.000914377 -2.9876e-08 -5.96015e-06 -2.1414e-05 -8.29407e-07 0.00142218 -0.00025226 -0.00128426 0.00151898 -0.00149802 -6.0587e-06 -2.68497e-05 0.000479332 1.23496e-05 -1.42961e-08 -3.39637e-05 -2.40553e-05 -6.58458e-06 -5.33154e-08 -9.0928e-07 -2.03131e-05 -2.54255e-08 1.72956e-05 -0.000911952 -0.000161003 -3.57341e-06 -0.000189189 -0.000405506 -7.53158e-07 -2.06134e-05 
-0.00599445 -0.0531301 -0.00121131 -0.0659105 -0.00677861 -0.00113446 -0.000537934 -0.00806262 0.00140816 0.184049 -0.00781352 -0.129075 -0.194679 -0.00109035 0.233989 -0.0868608 0.00529062 0.00200526 -0.0376599 -0.0148313 0.000155654 -0.049162 -0.00260629 -0.00284658 0.00167456 -0.0107882 0.0386349 -0.0783321 -0.0117944 -0.00291117 0.0396186 -0.000211145 -0.108477 -0.00390387 -0.0825679 -0.00383648 -0.00011311 -0.100115 -4.6099e-06 0.180453 0.000395428 0.00562218 -2.40234e-05 0.00462438 -0.000171491 -0.0263371 0.000344967 -0.097699 0.0943296 0.168943 -0.000906566 0.0161103 0.000173559 -6.9747e-07 0.146806 0.00093686 0.0025535 0.0227537 4.11521e-08 -0.000168003 -2.46036e-05 0.0471493 -0.0702175 -0.000485253 -0.000103425 -0.0138875 -0.000446436 -0.144813 0.0408762 -2.32414e-06 0.173793 -5.05109e-06 -0.00248353 -0.0114469 -0.000292287 0.0404987 -0.00929922 0.0690292 0.00479297 0.0501632 -0.00467006 -0.00663616 -0.000764075 0.000652645 1.61583e-06 0.00166886 0.00430803 -0.00231021 5.37451e-06 0.000148087 -0.0420148 -2.34941e-06 -0.0396161 0.179635 0.013067 0.000478628 -0.0109484 -0.205291 -0.000112341 -0.0135191 
0.00772335 0.0202325 0.00136678 -0.00594223 0.00800781 -0.000292947 -0.000170561 0.0103267 -0.000740543 -0.0698622 0.00807347 0.0893836 0.0722417 -0.000121015 -0.0868608 0.119871 -0.00306302 -0.000669848 0.0132428 0.00689592 -0.00310372 -0.0308491 -0.00162108 0.00329091 -0.0041618 -0.00694394 -0.0205249 -0.0206816 -0.00237377 -0.000638637 -0.0154085 -0.00013971 0.0482996 -0.00047874 0.104901 -0.00156828 -1.61578e-05 0.109069 5.1642e-06 -0.0819949 -4.77999e-05 0.00550512 2.51078e-05 -0.00272506 -3.4078e-05 0.00597157 -0.00018022 -0.0147393 -0.091716 -0.0912471 -0.000663427 -0.00263705 -0.000266453 -1.86152e-07 -0.0591933 -0.000137772 -0.00406081 -0.00827491 -2.97234e-06 4.76993e-05 -5.71308e-06 -0.0162968 0.00371801 -0.000156293 7.73685e-05 0.0177947 -0.000130194 0.0778768 -0.0187125 -7.52964e-07 -0.0686296 5.00621e-06 0.00342035 0.0121627 5.43011e-05 -0.0169678 -0.011897 -0.101119 -0.00304931 -0.0362149 0.00824857 0.0074955 -0.000318742 -0.000238728 -1.07602e-06 -0.000227047 -0.0017521 0.00317051 -2.25078e-06 -6.91037e-05 0.0513535 -1.4259e-07 0.042974 -0.069842 -0.00498974 -0.000254184 0.039531 0.0767727 -3.48288e-05 0.00592949 
-0.000201841 -0.0129203 -4.52332e-05 -0.00982145 -0.000202511 0.00110442 0.000667098 0.000649606 -0.000113492 -0.00762361 -0.000281847 -0.00764573 0.0130121 0.0016039 0.00529062 -0.00306302 0.0215114 8.88491e-05 -0.00247718 0.000229348 -0.000534888 0.0146163 -0.000298792 6.05434e-06 -0.000653245 0.0205235 -0.0159508 0.0173032 -0.000504744 -5.46386e-05 -0.00243749 0.000658382 -0.00390056 0.00230761 -0.00290088 -0.000303522 -3.36828e-06 -0.00394173 -1.65697e-07 -0.0129757 -5.49386e-05 -0.0146176 7.26854e-06 -0.000476948 0.000106351 0.0200474 -2.97416e-05 0.0168558 0.00659468 -0.0133533 -8.72381e-05 -0.001439 0.000929958 -2.94002e-08 -0.00965502 -5.76751e-05 -0.000485728 -0.00136275 -1.37389e-06 0.000193263 -8.88985e-07 -0.00301441 -0.0107832 -2.57535e-05 2.89378e-06 -0.000483296 0.000467251 0.0126518 -0.00295989 4.04413e-07 0.0042754 -3.38414e-07 -8.04604e-05 -0.000441854 -1.23837e-05 0.0178377 -0.00306365 -0.0137737 0.0194625 -0.0184529 -0.000382423 -0.000324991 0.000447641 -2.75215e-05 -1.73102e-07 -0.000407181 -0.000291268 -8.13022e-05 -6.45559e-07 -1.10098e-05 -0.00150416 -3.07859e-07 -0.00118322 -0.0110422 0.0093169 -4.24712e-05 -0.00365028 -0.00578993 5.96616e-05 -0.000519165 
7.85773e-05 -0.00537525 4.27625e-05 -0.000106273 0.000363377 5.54915e-05 -9.32137e-06 0.000385148 -2.08664e-05 -0.00418363 -0.000108301 -0.00289254 -0.00270375 -1.12529e-05 0.00200526 -0.000669848 8.88491e-05 0.00838031 -8.19275e-05 0.00029764 -1.52618e-05 0.00327945 -5.76975e-05 -1.71741e-05 0.00647324 -0.000107994 -0.00605626 -0.00121408 -0.000157546 -5.11077e-05 -0.000863874 -6.22774e-06 -0.00130522 6.1825e-05 -0.000624895 0.000454469 2.91103e-05 0.00534444 2.79664e-07 -0.00495764 -1.4474e-05 -0.0056619 1.79001e-06 0.0074255 1.99154e-06 -0.000455602 -1.09283e-05 -0.00128673 -0.00539096 -0.00549675 -2.32228e-05 -0.000351735 -2.55363e-05 1.22036e-07 0.00391091 -3.01779e-05 0.00745357 -0.00045882 -5.27924e-07 -2.38616e-06 -2.39266e-07 0.00657994 -0.0041359 -9.90485e-06 -2.81257e-06 -0.000187493 7.98409e-06 0.00525154 -0.000593714 -4.56957e-08 0.00329041 3.77433e-06 2.79308e-05 1.46487e-05 -4.53514e-06 0.000212193 -0.0011753 -0.006137 0.000153208 -0.00683655 -0.000147925 -0.000106516 -1.91977e-05 3.93926e-05 -6.65152e-08 -0.000134447 0.00227118 -3.0284e-05 -2.48059e-07 0.000422386 0.000449264 6.8837e-07 -0.000116407 -0.00421713 0.00603708 4.13008e-05 0.0067192 -0.00292403 0.000117478 -0.000186271 
-0.00109994 -0.0173837 -0.000227791 0.0536585 0.000386227 -0.000238073 -0.000145715 8.18982e-05 -0.000628264 -0.0591535 0.000445517 0.0495502 0.0370274 -0.000183335 -0.0376599 0.0132428 -0.00247718 -8.19275e-05 0.104257 0.00592729 0.0163344 0.0160605 -0.00161506 -0.000263948 -0.00354473 0.00739017 -0.0747846 0.00887816 -0.00250402 -0.000724934 0.0110742 7.51829e-05 -0.0128841 -0.00114494 0.0207668 -0.00165866 -1.85456e-05 0.0146065 6.26595e-06 -0.0256693 -7.75967e-05 -0.0249329 -4.75628e-06 -0.00185301 4.48905e-05 0.0125752 -0.000134885 0.0100719 -0.0404307 -0.0338808 -6.61598e-05 0.0107037 -0.000338286 1.03862e-06 -0.0519319 0.000606534 -0.00128413 0.00195735 5.97453e-06 -4.18171e-05 -4.48926e-06 0.0167478 -0.0306425 -0.000123879 -3.07869e-05 -0.00263082 0.000151921 0.0249311 0.0225146 3.00407e-06 -0.0585702 3.33206e-06 -0.000103573 -0.00235564 -3.37193e-05 -0.0140344 0.0151248 -0.0113017 -0.00257199 -0.028404 -0.00179626 -0.00163021 -0.000265413 0.000727199 -6.23858e-07 -0.00222147 -0.000972913 -0.000437047 -2.63359e-06 -1.37543e-05 0.027913 4.53841e-06 0.0286974 -0.0573798 -0.0101723 0.000963047 0.0528782 0.0410572 9.24298e-05 -0.00277586 
0.000390185 0.0345323 8.81577e-05 0.0245306 0.000431065 -0.00133773 -0.000598698 0.00060072 -0.00406919 -0.0234357 0.000575124 0.017464 0.016452 -0.000639321 -0.0148313 0.00689592 0.000229348 0.00029764 0.00592729 0.0477338 0.00118479 -0.0284216 8.6986e-05 -0.000467418 0.00109505 -0.000554791 -0.0118272 0.00550128 0.000156146 -0.00040226 -0.0341166 -0.000407073 0.00869572 -0.00334045 0.00660864 2.24648e-05 -6.14891e-05 0.00891288 3.78624e-07 -0.0188298 -8.57992e-05 0.0238649 -3.75488e-06 -0.00113177 -0.000141003 0.00247234 2.43207e-05 0.00941452 -0.0133806 -0.0150115 -0.0033562 0.00364585 -0.00216863 -9.02819e-07 0.0182993 -0.0002592 0.000972554 -0.0353789 -1.13539e-05 9.58144e-06 -3.58139e-05 -0.0298067 0.0207901 -0.000649179 8.19881e-06 0.00108357 -0.00059792 0.0172958 -0.0314473 -5.24928e-07 0.0146295 8.26607e-07 0.000200597 0.000626373 2.81805e-05 -0.0390607 0.00661725 0.00144263 0.000185398 -0.00158133 -0.00148703 0.000711336 -0.000866302 -0.000109637 -6.64455e-07 -0.00248953 -0.000540877 0.000175689 1.10846e-06 1.66646e-05 0.00334186 -1.81653e-06 0.00319172 -0.0232075 0.00342874 6.96488e-05 0.00784792 0.0172377 1.99364e-05 8.64222e-05 
-0.000242485 -0.0139111 -5.01379e-05 0.0103471 -0.000253009 -3.92152e-05 8.22604e-05 -0.000350947 -0.000127854 -0.0123278 0.000437144 0.0142821 -0.00275889 -4.29726e-05 0.000155654 -0.00310372 -0.000534888 -1.52618e-05 0.0163344 0.00118479 0.0244164 -0.00270807 -0.000308722 -0.000101818 -0.000544111 -0.000792407 -0.0160869 -0.00238717 0.000450195 -0.000153395 0.00766708 0.000244697 -0.0043892 -0.000218566 -0.000826601 -0.000300098 8.89557e-06 -0.000764931 -1.88662e-07 0.00369271 0.000336075 -0.0111404 -1.00742e-06 -0.000254042 -8.01835e-06 -0.000936601 -3.30603e-05 -0.00346248 -0.0143429 0.00292221 -3.28193e-05 0.00981193 -6.96025e-05 1.16319e-06 -0.0108961 -6.73974e-05 2.0818e-05 0.00311578 -5.76388e-08 1.38114e-05 -6.74304e-07 0.0126301 -0.0107438 -9.80599e-06 8.84266e-06 -0.000534748 0.000209905 -0.00343165 0.0151696 3.87793e-06 -0.0116736 -2.3855e-07 -9.99104e-05 -0.000437542 -1.03933e-05 -0.00208306 0.00955121 -0.000790849 -0.000540091 -0.000649676 -0.000217088 -0.000307655 -4.82751e-05 0.000100742 -1.97093e-07 -0.000475723 -0.000177283 -7.87268e-05 -7.35029e-07 1.77409e-05 0.00040644 2.26281e-06 0.000778652 -0.0117609 -0.00117443 0.00150312 0.0153324 -0.00095238 1.86272e-05 -0.000474391 
-0.00260312 -0.0698222 -0.000638747 -0.00306747 -0.00310317 0.00139751 0.000660273 -0.00380789 0.00255205 -0.0885167 -0.00241329 0.0121256 0.0822047 0.00107103 -0.049162 -0.0308491 0.0146163 0.00327945 0.0160605 -0.0284216 -0.00270807 0.218374 -0.00372196 -0.00143236 0.00264766 0.0336637 -0.0605748 0.0862734 -0.00567387 -0.00188753 0.0407065 0.0003747 -0.00248739 0.00717307 -0.0259497 -0.00401087 1.35743e-05 -0.0232984 -2.4003e-06 -0.0739584 0.00122212 -0.101333 7.29374e-06 0.00676083 0.000117608 0.0286211 -0.000259796 0.0704699 0.014907 -0.0590195 0.00302754 0.0193366 0.000982949 -2.90626e-07 -0.119166 -0.00111792 0.00274575 0.0254176 -1.44235e-05 0.000173074 -1.29953e-05 0.0500445 -0.0383012 -0.000314851 -2.29998e-05 -0.00479757 0.000381974 0.0852242 0.0465824 9.34832e-07 -0.105279 -4.55186e-06 -0.00127814 -0.00127045 0.000145083 0.075794 0.0138033 -0.0225407 0.0131305 -0.0249864 -0.00376673 -0.0047294 0.00149482 -0.000249419 -1.75877e-06 0.00685839 0.00156782 -0.00098134 -9.45552e-06 6.36385e-05 -0.012299 5.93744e-06 -0.00954028 -0.0885019 0.0295657 -0.000481873 0.014151 0.0598774 0.000202887 -0.00748697 
-0.000133048 0.00237726 -2.80221e-05 -0.0063637 -0.00014875 -2.88386e-05 -1.53228e-05 -0.000191329 -7.37942e-05 -0.00646172 -0.000170393 -0.00468224 -0.00535736 -6.62677e-06 -0.00260629 -0.00162108 -0.000298792 -5.76975e-05 -0.00161506 8.6986e-05 -0.000308722 -0.00372196 0.0134749 -8.88937e-05 0.0118417 -0.000691103 -0.00982115 0.00780556 0.00224921 0.00569652 -0.00144394 -1.33885e-05 -0.00210419 -0.000150834 -0.00179935 0.0108639 4.01628e-05 0.0109522 -1.02917e-07 -0.00806847 -3.53539e-05 -0.00942523 9.8044e-07 0.00163865 -3.84878e-06 -0.00114735 -1.8143e-05 -0.00252331 -0.00920636 -0.00895652 -6.54211e-05 -0.000965831 -3.99909e-05 -1.8261e-08 0.00737273 -4.00062e-05 0.0129701 -0.000869332 4.81999e-06 -6.05415e-06 4.10385e-05 0.0007305 0.00419179 6.51129e-05 -4.34297e-06 -0.00011336 -1.31133e-05 0.00856585 -0.00181438 -7.38636e-08 0.00633395 -2.24688e-07 -5.3896e-05 -0.000253664 -6.2317e-06 -0.00158601 -0.00188055 -0.00990454 0.000938877 -0.0113989 -0.000223312 0.00142587 -3.14734e-05 -2.51289e-05 -1.07517e-07 -0.00026087 0.00172475 -4.98115e-05 1.16237e-06 4.08268e-07 -0.000894442 1.88783e-07 -0.00086842 -0.00685946 0.0121742 -2.68744e-05 0.000770512 -0.00468703 1.02725e-05 0.00798093 
0.000151134 -0.00201232 -9.42936e-07 -0.00307368 0.0037498 -1.1266e-05 -5.35168e-06 0.00396364 -2.69418e-05 -0.00154339 -8.29587e-05 0.00211706 0.00190744 0.000114417 -0.00284658 0.00329091 6.05434e-06 -1.71741e-05 -0.000263948 -0.000467418 -0.000101818 -0.00143236 -8.88937e-05 0.00646449 -0.000151749 -0.000127206 -0.0028192 -0.000394828 0.000223249 -3.82478e-05 -0.000551235 1.09196e-05 -0.00109994 0.00056842 0.00340471 -9.15206e-05 -1.20845e-06 0.00297497 -4.90181e-08 -0.00177626 -9.39143e-06 -0.00265464 4.71585e-07 -0.000136292 1.9301e-05 8.34184e-05 1.98213e-07 -0.00100885 -0.00238253 -0.00221096 0.000308411 0.00174605 -1.727e-05 -8.69747e-09 -0.00227903 -3.89565e-06 -0.000219483 -0.000290879 5.45689e-06 -2.64003e-06 -2.81724e-07 -0.000499923 -0.00237676 0.000404224 -2.03534e-06 -0.000126265 -2.56905e-06 0.00177383 -0.000684789 -3.51803e-08 -0.00215682 5.56318e-07 0.00339028 0.000112938 4.35699e-05 -0.000204513 -0.000798805 -0.00275927 1.84942e-05 -0.00400818 0.000131238 -7.71289e-05 -6.91369e-06 5.3217e-06 5.42125e-07 0.000101758 -8.54059e-05 -2.40516e-05 -4.30889e-09 -3.25704e-06 0.00373019 -5.44073e-08 0.00368965 -0.00134928 -0.000533797 1.90434e-05 0.00319125 -0.00202117 -3.14555e-06 0.000243369 
-0.000297497 -2.44555e-05 -6.18796e-05 -0.00982934 -0.000319565 -6.54351e-05 1.51878e-05 -0.000451231 -0.000165342 -0.0142882 -0.000390921 -0.010628 -0.0115553 -5.60281e-05 0.00167456 -0.0041618 -0.000653245 0.00647324 -0.00354473 0.00109505 -0.000544111 0.00264766 0.0118417 -0.000151749 0.029892 -0.00152927 -0.0197466 0.00660679 0.000964674 0.0046607 -0.00324569 -3.06802e-05 -0.00110926 -0.000118034 -0.00356413 0.0122241 0.000123218 0.0211427 -2.32353e-07 -0.0179442 -6.04658e-05 -0.021147 -8.94059e-07 0.0156116 6.58442e-05 -0.00260012 -3.19093e-05 -0.00563307 -0.0194855 -0.0193201 -0.000144123 -0.00171325 -8.98453e-05 9.87727e-08 0.0165099 -0.000103612 0.0266657 -0.00188687 -1.38658e-06 -1.27047e-05 1.00446e-05 0.0118858 -0.00167941 7.54041e-06 -1.00307e-05 -0.000667055 2.20844e-05 0.0186178 -0.00404893 -1.6676e-07 0.0144193 -5.0727e-07 -0.000123102 0.000237626 0.000282298 -0.00270184 -0.00370891 -0.0220493 0.000715718 -0.0222806 -0.000537547 0.00299843 -3.53432e-05 -5.15444e-06 -2.42737e-07 -0.000525548 0.0101691 -0.000105548 2.65141e-06 0.000422001 -0.00176079 7.91629e-07 -0.00196929 -0.0152178 0.0272716 -4.24695e-06 0.0118809 -0.0105923 3.85869e-05 0.00753436 
-0.00047284 -0.0120856 -0.000101821 0.000371468 -0.00043794 0.00174552 0.00073196 3.15622e-05 -7.18958e-05 -0.0193176 -0.000586353 -0.0163491 0.027791 0.00155943 -0.0107882 -0.00694394 0.0205235 -0.000107994 0.00739017 -0.000554791 -0.000792407 0.0336637 -0.000691103 -0.000127206 -0.00152927 0.0480282 -0.0310582 0.0386095 -0.000407661 -0.000229508 -0.00516975 0.000633334 -0.00861982 0.00394891 -0.00646062 -0.000712241 -8.3684e-06 -0.0077103 -3.81091e-07 -0.0253465 -0.000108555 -0.0110053 5.42171e-06 -0.00106793 0.000125763 0.0417029 -6.56801e-05 0.0353761 0.0154872 -0.0294904 0.00168305 -0.00353309 0.000992616 -6.76183e-08 -0.0217225 -0.000171457 -0.00145953 -0.00272247 -2.38652e-06 0.000231905 -2.09026e-06 -0.00693736 -0.0225975 -5.92548e-05 1.29889e-05 -0.00106049 0.000452759 0.0268487 -0.00644535 4.03158e-07 -0.00872041 -8.08659e-07 -0.00019332 -0.000973052 -2.84815e-05 0.0174489 -0.00704291 -0.00869097 0.0185363 -0.0363573 -0.000885413 -0.000745883 0.000746314 -7.85929e-05 -3.78122e-07 0.00102336 -0.000664992 -0.000186989 -1.48474e-06 -2.53218e-05 -0.00323925 -5.28053e-07 0.00219619 -0.0223414 0.00704773 -9.79263e-05 -0.00802279 0.00961889 5.82185e-05 -0.00119268 
-0.00550122 0.0631008 -0.00148874 -0.0333821 -0.00777632 -0.000555898 -0.00061329 -0.0103567 0.00142336 0.128411 -0.00602047 -0.0923389 -0.0565546 -0.00130788 0.0386349 -0.0205249 -0.0159508 -0.00605626 -0.0747846 -0.0118272 -0.0160869 -0.0605748 -0.00982115 -0.0028192 -0.0197466 -0.0310582 0.197381 -0.0455331 -0.00318792 -0.00441309 -0.0228812 -0.000631012 0.0221982 -0.000424635 -0.020878 -0.0102348 -0.000103435 -0.0466775 -5.49473e-06 0.0963656 -0.00137673 0.118906 -2.88442e-05 -0.0102335 -0.000219776 -0.0528963 0.000340451 -0.0286353 0.103775 0.0875905 0.000752476 -0.0530553 -0.000511645 2.21718e-07 0.0877878 -0.00137765 -0.0244714 -0.00674129 -3.23767e-05 -0.000253139 -3.15234e-05 -0.0631319 0.0794163 4.28613e-05 4.82775e-05 -0.00390974 -0.000463228 -0.0939187 -0.0518286 -3.54023e-06 0.0886678 -1.1996e-05 -0.00289447 -0.0061488 -0.000205308 -0.0229004 -0.041219 0.0814758 -0.0159666 0.0858375 0.00243551 0.000367616 9.9545e-05 -0.00124518 -4.68029e-06 0.00057455 -0.00644731 -0.00201818 4.79121e-07 -0.000359947 -0.0374148 -6.879e-06 -0.0393975 0.132805 -0.0550843 -0.00131444 -0.106832 -0.0371845 -0.000270845 -0.00827446 
-0.00184383 0.00310566 -0.000399288 0.0159052 -0.00203889 0.000914856 0.000281555 -0.000955297 -0.000768149 -0.0750674 -0.00210875 -0.0106325 0.0844988 0.000923445 -0.0783321 -0.0206816 0.0173032 -0.00121408 0.00887816 0.00550128 -0.00238717 0.0862734 0.00780556 -0.000394828 0.00660679 0.0386095 -0.0455331 0.15686 0.00651504 0.00450288 -0.0213317 0.000123779 0.0266626 0.0043618 -0.0231766 0.00956152 5.38463e-05 0.000186048 -1.46758e-06 -0.0903249 -0.000202224 -0.0579181 1.33339e-06 -0.00173491 6.22702e-06 0.0483829 4.50537e-06 0.0961606 0.0354222 -0.101491 0.00158462 -0.0135702 3.85256e-05 -2.60398e-07 -0.0657672 -0.000522374 0.00643436 -0.012264 1.40143e-06 0.000239909 2.76253e-05 -0.0267274 0.0248671 0.000290045 1.48407e-05 -0.000599185 -9.72236e-05 0.106804 -0.0261114 -8.89947e-07 -0.0519785 -3.18066e-06 -0.000728873 -3.08301e-05 -9.50687e-05 0.00977276 -0.0211078 -0.00618624 0.0169064 -0.0372691 -0.00247725 0.000230527 0.00042497 -0.000386943 -5.23165e-07 0.00831563 -0.0024626 -0.00071868 -2.20105e-06 -9.67274e-05 -0.0132711 -1.67338e-06 -0.00732826 -0.0799819 0.0159873 -0.000380237 -0.0310567 0.0725616 0.000115065 0.00973247 
-0.000225538 0.00207406 -4.74544e-05 0.00715616 -0.000252316 -4.92107e-05 0.000234483 -1.23603e-05 -3.4635e-05 -0.0101676 -0.000257772 0.00916009 0.0083423 -1.33327e-05 -0.0117944 -0.00237377 -0.000504744 -0.000157546 -0.00250402 0.000156146 0.000450195 -0.00567387 0.00224921 0.000223249 0.000964674 -0.000407661 -0.00318792 0.00651504 0.0225702 0.00148929 -0.00149494 -1.09816e-05 0.00246931 -0.000234995 -0.00240821 0.00236624 5.19912e-06 0.00564069 -1.7405e-07 -0.00554825 -5.70065e-05 0.00254774 4.53935e-07 -0.000450636 -2.74775e-06 0.000839186 -3.08776e-05 0.000837323 -0.0117039 -0.00506125 -0.000109235 -0.00129962 -6.54525e-05 -3.08824e-08 -0.00653458 0.000206772 0.00199788 -0.000673402 1.86902e-05 -1.00416e-05 3.1773e-05 -0.00176323 0.00566 0.000752574 1.46348e-05 -0.000305616 -2.20635e-05 0.00184545 -0.000333699 -1.24916e-07 -0.00841111 -2.56651e-07 -9.22094e-05 -0.000400069 -1.3008e-05 -0.00282841 0.00651226 0.00285029 -0.00038695 -0.00780645 -0.000303717 -0.000210487 -5.18601e-05 0.000126654 1.28817e-06 -0.000440058 -0.000292012 -8.37943e-05 2.60523e-06 -1.09449e-05 -0.00136963 -3.2338e-07 -0.00132373 -0.0104191 0.000531187 -3.30825e-05 -0.0027145 0.00886083 5.6934e-05 0.00721575 
-6.05373e-05 0.00103948 -1.26155e-05 -0.00325092 -6.67718e-05 1.67387e-05 4.18339e-05 -8.99978e-05 -1.70858e-05 -0.0028616 -7.85347e-05 -0.00213115 -0.00233634 5.57707e-05 -0.00291117 -0.000638637 -5.46386e-05 -5.11077e-05 -0.000724934 -0.00040226 -0.000153395 -0.00188753 0.00569652 -3.82478e-05 0.0046607 -0.000229508 -0.00441309 0.00450288 0.00148929 0.00609459 -0.000677029 1.18026e-05 -0.00106805 1.00312e-05 -0.000805928 0.00591381 1.85378e-05 0.00479719 -4.61958e-08 -0.00358163 -1.5878e-05 -0.0042417 1.09999e-06 -0.00012153 4.11204e-05 -0.000452363 -8.29187e-06 -0.00111257 -0.00407702 -0.00399308 -2.93652e-05 -0.000447673 3.09511e-05 -8.19669e-09 0.00317919 -2.16255e-05 0.00579168 -0.000391494 4.9803e-06 -2.7519e-06 3.94545e-05 -0.000842508 0.00300703 8.23035e-05 -1.77734e-06 1.90454e-05 4.36272e-05 0.00376746 -0.000825667 4.20179e-07 0.00260868 -1.00854e-07 -2.43881e-05 -0.000120538 -2.60586e-06 -0.000668195 -0.000854145 -0.00441331 4.74181e-05 -0.00513867 -0.000105383 -8.94681e-05 3.74061e-05 4.85329e-06 -4.82603e-08 -0.000117095 -8.08581e-05 -2.26201e-05 -1.7998e-07 -3.06951e-06 -0.000419955 -8.58302e-08 -0.000392131 -0.00304612 0.00528728 -1.2063e-05 -0.000978488 -0.0021054 6.87526e-06 0.00537291 
-0.00109071 -0.0821587 -0.000226988 -0.0216969 -0.00121378 -0.000220816 3.5523e-05 -0.00163078 0.00124975 0.00139887 -0.000441343 0.0145141 -0.0419235 -0.000201356 0.0396186 -0.0154085 -0.00243749 -0.000863874 0.0110742 -0.0341166 0.00766708 0.0407065 -0.00144394 -0.000551235 -0.00324569 -0.00516975 -0.0228812 -0.0213317 -0.00149494 -0.000677029 0.0986379 -2.04335e-05 -0.0196896 -0.000746948 -0.0146821 -0.00156103 -2.06051e-05 -0.0210536 -7.59136e-07 0.0337997 0.000726288 -0.0590389 -4.46304e-06 -0.000420932 -3.11013e-05 -0.00924493 -0.000141341 -0.0210058 -0.0188694 0.036616 0.000861395 0.0229759 0.0011413 -1.48299e-07 -0.04453 0.00229168 -0.00160933 0.0532507 2.55532e-05 -4.94557e-05 -4.23031e-06 0.0731233 -0.0483181 -0.000113869 -3.4171e-05 -0.00245652 2.56018e-05 -0.02991 0.0778152 3.74348e-06 -0.0353553 1.91955e-07 -0.000442782 -0.00216266 -5.19118e-05 0.0530651 0.0309019 -0.00394859 -0.00242748 0.0159118 0.00244587 -0.00161456 0.000118918 0.000209645 -6.89821e-07 -0.00178841 0.000178159 -0.000410041 -3.15297e-06 -3.76254e-05 -0.00759554 7.63776e-07 -0.00710307 0.00279468 0.00580458 0.000280237 0.0258815 -0.035693 8.05086e-05 -0.0026132 
-9.91799e-06 -0.000816382 -2.06684e-06 -0.00028273 9.22932e-07 0.000509457 0.000393067 -1.47713e-05 -4.81309e-06 -0.000451124 -4.02698e-06 -9.12127e-05 0.000294731 0.000471945 -0.000211145 -0.00013971 0.000658382 -6.22774e-06 7.51829e-05 -0.000407073 0.000244697 0.0003747 -1.33885e-05 1.09196e-05 -3.06802e-05 0.000633334 -0.000631012 0.000123779 -1.09816e-05 1.18026e-05 -2.04335e-05 0.00100364 -0.000172555 0.000508677 -0.00012802 -1.3709e-05 -1.59918e-07 -0.000190375 -7.56839e-09 -0.000296493 5.07532e-06 -0.000605865 -4.04139e-08 -5.378e-06 3.09405e-05 0.000566264 -1.35848e-06 4.63336e-05 -0.000358053 -0.00035657 -3.98097e-06 9.04767e-05 0.000406176 1.19532e-06 -0.000445639 -1.86385e-06 -2.94949e-05 1.71405e-05 6.43913e-07 5.62482e-07 1.31685e-08 -0.000101394 -0.000489999 2.80595e-06 6.05671e-07 -2.24278e-05 0.000402176 -6.28892e-05 0.00014461 2.47902e-07 -0.00010973 -1.65232e-08 -4.00977e-06 -2.02032e-05 -1.55637e-07 0.000587371 -0.000118537 -0.000695066 0.000597592 -0.000590548 -1.54822e-05 -3.40949e-06 0.000386745 7.42089e-05 -7.90662e-09 -1.90973e-05 -2.53991e-07 -3.71356e-06 -2.94866e-08 -4.76219e-07 -5.82448e-05 1.99272e-07 -5.41496e-05 -0.000453283 -8.15001e-05 0.000277794 7.68395e-05 -0.000346138 -4.37432e-07 -2.28001e-05 
0.000916545 0.0310588 -0.000293367 0.00745857 -0.00140175 -0.000374425 -0.000139402 -0.00183418 -0.000882635 -0.0884977 0.004623 0.069248 0.0937986 -0.00031939 -0.108477 0.0482996 -0.00390056 -0.00130522 -0.0128841 0.00869572 -0.0043892 -0.00248739 -0.00210419 -0.00109994 -0.00110926 -0.00861982 0.0221982 0.0266626 0.00246931 -0.00106805 -0.0196896 -0.000172555 0.146006 0.000608788 0.0448637 -0.00118264 -7.83886e-06 0.0442854 7.89356e-07 -0.0973892 -0.000275953 -0.00328926 -6.39434e-06 0.000168229 0.000104239 -0.00353132 -9.26091e-05 0.0433769 -0.0591832 -0.0782753 -0.000778714 -0.0103765 -0.000460441 -2.37284e-07 -0.0708273 -0.000625024 -0.00381958 -0.0109031 -1.04884e-05 -3.56374e-05 -7.62932e-06 -0.0236886 0.0787216 -0.000202897 9.91618e-05 0.010024 -6.85787e-05 0.0640762 -0.0191595 -9.59787e-07 -0.0823564 -2.57627e-06 -0.00070551 0.00892929 0.000348897 -0.0214965 0.0240388 -0.0381518 -0.00381476 0.0219627 0.00551576 0.00960472 9.7737e-06 -0.000345095 -1.10374e-06 -0.00109468 -0.000341638 0.000997768 -2.75019e-06 -7.43851e-05 -0.00585898 -2.24468e-06 -0.00921563 -0.0884031 -0.00388623 -0.000338964 -0.022167 0.0989133 2.35637e-05 0.00539907 
