1.8e-07 -3.22043e-09 -5.45646e-08 -5.94034e-08 -8.86132e-08 5.95086e-08 -1.5986e-10 -5.24527e-08 -4.81686e-11 -8.394e-13 -6.33444e-11 -5.97386e-08 7.23394e-08 -1.77833e-10 -1.6938e-12 -2.4102e-12 -6.65538e-11 -5.9682e-12 4.46526e-11 -1.0608e-12 5.03319e-08 9.94894e-09 -5.1408e-12 -4.422e-13 5.96462e-08 -1.40439e-07 -2.33125e-10 -6.7101e-11 8.19562e-09 1.1714e-09 -5.586e-13 -6.546e-13 -5.96533e-08 -5.454e-13 -2.3448e-12 -6.25744e-08 4.39449e-08 0 -1.95486e-11 -7.368e-13 -1.4335e-08 -8.076e-13 -2.8788e-11 -1.58544e-11 -1.2228e-12 -1.6439e-08 -1.236e-13 -8.86572e-11 0 -7.00714e-08 -1.98e-14 -5.5784e-08 0 -3.102e-13 0 -3.87048e-11 -4.68526e-10 5.97076e-08 -4.02e-14 -8.826e-13 -2.49e-13 -5.81593e-08 -8.7138e-12 -8.61858e-08 5.93629e-08 -1.2582e-12 -6.27e-13 -7.90476e-10 -1.66583e-10 -1.17e-13 -5.86519e-10 -6.6726e-12 -1.4778e-12 -5.694e-13 -2.14938e-11 -1.02534e-11 -2.23921e-10 1.07044e-07 5.92566e-08 -1.95741e-10 -7.8e-15 2.20365e-08 -1.85844e-11 -1.596e-13 4.95799e-08 -1.1022e-12 -2.7408e-12 -8.55216e-11 -8.673e-12 -4.9062e-12 -9.12e-14 -5.106e-13 -9.64092e-11 0 -8.35177e-08 8.45643e-08 -5.87478e-11 -6.69027e-08 4.60439e-08 6.31217e-08 
-3.22043e-09 0.0175712 0.000227614 1.77028e-05 -0.000963165 -1.11383e-05 0.000104587 -0.00505876 -4.43444e-06 1.699e-07 9.11048e-06 -1.53139e-05 -0.00900135 7.82875e-05 -1.68357e-07 8.80044e-06 1.81848e-05 6.84012e-06 -6.66171e-06 -7.2106e-08 0.000672717 5.17174e-06 -4.24309e-07 -4.39529e-08 -2.10462e-05 0.00383587 0.000986472 -3.05291e-06 -0.000168802 -0.00226158 1.91144e-07 -6.50647e-08 -5.41233e-06 -5.42106e-08 -2.33064e-07 -0.00190023 0.000161995 0 -1.20972e-06 -7.3235e-08 -0.00142322 -8.02723e-08 6.15586e-05 -2.79198e-07 -1.21541e-07 -0.00162123 -1.22854e-08 -5.03218e-06 0 0.00251352 -1.96804e-09 0.000311759 0 1.05834e-07 0 -3.14044e-06 0.000683744 5.8815e-06 -3.99572e-09 -8.7727e-08 3.8525e-07 -0.00074686 -8.66117e-07 0.00799698 -4.01282e-05 -1.2506e-07 3.37101e-06 0.000610926 -3.1844e-06 -1.16293e-08 -1.86243e-05 -6.6323e-07 -1.46887e-07 -5.65961e-08 -2.56399e-07 8.55085e-06 -2.22269e-05 -0.00697104 0.00035299 5.36841e-05 -7.75289e-10 -0.00972553 1.83861e-05 -1.58636e-08 3.19828e-06 -1.09554e-07 -2.72425e-07 0.000301646 -5.32062e-07 -4.64324e-07 -9.06492e-09 -5.07516e-08 -7.71269e-06 0 0.000542841 -0.00147366 -3.90597e-06 0.0102027 -0.000352674 -0.00553152 
-5.45646e-08 0.000227614 0.211245 0.000950149 0.12283 -0.000827446 -0.000268959 -0.0868475 -5.8487e-05 -1.32029e-06 -0.000105784 0.000420745 -0.153256 -0.000264713 -1.49585e-06 2.981e-06 0.000154077 -6.21766e-06 -3.93776e-05 1.91352e-06 -0.166153 -6.66223e-05 -7.00424e-06 -6.51372e-07 -0.000591112 0.0656736 -0.000213093 -0.000112994 -0.00303675 -0.00257917 -8.44067e-07 -1.10241e-06 9.2448e-05 2.58163e-07 -3.94886e-06 0.157922 -0.136838 0 -2.7205e-05 -1.24084e-06 -0.024103 -1.21674e-06 2.57284e-05 -2.55103e-05 -1.62931e-06 -0.027418 -2.08154e-07 -0.000149037 0 0.176011 -3.3345e-08 0.00700081 0 -5.22405e-07 0 7.38742e-05 0.00106051 -0.000491222 -6.77005e-08 -1.41638e-06 1.73279e-08 -0.00530341 -1.46748e-05 0.131041 -0.00107239 -2.11892e-06 -1.05593e-06 -0.00102104 -0.000262202 -1.97039e-07 -0.000840731 -9.4006e-06 -2.48875e-06 -9.58922e-07 -3.01509e-05 -1.65643e-05 -0.00027451 -0.110837 -0.00119767 -0.000280976 -1.31359e-08 -0.155707 -3.12978e-05 -2.38781e-07 -0.000706536 -1.85621e-06 -4.10242e-06 -1.52062e-05 2.12054e-06 -8.26249e-06 -1.53589e-07 -8.59897e-07 -0.000116855 0 -0.0246054 -0.0259689 -9.66367e-05 0.157797 -0.00662257 -0.0939779 
-5.94034e-08 1.77028e-05 0.000950149 0.00330345 0.00157591 -0.00156383 2.00248e-07 0.000286819 -4.56638e-06 -4.8121e-07 -0.00027205 0.00141182 -0.00128078 2.21786e-06 -6.32145e-07 -2.67229e-06 -3.56784e-06 -1.32344e-06 7.01779e-06 -8.04669e-08 -0.000877401 -7.56798e-05 9.46602e-08 -2.61858e-07 -0.00184755 0.00250551 -4.3344e-05 -1.99278e-05 -0.00182527 8.11804e-05 -4.39714e-07 -1.00461e-06 0.00115694 1.00427e-08 -1.23702e-05 0.0010711 -0.000793483 0 -4.41004e-06 1.35671e-08 0.000256152 1.48708e-08 -2.14991e-06 2.91935e-07 -3.12415e-06 0.000302701 2.27591e-09 -3.99975e-05 0 0.00095761 3.64588e-10 0.00315006 0 5.71187e-09 0 6.92692e-07 8.6272e-06 -0.00159794 7.40223e-10 1.62518e-08 4.58497e-09 0.00164424 1.60452e-07 0.00151764 -0.00235838 -4.39683e-06 -3.84547e-08 -0.000320041 2.55072e-06 -5.97846e-07 1.02832e-05 -2.23138e-05 2.72115e-08 -3.15285e-06 -1.55309e-05 1.88801e-07 -3.41682e-06 -0.0017179 -0.00229789 3.60428e-06 1.43625e-10 0.00135443 -0.000102904 2.9388e-09 -0.0019115 2.02954e-08 -1.37729e-05 1.57475e-06 -1.19203e-05 -1.7633e-05 -5.04987e-07 -2.82726e-06 -1.60548e-05 0 0.000412373 -0.00295568 -7.53049e-05 0.00118469 -0.000671421 -0.0003805 
-8.86132e-08 -0.000963165 0.12283 0.00157591 0.249941 -0.00128049 -0.000313149 -0.062247 0.00011279 -5.95738e-07 -0.000170179 0.000688563 -0.183024 -0.000257612 -1.09167e-07 3.62483e-06 -0.00016706 -1.12288e-06 3.71041e-06 1.23207e-06 -0.140635 -4.12479e-05 -7.97996e-06 -8.12739e-07 -0.000962552 0.0971307 -0.00052 -0.00010336 -0.00486569 -0.00301085 4.02243e-07 -1.09031e-06 0.000242108 -7.08322e-07 -5.62964e-06 0.16683 -0.119013 0 -4.67483e-05 -2.01513e-06 -0.0391633 1.81123e-06 -2.40411e-05 3.68953e-05 -1.87661e-07 -0.0424829 3.48624e-07 -0.000208009 0 0.154395 2.91808e-08 0.00624609 0 4.01611e-07 0 9.87033e-05 0.00130562 -0.000784987 -6.61266e-09 -1.40389e-06 3.42325e-07 -0.00317676 -2.30454e-05 0.140086 -0.00174029 -3.23448e-06 -1.71483e-06 0.000948928 -0.000363841 -3.19992e-07 0.00069001 -1.19794e-05 -3.79175e-06 -1.55729e-06 -1.91517e-05 7.08054e-06 -0.000294726 -0.117935 -0.00194784 0.000170297 2.20005e-08 -0.17119 -5.07412e-05 9.68313e-08 -0.00113417 -2.55116e-06 -6.09269e-06 -0.000124116 1.23829e-05 -1.3345e-05 -2.4943e-07 -1.39648e-06 0.000174257 0 -0.0318377 -0.0411139 -0.000146627 0.16751 -0.00387717 -0.135717 
5.95086e-08 -1.11383e-05 -0.000827446 -0.00156383 -0.00128049 0.00272265 -2.40796e-06 -0.000583582 -7.30584e-07 -1.27314e-08 0.000250549 -0.00134473 0.00104122 -2.1439e-06 6.37643e-07 1.79678e-06 1.6139e-06 1.59479e-07 -5.19411e-07 8.39106e-08 0.000763395 7.70289e-05 -7.79717e-08 -6.70695e-09 0.00141844 -0.00193591 4.25941e-05 1.70723e-05 0.000847569 -6.11597e-05 2.18194e-07 5.46738e-07 -0.00113807 -8.2722e-09 2.7911e-06 -0.000944764 0.000653591 0 7.53502e-07 -1.11752e-08 -0.000217409 -1.2249e-08 6.63366e-07 3.28661e-08 3.12812e-06 -0.000246685 -1.87467e-09 -1.32135e-06 0 -0.000820291 -3.00311e-10 -0.00161226 0 -4.70487e-09 0 -5.67044e-07 -7.10623e-06 0.00153922 -6.09722e-10 -1.33866e-08 -3.77664e-09 -0.00142843 -1.18831e-07 -0.00130419 0.0013919 -1.90834e-08 4.04902e-08 -1.00127e-05 5.08673e-06 -1.77457e-09 -7.42586e-06 1.98855e-05 -2.24141e-08 3.1547e-06 1.1704e-05 -1.55516e-07 -3.1096e-06 0.00155561 0.0014993 -2.96885e-06 -1.18304e-10 -0.000363334 0.000102335 -2.42069e-09 0.00151549 4.43283e-07 3.3651e-06 -1.29713e-06 1.19485e-05 1.28756e-05 -1.38325e-09 2.82892e-06 -1.46226e-06 0 -0.000427856 0.001448 2.43923e-05 -0.0010114 0.000199887 -2.95564e-05 
-1.5986e-10 0.000104587 -0.000268959 2.00248e-07 -0.000313149 -2.40796e-06 0.000887321 -0.000184852 -2.37661e-07 -4.14155e-09 -3.12538e-07 1.28976e-06 0.000132302 -8.77417e-07 9.49762e-08 -1.18918e-08 -3.28373e-07 -2.94468e-08 -5.14969e-06 -5.23393e-09 0.000236045 -2.21915e-07 -2.53644e-08 -2.18179e-09 -1.74579e-06 -0.000161185 -1.11022e-06 -3.31073e-07 -6.75607e-06 4.2963e-06 -2.7561e-09 -3.22976e-09 4.17119e-07 -2.69097e-09 -1.15691e-08 -0.000250729 0.000188381 0 -4.31184e-08 -3.63533e-09 -2.97449e-05 -3.98465e-09 -1.42038e-07 -7.82247e-08 -6.03323e-09 -2.51293e-05 -6.09836e-10 3.61726e-05 0 -0.000203108 -9.76921e-11 -1.0672e-05 0 -1.53051e-09 0 -1.90967e-07 -2.13168e-06 -1.44261e-06 -1.98345e-10 -4.3547e-09 -1.22855e-09 5.85502e-06 -4.29934e-08 0.000125064 -2.3669e-06 -6.20789e-09 -3.09358e-09 -3.84683e-06 -8.21913e-07 -5.77271e-10 -2.61718e-06 -3.29222e-08 -7.29138e-09 -2.80939e-09 8.77284e-07 -5.05897e-08 -1.10481e-06 -6.31383e-05 8.95673e-07 -7.55775e-07 -3.84848e-11 -0.000104383 -9.16944e-08 -7.87458e-10 -1.67952e-06 -5.43819e-09 -1.3523e-08 -4.21959e-07 3.80541e-07 -2.42069e-08 -4.49976e-10 -2.51927e-09 -4.75678e-07 0 2.27295e-05 -7.42724e-05 1.06347e-06 -0.000169354 -1.27458e-05 0.000161452 
-5.24527e-08 -0.00505876 -0.0868475 0.000286819 -0.062247 -0.000583582 -0.000184852 0.206488 0.000165279 9.47753e-07 -8.85489e-05 0.000410557 0.0987433 -6.40754e-05 -1.58211e-06 -3.9019e-06 -9.16513e-05 -4.38648e-07 -7.95181e-05 -9.4734e-07 0.0781443 2.05457e-05 1.83408e-05 8.07845e-08 -0.000555446 0.0220582 -0.000301678 0.000206949 -0.00112262 0.00182642 -9.0099e-07 5.70261e-07 0.000557808 5.83713e-07 -3.69602e-06 -0.0966787 0.061306 0 3.95126e-05 -5.6948e-07 -0.0205295 5.45901e-07 -4.18552e-05 2.31798e-05 -1.41627e-06 0.0621865 -2.00097e-07 4.79686e-05 0 -0.106287 -3.20544e-08 -0.0107246 0 -4.65519e-07 0 -6.13863e-05 -0.000748651 -0.000464637 1.58253e-07 -5.42184e-07 -2.59775e-07 0.0029658 -1.10102e-05 -0.0707736 -0.00088609 -2.03691e-06 -1.01506e-06 0.000770257 -0.00013588 -3.27459e-08 0.00161814 1.57766e-06 -5.39093e-07 -9.21808e-07 -1.65132e-05 -1.22493e-05 0.000713652 -0.0346965 -2.0628e-05 -0.00025703 -1.26275e-08 0.0958893 -3.00865e-05 -2.58378e-07 -7.27653e-05 1.60564e-06 -4.43711e-06 -0.000100702 -1.29341e-05 1.1773e-06 -1.47645e-07 -8.26616e-07 1.31055e-05 0 0.00249268 -0.0111774 -9.18743e-06 -0.0940875 0.0110315 -0.0429438 
-4.81686e-11 -4.43444e-06 -5.8487e-05 -4.56638e-06 0.00011279 -7.30584e-07 -2.37661e-07 0.000165279 0.000267532 -1.24792e-09 -9.41732e-08 3.88629e-07 3.72992e-05 -2.64381e-07 -2.51815e-09 -3.58321e-09 -5.22779e-08 -8.87283e-09 6.63844e-08 -1.57708e-09 4.72877e-05 -9.23991e-09 -7.64275e-09 -6.57412e-10 -5.26037e-07 5.71114e-05 -3.46583e-07 3.10242e-07 -2.35589e-06 -8.40849e-06 -8.30462e-10 -9.73184e-10 5.1539e-07 -8.10838e-10 -3.48598e-09 -7.33951e-05 2.93222e-05 0 -2.90626e-08 -1.09539e-09 -2.13117e-05 -1.20065e-09 -4.27987e-08 2.33976e-06 -1.81792e-09 8.53032e-06 -1.83754e-10 -1.31805e-07 0 -8.32674e-05 -2.94364e-11 -0.000111226 0 -4.6117e-10 0 -5.75419e-08 1.06012e-06 -4.34683e-07 -5.97647e-11 -1.31215e-09 -3.70185e-10 -6.56353e-06 -1.29547e-08 -7.71011e-05 -9.47212e-07 -1.87055e-09 -9.32152e-10 7.05248e-05 -2.47657e-07 -1.73942e-10 3.74803e-06 -9.92006e-09 -2.19702e-09 -8.46519e-10 -3.19545e-08 -1.19102e-08 -9.9567e-08 -0.000108463 1.34487e-06 -2.91005e-07 -1.15961e-11 -7.74642e-05 -2.76292e-08 -2.37275e-10 3.77541e-06 -1.63862e-09 -4.07471e-09 3.29523e-07 -1.2894e-08 -7.29397e-09 -1.35586e-10 -7.59101e-10 1.31667e-06 0 -2.95526e-05 -1.36181e-05 -6.06728e-08 -4.49266e-05 3.5452e-06 -8.45069e-05 
-8.394e-13 1.699e-07 -1.32029e-06 -4.8121e-07 -5.95738e-07 -1.27314e-08 -4.14155e-09 9.47753e-07 -1.24792e-09 4.66331e-06 -1.64109e-09 6.77236e-09 1.37413e-06 -4.60719e-09 -4.3882e-11 -6.2442e-11 -1.72424e-09 -1.54621e-10 1.15683e-09 -2.74826e-11 1.30064e-06 -1.32277e-09 -1.33185e-10 -1.14563e-11 -9.16687e-09 -1.63508e-06 -6.03965e-09 1.84928e-07 -4.67469e-08 3.0348e-08 -1.44719e-11 -1.6959e-11 8.98133e-09 -1.41299e-11 -6.07477e-11 -1.61781e-06 6.11831e-07 0 -5.06454e-10 -1.90886e-11 2.4195e-07 -2.09228e-11 -7.45822e-10 -4.10746e-10 -3.16796e-11 3.3744e-07 -3.20216e-12 -2.29688e-09 0 -1.63203e-06 -5.12967e-13 -3.15078e-06 0 -8.03648e-12 0 -1.00274e-09 -1.21383e-08 -7.57492e-09 -1.04148e-12 -2.28659e-11 -6.45094e-12 4.76866e-08 -2.25752e-10 -1.55285e-06 3.46827e-07 -3.25967e-11 -1.62439e-11 2.61875e-08 2.62351e-07 -3.03117e-12 -1.51952e-08 -1.7287e-10 -3.8286e-11 -1.47517e-11 -5.56849e-10 -2.65639e-10 -5.80122e-09 2.26562e-07 1.77408e-07 -5.07114e-09 -2.02078e-13 5.8202e-07 -4.81474e-10 -4.13482e-12 1.22449e-07 -2.85551e-11 -7.1007e-11 -2.21564e-09 -2.24695e-10 -1.27107e-10 -2.36276e-12 -1.32283e-11 -2.49771e-09 0 -1.69653e-07 3.33434e-07 -1.522e-09 -1.47661e-06 2.10841e-07 1.56643e-06 
-6.33444e-11 9.11048e-06 -0.000105784 -0.00027205 -0.000170179 0.000250549 -3.12538e-07 -8.85489e-05 -9.41732e-08 -1.64109e-09 0.000351789 -0.000262542 0.000137252 -8.10096e-08 -3.3115e-09 7.18621e-07 2.83216e-07 -1.16683e-08 -6.62701e-07 -2.07394e-09 9.84026e-05 7.64351e-06 -1.00506e-08 -8.64534e-10 0.000238972 -0.000266625 4.47557e-07 2.94215e-06 3.50856e-05 -2.99198e-05 -1.0921e-09 -1.27979e-09 -0.000253782 -1.0663e-09 9.59542e-06 -0.000111404 8.21321e-05 0 -3.8219e-08 -1.4405e-09 -2.42094e-05 -1.57892e-09 -5.62827e-08 -3.09965e-08 6.09427e-08 -3.18562e-05 -2.41647e-10 -1.73331e-07 0 -1.94138e-06 -3.87105e-11 -0.000267314 0 -6.06464e-10 0 -7.56708e-08 -9.16002e-07 0.000264455 -7.8594e-11 -1.72555e-09 -4.86813e-10 -0.000260478 -3.69458e-10 -0.000167543 0.000265534 -2.45987e-09 -1.22583e-09 6.67894e-07 -1.1235e-07 -2.28744e-10 -1.14669e-06 5.47362e-06 -2.88921e-09 9.35553e-07 3.46447e-08 -2.00462e-08 -2.91116e-07 0.000202799 0.00023525 -3.82688e-07 -1.52496e-11 -0.000113406 3.67703e-05 -3.1203e-10 0.000246802 -2.15488e-09 9.65797e-06 -1.67201e-07 7.66377e-07 4.06041e-06 -1.78303e-10 1.03234e-06 -1.18487e-07 0 -0.000236339 0.000247302 1.25514e-06 -0.000130293 8.84889e-05 -3.73247e-05 
-5.97386e-08 -1.53139e-05 0.000420745 0.00141182 0.000688563 -0.00134473 1.28976e-06 0.000410557 3.88629e-07 6.77236e-09 -0.000262542 0.00145015 -0.000562537 1.0581e-06 -6.66334e-07 -2.99055e-06 -5.40304e-06 -6.61848e-07 3.89739e-07 -9.14414e-08 -0.000389929 -7.62247e-05 4.14765e-08 -2.66432e-07 -0.00137418 0.00110515 -4.43958e-05 -1.82253e-05 -0.000920542 0.000102302 -4.45493e-07 -5.51385e-07 0.00113176 4.40034e-09 -1.23944e-05 0.000459103 -0.000325518 0 -8.9228e-07 5.94457e-09 0.000112183 6.51579e-09 -1.35774e-06 1.27915e-07 -3.1368e-06 0.000132632 9.97216e-10 -5.74706e-07 0 0.000283239 1.59748e-10 0.00138905 0 2.50272e-09 0 2.92274e-07 -9.40656e-06 -0.0013638 3.24337e-10 7.1209e-09 2.00896e-09 0.00136517 7.03037e-08 0.000673018 -0.00139841 -1.81985e-06 -4.49413e-08 -4.82724e-05 1.34401e-06 9.43967e-10 4.18209e-06 -2.23228e-05 1.1923e-08 -3.15874e-06 -9.14325e-06 8.27254e-08 1.57662e-06 -0.000850036 -0.00129947 7.99257e-07 6.29311e-11 0.000772435 -0.00010286 1.28767e-09 -0.00131799 8.89265e-09 -1.38012e-05 6.89996e-07 -1.29e-05 -1.27837e-05 -5.05931e-07 -2.83255e-06 7.77838e-07 0 0.000542989 -0.00129641 -2.32827e-05 0.000518421 -0.000226172 0.000396586 
7.23394e-08 -0.00900135 -0.153256 -0.00128078 -0.183024 0.00104122 0.000132302 0.0987433 3.72992e-05 1.37413e-06 0.000137252 -0.000562537 0.240374 0.000172313 -2.60492e-06 -5.29209e-06 0.000127268 -3.52149e-06 3.61428e-06 -1.98822e-06 0.166219 -4.84539e-05 9.58451e-06 8.63965e-07 0.00078443 -0.088221 -0.000522627 4.98695e-05 0.00400805 0.00371305 -1.36948e-06 1.46152e-06 -5.34332e-05 3.84379e-07 5.23523e-06 -0.193676 0.138338 0 2.21361e-05 1.64505e-06 0.0319354 -1.00354e-06 -6.09051e-05 -4.80386e-05 -2.76525e-07 0.03664 -4.10705e-07 0.000149158 0 -0.187149 -3.91259e-08 -0.00873465 0 -7.87417e-07 0 -0.000126207 -0.00155214 0.000649259 8.97544e-08 2.10578e-07 -8.27392e-07 0.00425404 1.69086e-05 -0.193469 0.00141923 2.60251e-06 -2.03343e-06 -0.000593873 0.00034351 2.61226e-07 -0.00161257 5.55789e-06 2.87615e-06 9.91298e-07 4.79225e-05 -2.34939e-05 0.000380801 0.137521 0.00118241 -0.00064761 -2.59183e-08 0.21391 4.07767e-05 -1.76995e-07 0.00092225 2.03421e-06 4.73604e-06 -0.00026797 -1.54825e-05 1.01341e-05 2.03622e-07 1.06682e-07 -0.000134301 0 7.45007e-06 0.0344287 0.000119876 -0.221072 0.00109522 0.126158 
-1.77833e-10 7.82875e-05 -0.000264713 2.21786e-06 -0.000257612 -2.1439e-06 -8.77417e-07 -6.40754e-05 -2.64381e-07 -4.60719e-09 -8.10096e-08 1.0581e-06 0.000172313 0.000986984 -9.2967e-09 -1.32288e-08 2.28042e-07 -3.27575e-08 -8.2501e-09 -5.82238e-09 0.000261865 -2.80238e-07 -2.82161e-08 -2.42709e-09 -1.4354e-06 -0.00030482 1.85046e-06 -3.68295e-07 6.703e-06 4.61277e-06 -3.06597e-09 -3.59288e-09 8.94249e-08 -2.99352e-09 -1.28698e-08 -0.000281557 0.000210175 0 1.99371e-07 -4.04405e-09 -7.12869e-05 -4.43265e-09 -1.58008e-07 -8.70195e-08 -6.71154e-09 -8.45818e-05 -6.78399e-10 3.81339e-06 0 -0.000331045 -1.08676e-10 -3.65034e-05 0 -1.70258e-09 0 -2.12438e-07 -2.49491e-06 -1.22813e-06 -2.20644e-10 -4.8443e-09 -1.36668e-09 7.91274e-06 -4.78271e-08 -0.000364402 -1.137e-06 -6.90584e-09 -3.44139e-09 -3.45533e-06 -9.14321e-07 -6.42174e-10 -3.21921e-06 -3.66237e-08 -8.11115e-09 -3.12525e-09 -1.13056e-08 -5.62775e-08 1.1431e-05 0.000191078 6.29985e-07 -1.07436e-06 -4.28116e-11 0.000180908 -1.02004e-07 -8.75991e-10 -2.02924e-06 -6.04961e-09 -1.50433e-08 6.63934e-07 -4.76032e-08 7.30715e-08 -5.00566e-10 -2.80251e-09 5.31751e-06 0 -1.40207e-05 -1.77616e-05 -3.22447e-07 -0.000182017 -1.24204e-05 0.000180687 
-1.6938e-12 -1.68357e-07 -1.49585e-06 -6.32145e-07 -1.09167e-07 6.37643e-07 9.49762e-08 -1.58211e-06 -2.51815e-09 -4.3882e-11 -3.3115e-09 -6.66334e-07 -2.60492e-06 -9.2967e-09 9.40991e-06 -1.26e-10 -3.47928e-09 -3.12004e-10 2.33434e-09 -5.54563e-11 -2.73876e-06 4.504e-06 -2.6875e-10 -2.31172e-11 6.44836e-07 -1.38505e-07 -1.21872e-08 -3.50789e-09 5.69004e-07 6.12383e-08 -2.92024e-11 -3.4221e-11 -7.28544e-07 -2.85123e-11 -1.22581e-10 -1.73459e-06 -3.24266e-06 0 -1.02196e-09 -3.85183e-11 -4.60702e-08 -4.22195e-11 -1.50497e-09 -8.28833e-10 -6.39253e-11 -8.59397e-07 -6.46153e-12 -4.6348e-09 0 -2.23651e-06 -1.0351e-12 -7.86266e-07 0 -1.62166e-11 0 -2.0234e-09 -2.44935e-08 6.48048e-07 -2.10157e-12 -4.61404e-11 -1.30172e-11 -5.02377e-06 -4.55538e-10 2.05107e-06 6.30026e-07 -6.57759e-11 -3.27782e-11 -4.13243e-08 -8.70861e-09 -6.1165e-12 4.81934e-06 -3.48829e-10 -7.72561e-11 -2.9767e-11 -1.12365e-09 -5.36025e-10 -1.17061e-08 -1.81399e-06 -3.88608e-08 4.49643e-06 -4.07767e-13 -2.09798e-06 -9.71551e-10 -8.34353e-12 -2.1963e-08 -5.76206e-11 -1.43283e-10 -4.47088e-09 3.5288e-07 3.09744e-07 -4.76773e-12 -2.6693e-11 -5.04006e-09 0 -4.39834e-06 -1.43612e-07 -3.0712e-09 7.22473e-07 4.76985e-06 -1.26681e-06 
-2.4102e-12 8.80044e-06 2.981e-06 -2.67229e-06 3.62483e-06 1.79678e-06 -1.18918e-08 -3.9019e-06 -3.58321e-09 -6.2442e-11 7.18621e-07 -2.99055e-06 -5.29209e-06 -1.32288e-08 -1.26e-10 1.33898e-05 -4.95086e-09 -4.43968e-10 3.32166e-09 -7.89117e-11 -6.9292e-06 2.46202e-07 -3.82418e-10 -3.28948e-11 2.69035e-06 2.26232e-07 -1.73419e-08 1.78342e-07 2.58244e-06 -1.30329e-05 -4.15536e-11 -4.8695e-11 -6.41754e-06 -4.05717e-11 -1.74427e-10 6.71849e-06 -7.12432e-06 0 -1.4542e-09 -5.48097e-11 -1.06637e-06 -6.00765e-11 9.24525e-07 -1.17939e-09 -9.09627e-11 -1.22288e-06 -9.19447e-12 -6.59511e-09 0 6.77414e-06 -1.4729e-12 -3.14305e-06 0 -2.30754e-11 0 -2.87921e-09 9.15848e-06 2.69492e-06 -2.99043e-12 -6.56556e-11 -1.85228e-11 -1.29697e-05 -6.4821e-10 4.26207e-06 2.66927e-06 -9.35961e-11 -4.66418e-11 6.81197e-07 -1.2392e-08 -8.7035e-12 -4.36305e-08 1.43284e-06 -1.09932e-10 -4.2357e-11 -1.5989e-09 -7.62739e-10 -1.66572e-08 -2.71046e-06 -5.52972e-08 5.98772e-07 -5.80233e-13 -7.2874e-06 1.05528e-06 -1.18725e-11 1.98875e-06 -8.19914e-11 2.26463e-07 -6.36186e-09 2.32688e-07 -3.64967e-10 1.59993e-07 -3.7983e-11 -7.17177e-09 0 -2.9139e-06 1.56842e-06 -4.37018e-09 5.69651e-06 3.90438e-08 -4.23112e-06 
-6.65538e-11 1.81848e-05 0.000154077 -3.56784e-06 -0.00016706 1.6139e-06 -3.28373e-07 -9.16513e-05 -5.22779e-08 -1.72424e-09 2.83216e-07 -5.40304e-06 0.000127268 2.28042e-07 -3.47928e-09 -4.95086e-09 0.000369607 2.72774e-06 -1.39161e-06 -2.17902e-09 7.99549e-05 2.54845e-06 -1.05599e-08 -9.08336e-10 6.32985e-06 -6.31199e-05 2.74778e-05 1.72166e-07 1.21356e-06 -2.71971e-05 -1.14744e-09 -1.34463e-09 -5.94789e-06 -1.12032e-09 -4.81652e-09 -9.94627e-05 8.75884e-05 0 -2.01554e-08 -1.51348e-09 -2.37393e-05 -1.65892e-09 8.4199e-08 -3.2567e-08 -2.51179e-09 -3.13046e-05 -2.5389e-10 -1.82113e-07 0 0.000166771 -4.06718e-11 9.7012e-07 0 -6.37191e-10 0 -7.95047e-08 -9.62412e-07 2.17274e-06 -8.2576e-11 -1.81297e-09 -5.11478e-10 -1.65591e-05 -1.78993e-08 -0.000140053 3.55125e-06 -2.58451e-09 -1.28794e-09 -9.97074e-07 4.46448e-06 -2.40333e-10 -1.20479e-06 -1.37064e-08 -3.03559e-09 -1.16962e-09 3.62516e-07 -2.10618e-08 1.46567e-05 3.95086e-05 -1.38028e-06 -4.02077e-07 -1.60222e-11 2.11803e-05 -3.81748e-08 -3.27839e-10 1.76035e-06 -2.26406e-09 2.7437e-07 -1.75672e-07 -1.78155e-08 1.65887e-08 -1.87337e-10 -1.04884e-09 -1.58037e-07 0 -0.000259967 -2.6897e-05 -1.20676e-07 -0.000112154 -6.77633e-06 -4.65388e-05 
-5.9682e-12 6.84012e-06 -6.21766e-06 -1.32344e-06 -1.12288e-06 1.59479e-07 -2.94468e-08 -4.38648e-07 -8.87283e-09 -1.54621e-10 -1.16683e-08 -6.61848e-07 -3.52149e-06 -3.27575e-08 -3.12004e-10 -4.43968e-10 2.72774e-06 3.31556e-05 8.22517e-09 -1.95403e-10 3.87992e-07 -9.405e-09 -9.46954e-10 -8.14549e-11 1.84823e-07 2.60728e-06 4.01372e-06 2.76397e-08 7.34292e-07 -3.63089e-06 -1.02896e-10 -1.2058e-10 -4.94948e-06 -1.00465e-10 -4.31921e-10 -2.36977e-06 7.59814e-06 0 -3.60092e-09 -1.35721e-10 -2.64057e-06 -1.48763e-10 -5.30286e-09 -2.92044e-09 -2.25244e-10 -1.92813e-06 -2.27676e-11 -1.6331e-08 0 -7.37741e-06 -3.64723e-12 -1.31007e-06 0 -5.714e-11 0 -7.12957e-09 -8.63042e-08 -5.38583e-08 -7.40499e-12 -1.62578e-10 -4.58667e-11 -3.57761e-06 -1.60511e-09 9.7426e-07 1.32638e-07 -2.31765e-10 -1.15496e-10 1.67725e-07 1.58598e-06 -2.15518e-11 4.85294e-07 -1.22912e-09 -2.72216e-10 -1.04886e-10 -3.95924e-09 -1.88871e-09 -4.58045e-09 -7.89879e-06 1.28307e-06 -3.60562e-08 -1.43679e-12 -9.96857e-06 -3.42332e-09 -2.93989e-11 5.15945e-07 -2.03029e-10 -5.04866e-10 4.14247e-07 -1.5976e-09 -9.0374e-10 -1.67994e-11 -9.40544e-11 -1.77589e-08 0 -1.79723e-06 -7.83318e-07 -1.08216e-08 5.18293e-06 -5.25394e-07 -6.7872e-06 
4.46526e-11 -6.66171e-06 -3.93776e-05 7.01779e-06 3.71041e-06 -5.19411e-07 -5.14969e-06 -7.95181e-05 6.63844e-08 1.15683e-09 -6.62701e-07 3.89739e-07 3.61428e-06 -8.2501e-09 2.33434e-09 3.32166e-09 -1.39161e-06 8.22517e-09 0.000248008 -1.78538e-07 2.53676e-05 7.03659e-08 -3.89582e-07 6.09425e-10 -2.12361e-07 -2.19783e-05 3.21285e-07 9.24764e-08 2.23674e-06 3.89459e-08 7.69844e-10 9.02148e-10 2.7223e-07 7.51652e-10 3.23153e-09 -1.3242e-05 -2.90967e-05 0 2.69412e-08 1.01543e-09 -6.49061e-06 1.11301e-09 -6.03253e-08 2.185e-08 -2.28315e-07 -8.55376e-05 1.70341e-10 -5.25448e-06 0 -1.94633e-05 2.72877e-11 3.89638e-06 0 4.27507e-10 0 1.00083e-08 -4.25096e-06 -3.47046e-07 5.54023e-11 1.21637e-09 3.43163e-10 3.00327e-06 1.20091e-08 -3.85496e-06 -4.97193e-06 1.73401e-09 8.6411e-10 8.56074e-07 -4.93754e-07 1.61245e-10 -8.55013e-07 9.19595e-09 2.03665e-09 7.84728e-10 9.62204e-09 1.41309e-08 3.08601e-07 8.44591e-05 -1.36222e-05 -1.7469e-06 1.07497e-11 2.40035e-07 -7.24388e-07 2.19955e-10 -8.15767e-06 1.51902e-09 -1.02889e-07 -5.88036e-08 1.19528e-08 -4.99051e-08 1.25689e-10 7.03692e-10 -1.54738e-05 0 -1.21454e-05 8.04967e-06 -2.57024e-08 -1.28635e-05 -1.05078e-05 1.35045e-05 
-1.0608e-12 -7.2106e-08 1.91352e-06 -8.04669e-08 1.23207e-06 8.39106e-08 -5.23393e-09 -9.4734e-07 -1.57708e-09 -2.74826e-11 -2.07394e-09 -9.14414e-08 -1.98822e-06 -5.82238e-09 -5.54563e-11 -7.89117e-11 -2.17902e-09 -1.95403e-10 -1.78538e-07 5.8933e-06 -2.6521e-06 5.16617e-08 -1.68314e-10 -1.4478e-11 8.84153e-08 9.65256e-07 -7.63267e-09 4.44697e-08 4.09231e-08 -3.79498e-06 -1.8289e-11 -2.14321e-11 -8.86498e-08 -1.78568e-11 -7.67705e-11 2.7146e-06 -1.91788e-06 0 -6.40036e-10 -2.41234e-11 -4.69339e-07 -2.64414e-11 -9.4254e-10 -5.19085e-10 -4.00354e-11 -5.38226e-07 -4.04676e-12 -2.9027e-09 0 2.83581e-06 -6.48267e-13 -1.253e-07 0 -1.01562e-11 0 -1.26722e-09 3.26799e-06 9.04271e-08 -1.31618e-12 -2.8897e-11 -8.15244e-12 -1.8064e-06 -2.85296e-10 1.07821e-06 7.91399e-08 -4.11944e-11 -2.05284e-11 2.06079e-06 -5.45406e-09 -3.83067e-12 -1.92031e-08 1.97815e-08 -4.83843e-11 -1.86426e-11 -7.03723e-10 -3.35704e-10 -7.33135e-09 -5.55305e-07 2.32875e-09 1.56925e-07 -2.55378e-13 -2.7674e-06 -6.08467e-10 -5.22542e-12 8.62449e-08 -3.60868e-11 -8.97358e-11 -2.80004e-09 -2.8396e-10 -1.60633e-10 -2.98596e-12 -1.67174e-11 1.00177e-07 0 -3.08369e-06 -2.3871e-07 -1.92345e-09 4.29555e-07 -7.61922e-08 -1.69224e-06 
5.03319e-08 0.000672717 -0.166153 -0.000877401 -0.140635 0.000763395 0.000236045 0.0781443 4.72877e-05 1.30064e-06 9.84026e-05 -0.000389929 0.166219 0.000261865 -2.73876e-06 -6.9292e-06 7.99549e-05 3.87992e-07 2.53676e-05 -2.6521e-06 0.201433 5.6219e-05 6.056e-06 5.63604e-07 0.000547968 -0.0614549 0.000246315 0.000103835 0.00279289 0.00406242 -2.65574e-07 1.01689e-06 -0.000377393 6.39206e-08 3.64254e-06 -0.180399 0.14217 0 2.63612e-05 1.14459e-06 0.0222659 1.10457e-06 8.79751e-06 1.27258e-05 1.3329e-06 0.0255128 -4.9466e-07 0.000107552 0 -0.163627 3.07584e-08 -0.00624728 0 -6.51452e-07 0 -0.000138004 -0.00182258 0.000454169 6.24489e-08 4.27745e-07 -3.9319e-07 0.00537964 1.35365e-05 -0.143773 0.000989753 1.95456e-06 9.74016e-07 -0.000531575 0.000258696 1.81754e-07 9.91798e-05 8.78224e-06 2.09236e-06 8.84537e-07 3.33896e-05 8.73819e-06 0.000314585 0.111438 0.00111994 -0.000345129 1.21169e-08 0.151653 2.887e-05 -2.25402e-07 0.000650789 1.71222e-06 2.85437e-06 1.25472e-05 -2.02436e-05 7.62156e-06 1.41675e-07 7.93194e-07 -0.000101966 0 0.00410803 0.0239787 8.44987e-05 -0.173455 0.00565191 0.0881438 
9.94894e-09 5.17174e-06 -6.66223e-05 -7.56798e-05 -4.12479e-05 7.70289e-05 -2.21915e-07 2.05457e-05 -9.23991e-09 -1.32277e-09 7.64351e-06 -7.62247e-05 -4.84539e-05 -2.80238e-07 4.504e-06 2.46202e-07 2.54845e-06 -9.405e-09 7.03659e-08 5.16617e-08 5.6219e-05 0.000283573 -8.10114e-09 -6.96842e-10 7.48724e-05 -1.61544e-05 -3.6737e-07 1.45759e-06 3.01532e-05 -9.96738e-06 -8.80271e-10 1.02302e-07 -7.63504e-05 -8.5947e-10 -3.69506e-09 -9.80014e-05 -0.000100436 0 -3.08057e-08 -1.16109e-09 -2.20165e-05 -1.27266e-09 -1.8699e-08 -2.49842e-08 7.21406e-07 -2.32722e-05 -1.94775e-10 -1.39711e-07 0 -7.11088e-05 -3.12019e-11 -7.11829e-05 0 -4.88829e-10 0 -6.0993e-08 -7.38327e-07 7.61592e-05 -6.33492e-11 -1.39085e-09 -3.92387e-10 -7.90894e-05 -1.37317e-08 4.05606e-05 7.5086e-05 -1.98274e-09 -9.88059e-10 -1.15234e-06 -2.62511e-07 -1.84375e-10 0.000121039 3.29615e-06 -2.32879e-09 9.35769e-07 8.6129e-08 7.17549e-09 7.838e-07 -1.60648e-05 5.77486e-05 3.02282e-05 -1.22916e-11 -0.000140623 -2.92863e-08 -2.51506e-10 7.23646e-05 -1.7369e-09 -4.31909e-09 -2.81027e-08 5.29967e-06 8.5056e-06 -1.43718e-10 5.69195e-07 -1.51927e-07 0 -8.87696e-05 5.25822e-05 2.47422e-07 -9.03088e-05 0.000186576 -8.18485e-05 
-5.1408e-12 -4.24309e-07 -7.00424e-06 9.46602e-08 -7.97996e-06 -7.79717e-08 -2.53644e-08 1.83408e-05 -7.64275e-09 -1.33185e-10 -1.00506e-08 4.14765e-08 9.58451e-06 -2.82161e-08 -2.6875e-10 -3.82418e-10 -1.05599e-08 -9.46954e-10 -3.89582e-07 -1.68314e-10 6.056e-06 -8.10114e-09 2.85592e-05 -7.01624e-11 -5.61413e-08 6.11701e-06 -3.69891e-08 7.92687e-07 -2.86296e-07 1.85862e-07 -8.86312e-11 -1.03863e-10 5.5005e-08 -8.65368e-11 -3.72042e-10 -8.47181e-06 6.09925e-06 0 -3.10171e-09 -1.16906e-10 -2.27449e-06 -1.28139e-10 -4.5677e-09 -2.51556e-09 -1.94018e-10 -2.32833e-06 -1.96112e-11 -1.40669e-08 0 -9.59132e-06 -3.1416e-12 8.93165e-09 0 -4.92184e-11 0 -6.14116e-09 -7.43394e-08 -4.63916e-08 -6.3784e-12 -1.40039e-10 -3.9508e-11 -7.2795e-07 -1.38259e-09 -1.12915e-05 -1.01091e-07 -1.99634e-10 -9.9484e-11 6.21244e-07 -1.97646e-08 -1.8564e-11 -9.3061e-08 -1.05872e-09 -2.34478e-10 -9.03448e-11 -3.41035e-09 -1.62687e-09 2.7578e-06 -1.0439e-05 -1.17945e-07 -3.10576e-08 -1.2376e-12 1.06231e-05 -2.94872e-09 -2.53232e-11 -6.66592e-08 -1.74882e-10 -4.34874e-10 7.30972e-08 -1.37612e-09 -7.7845e-10 -1.44704e-11 -8.10152e-11 -1.52969e-08 0 -7.15481e-06 -2.4058e-06 -9.32132e-09 -9.05857e-06 -2.74367e-07 -9.0247e-06 
-4.422e-13 -4.39529e-08 -6.51372e-07 -2.61858e-07 -8.12739e-07 -6.70695e-09 -2.18179e-09 8.07845e-08 -6.57412e-10 -1.14563e-11 -8.64534e-10 -2.66432e-07 8.63965e-07 -2.42709e-09 -2.31172e-11 -3.28948e-11 -9.08336e-10 -8.14549e-11 6.09425e-10 -1.4478e-11 5.63604e-07 -6.96842e-10 -7.01624e-11 2.45666e-06 2.65171e-07 -1.1534e-06 -3.18172e-09 2.69084e-07 2.88707e-07 -2.54013e-07 -7.62386e-12 -8.93408e-12 4.73141e-09 -7.4437e-12 -3.20022e-11 -7.30692e-07 4.43099e-07 0 -2.66802e-10 -1.0056e-11 -8.23133e-08 -1.10222e-11 -3.92903e-10 -2.16383e-10 -1.6689e-11 -1.97696e-07 -1.68691e-12 -1.21001e-09 0 -8.33011e-07 -2.70233e-13 -2.85793e-07 0 -4.23366e-12 0 -5.28249e-10 -6.39451e-09 2.66009e-07 -5.48656e-13 -1.20459e-11 -3.39839e-12 -2.71545e-07 -1.18927e-10 -1.01961e-06 2.61304e-07 -1.71721e-11 -8.55739e-12 -1.07885e-08 -2.27355e-09 -1.59683e-12 -8.00489e-09 -9.10686e-11 -2.01692e-11 -7.77126e-12 -2.93351e-10 -1.3994e-10 -3.05611e-09 5.4095e-07 2.59855e-07 -2.6715e-09 -1.06456e-13 6.9298e-07 -2.53643e-10 -2.17824e-12 2.64266e-07 -1.5043e-11 -3.74068e-11 -1.16721e-09 -1.1837e-10 -6.69605e-11 -1.24471e-12 -6.96874e-12 -1.31581e-09 0 -3.7838e-07 2.65998e-07 -8.01799e-10 -7.89765e-07 -5.39934e-08 3.57049e-07 
5.96462e-08 -2.10462e-05 -0.000591112 -0.00184755 -0.000962552 0.00141844 -1.74579e-06 -0.000555446 -5.26037e-07 -9.16687e-09 0.000238972 -0.00137418 0.00078443 -1.4354e-06 6.44836e-07 2.69035e-06 6.32985e-06 1.84823e-07 -2.12361e-07 8.84153e-08 0.000547968 7.48724e-05 -5.61413e-08 2.65171e-07 0.00196187 -0.00152586 4.45408e-05 1.87339e-05 0.00126386 -8.03141e-05 4.439e-07 7.36185e-07 -0.00113309 -5.95617e-09 1.23877e-05 -0.000663306 0.000469637 0 8.36515e-07 -8.0464e-09 -0.000140109 -8.81959e-09 1.31561e-06 -1.73142e-07 3.13331e-06 -0.000179503 -1.3498e-09 -9.24869e-07 0 -0.000521061 -2.16231e-10 -0.00180992 0 -3.38761e-09 0 -4.02685e-07 -3.60998e-06 0.00144096 -4.39014e-10 -9.63865e-09 -2.71926e-09 -0.0016158 6.78172e-07 -0.000940789 0.00178382 3.82959e-06 4.31527e-08 4.27807e-05 -9.79214e-07 4.42056e-07 -5.88855e-06 2.23138e-05 -1.61387e-08 2.53712e-06 9.35527e-06 -1.11975e-07 -1.86205e-06 0.00116226 0.00153604 -2.13764e-06 -8.51818e-11 -0.000929731 8.21137e-05 -1.74295e-09 0.00139524 -1.20368e-08 1.37934e-05 -8.37293e-07 1.16953e-05 1.28664e-05 5.05671e-07 2.83109e-06 -9.6286e-07 0 -0.000519634 0.00168221 2.67151e-05 -0.000728344 0.000209273 -0.00013345 
-1.40439e-07 0.00383587 0.0656736 0.00250551 0.0971307 -0.00193591 -0.000161185 0.0220582 5.71114e-05 -1.63508e-06 -0.000266625 0.00110515 -0.088221 -0.00030482 -1.38505e-07 2.26232e-07 -6.31199e-05 2.60728e-06 -2.19783e-05 9.65256e-07 -0.0614549 -1.61544e-05 6.11701e-06 -1.1534e-06 -0.00152586 0.171479 0.000232089 2.37823e-06 -0.00688655 -0.00130733 2.32061e-07 -1.57072e-06 0.000741562 2.65944e-07 -9.55029e-06 0.0763322 -0.053607 0 1.22325e-05 -2.90702e-06 -0.0607805 7.69428e-07 3.09207e-05 1.93585e-05 -1.73027e-06 0.0193821 1.50918e-07 -0.000226788 0 0.081 -2.4905e-09 0.0105259 0 1.82093e-07 0 4.62926e-05 0.000572078 -0.0012496 4.90849e-08 -2.10566e-06 3.04034e-07 -0.000560086 -3.04903e-05 0.0920697 -0.0027493 -4.92371e-06 7.15579e-07 0.000254839 -0.000572795 -5.07141e-07 0.000715633 -1.49293e-05 -5.12558e-06 -2.46809e-06 1.87099e-06 5.72626e-06 0.000245972 -0.128107 -0.00206395 0.000237917 9.52394e-09 -0.0949557 -8.05548e-05 -1.38459e-07 -0.00155712 -2.48753e-06 -1.04768e-05 0.00010039 -1.49011e-06 -1.49228e-05 -3.9531e-07 -2.21321e-06 6.52241e-05 0 -0.0183353 -0.0608979 -0.000181178 0.0816616 0.00357506 -0.143487 
-2.33125e-10 0.000986472 -0.000213093 -4.3344e-05 -0.00052 4.25941e-05 -1.11022e-06 -0.000301678 -3.46583e-07 -6.03965e-09 4.47557e-07 -4.43958e-05 -0.000522627 1.85046e-06 -1.21872e-08 -1.73419e-08 2.74778e-05 4.01372e-06 3.21285e-07 -7.63267e-09 0.000246315 -3.6737e-07 -3.69891e-08 -3.18172e-09 4.45408e-05 0.000232089 0.00129346 7.19386e-06 1.65071e-05 -9.04549e-05 -4.01924e-09 -4.70998e-09 -4.66656e-05 -3.92426e-09 2.69795e-07 -0.000343646 0.000309096 0 -1.40656e-07 -5.30143e-09 -0.000100467 -5.81085e-09 -2.07136e-07 -1.14076e-07 -8.7983e-09 -0.000117722 -8.89327e-10 -6.17907e-07 0 -0.000341968 -1.42465e-10 -1.84753e-05 0 -2.23195e-09 0 -2.78489e-07 -1.64447e-06 4.39762e-05 -2.89247e-10 -6.35049e-09 -1.79161e-09 -8.24661e-05 -6.26976e-08 0.000480446 3.99491e-05 7.76137e-08 -4.51139e-09 -4.71764e-06 -1.1986e-06 -8.41839e-10 -3.29012e-06 -4.80107e-08 -1.06331e-08 -4.09695e-09 1.88868e-06 -7.37753e-08 -5.78253e-08 -0.000440371 4.53114e-05 -4.75063e-07 -5.61226e-11 -0.000662597 1.02929e-05 -1.14835e-09 3.19571e-05 -7.93055e-09 -1.97206e-08 -3.38679e-07 6.97596e-07 1.16137e-06 -6.56203e-10 6.89659e-07 -2.4035e-07 0 -6.44297e-05 -6.33165e-05 1.59973e-05 0.000584384 -2.77782e-05 -0.000408475 
-6.7101e-11 -3.05291e-06 -0.000112994 -1.99278e-05 -0.00010336 1.70723e-05 -3.31073e-07 0.000206949 3.10242e-07 1.84928e-07 2.94215e-06 -1.82253e-05 4.98695e-05 -3.68295e-07 -3.50789e-09 1.78342e-07 1.72166e-07 2.76397e-08 9.24764e-08 4.44697e-08 0.000103835 1.45759e-06 7.92687e-07 2.69084e-07 1.87339e-05 2.37823e-06 7.19386e-06 0.000372644 1.39031e-05 -1.51073e-05 2.22176e-07 -1.35569e-09 -1.86587e-05 -1.12953e-09 1.65144e-07 -0.000124196 -1.66294e-05 0 1.96181e-07 -1.52593e-09 -2.82314e-05 -1.67255e-09 4.5038e-07 -3.28348e-08 3.47468e-07 -2.47222e-05 -2.55978e-10 1.62306e-06 0 -0.000129429 -4.10062e-11 -5.6792e-05 0 -6.4243e-10 0 -8.01584e-08 -9.70325e-07 1.93545e-05 -8.32549e-11 -1.82788e-09 -5.15684e-10 -1.68613e-05 -1.80464e-08 1.60099e-06 1.88738e-05 -2.60576e-09 -1.29853e-09 -4.50424e-07 -3.44997e-07 -2.42309e-10 6.01486e-05 5.58618e-06 -3.06055e-09 -1.17924e-09 4.15486e-07 -2.1235e-08 1.19588e-07 -3.19469e-05 5.69384e-06 -4.05383e-07 -1.61539e-11 -4.23542e-05 1.00382e-05 -3.30535e-10 1.96766e-05 4.51051e-07 -5.67625e-09 8.86217e-07 6.82038e-07 -1.01608e-08 5.06478e-07 -1.05746e-09 -1.99665e-07 0 -3.43748e-05 9.73899e-06 -1.21668e-07 -0.000125847 7.02169e-05 -9.99528e-05 
8.19562e-09 -0.000168802 -0.00303675 -0.00182527 -0.00486569 0.000847569 -6.75607e-06 -0.00112262 -2.35589e-06 -4.67469e-08 3.50856e-05 -0.000920542 0.00400805 6.703e-06 5.69004e-07 2.58244e-06 1.21356e-06 7.34292e-07 2.23674e-06 4.09231e-08 0.00279289 3.01532e-05 -2.86296e-07 2.88707e-07 0.00126386 -0.00688655 1.65071e-05 1.39031e-05 0.00992387 -4.10636e-05 2.48891e-07 1.75021e-06 -0.00069339 -3.03738e-08 1.18561e-05 -0.00345522 0.00244078 0 -1.03535e-06 -4.1033e-08 -0.000619091 8.35737e-09 7.67707e-08 -6.79612e-07 8.71901e-07 -0.000903472 -6.88339e-09 1.4626e-06 0 -0.00382669 -1.10268e-09 -0.00451092 0 -1.72753e-08 0 -2.1555e-06 -2.60926e-05 0.000869824 -2.23877e-09 -3.91528e-08 -1.3867e-08 -0.000974642 -4.85279e-07 -0.00469999 0.00205364 4.48326e-06 -3.49182e-08 0.000221118 -9.27718e-06 4.36817e-07 -3.26637e-05 2.25884e-05 1.077e-07 -3.17104e-08 4.88632e-06 -5.71021e-07 -1.15237e-05 0.00480991 0.00112534 -1.0901e-05 -4.34389e-10 0.00180135 7.4295e-05 -8.88827e-09 0.000878813 -6.13825e-08 1.29007e-05 -3.88611e-06 9.85699e-06 1.11801e-05 5.01588e-07 1.57823e-06 -4.85578e-06 0 0.000487402 0.00377507 3.29162e-06 -0.00372405 -0.000147368 0.00496408 
1.1714e-09 -0.00226158 -0.00257917 8.11804e-05 -0.00301085 -6.11597e-05 4.2963e-06 0.00182642 -8.40849e-06 3.0348e-08 -2.99198e-05 0.000102302 0.00371305 4.61277e-06 6.12383e-08 -1.30329e-05 -2.71971e-05 -3.63089e-06 3.89459e-08 -3.79498e-06 0.00406242 -9.96738e-06 1.85862e-07 -2.54013e-07 -8.03141e-05 -0.00130733 -9.04549e-05 -1.51073e-05 -4.10636e-05 0.00646544 -1.28647e-06 2.36667e-08 9.99363e-05 -4.69481e-08 -1.20986e-05 -0.00409952 0.00143841 0 -1.79323e-06 2.66386e-08 0.000512144 5.86495e-09 -1.24159e-05 5.26539e-07 -3.82457e-07 0.00059268 4.46868e-09 3.20535e-06 0 -0.00385169 7.15857e-10 2.2738e-05 0 -1.08545e-06 0 -1.32307e-05 -0.00142808 -8.3889e-05 1.45341e-09 3.19099e-08 9.00244e-09 0.000440329 3.15042e-07 -0.00322566 -8.05983e-05 -3.11772e-08 2.26688e-08 -0.00131436 5.06939e-06 4.23006e-09 1.47855e-06 -2.16954e-05 5.3429e-08 -1.60804e-08 -4.2629e-06 -8.22628e-07 4.8524e-06 0.00231204 -1.87945e-05 -0.000299753 2.82004e-10 0.00351645 -4.90581e-05 5.77024e-09 -6.63574e-05 3.98494e-08 -1.30309e-05 -1.13914e-05 -1.21364e-05 1.20714e-07 -5.03369e-07 -1.18487e-06 -8.66772e-06 0 0.000253452 0.000439759 2.11399e-06 -0.00386392 0.00013241 0.0020027 
-5.586e-13 1.91144e-07 -8.44067e-07 -4.39714e-07 4.02243e-07 2.18194e-07 -2.7561e-09 -9.0099e-07 -8.30462e-10 -1.44719e-11 -1.0921e-09 -4.45493e-07 -1.36948e-06 -3.06597e-09 -2.92024e-11 -4.15536e-11 -1.14744e-09 -1.02896e-10 7.69844e-10 -1.8289e-11 -2.65574e-07 -8.80271e-10 -8.86312e-11 -7.62386e-12 4.439e-07 2.32061e-07 -4.01924e-09 2.22176e-07 2.48891e-07 -1.28647e-06 3.10332e-06 -1.12858e-11 -4.44023e-07 -9.4031e-12 5.66262e-08 1.87837e-07 -4.89025e-07 0 -3.37032e-10 -1.2703e-11 -2.47147e-07 -1.39236e-11 -4.96326e-10 -2.73342e-10 -2.1082e-11 -2.80088e-07 -2.13096e-12 -1.52852e-09 0 6.58584e-07 -3.41367e-13 -3.77314e-07 0 -5.34808e-12 0 -6.67299e-10 2.95256e-07 4.44959e-07 -6.93078e-13 -1.52167e-11 -4.29294e-12 -4.21599e-07 -1.50232e-10 1.10076e-06 4.39015e-07 -2.16923e-11 -1.08099e-11 3.86372e-07 -2.87202e-09 -2.01717e-12 -1.0112e-08 2.23218e-07 -2.54784e-11 -9.81688e-12 -3.70569e-10 -1.76776e-10 -3.86057e-09 -7.51152e-07 1.57184e-07 -3.37472e-09 -1.34478e-13 -1.65563e-06 5.63463e-08 -2.75162e-12 4.42757e-07 -1.90027e-11 -4.72534e-11 1.41859e-07 -1.49529e-10 -8.45865e-11 2.23332e-07 -8.80312e-12 -1.66217e-09 0 -2.15833e-07 1.83877e-07 -1.01286e-09 1.46321e-06 -6.8206e-08 -9.80625e-07 
-6.546e-13 -6.50647e-08 -1.10241e-06 -1.00461e-06 -1.09031e-06 5.46738e-07 -3.22976e-09 5.70261e-07 -9.73184e-10 -1.6959e-11 -1.27979e-09 -5.51385e-07 1.46152e-06 -3.59288e-09 -3.4221e-11 -4.8695e-11 -1.34463e-09 -1.2058e-10 9.02148e-10 -2.14321e-11 1.01689e-06 1.02302e-07 -1.03863e-10 -8.93408e-12 7.36185e-07 -1.57072e-06 -4.70998e-09 -1.35569e-09 1.75021e-06 2.36667e-08 -1.12858e-11 3.63665e-06 -5.69663e-07 -1.10191e-11 -4.73736e-11 -1.26424e-06 8.87849e-07 0 -3.94954e-10 -1.48861e-11 -2.89621e-07 -1.63165e-11 -5.81624e-10 -3.20318e-10 -2.47051e-11 -9.87962e-08 -2.49718e-12 -1.7912e-09 0 -1.22903e-06 -4.00033e-13 -2.12816e-06 0 -6.26719e-12 0 -7.8198e-10 -9.46595e-09 5.50759e-07 -8.12189e-13 -1.78318e-11 -5.03072e-12 -9.79479e-07 -1.76051e-10 -1.71127e-06 1.00379e-06 -2.54203e-11 -1.26677e-11 -1.59705e-08 -3.3656e-09 -2.36383e-12 -1.18498e-08 -1.34811e-10 -2.9857e-11 -1.1504e-11 -4.34254e-10 -2.07157e-10 -4.52404e-09 8.72682e-07 9.84982e-07 -3.95469e-09 -1.57589e-13 -9.2256e-09 -3.75474e-10 -3.22451e-12 -8.488e-09 -2.22685e-11 -5.53743e-11 -1.72785e-09 -1.75227e-10 -9.91234e-11 -1.84258e-12 -1.0316e-11 -1.94782e-09 0 -2.06996e-07 1.37147e-06 -1.18692e-09 -1.35168e-06 -7.99278e-08 -1.29153e-07 
-5.96533e-08 -5.41233e-06 9.2448e-05 0.00115694 0.000242108 -0.00113807 4.17119e-07 0.000557808 5.1539e-07 8.98133e-09 -0.000253782 0.00113176 -5.34332e-05 8.94249e-08 -7.28544e-07 -6.41754e-06 -5.94789e-06 -4.94948e-06 2.7223e-07 -8.86498e-08 -0.000377393 -7.63504e-05 5.5005e-08 4.73141e-09 -0.00113309 0.000741562 -4.66656e-05 -1.86587e-05 -0.00069339 9.99363e-05 -4.44023e-07 -5.69663e-07 0.00192224 5.83562e-09 -1.22716e-05 1.13678e-05 -0.000345337 0 -8.64169e-07 7.88354e-09 0.000153381 8.64108e-09 -1.28198e-06 1.69637e-07 -3.82025e-06 0.000170746 1.32248e-09 9.48606e-07 0 -0.00026328 2.11854e-10 0.00111863 0 3.31905e-09 0 3.9413e-07 3.33085e-07 -0.0011525 4.30128e-10 9.44356e-09 2.66423e-09 0.00116146 9.32351e-08 0.000167089 -0.00114786 1.34624e-08 -4.32913e-08 2.82453e-06 1.72573e-06 1.25187e-09 -8.49776e-06 -2.23686e-05 1.5812e-08 -3.15724e-06 -9.69669e-06 1.97083e-08 1.37589e-06 -0.000491991 -0.00108262 9.37704e-07 8.34577e-11 0.00103725 -0.000103048 1.70767e-09 -0.00113168 1.17932e-08 -1.35007e-05 8.48389e-07 -1.16972e-05 -1.20008e-05 -5.05691e-07 -2.8312e-06 3.48217e-07 0 0.000495511 -0.000999226 -2.31614e-05 2.08995e-05 -0.000200498 0.000566598 
