0.216591 -0.000269768 -0.00279342 -0.000221582 -0.0179694 -0.00370929 -0.014485 -0.000884933 -4.09041e-06 -0.0116984 -0.00496158 -0.0491514 0.0209513 0.0759055 0.0629939 -0.000106983 0.0221731 -0.0129378 -0.0505744 -4.96659e-05 -0.0324306 0.0757121 -0.00648625 0.145689 0.105882 -0.0146888 0.0321216 -5.61988e-06 -0.0467723 -0.00773356 -0.00466055 -0.00222744 -0.0506146 -0.0125827 -0.000490185 -0.00505655 -0.000124565 -0.0286611 -0.00152376 0.0342562 -0.00393087 -0.003083 -8.87744e-06 -0.0259605 -0.000676551 -1.10964e-05 0.0498331 0.0120342 -4.94702e-05 0.000326628 -8.19851e-05 -0.00493623 -0.00115557 -0.0543297 -0.0350199 -1.0177e-05 -0.000788266 0.0627375 -1.51805e-06 -0.000231184 7.66465e-06 -0.00167119 -0.00280018 -0.010256 0.0672289 -0.00121414 -0.00132393 0.00184691 3.06639e-05 -2.84272e-06 0.0749519 -0.000374654 -0.00315455 -0.00720581 -1.01507e-06 -0.00947219 -0.0728896 -3.75849e-05 -4.87032e-05 -0.0026962 -0.00572873 -0.0448971 -0.000298195 -0.0110353 -0.0798598 -0.00279955 -0.000997626 -0.00197012 0.0131998 -0.00457793 -0.0501678 -0.120586 -0.0694497 -0.0342116 -1.141e-07 0.00768668 0.00215619 -0.106348 0.0770331 -0.0011224 
-0.000269768 0.000395037 -1.53539e-06 -9.95558e-07 -5.83702e-06 0.000309984 -8.17677e-06 -5.32867e-07 -3.08909e-09 0.000291826 -2.40923e-06 -0.000218215 -0.00037037 0.000219217 -0.000316956 -8.64011e-08 -0.000369816 0.00037242 -0.000211088 -2.88913e-08 -1.72191e-05 -9.36529e-05 0.000292408 0.00012279 0.000110887 0.000372456 -2.0617e-05 -6.78152e-09 -2.38708e-05 8.67232e-07 9.25354e-05 -1.29578e-06 0.00032966 4.93719e-05 -2.91846e-07 -2.48727e-06 -7.32926e-08 -7.15069e-06 -8.84125e-07 0.000263953 -2.50742e-06 -1.63204e-06 2.91567e-06 -1.40077e-05 -5.07871e-07 -7.05157e-09 -8.83376e-05 -2.24485e-05 1.08015e-06 -1.15939e-06 -5.69895e-08 -8.11101e-07 -7.31685e-07 -4.21063e-05 -1.16031e-05 -6.22034e-09 -4.45754e-07 -0.00032771 2.91214e-08 -1.35497e-07 -1.64796e-08 0.000297309 -1.63844e-06 -5.20669e-06 -0.000313616 8.98234e-07 -4.45659e-07 -2.58061e-06 -5.72332e-08 -2.79138e-09 -0.000173235 -4.73158e-07 4.66678e-05 -4.23193e-06 -5.87521e-10 3.64047e-05 -5.05278e-05 -2.17541e-08 -3.66436e-08 -1.41036e-06 -4.951e-06 7.25647e-05 -2.06175e-07 0.000372741 -0.000220795 -1.63456e-06 1.46976e-05 1.09715e-06 -0.000353321 -2.71957e-06 -0.000213325 -9.6251e-05 -4.62141e-05 -0.00013046 -1.27779e-10 -1.61189e-05 -2.77777e-06 -0.000188624 0.000216994 1.66833e-06 
-0.00279342 -1.53539e-06 0.00410435 -1.01023e-05 -7.58864e-05 -2.4218e-05 -8.33947e-05 -5.55708e-06 -3.22151e-08 -6.39764e-05 -3.04089e-05 -0.00227265 0.000177183 0.00221762 -0.00367649 -9.01047e-07 -0.00378304 -5.33985e-07 -0.00219967 1.36987e-05 -0.000181585 0.00243629 -0.000113105 -0.00175886 0.00117789 -8.25699e-05 -0.00102629 -7.07221e-08 0.00328366 -5.41384e-05 0.00327866 -1.35133e-05 0.00336916 -6.95222e-05 -3.25213e-06 -3.10489e-05 -7.64342e-07 0.00310537 -8.57357e-06 0.00307017 -2.58956e-05 -3.99425e-06 -2.18994e-07 0.000403891 -4.83641e-06 -7.35383e-08 0.00242839 -0.000235424 -2.75324e-06 -1.20908e-05 2.05901e-06 3.51863e-05 5.95952e-06 -0.000431517 0.00227512 -6.48698e-08 -4.56432e-06 0.000629383 -9.1631e-09 -1.41305e-06 -1.7186e-07 -6.62814e-05 -1.70867e-05 -3.26893e-05 -0.00316414 -4.17515e-06 -8.13956e-06 3.0413e-05 -5.96865e-07 -2.91104e-08 -0.00355214 -4.9344e-06 -7.09649e-06 -3.75467e-05 -6.12705e-09 -2.18402e-05 -0.00052645 -2.26866e-07 -3.82144e-07 -1.76281e-05 -5.15389e-05 0.000198539 -2.15013e-06 -7.51305e-05 -0.00225479 -1.70329e-05 -6.03914e-06 -1.26279e-05 0.00029525 -2.10547e-05 -0.0022248 -0.000831934 0.000456553 -0.00135821 -1.33256e-09 -0.000167889 -3.27922e-05 -0.00186502 0.00222813 0.000247602 
-0.000221582 -9.95558e-07 -1.01023e-05 0.00251282 -5.57784e-05 4.65338e-06 9.57666e-05 1.95699e-05 1.03085e-08 -4.24187e-05 -1.85874e-05 0.000705956 3.02063e-05 -0.000645313 0.00014352 -5.50765e-07 0.000101527 -1.16593e-05 0.000781702 -1.84168e-07 -8.1029e-05 -0.000720254 3.43013e-05 9.30365e-05 -0.000217749 -5.34145e-05 0.000173289 5.34378e-08 -0.000113782 -3.85266e-05 -0.000107095 -7.79999e-06 -0.000246485 -4.40749e-05 -1.81453e-06 -1.89786e-05 -4.67205e-07 -5.6182e-05 -5.2792e-06 -0.00052806 -4.75691e-06 -1.18579e-05 -1.3386e-07 -9.226e-05 -9.80765e-07 -4.49503e-08 -0.000706664 -0.000130031 -1.80183e-06 -6.9772e-06 1.05672e-06 -2.54329e-05 -4.37414e-06 5.90107e-07 -0.000117776 -3.96517e-08 -2.92646e-06 -4.96138e-05 -5.60095e-09 1.52627e-06 -1.05049e-07 -4.85467e-05 -1.04209e-05 -3.77076e-05 0.000246772 -4.59757e-06 -4.98403e-06 -1.66289e-05 1.76517e-06 -1.77937e-08 0.000267704 2.85051e-06 -8.55442e-06 -2.64232e-05 -3.74516e-09 -3.51572e-05 -0.000289137 -1.38672e-07 -2.33586e-07 -9.0854e-07 -1.66069e-05 -0.000149671 -2.87599e-07 4.21006e-05 0.000439489 -1.01962e-05 -3.69143e-06 -7.92254e-06 2.81545e-05 -1.55959e-05 0.000353914 7.8182e-05 -0.000306728 0.000453795 -8.14531e-10 1.94895e-05 -2.00443e-05 -0.000449021 -0.000760415 -6.2152e-06 
-0.0179694 -5.83702e-06 -7.58864e-05 -5.57784e-05 0.0256325 -0.000153763 -0.000601773 -1.50499e-05 -2.05778e-07 -0.000407603 -0.000193294 -0.0122919 0.00127267 -0.0112294 -0.0233532 -5.75555e-06 4.59037e-05 -0.00108232 -0.0130634 5.58209e-06 0.00144158 -0.0102672 -0.000716791 -0.0135699 0.00306808 -0.00057465 -0.00658269 -4.51746e-07 0.0233748 -0.00042427 -0.00121784 -8.62978e-05 0.0220564 -0.000409691 -2.07734e-05 -0.000196869 -4.88234e-06 0.0147543 0.000344541 -0.00625735 -0.00016703 -0.000119863 -1.39885e-06 -0.000699689 -3.21648e-05 -4.69736e-07 -0.00146214 -0.00151179 -1.62975e-05 -7.70451e-05 0.000109367 0.00083117 -4.56707e-05 0.0140388 0.0248289 -4.14364e-07 -3.05818e-05 0.00265493 -4.85305e-08 -8.89273e-06 -7.51109e-07 -0.000513826 -0.0001077 -0.000397363 -0.0228518 -4.98564e-05 -4.66869e-05 -0.00017477 -3.56589e-06 -1.85946e-07 -0.0232218 -3.13358e-05 -0.000104579 4.29908e-06 -3.91373e-08 -0.000364357 -0.00334935 -1.30913e-06 1.15723e-05 -0.000112562 -0.000329807 0.0180619 -1.37342e-05 -0.000476922 0.0113275 -0.000108768 -3.85758e-05 -8.27914e-05 0.00237776 -0.000161312 -0.0117452 0.0194276 0.0119566 -0.00867834 3.48214e-08 -0.00106678 -0.000208911 0.0127339 -0.0110453 -6.46895e-05 
-0.00370929 0.000309984 -2.4218e-05 4.65338e-06 -0.000153763 0.00584173 -0.000118465 3.829e-05 1.20407e-06 0.0032124 -3.67241e-05 -0.00320828 -0.00557453 0.00332712 -0.00240385 0.000133152 -0.00483743 0.00477904 -0.00301272 -3.59594e-07 -0.000282261 -0.00227074 0.00557318 0.00255548 0.000995771 0.00502857 0.00171358 5.42583e-06 -0.000414371 0.000213495 0.00150954 6.16959e-05 0.00406321 6.7719e-05 -4.04027e-06 -4.40267e-05 0.000108277 -0.000219017 -1.31464e-05 0.00174928 0.000297033 -2.68655e-05 9.79442e-06 -0.000203267 -2.61504e-06 3.70181e-06 -0.0021658 0.000337767 -2.52744e-06 0.000262861 -8.47396e-07 -6.24153e-05 -1.08797e-05 -0.000668425 -0.000300716 -9.24924e-08 -6.81298e-06 -0.00490025 1.69351e-08 0.000331152 1.97829e-06 0.00464211 -2.34692e-05 -5.6168e-05 -0.00347153 3.49213e-05 5.45786e-05 -2.73954e-05 -5.0102e-07 -4.1506e-08 -0.00126846 -5.76889e-06 3.80805e-06 -6.29261e-05 -8.73604e-09 0.00107954 -0.000669168 -3.23469e-07 -5.44867e-07 -1.27245e-05 -2.1998e-05 0.000776932 -3.06569e-06 0.00501351 -0.00331535 -2.43048e-05 0.00135815 0.00011274 -0.00533981 -3.96248e-05 -0.00308752 -0.00143197 -0.000724873 -0.00163746 -1.89999e-09 -0.000238348 0.000120921 -0.00197998 0.00240083 -1.30177e-05 
-0.014485 -8.17677e-06 -8.33947e-05 9.57666e-05 -0.000601773 -0.000118465 0.0225691 0.000207229 1.68275e-06 -0.000379654 0.000873884 0.00608549 -0.00256378 -0.00567482 -0.0015229 4.81902e-06 -0.0022693 0.00273112 0.00668067 6.25102e-06 -0.000622294 -0.00519304 0.000114787 -0.0112577 -0.0126103 0.00145302 0.00357127 1.63554e-07 -0.0014349 0.00253023 -0.000340247 -6.29511e-05 -0.000786784 0.000247976 -1.72237e-05 0.000418296 -4.07799e-06 0.0015927 -4.8069e-05 -0.00382669 -0.000115776 -4.22469e-05 5.15723e-07 -0.000428508 -2.61e-05 4.23443e-06 -0.00850842 -0.00104911 0.000425275 -6.59174e-05 5.0841e-07 -0.000215432 -5.1074e-06 -0.00160728 -0.00116374 -3.63639e-07 5.60192e-06 -0.01456 2.25301e-07 3.35553e-06 1.95994e-06 0.000125698 -1.99695e-05 0.00217956 -0.000882577 1.01902e-05 0.0016083 -0.000151198 -3.0925e-06 -5.31834e-08 -0.00462946 -1.89707e-05 -9.28397e-05 -0.000220081 -3.43463e-08 0.00245964 0.0104771 3.6216e-06 -2.08884e-06 0.000188989 -0.000199237 0.00206406 -4.12626e-06 -0.000378346 0.00570424 -5.08557e-05 2.08465e-05 0.000141347 -0.00970836 0.000394192 0.00653111 0.0108153 0.00464268 0.00983357 2.91967e-08 -0.000866292 0.000106267 0.00753232 -0.00554994 1.18247e-05 
-0.000884933 -5.32867e-07 -5.55708e-06 1.95699e-05 -1.50499e-05 3.829e-05 0.000207229 0.00134655 -1.05398e-08 -2.09804e-05 -9.94882e-06 0.00054929 -0.00073182 -0.000539235 9.11154e-05 -2.81461e-07 6.64829e-05 -4.61003e-05 0.000559117 3.03143e-06 0.000160057 -0.000523616 1.7369e-05 -0.000642516 -0.000918409 -7.35338e-06 -7.3697e-05 1.23529e-07 -6.54651e-05 -2.02707e-05 -6.48744e-05 -3.59445e-06 0.00019838 -2.5797e-05 -8.40661e-07 -1.01582e-05 -2.50069e-07 -4.80404e-05 -3.01657e-06 -0.000323631 0.000701912 4.29804e-06 -6.83146e-08 0.000170146 -1.42282e-06 -2.40594e-08 -0.00054207 1.4569e-05 -9.29539e-07 2.13009e-05 -1.94444e-07 8.05164e-06 4.83688e-06 -6.90294e-05 -4.33171e-05 1.5211e-07 -1.45637e-06 -0.00107895 -2.99788e-09 8.61027e-07 -5.6227e-08 4.21369e-06 -4.89691e-06 -2.01877e-05 -0.000168495 -2.5536e-06 -1.04002e-06 -8.97544e-06 -1.95275e-07 1.00476e-07 6.18654e-06 1.25256e-05 -6.29684e-06 -7.02376e-07 2.54662e-07 -1.50044e-05 2.8513e-05 -7.42233e-08 6.36164e-06 -4.9107e-06 -6.59243e-06 0.000410333 -3.26787e-07 4.27916e-06 0.000538664 -3.63032e-06 -8.5816e-08 5.15284e-06 -9.88648e-05 -9.27895e-06 0.000545887 0.000827417 -9.72314e-05 0.000563581 -4.35973e-10 -4.10033e-05 -1.04852e-05 0.000653522 -0.000562066 -3.32665e-06 
-4.09041e-06 -3.08909e-09 -3.22151e-08 1.03085e-08 -2.05778e-07 1.20407e-06 1.68275e-06 -1.05398e-08 7.81661e-06 3.8181e-06 -5.76745e-08 -4.31826e-06 -6.707e-06 4.4762e-06 -5.50314e-06 2.58291e-07 -7.37064e-06 7.49058e-06 -4.14906e-06 -5.7145e-10 -3.79944e-07 1.54862e-06 5.47548e-06 -9.79905e-07 2.21192e-06 4.63039e-06 -1.2914e-06 -1.34134e-10 -4.14534e-07 3.75174e-07 6.48705e-06 -2.56298e-08 4.42286e-06 4.90846e-06 -6.16811e-09 2.67778e-07 -1.44968e-09 -2.75076e-07 -1.74874e-08 3.96103e-06 -4.95951e-08 -3.70936e-08 -4.15352e-10 6.95437e-07 -1.00454e-08 -1.39475e-10 3.02072e-06 -4.48896e-07 1.2344e-06 -2.29319e-08 -1.12722e-09 -8.39521e-08 -1.44722e-08 -8.91053e-07 -4.05801e-07 -1.23034e-10 -9.08044e-09 -5.8868e-06 -1.73791e-11 -2.68005e-09 -3.25955e-10 1.25395e-06 -3.24073e-08 -1.19929e-07 -4.85677e-06 1.3752e-06 -1.56717e-08 -5.20317e-08 -1.13204e-09 -5.52117e-11 -5.03247e-06 -9.35876e-09 8.93496e-07 -8.37049e-08 -1.16208e-11 5.94245e-07 -9.99407e-07 -4.30281e-10 -7.24787e-10 -3.34342e-08 -9.79275e-08 -4.4436e-07 -4.07801e-09 4.65262e-06 -4.44774e-06 -3.23305e-08 5.05213e-07 -2.45827e-08 -7.10417e-06 -4.37912e-08 -4.18103e-06 -1.93414e-06 -1.15248e-07 -2.12708e-06 -2.52739e-12 -3.18822e-07 3.84472e-07 -3.8039e-06 3.98526e-06 -1.9285e-08 
-0.0116984 0.000291826 -6.39764e-05 -4.24187e-05 -0.000407603 0.0032124 -0.000379654 -2.09804e-05 3.8181e-06 0.0170009 -0.000114944 -0.00955302 -0.0141639 0.00979048 -0.0145867 3.23443e-05 -0.0125887 0.0139473 -0.00924633 -1.19476e-06 -0.000833298 0.00588014 0.0100046 -0.00497654 0.00486395 0.0143187 -0.00310678 4.68313e-06 0.000994656 -0.000195344 0.00956691 9.62652e-05 0.0145662 0.0115311 -1.31115e-05 -6.02432e-06 2.18415e-05 -0.000472734 -3.54106e-05 0.0117385 8.48742e-06 -8.20971e-05 1.91374e-05 0.0109544 -1.87961e-05 -1.85359e-07 0.00700314 -0.000847556 7.15598e-05 -4.91939e-05 -2.46813e-06 -0.000135206 2.67942e-06 -0.00194757 -0.000789453 -2.72305e-07 -1.97039e-05 -0.0123228 -8.46405e-09 4.92507e-06 -7.21417e-07 0.00249797 -7.17252e-05 -0.000242079 -0.0145116 0.000987226 -3.45286e-05 -0.000115109 -2.50547e-06 -1.22197e-07 -0.0134098 -2.07132e-05 0.00429854 -1.09159e-05 -2.57196e-08 0.000979724 -0.00219079 -9.52317e-07 -1.60413e-06 -7.28845e-05 -0.000207697 0.000240238 -9.02562e-06 0.0143212 -0.00973859 -7.15551e-05 0.000781159 -5.37308e-05 -0.0135391 -8.6103e-05 -0.00937316 -0.00420035 0.000134742 -0.00569627 1.6774e-07 -0.000703004 -0.000137342 -0.0064888 0.00953637 4.99092e-06 
-0.00496158 -2.40923e-06 -3.04089e-05 -1.85874e-05 -0.000193294 -3.67241e-05 0.000873884 -9.94882e-06 -5.76745e-08 -0.000114944 0.00732396 -0.00407553 -0.00699496 0.00401087 -0.00661193 6.37019e-06 -0.00162466 0.00175234 -0.00392686 7.25619e-09 -0.000334558 0.000382931 -8.91143e-05 -0.00366431 -0.00196181 0.000130406 -0.00180197 -1.26613e-07 -0.000519466 0.0070607 -0.000344747 0.00302207 0.000952724 0.00446028 0.000725754 0.00648764 -1.21173e-06 0.000250984 -1.65069e-05 -0.00121121 -4.47711e-05 -3.50138e-05 -3.92064e-07 -0.000226794 -9.48213e-06 1.87168e-06 -0.00296719 0.0042237 0.000100759 -8.6895e-06 -3.84015e-07 -3.09318e-05 -1.19875e-05 -0.00084099 -0.000382896 9.38386e-06 0.000437845 -0.00620133 5.76929e-07 -1.26645e-06 3.30899e-06 0.00180637 0.00408173 0.00716672 -0.00638377 -7.46685e-06 0.00043789 -4.91144e-05 -1.06856e-06 4.81455e-06 -0.0064901 -8.69071e-06 -3.09636e-05 -7.82451e-05 -1.09692e-08 0.0067781 -0.000941579 5.25138e-05 -4.97483e-07 0.00254271 -9.16469e-05 0.00681043 -3.84936e-06 -0.000131171 -0.00419796 0.00407781 -1.00218e-05 0.00149914 -0.00670427 0.0050593 -0.00396278 -0.00182822 -0.000670472 -0.00200149 -2.38568e-09 -0.000300947 -2.17766e-07 -0.00358835 0.00427087 -1.47971e-05 
-0.0491514 -0.000218215 -0.00227265 0.000705956 -0.0122919 -0.00320828 0.00608549 0.00054929 -4.31826e-06 -0.00955302 -0.00407553 0.24725 0.020046 -0.2228 0.0483475 -0.000108524 0.0303347 -0.0227756 0.235839 -3.0072e-06 0.0140303 -0.200818 -0.0143818 -0.127584 -0.119386 -0.0122203 0.00888341 2.08343e-06 -0.0273177 -0.00899734 -0.0254439 -0.00180894 -0.0604883 -0.0106411 -0.000392227 -0.00414852 -2.64126e-05 -0.023457 0.000637625 -0.132335 0.00222122 0.00207794 -2.77216e-05 -0.0156045 0.000541889 -9.82741e-06 -0.19027 -0.0281361 -0.000394355 0.000629726 -6.99425e-05 -0.0057361 -0.000453781 0.0353445 -0.00939112 -2.91544e-06 -0.000641759 -0.0296324 -1.02493e-06 -0.000184655 -2.24902e-05 -0.0107192 -0.00228878 -0.00844666 0.0475062 -0.00094514 -0.0010954 -0.00366573 -1.39498e-05 -1.83542e-06 0.0354171 0.00052789 -0.00248193 -0.00315602 6.65369e-07 -0.00770787 0.0569891 -3.04101e-05 1.67957e-05 -0.00163378 0.00498312 -0.0197596 0.000228547 -0.01016 0.214027 -0.0022779 -0.000809514 -0.00170913 0.0316132 -0.00377493 0.220011 0.0748155 0.0237972 0.127075 -1.78623e-07 0.0180757 -0.0043951 0.174917 -0.220607 -0.001362 
0.0209513 -0.00037037 0.000177183 3.02063e-05 0.00127267 -0.00557453 -0.00256378 -0.00073182 -6.707e-06 -0.0141639 -0.00699496 0.020046 0.0485162 -0.0210166 0.0251509 -0.000178585 0.0275266 -0.0308289 0.0183417 -1.85787e-05 0.00186118 -0.00282995 -0.0223224 0.00720086 -0.00248843 -0.0198207 -0.000987698 -8.43927e-06 0.0017836 -0.0152597 -0.0209385 -0.00310836 -0.0197916 -0.0177722 -0.00070069 -0.00711589 -0.000111437 -0.002587 -3.17243e-05 -0.00803057 -0.00323478 0.000205317 -4.13398e-05 -0.0118333 -3.94778e-05 -1.54243e-05 0.00394095 -0.00481679 -0.000668838 -0.0023731 3.33003e-06 5.67025e-05 -0.000301677 0.00492474 0.00183259 -9.06854e-06 -0.00110228 0.0381753 -1.89632e-06 -0.000321796 -5.58786e-06 -0.0153908 -0.00392198 -0.0111536 0.0342387 -0.00164695 -0.00187249 2.70874e-05 -1.07451e-05 -5.74551e-06 0.0249493 5.8751e-05 -0.00422301 -0.00106122 -7.07319e-07 -0.0130268 0.00549697 -5.20921e-05 -1.67823e-05 -0.00339894 -0.000869045 -0.0156182 1.39218e-05 -0.0173965 0.0215768 -0.00390065 -0.00139035 -0.00297608 0.0352543 -0.00610637 0.011224 0.0052444 0.00311355 0.00497611 -1.56801e-07 -0.000327019 -0.00749001 0.0159132 -0.020699 -0.000409803 
0.0759055 0.000219217 0.00221762 -0.000645313 -0.0112294 0.00332712 -0.00567482 -0.000539235 4.4762e-06 0.00979048 0.00401087 -0.2228 -0.0210166 0.244722 -0.0174521 0.000112828 -0.0299795 0.0237945 -0.224577 -1.27189e-05 -0.0159632 0.219274 0.0149309 0.146808 0.116909 0.0126124 -0.00279111 -1.73669e-06 -0.00351719 0.00909185 0.0262994 0.00173726 0.0317049 0.010585 0.000426042 0.00400571 3.05167e-05 0.00131365 -0.00095559 0.137594 -0.00224782 -0.00202048 2.9802e-05 0.0106279 -0.000514065 1.01046e-05 0.192708 0.0302943 0.000408835 -0.00052278 -5.05936e-05 0.00450285 -7.54945e-05 -0.04869 -0.0189858 1.77349e-06 0.000662342 0.0274267 5.76522e-07 0.000192713 2.26828e-05 0.0111437 0.00215898 0.00849836 -0.0172966 0.000975931 0.00112405 0.00379852 1.87095e-05 9.01473e-07 -0.00514932 -0.000505581 0.00242349 -0.00104145 -6.35329e-07 0.00773708 -0.0543911 1.3649e-05 -3.92388e-05 0.00151846 -0.00489684 -0.00166722 -0.000222952 0.0105167 -0.23524 0.00216355 0.000838859 0.00176949 -0.0352777 0.00355668 -0.210513 -0.10228 -0.0388634 -0.120554 1.41823e-07 -0.0173777 0.00455539 -0.192527 0.239575 0.00140243 
0.0629939 -0.000316956 -0.00367649 0.00014352 -0.0233532 -0.00240385 -0.0015229 9.11154e-05 -5.50314e-06 -0.0145867 -0.00661193 0.0483475 0.0251509 -0.0174521 0.0884805 -2.87779e-05 0.0330288 -0.0213574 0.0504259 -3.98879e-05 -0.0033341 -0.0124874 -0.00894394 0.0419576 -0.0190845 -0.017485 0.0221236 -1.27985e-06 -0.0557006 -0.0114757 -0.0147332 -0.00287112 -0.0734881 -0.0171601 -0.000658049 -0.00678002 9.42458e-06 -0.0379819 -0.00023861 -0.0207881 0.000388596 0.000422546 -1.76137e-05 -0.0315511 0.00012287 -1.28228e-05 -0.0254537 0.000965831 -0.000329517 0.000280516 -0.000113796 -0.00701874 -0.00109951 -0.00670374 -0.0309169 -8.32916e-06 -0.00104771 0.0143295 -2.00521e-06 2.62567e-05 6.54318e-07 -0.00369621 -0.00372232 -0.0137878 0.0787815 -0.00151268 -0.00172046 0.000375238 1.33079e-05 -4.17372e-06 0.0780527 0.000112746 -0.00410989 -0.00858105 1.4585e-07 -0.0125234 0.0119744 -4.96463e-05 -1.89467e-05 -0.00305327 0.00114826 -0.046509 5.11821e-05 -0.0125175 0.0142984 -0.00371705 -1.1096e-06 -0.00265022 0.0208657 -0.00612977 0.0472345 -0.0167547 -0.0233324 0.0299041 -1.84946e-07 0.00386451 0.00038387 0.00467722 -0.0158051 -0.00198743 
-0.000106983 -8.64011e-08 -9.01047e-07 -5.50765e-07 -5.75555e-06 0.000133152 4.81902e-06 -2.81461e-07 2.58291e-07 3.23443e-05 6.37019e-06 -0.000108524 -0.000178585 0.000112828 -2.87779e-05 0.000218582 -0.000132501 0.000123516 -0.000103521 -1.59833e-08 -9.67027e-06 -3.24461e-05 0.00014782 8.56847e-05 7.93601e-06 0.000163829 -5.80669e-06 -3.75169e-09 -1.53803e-05 3.10388e-05 3.1566e-05 -6.93524e-07 7.38967e-05 1.65082e-05 -1.25854e-07 6.44291e-06 2.28945e-06 -6.93198e-06 -4.89118e-07 -2.39471e-05 5.14328e-05 -9.54164e-07 3.58383e-07 -3.76542e-06 -2.80966e-07 -3.90109e-09 -4.17533e-05 5.26545e-05 1.14334e-06 7.61934e-07 -3.15279e-08 -2.21812e-06 -2.91451e-07 -2.39658e-05 -1.13502e-05 6.55876e-09 2.59269e-06 -0.000155367 -4.86087e-10 2.1265e-05 2.20883e-07 0.000112065 -3.16424e-07 1.79189e-05 -0.000145391 1.43126e-05 7.465e-06 -1.45531e-06 -3.16627e-08 -1.54426e-09 -1.93068e-05 -2.61762e-07 -7.64328e-07 -2.3412e-06 -3.2503e-10 9.27216e-06 -2.78931e-05 -1.20349e-08 -2.02721e-08 1.43152e-06 -2.739e-06 5.07368e-06 -1.14061e-07 9.10745e-05 -0.000114442 -1.90941e-07 8.21696e-05 1.48258e-05 -0.000165462 6.46214e-06 -9.51537e-05 -5.40039e-05 -2.08211e-05 -7.13367e-05 -7.06904e-11 3.27263e-06 -1.69624e-06 -4.81541e-05 5.19233e-05 2.72839e-05 
0.0221731 -0.000369816 -0.00378304 0.000101527 4.59037e-05 -0.00483743 -0.0022693 6.64829e-05 -7.37064e-06 -0.0125887 -0.00162466 0.0303347 0.0275266 -0.0299795 0.0330288 -0.000132501 0.0538052 -0.0297582 0.0297419 -1.50584e-05 0.000342673 -0.017619 -0.0200068 0.00564749 -0.015826 -0.0167988 -0.00113262 -1.2875e-06 -0.0128605 -0.00943702 -0.0225825 4.52323e-05 -0.0329159 -0.00913495 3.56235e-05 -0.00172372 -3.34374e-05 -0.0132835 0.0001215 -0.023824 0.000323861 0.000238038 -4.74146e-05 -0.0150365 4.89505e-05 -1.39852e-05 -0.0150346 0.00300314 -0.000475375 0.000116782 -1.58214e-05 -0.000598421 -0.000155997 0.00556258 -0.00170446 8.21476e-07 -0.0010183 0.0190252 -1.25647e-06 -3.44891e-05 1.30278e-06 -0.014041 0.000226915 -0.00854708 0.0380319 -0.00142718 -0.00185466 1.8025e-05 -1.07095e-05 2.99709e-07 0.0314008 6.80117e-05 -0.0016995 -0.00313536 8.4831e-08 -0.00754789 0.00722966 -9.68231e-06 4.57424e-06 -0.0020275 0.000369928 -0.0140163 2.97692e-05 -0.0132886 0.0295683 0.000200237 -0.00136576 -0.00218151 0.025301 -0.000788171 0.0224721 0.00912552 -0.0056705 0.0129208 -1.98217e-07 0.00232585 -0.00730328 0.0225988 -0.0298172 -0.00181592 
-0.0129378 0.00037242 -5.33985e-07 -1.16593e-05 -0.00108232 0.00477904 0.00273112 -4.61003e-05 7.49058e-06 0.0139473 0.00175234 -0.0227756 -0.0308289 0.0237945 -0.0213574 0.000123516 -0.0297582 0.0399769 -0.0211469 -1.80314e-06 -0.00182283 0.00973325 0.0213439 0.000161759 0.0108164 0.0200122 0.00389765 1.49747e-06 -0.00236917 0.00944206 0.0216329 -2.59717e-05 0.0205202 0.012563 -2.08489e-05 0.00146901 -2.09688e-06 0.00338792 -9.33297e-05 0.0140892 -0.00025543 -0.00019583 3.32666e-05 0.00843419 -3.16417e-05 1.3129e-05 0.0051176 -0.00216231 0.000656553 -0.00011607 -1.50257e-06 -0.000312246 -7.59878e-05 -0.00475536 -0.00209708 -6.56629e-07 0.000648091 -0.024959 1.29058e-06 -3.20998e-06 9.61039e-06 0.0134848 -0.000165833 0.00422649 -0.0260536 0.0013887 0.00186072 -6.91479e-05 1.30884e-05 -1.91329e-07 -0.019872 -4.99474e-05 0.0041385 -0.000443033 -6.20196e-08 0.00753441 -0.00530021 9.26938e-07 -3.58816e-06 0.00172428 -0.000176385 0.0066844 -2.17642e-05 0.0166806 -0.0237128 -0.00013612 0.00121933 0.00191057 -0.0340008 0.000420212 -0.0139926 -0.0103124 -0.0034378 -0.00686497 1.59845e-07 -0.00166282 0.0074223 -0.0200784 0.0237663 0.0016575 
-0.0505744 -0.000211088 -0.00219967 0.000781702 -0.0130634 -0.00301272 0.00668067 0.000559117 -4.14906e-06 -0.00924633 -0.00392686 0.235839 0.0183417 -0.224577 0.0504259 -0.000103521 0.0297419 -0.0211469 0.2488 -5.95873e-06 0.0146824 -0.205168 -0.012816 -0.124959 -0.124681 -0.0117519 0.0139687 2.38899e-06 -0.0302248 -0.00857328 -0.0239462 -0.00175005 -0.0644998 -0.0103229 -0.000395669 -0.00401295 -1.98034e-05 -0.022732 0.000670283 -0.129252 0.002365 0.00215832 -2.77821e-05 -0.0177623 0.000554706 -9.43967e-06 -0.199584 -0.028221 -0.000350095 0.000667117 -6.9518e-05 -0.00572163 -0.000438829 0.0359229 -0.0109517 -2.68849e-06 -0.000621073 -0.033552 -1.18867e-06 -0.00016231 -2.1691e-05 -0.00998412 -0.00221495 -0.00818436 0.0497392 -0.00090877 -0.00104568 -0.00351529 -5.28876e-05 -1.70964e-06 0.0374268 0.000380847 -0.00239266 -0.00447817 6.91842e-07 -0.00741504 0.0590617 -2.94299e-05 1.57602e-05 -0.00156541 0.00570339 -0.0207731 0.000242734 -0.0095939 0.216126 -0.00220421 -0.000782994 -0.00164202 0.0308773 -0.00367915 0.229081 0.0732488 0.0217311 0.131211 -1.72865e-07 0.0188204 -0.00416367 0.172858 -0.222071 -0.00131514 
-4.96659e-05 -2.88913e-08 1.36987e-05 -1.84168e-07 5.58209e-06 -3.59594e-07 6.25102e-06 3.03143e-06 -5.7145e-10 -1.19476e-06 7.25619e-09 -3.0072e-06 -1.85787e-05 -1.27189e-05 -3.98879e-05 -1.59833e-08 -1.50584e-05 -1.80314e-06 -5.95873e-06 7.31013e-05 -1.96682e-06 -1.0823e-05 -6.32987e-07 -3.76903e-05 -1.81387e-05 -3.14189e-07 -1.80353e-05 -1.25451e-09 3.57015e-05 7.14705e-07 5.74942e-06 -2.39707e-07 4.93634e-05 1.29271e-06 -3.10216e-08 -4.10764e-07 -1.35584e-08 1.88528e-05 -1.63554e-07 6.09528e-06 1.70928e-05 4.19743e-07 -3.88464e-09 3.86839e-05 -5.72842e-08 -1.30447e-09 2.29626e-06 -4.17171e-06 -5.23863e-08 -2.14474e-07 -1.05425e-08 -6.45176e-07 1.02131e-06 3.29628e-06 1.69713e-05 -1.1507e-09 -8.49263e-08 -3.40277e-05 -1.6254e-10 -2.50656e-08 -3.04855e-09 -1.42828e-06 -2.76428e-07 2.25009e-07 -6.06989e-05 -1.38452e-07 -4.32387e-08 -4.86635e-07 -1.05876e-08 -5.16377e-10 -6.06177e-05 -8.75294e-08 -1.28072e-07 -7.82864e-07 -1.08685e-10 6.43064e-07 -6.97045e-06 -4.02428e-09 4.79888e-07 5.70635e-07 -9.15883e-07 4.42537e-05 -3.81402e-08 -1.2772e-06 8.86511e-06 -2.75709e-07 -1.07126e-07 5.26753e-07 5.08374e-06 8.03575e-07 -5.28372e-06 4.23528e-05 9.85236e-06 -2.96037e-06 -2.36378e-11 -1.42184e-06 -5.81688e-07 2.088e-05 -1.32678e-05 2.663e-07 
-0.0324306 -1.72191e-05 -0.000181585 -8.1029e-05 0.00144158 -0.000282261 -0.000622294 0.000160057 -3.79944e-07 -0.000833298 -0.000334558 0.0140303 0.00186118 -0.0159632 -0.0033341 -9.67027e-06 0.000342673 -0.00182283 0.0146824 -1.96682e-06 0.0462443 -0.0149885 -0.00133282 -0.0248527 -0.0272807 -0.000925803 -0.0113536 -7.10762e-07 0.00428554 -0.000731137 -0.00240848 -0.000134762 0.000554259 -0.000922209 -3.50722e-05 -0.000339437 -7.02131e-06 0.00208143 -7.49933e-05 -0.0102791 -0.000247657 -0.000163622 -2.58281e-06 -0.000748746 -3.67924e-05 -8.6731e-07 -0.0135024 -0.00226181 -3.34704e-05 -0.000130002 1.89939e-05 0.00231296 -4.69705e-05 0.00463444 0.000755423 -7.65073e-07 -5.64655e-05 0.0054618 -1.08069e-07 -1.64689e-05 -2.02691e-06 -0.000939242 -0.000177011 -0.000640181 -0.00151686 -9.15204e-05 -9.39624e-05 -0.000323513 -6.56942e-06 -3.43327e-07 0.000591682 -5.44363e-05 -0.000226146 0.000232495 1.84404e-07 -0.00060324 0.0316179 -2.67565e-06 7.313e-06 -0.000204999 -0.00060895 -0.00201861 -2.44852e-05 -0.000895129 0.0186629 -0.000173893 -7.12255e-05 -0.000140948 0.00368439 -0.000311304 0.014856 -0.00496575 0.0215393 -0.00915073 2.76171e-08 -0.0019664 -0.000386581 0.0224572 -0.0179696 -0.000119501 
0.0757121 -9.36529e-05 0.00243629 -0.000720254 -0.0102672 -0.00227074 -0.00519304 -0.000523616 1.54862e-06 0.00588014 0.000382931 -0.200818 -0.00282995 0.219274 -0.0124874 -3.24461e-05 -0.017619 0.00973325 -0.205168 -1.0823e-05 -0.0149885 0.238074 -0.00311785 0.13175 0.111384 0.00623948 -0.0229718 -6.59937e-06 -0.00111206 0.00208559 0.00389736 -0.0012717 0.0262997 0.00687787 -0.000205045 0.000576539 -7.21701e-05 0.00282584 -0.000874092 0.140945 -0.00227693 -0.00183222 2.13113e-06 0.0119451 -0.000497725 1.43584e-07 0.206363 0.0262436 0.000201264 -0.00103722 -4.58852e-05 0.00515438 0.000459816 -0.044435 -0.0170921 -4.77111e-06 0.000590723 0.0413913 1.11113e-06 -0.000131369 1.49272e-05 -0.00365138 -0.000901683 0.00486747 -0.0050394 0.000516754 0.000870879 -0.00188485 -6.74621e-06 -2.76031e-06 -0.00200258 -0.000467042 0.00254948 -0.000851126 -5.80982e-07 0.00295364 -0.049839 -1.33486e-05 -3.62358e-05 0.000969074 -0.00483346 -0.00436284 -0.00020388 0.00329045 -0.216222 -0.00101068 -0.000485159 0.00100455 -0.00636867 0.00041378 -0.200204 -0.0928824 -0.0345277 -0.124384 7.3643e-08 -0.0158723 -0.00268337 -0.17556 0.218687 0.00143675 
-0.00648625 0.000292408 -0.000113105 3.43013e-05 -0.000716791 0.00557318 0.000114787 1.7369e-05 5.47548e-06 0.0100046 -8.91143e-05 -0.0143818 -0.0223224 0.0149309 -0.00894394 0.00014782 -0.0200068 0.0213439 -0.012816 -6.32987e-07 -0.00133282 -0.00311785 0.0266906 0.00467599 0.00545032 0.0129425 0.00913317 3.60573e-06 -0.00193493 0.00387705 0.0201435 4.83292e-05 0.00916265 0.00738532 -1.62658e-05 -0.00017957 7.74436e-05 -0.000297483 -6.1397e-05 0.00435256 0.000298405 -0.00013003 2.41984e-05 0.00529623 -1.73185e-05 1.22603e-05 -0.00266281 -0.000890342 0.000453435 0.000185071 -2.54424e-06 -0.00029213 -3.5631e-05 -0.00312808 -0.00141335 -4.31964e-07 -2.76474e-05 -0.0193373 -3.10166e-08 0.000307071 2.81893e-06 0.0120985 -0.00010576 0.000246101 -0.0166231 0.00102323 0.000511398 0.000256647 1.15222e-05 -9.05109e-08 -0.00832199 -3.02579e-05 0.00105807 -0.000293718 -4.07997e-08 0.00203155 -0.00337317 -6.40194e-08 -2.26467e-06 -2.29748e-05 0.000732184 0.000455663 -1.43176e-05 0.0132787 -0.0149451 -0.000104667 0.00131957 0.000327715 -0.0247412 -0.000171177 -0.00610625 -0.00614325 -0.0033204 2.20505e-05 7.11265e-08 -0.00109754 0.00728482 -0.0117076 0.0141241 0.000110555 
0.145689 0.00012279 -0.00175886 9.30365e-05 -0.0135699 0.00255548 -0.0112577 -0.000642516 -9.79905e-07 -0.00497654 -0.00366431 -0.127584 0.00720086 0.146808 0.0419576 8.56847e-05 0.00564749 0.000161759 -0.124959 -3.76903e-05 -0.0248527 0.13175 0.00467599 0.249758 0.107253 -0.00496735 0.0592832 3.93311e-06 -0.035812 -0.00454788 0.00625936 -0.00151943 -0.0289333 -0.00850345 -0.000388604 -0.00380035 1.88422e-05 -0.0216049 -0.00115217 0.0787998 -0.00264351 -0.00241933 8.99524e-06 -0.018842 -0.000264367 -6.32251e-06 0.10799 0.0226745 5.33353e-05 0.000661056 -7.31462e-05 -0.0038346 -0.000871555 -0.0339677 -0.026713 -5.71813e-06 -0.000560556 0.0367152 -1.11625e-06 0.000151643 1.50181e-05 0.00621642 -0.00210432 -0.00770599 0.0437702 -0.000521471 -0.000953765 0.00319765 5.53226e-05 -1.86152e-06 0.0520368 0.000394287 -0.00236164 -0.00538068 -7.09789e-07 -0.00592075 -0.0612817 -2.75928e-05 -4.55071e-05 -0.00210462 -0.00141786 -0.0324279 -0.000266354 -0.00224987 -0.149438 -0.00208388 0.000611995 -0.00114919 -0.00544435 -0.00341538 -0.116933 -0.126214 -0.0568196 -0.132478 -6.00287e-08 0.0150197 0.00345838 -0.195616 0.14714 0.000806222 
0.105882 0.000110887 0.00117789 -0.000217749 0.00306808 0.000995771 -0.0126103 -0.000918409 2.21192e-06 0.00486395 -0.00196181 -0.119386 -0.00248843 0.116909 -0.0190845 7.93601e-06 -0.015826 0.0108164 -0.124681 -1.81387e-05 -0.0272807 0.111384 0.00545032 0.107253 0.204551 0.00589134 -0.00302154 -1.01316e-05 0.00927706 0.000707016 0.0117562 -0.00194113 0.0309049 0.00175485 -0.000357583 -0.00184755 -0.000122808 0.0114538 -0.00129909 0.0693429 -0.00426432 -0.003171 1.3297e-05 0.00846078 -0.00086383 1.33104e-06 0.101783 0.00964168 3.63282e-06 -0.0014737 3.47637e-05 0.00214003 -1.90398e-05 -0.0519944 -0.00538004 -9.35556e-06 0.000328711 0.0693751 6.37682e-07 -0.000238292 5.50012e-06 0.00485714 -0.00256662 0.000329076 -0.0124488 0.000406212 0.000524667 0.00186269 1.55106e-05 -4.87081e-06 -0.00234279 -0.000539853 0.00123637 0.00243524 -1.06027e-06 4.05103e-05 -0.0841713 -2.51752e-05 -4.75057e-05 -0.000101326 -0.00725606 -0.00173056 -0.000369074 0.00440088 -0.115539 -0.00257736 0.000387922 0.000762818 -0.00556179 -0.00202426 -0.124487 -0.107484 -0.0491871 -0.0683453 9.27363e-08 -0.0153855 0.00215293 -0.13827 0.115484 0.000707543 
-0.0146888 0.000372456 -8.25699e-05 -5.34145e-05 -0.00057465 0.00502857 0.00145302 -7.35338e-06 4.63039e-06 0.0143187 0.000130406 -0.0122203 -0.0198207 0.0126124 -0.017485 0.000163829 -0.0167988 0.0200122 -0.0117519 -3.14189e-07 -0.000925803 0.00623948 0.0129425 -0.00496735 0.00589134 0.021636 -0.00265222 4.83033e-06 -0.00141924 0.00362086 0.0116738 0.000209697 0.017751 0.0119896 -8.41917e-06 8.02664e-05 3.35433e-05 0.00336293 -4.94991e-05 0.0123915 0.000121035 -0.000104672 1.93943e-05 0.00903229 -2.41206e-05 1.10719e-05 0.00520844 -0.00082164 8.06321e-05 -4.47339e-06 -2.06465e-08 9.86587e-05 -3.27345e-05 -0.00252202 -0.00109657 -3.48256e-07 1.37973e-05 -0.0160773 1.80808e-07 7.90173e-05 -1.05967e-07 0.00405261 -2.70008e-05 0.0015987 -0.0170326 0.00115898 0.00146768 -0.000127862 -2.35429e-06 -1.5628e-07 -0.0156833 -2.64905e-05 0.00408414 -0.000227158 -3.28933e-08 0.00551643 -0.00282657 -1.11127e-06 -1.58155e-06 -5.94239e-05 -0.000228009 0.00473797 -1.1543e-05 0.0156098 -0.0125857 -1.30232e-05 0.00143011 0.000204277 -0.019114 0.000134238 -0.0117584 -0.0054527 -0.00263377 -0.00580319 1.66179e-07 -0.000902267 -0.000166283 -0.0102645 0.0122462 0.000310019 
0.0321216 -2.0617e-05 -0.00102629 0.000173289 -0.00658269 0.00171358 0.00357127 -7.3697e-05 -1.2914e-06 -0.00310678 -0.00180197 0.00888341 -0.000987698 -0.00279111 0.0221236 -5.80669e-06 -0.00113262 0.00389765 0.0139687 -1.80353e-05 -0.0113536 -0.0229718 0.00913317 0.0592832 -0.00302154 -0.00265222 0.187536 2.33209e-06 -0.0176283 -0.000909328 0.0146288 -0.000793943 -0.0283288 -0.00476138 -0.000189721 -0.00187897 3.65155e-06 -0.0107173 -0.000547151 -0.0299368 -0.00107557 -0.000591213 7.88865e-06 -0.00952639 -0.000223193 -4.19879e-06 -0.0435665 -0.0106226 0.000146811 -0.000167386 -3.17488e-05 -0.00184109 -0.000454133 -0.0239202 -0.012801 -7.32808e-07 -0.000290447 -0.0301427 -5.55995e-07 0.000142726 1.7222e-05 0.00787457 -0.00103382 -0.00377508 0.0222828 -0.000392481 -0.000414399 0.0047784 9.9417e-05 -5.69679e-07 0.0231895 0.000833389 -0.00116632 -0.00243396 -3.71774e-07 -0.00348502 0.00448545 -1.37657e-05 -2.31876e-05 -0.000809543 0.00601763 -0.0165919 4.62455e-05 -0.000229002 0.000460244 -0.00102815 0.000467826 -0.000644108 -0.0351886 -0.00168237 0.0109907 -0.0203525 -0.0230141 -0.0121233 -8.08568e-08 0.005595 0.00554219 -0.0344562 -0.0028413 0.000180583 
-5.61988e-06 -6.78152e-09 -7.07221e-08 5.34378e-08 -4.51746e-07 5.42583e-06 1.63554e-07 1.23529e-07 -1.34134e-10 4.68313e-06 -1.26613e-07 2.08343e-06 -8.43927e-06 -1.73669e-06 -1.27985e-06 -3.75169e-09 -1.2875e-06 1.49747e-06 2.38899e-06 -1.25451e-09 -7.10762e-07 -6.59937e-06 3.60573e-06 3.93311e-06 -1.01316e-05 4.83033e-06 2.33209e-06 1.71597e-05 -1.21006e-06 -2.81349e-07 2.26802e-06 1.8504e-06 1.98663e-06 -3.32675e-07 -1.35409e-08 -1.29278e-07 1.85348e-06 -7.35595e-07 -3.83903e-08 -2.49419e-06 4.11235e-08 -2.80986e-08 -9.11825e-10 -6.53976e-07 3.21281e-07 -3.06192e-10 -6.99413e-06 4.60453e-06 9.43703e-08 1.97966e-06 -2.47459e-09 -1.84301e-07 -3.17711e-08 -1.58614e-06 -7.87526e-07 -2.70098e-10 -1.99344e-08 -1.4482e-05 -3.81524e-11 7.84116e-07 -7.15572e-10 3.41808e-06 -7.11441e-08 -2.63282e-07 -4.86638e-06 -2.58316e-08 -3.44042e-08 -1.14226e-07 -2.48517e-09 -1.21207e-10 -8.37084e-08 3.96121e-07 -8.01366e-08 -1.83758e-07 -2.55112e-11 2.71835e-08 6.89327e-07 -9.44601e-10 -1.59113e-09 -7.33983e-08 -2.14981e-07 -1.14382e-06 1.21048e-07 5.19378e-06 1.67584e-06 -7.09754e-08 1.52149e-09 -5.39666e-08 -6.34585e-06 -1.18088e-07 2.13029e-06 -1.74002e-06 -7.85685e-07 -2.15813e-06 -5.5484e-12 6.26342e-06 -6.53703e-09 5.97259e-06 -4.9977e-06 -4.23366e-08 
-0.0467723 -2.38708e-05 0.00328366 -0.000113782 0.0233748 -0.000414371 -0.0014349 -6.54651e-05 -4.14534e-07 0.000994656 -0.000519466 -0.0273177 0.0017836 -0.00351719 -0.0557006 -1.53803e-05 -0.0128605 -0.00236917 -0.0302248 3.57015e-05 0.00428554 -0.00111206 -0.00193493 -0.035812 0.00927706 -0.00141924 -0.0176283 -1.21006e-06 0.0655436 -0.000793904 0.000200558 -0.000230446 0.0535692 -0.000779654 -5.5384e-05 -0.000516384 -1.21379e-05 0.0339986 0.000244662 0.00293476 -0.000406093 -0.000294074 -1.01699e-06 0.0218086 -4.0415e-05 -4.98243e-07 0.017112 -0.00398375 -5.053e-05 -0.000206548 0.000117491 0.00675294 0.000813862 0.0150971 0.0373213 -1.10992e-06 -7.96736e-05 0.00277081 -1.46781e-07 -2.38441e-05 -2.58052e-06 -0.00133751 -0.000284085 0.00349409 -0.0609948 -0.000123286 -0.000119458 -0.000454191 -9.28571e-06 -4.98079e-07 -0.0560336 -8.29311e-05 -0.000285008 0.00865081 -1.04834e-07 -0.000951745 -0.00358119 -3.74168e-06 3.12582e-05 -0.000299725 -0.000882005 0.0321706 -3.54087e-05 -0.0012969 0.00677049 -0.000282215 -0.00010333 -0.00022148 0.00628301 0.000198239 -0.02689 0.0285293 0.0302481 -0.0224603 2.05331e-08 -0.00282538 -0.000560062 0.0151403 -0.0058666 -0.000116055 
-0.00773356 8.67232e-07 -5.41384e-05 -3.85266e-05 -0.00042427 0.000213495 0.00253023 -2.02707e-05 3.75174e-07 -0.000195344 0.0070607 -0.00899734 -0.0152597 0.00909185 -0.0114757 3.10388e-05 -0.00943702 0.00944206 -0.00857328 7.14705e-07 -0.000731137 0.00208559 0.00387705 -0.00454788 0.000707016 0.00362086 -0.000909328 -2.81349e-07 -0.000793904 0.0161268 0.00444909 0.00298753 0.00389667 0.00564077 0.000657416 0.00693095 -3.04073e-06 0.00339368 -3.66802e-05 0.00055139 -0.000102813 -7.78045e-05 1.32388e-05 0.000258962 1.06301e-06 1.28241e-05 -0.00475243 0.00355406 0.000117578 -3.05201e-05 -3.51022e-07 4.72188e-05 0.000194624 -0.00186788 -0.000846706 8.3386e-06 0.00112254 -0.0125168 1.94355e-06 -5.43812e-06 -4.2703e-07 0.00626007 0.00394599 0.0103302 -0.0141372 0.000357209 0.00185423 -0.000105808 9.88553e-06 4.53086e-06 -0.011878 -1.90769e-05 -7.65336e-05 -0.000174016 -2.43748e-08 0.0117196 -0.00209207 5.10775e-05 -1.05359e-06 0.00342958 -0.000204435 0.0115443 -8.1737e-06 -0.000210925 -0.00931644 0.00391949 3.41149e-05 0.00303652 -0.0139019 0.00584084 -0.00514818 -0.00403615 -0.00149637 -0.00327295 -5.30125e-09 -0.000638822 0.00332344 -0.00793071 0.00944012 0.000351799 
-0.00466055 9.25354e-05 0.00327866 -0.000107095 -0.00121784 0.00150954 -0.000340247 -6.48744e-05 6.48705e-06 0.00956691 -0.000344747 -0.0254439 -0.0209385 0.0262994 -0.0147332 3.1566e-05 -0.0225825 0.0216329 -0.0239462 5.74942e-06 -0.00240848 0.00389736 0.0201435 0.00625936 0.0117562 0.0116738 0.0146288 2.26802e-06 0.000200558 0.00444909 0.0473593 -4.52106e-05 0.0135965 0.0100285 -3.74648e-05 -8.52377e-05 -7.66402e-06 0.00262812 -0.000103377 0.00762053 -0.000197068 -0.000224211 1.98315e-05 0.00682086 5.27348e-05 2.33729e-06 0.00322096 -0.00284493 0.000513263 -7.67409e-05 -5.80113e-06 0.000310394 0.000295123 -0.00537647 0.000488259 -6.97874e-07 7.1721e-05 -0.0154385 -1.10819e-07 -1.45829e-05 -1.51499e-08 0.00897347 -0.000203112 -0.000255426 -0.0190294 0.0016404 0.000120435 0.00622948 2.52481e-05 -2.48729e-07 -0.0146056 -5.90204e-05 0.00201068 -0.000509036 1.19232e-07 0.00174991 -0.00623361 -2.74373e-06 -4.04501e-06 -9.20727e-05 -0.000138034 -5.79456e-05 -2.57505e-05 0.0112802 -0.0260066 -0.000201472 -5.23845e-05 0.000200339 -0.0333684 -0.000313448 -0.0164745 -0.00995484 -0.00435625 0.00118969 1.57217e-07 -0.00201497 0.00711935 -0.0221171 0.0267225 0.00159724 
-0.00222744 -1.29578e-06 -1.35133e-05 -7.79999e-06 -8.62978e-05 6.16959e-05 -6.29511e-05 -3.59445e-06 -2.56298e-08 9.62652e-05 0.00302207 -0.00180894 -0.00310836 0.00173726 -0.00287112 -6.93524e-07 4.52323e-05 -2.59717e-05 -0.00175005 -2.39707e-07 -0.000134762 -0.0012717 4.83292e-05 -0.00151943 -0.00194113 0.000209697 -0.000793943 1.8504e-06 -0.000230446 0.00298753 -4.52106e-05 0.00326811 -0.000252425 0.00274912 6.41927e-05 0.00301809 3.45686e-05 -0.000133641 -7.33545e-06 -0.000696134 -6.70334e-07 -1.55597e-05 -1.74228e-07 1.35344e-05 -4.21373e-06 -5.85058e-08 -0.00123116 0.00285292 3.68379e-06 3.67774e-05 -4.72833e-07 -2.90621e-05 -4.89401e-06 -0.000373514 -0.000169718 7.56506e-06 1.2251e-05 -0.00274444 -7.29e-09 4.92425e-05 -8.33951e-08 0.000194261 0.00262025 0.00301198 -0.00277716 -1.12964e-06 -4.99047e-06 -2.18258e-05 -4.74855e-07 3.99351e-06 -0.0028031 -3.92572e-06 -8.42883e-06 -3.51117e-05 -4.87457e-09 0.00299948 -0.000416821 3.50284e-06 -3.04027e-07 0.000512455 -4.04177e-05 0.00285801 -1.7106e-06 0.000120801 -0.00186198 0.00268835 -2.9213e-06 0.000266642 -0.00297309 0.00284699 -0.00177187 -0.000812222 -0.000402536 -0.00107973 -1.06016e-09 -0.000133736 -2.07856e-05 -0.00151754 0.00182039 -6.77949e-06 
-0.0506146 0.00032966 0.00336916 -0.000246485 0.0220564 0.00406321 -0.000786784 0.00019838 4.42286e-06 0.0145662 0.000952724 -0.0604883 -0.0197916 0.0317049 -0.0734881 7.38967e-05 -0.0329159 0.0205202 -0.0644998 4.93634e-05 0.000554259 0.0262997 0.00916265 -0.0289333 0.0309049 0.017751 -0.0283288 1.98663e-06 0.0535692 0.00389667 0.0135965 -0.000252425 0.130582 0.0101656 -0.000111211 0.000781075 -1.4153e-08 0.0358818 6.96836e-05 0.0094512 0.000884437 -0.000656846 9.74737e-06 0.0295502 -9.9576e-05 1.06144e-05 0.039824 -0.00463681 4.0942e-05 -0.000433328 0.0001121 0.0072235 0.000799287 0.00430954 0.0322112 -2.13741e-06 0.000602014 -0.00927432 1.25331e-06 -4.55288e-05 -4.02645e-06 0.00421049 -0.000615924 0.00605786 -0.0822036 0.000853469 0.00150344 -0.00092696 -2.17319e-05 -5.50799e-07 -0.0680951 -0.000153285 0.00380371 0.00807853 -1.02921e-07 0.00564815 -0.0188847 -6.47592e-07 5.92606e-05 0.00112305 -0.00185061 0.0393397 -7.98611e-05 0.0132808 -0.0254137 -0.000591875 0.00122927 0.000988135 -0.0132625 -0.000527255 -0.0660972 0.0135248 0.0230566 -0.0356238 1.66734e-07 -0.00541848 -0.000872237 -0.0111036 0.0277929 0.000667786 
