0.103216 -0.0352758 -9.51938e-05 -0.0214121 0.0421031 -0.000503635 2.7107e-05 0.0216497 -0.00798593 4.19615e-05 -0.00180819 -0.00145206 -0.00158078 -0.000609441 -0.000872905 0.0455346 -2.96085e-08 -4.73605e-05 -0.0296357 -1.89339e-07 0.00269258 -2.32734e-05 -0.0005908 0.01026 -0.000810159 -0.0448455 -0.0268969 0.000147026 9.59164e-05 0.00415971 5.48891e-05 -3.86201e-05 -0.000145665 -0.0075609 -0.000364529 0.0159954 -0.000235371 -0.0168581 -0.0280617 0.00785256 -0.0108259 -0.00149224 2.70739e-06 0.000147311 -0.000794109 -4.01141e-05 0.0004307 -0.000330647 -0.00121409 -7.55797e-07 -0.000422398 2.26555e-05 -5.3127e-06 -4.98432e-06 0.00985846 1.79147e-05 -0.0117033 -7.9086e-08 6.66853e-05 0.00197439 -1.652e-05 0.00761832 -0.00321549 5.10081e-05 -0.00109367 -0.00805748 8.02004e-05 -1.16876e-09 -2.10922e-06 -0.000101359 0.00424528 0.000147257 6.2206e-05 -0.0253522 -0.000812791 0.00371057 -0.00425406 -0.0180507 0.0179197 -1.2833e-05 -7.86733e-05 6.15398e-06 -8.20774e-05 -0.00023349 0.00124737 -0.000413846 0.0196922 -1.6947e-07 -3.18731e-05 -2.81067e-05 -0.000758732 -0.000986993 -0.000248456 0.00100077 -0.000561078 -4.05547e-05 0.00358382 -0.00243176 -0.00427924 -2.70899e-05 
-0.0352758 0.217971 -0.000262278 -0.0582059 -0.0367979 0.00463977 0.000233453 0.0310203 0.00509766 -1.54877e-05 -0.00476214 -0.00338476 -0.00720505 -0.00165834 -0.0023749 -0.019738 -8.13281e-08 0.000281367 0.141904 -5.20072e-07 -0.00576219 0.0022632 -0.00162191 -0.18953 0.00513378 -0.159191 -0.156136 0.000285082 0.000303194 0.149108 5.92223e-05 -0.000145088 -7.67893e-05 0.0432692 0.00161193 -0.00911183 -0.000727728 0.097145 0.184806 -0.057909 0.0165418 -0.178582 -6.94461e-06 -0.00340513 -0.00217846 -0.000118561 0.0016763 0.00150641 -0.00304065 -1.60267e-06 0.00162076 -5.81488e-05 3.02908e-05 -1.73231e-05 -0.00233025 0.00145934 -0.00403982 -2.17232e-07 -0.000133178 -0.00320936 -1.01464e-05 -0.0793467 0.01833 4.88141e-05 0.00295456 0.047856 4.17555e-06 6.78968e-09 -5.79356e-06 0.000278074 -0.00126786 5.7565e-05 -4.78163e-05 -0.0150542 -0.00222864 0.0105579 0.0255996 0.0872716 -0.0677655 -3.60191e-05 -0.00037637 3.05193e-05 0.000481402 -0.000641327 -0.000670882 -0.000111995 -0.00726936 4.1117e-07 0.000163269 -9.65962e-05 -0.00278134 -0.00247784 0.00204853 -0.000810847 0.000602146 2.15546e-05 0.000958423 0.0146277 0.0082522 -9.68366e-05 
-9.51938e-05 -0.000262278 0.000825241 0.000531052 -8.34547e-05 -7.91658e-06 3.48341e-06 -0.000536486 -7.3354e-06 -3.98453e-08 1.31435e-05 2.14656e-05 -3.36655e-06 5.09982e-06 3.21188e-06 -5.6264e-05 -2.09234e-10 1.05339e-06 3.70112e-05 -1.338e-09 -4.24031e-06 -8.76704e-06 5.23168e-06 0.000119529 -7.08025e-06 0.000314285 0.000356556 2.66938e-06 2.92531e-06 -0.00031134 -1.62187e-07 -4.32434e-07 -1.0297e-06 -5.13878e-05 1.89939e-06 -0.000170142 -1.8853e-06 -0.000109534 -0.000254492 6.5001e-05 -5.04918e-05 0.000279028 -1.84153e-08 -5.26947e-06 6.55366e-06 1.105e-06 1.02517e-06 1.87444e-07 2.60965e-06 -5.34097e-09 1.68672e-05 -1.50552e-07 -4.18303e-08 -3.82608e-08 -1.18709e-05 1.17084e-06 -0.000360156 -5.58875e-10 -9.33376e-07 7.21858e-07 -1.17967e-07 0.000100073 -2.22017e-05 -2.19905e-07 -7.72987e-06 -6.3243e-05 -1.72778e-07 -8.25923e-12 -1.49052e-08 -1.06414e-06 7.07701e-07 -3.47532e-07 1.64162e-05 0.00021847 3.66294e-06 -0.000577694 -2.5274e-05 -0.000119987 -0.000173174 -9.48793e-08 -1.36006e-06 -2.6337e-07 -5.86351e-07 -1.6525e-06 -1.75173e-06 -3.1429e-06 -1.86201e-05 -1.19759e-09 -2.53457e-07 -2.44471e-07 2.59691e-06 1.83623e-06 2.93911e-06 -6.77675e-06 2.37188e-06 -8.73284e-08 -5.03983e-06 -1.76306e-05 0.00048312 2.29758e-07 
-0.0214121 -0.0582059 0.000531052 0.152989 -0.0239068 -0.00232929 -0.000338751 -0.116793 0.00115189 -9.09549e-06 0.00690494 0.00625488 0.00339547 -0.000830644 -0.0012608 -0.0120133 -4.77619e-08 -7.43972e-05 -0.0824352 -3.05425e-07 0.00485661 0.00190589 -0.000822159 0.0709315 -0.00161677 0.0852736 0.0918887 -0.000274181 -0.000184965 -0.0763202 -3.46924e-05 -3.93418e-05 -0.00023455 -0.0116801 -0.0011063 -0.0343504 -0.000425846 -0.0256402 -0.0613852 0.0186635 0.0189133 0.0764278 5.68966e-06 -0.00233594 -0.00114089 5.61415e-05 0.000843308 -0.000530332 -0.00174377 -1.21918e-06 -0.000798844 9.40678e-06 -9.23527e-06 -5.61561e-06 -0.00219482 -0.000615853 -0.00709569 2.79092e-07 -0.000147675 0.00284755 -9.6316e-06 0.0257425 -0.00513429 -4.69144e-05 -0.00176423 -0.0143753 -3.91633e-05 -1.88534e-09 -3.4024e-06 -0.000242369 -0.000971684 -8.98978e-05 4.37092e-05 0.0952822 -0.00116129 -0.0121469 -0.00726877 -0.0338944 -0.0347641 -1.73048e-05 -0.000311725 -7.25296e-06 -0.000133846 -0.000376462 -0.000397178 -0.000690633 -0.00469752 -2.73374e-07 -4.98999e-05 -5.92733e-05 -0.00161687 -0.00144515 -0.00087189 0.00194485 0.000800198 -6.63494e-05 -0.00128414 -0.00426687 0.0109124 -2.65403e-05 
0.0421031 -0.0367979 -8.34547e-05 -0.0239068 0.121072 0.00290295 -0.000241844 0.0322319 -0.00511567 3.70008e-05 -0.00219938 -0.00186202 -0.00362109 -0.000734889 -0.00105308 0.0400659 -3.57035e-08 -3.72153e-05 -0.00676487 -2.28314e-07 -0.00339319 0.00150646 -0.000712417 -0.0140149 0.000757295 -0.0315568 -0.0367423 -0.000204654 -0.000163168 0.0329267 -1.2502e-05 -4.20169e-05 -0.000175707 -0.00774575 -0.000813336 -0.0305601 -0.000299384 -0.0201761 -0.0197933 0.00837222 -0.0111209 -0.0320795 -2.36238e-06 0.00757735 -0.000964624 4.52014e-06 0.000617447 -0.00038191 -0.00155795 -9.11379e-07 -0.000127316 4.49933e-05 -3.63121e-06 -7.66639e-06 0.00846028 -0.000431654 0.0385331 -9.53659e-08 0.000169293 0.000611395 -2.01231e-05 0.0100988 -0.00378208 -1.75644e-05 -0.00131533 -0.00765212 3.15274e-05 -1.40935e-09 -2.5434e-06 -0.000123663 0.00320795 -5.73628e-05 4.58567e-05 -0.0328206 -0.000980105 0.00525859 -0.00546237 0.00434531 -0.0263212 -1.58368e-05 0.00112958 -4.4898e-05 -9.9441e-05 -0.000281901 0.00174249 -0.000509651 0.0196379 3.45644e-07 -4.0113e-05 -2.41103e-05 -0.000710669 -0.00064256 -0.000650989 0.00155421 -0.000673624 -4.86449e-05 0.00110986 -0.0032105 -0.00510305 -4.29665e-05 
-0.000503635 0.00463977 -7.91658e-06 -0.00232929 0.00290295 0.0125199 -2.19407e-05 0.00228004 -0.000142797 -6.11757e-07 -0.00019863 -0.000170359 -0.000190463 -6.51843e-05 -9.4078e-05 -0.000472008 -3.21243e-09 0.000360965 0.00494262 -2.05427e-08 -0.000256929 -1.1307e-06 -6.31599e-05 -0.0064295 4.21534e-05 -0.0054832 -0.00575706 -1.85794e-05 -1.47599e-05 0.00421833 1.63323e-06 -5.98596e-06 -1.34993e-05 0.00531612 -7.13909e-05 0.00464401 -2.89457e-05 0.00353076 0.00558398 -0.00552104 0.00018685 -0.00608516 -2.82736e-07 0.000232407 -8.58523e-05 -3.07334e-06 -4.43998e-05 -3.64778e-05 -0.000140336 -8.20016e-08 -5.39056e-05 -1.50814e-06 -6.42233e-07 -6.59785e-07 -0.000215102 -4.1697e-05 -0.00311008 -8.58058e-09 -9.00041e-06 0.000166808 -1.81118e-06 -0.00677275 -0.000344527 -2.16293e-06 -0.000117552 -0.000940985 -2.65271e-06 -1.26807e-10 -2.28844e-07 -5.7428e-06 0.000402622 4.20517e-05 -1.29058e-06 -0.00253707 -8.72453e-05 -0.000586767 -0.000198603 0.000320971 -0.00210875 -1.38671e-06 -2.0395e-05 -3.91361e-06 0.000324638 -2.53713e-05 -3.78154e-06 3.67128e-05 -0.000305904 -1.8387e-08 -6.91398e-07 -1.92599e-06 -0.000111237 -0.000110472 -5.87145e-05 0.000135099 -5.87457e-05 -4.46262e-06 -9.39819e-05 -0.000239082 -0.000388836 -3.89322e-06 
2.7107e-05 0.000233453 3.48341e-06 -0.000338751 -0.000241844 -2.19407e-05 0.00179667 -0.00115554 -0.00155971 -8.68338e-08 1.03647e-05 -8.87527e-06 0.000273739 -8.62459e-07 0.000305496 -0.00011995 -4.55978e-10 -7.77155e-07 -0.000710623 -2.91586e-09 0.000395681 -0.00159237 5.82155e-06 -0.00107874 8.31432e-06 -0.000623276 -0.000864029 0.00127183 0.00105967 -0.0002947 1.38655e-06 -9.42393e-07 0.000231959 -2.00941e-06 0.00131035 -0.000463782 0.000312838 0.000201581 -0.000149908 -0.00153876 0.000219132 -0.000866493 -4.01321e-08 -4.23525e-06 2.88006e-05 -7.33543e-07 -0.000378003 -1.03438e-06 0.000303358 3.39169e-06 1.59348e-05 -3.28094e-07 -9.11596e-08 1.45654e-05 -2.77801e-06 0.00126987 -0.000633905 -1.21794e-09 -2.03408e-06 -0.000341634 5.07929e-05 -0.00119893 -4.93276e-05 -4.79233e-07 0.000307688 0.00029046 -3.7653e-07 -1.79991e-11 4.14184e-07 6.07419e-05 0.000240763 1.89615e-06 -2.69771e-07 0.000825271 5.72195e-05 -0.000240804 0.00121765 -0.000151163 -0.000392801 -2.06768e-07 -2.86574e-06 3.2271e-07 6.35515e-07 0.000300765 -3.44169e-07 -5.29257e-06 0.000929634 -2.60987e-09 5.14315e-07 -4.05757e-07 0.000797483 0.000665822 0.00124957 -0.00156965 3.20146e-05 0.000301547 7.76991e-05 -4.23442e-05 -5.9436e-05 -2.15943e-07 
0.0216497 0.0310203 -0.000536486 -0.116793 0.0322319 0.00228004 -0.00115554 0.186149 0.00971624 1.19311e-05 -0.0112083 -0.00865626 -0.0181085 -0.00392269 -0.00560508 0.0135131 -1.90681e-07 8.30759e-05 0.0790694 -1.13936e-06 -0.0119799 0.0070117 -0.0038046 -0.03895 0.00109243 -0.0642416 -0.0725227 -0.00110117 -0.000871919 0.0779729 -6.42587e-05 -0.000147933 -0.00092947 -0.00976439 -0.00439293 0.0383395 -0.00165906 -0.00936544 0.0354901 0.00872096 -0.0402325 -0.0526545 -1.14758e-05 0.00174381 -0.00515155 -0.000227105 0.00370361 -0.00179563 -0.0082725 -4.86738e-06 0.000433554 2.39275e-05 -7.24115e-06 -3.83071e-05 -0.00265166 -0.00240985 0.0369821 -2.39319e-07 7.78836e-05 0.00548852 -0.00010395 0.00570125 -0.0164404 -6.55158e-05 -0.00110765 0.0117268 1.21993e-05 2.47312e-09 -1.35835e-05 0.000107959 0.000151778 1.82426e-05 -4.42329e-05 -0.134571 -0.00523423 0.0168223 -0.0151848 0.0438564 0.0452351 4.03368e-06 0.000398334 -0.000168211 -0.000254832 -0.00150574 0.000432426 -0.000917785 0.00492741 3.58602e-07 -9.05758e-05 -0.000204812 -0.00635184 -0.0053508 -0.00343487 0.00789944 -0.0029649 -0.000262749 -0.00392787 -0.00825989 -0.0243798 -1.9087e-05 
-0.00798593 0.00509766 -7.3354e-06 0.00115189 -0.00511567 -0.000142797 -0.00155971 0.00971624 0.0247619 -2.14093e-06 -0.00455569 -0.00277134 -0.00924863 -0.00505864 -0.00728867 -0.00364375 -2.46897e-07 2.99692e-06 0.00868033 -1.49884e-06 -0.00285904 0.00888478 -0.00492649 0.00647743 -0.000176421 0.00644751 0.0015776 -0.00139157 -0.00112466 -0.000478383 -7.94407e-05 -0.000153181 -0.000951401 0.00108824 -0.00464466 0.00595895 -0.00221954 0.00092986 0.00353761 0.00878248 0.000791356 0.00866359 -1.00702e-05 -0.00102939 -0.00667024 5.31855e-06 0.00496579 -0.000740885 -0.00740273 -6.30237e-06 -0.000270594 -1.61686e-05 -1.31986e-06 -3.98613e-05 -0.00600636 -0.00303199 -0.0043617 -2.52808e-07 -9.2057e-05 0.00734565 -0.000137511 0.0115313 0.000671856 4.55815e-06 -0.00319546 -0.00161271 -9.46416e-05 2.54074e-10 -1.75881e-05 -0.000249028 -0.00462855 -3.60998e-05 -8.01193e-06 -0.00497018 -0.00677762 0.00565626 -0.00228098 0.00458213 0.00538 -6.93128e-06 -5.46001e-05 -6.89281e-05 6.15759e-06 -0.00194915 -0.000825776 -0.00043049 -0.00378954 3.68408e-08 -3.1383e-05 -0.000264217 -0.00790802 -0.00728646 -0.00351825 0.00898035 -0.00198945 -0.000340889 -0.00329021 0.000167233 -1.85912e-07 -1.74061e-05 
4.19615e-05 -1.54877e-05 -3.98453e-08 -9.09549e-06 3.70008e-05 -6.11757e-07 -8.68338e-08 1.19311e-05 -2.14093e-06 4.8241e-05 2.64602e-07 -6.67897e-07 -1.26226e-06 -2.51569e-07 -3.60873e-07 1.97133e-05 -1.22216e-11 8.25031e-08 -1.71605e-05 -7.81542e-11 5.27688e-07 3.20868e-07 -2.43867e-07 -1.74523e-05 -3.37656e-07 -2.41637e-05 -2.38862e-05 -7.11036e-08 -5.6154e-08 2.45503e-05 -9.47354e-09 -2.52591e-08 -6.01463e-08 -3.14104e-06 -2.8411e-07 -1.18041e-05 -1.10123e-07 -7.06743e-06 -1.52074e-05 4.94576e-06 -5.41659e-06 -2.42644e-05 -1.07567e-09 -4.74675e-07 -3.302e-07 9.3789e-08 -1.07213e-07 -1.38779e-07 -5.413e-07 -3.11974e-10 -2.07327e-07 -8.79396e-09 -2.44336e-09 -2.62428e-09 1.64121e-05 -1.58635e-07 1.09375e-05 -3.26447e-11 -5.45198e-08 8.18452e-07 -6.8906e-09 -1.13475e-06 -1.33616e-06 -1.28449e-08 -4.51512e-07 -3.69508e-06 -1.00922e-08 -4.82433e-13 -8.70631e-10 -6.29368e-08 2.95261e-06 -2.45834e-08 -7.23071e-09 -1.13809e-05 -3.35499e-07 1.89131e-06 -1.87135e-06 -8.70677e-06 -7.54496e-06 -5.54203e-09 -3.33607e-08 -1.53838e-08 -3.42496e-08 -9.65246e-08 7.37679e-07 -1.83581e-07 5.4261e-07 -6.99528e-11 -1.48048e-08 -1.52534e-08 -4.54232e-07 -4.33438e-07 -2.23378e-07 5.43416e-07 -2.34314e-07 -1.6978e-08 -3.87063e-07 -1.14139e-06 -1.78739e-06 -1.48117e-08 
-0.00180819 -0.00476214 1.31435e-05 0.00690494 -0.00219938 -0.00019863 1.03647e-05 -0.0112083 -0.00455569 2.64602e-07 0.0155468 0.00335519 0.00455966 0.00481967 0.00477804 -0.000902303 -4.00172e-09 -6.62374e-06 -0.00755845 9.9441e-07 -0.000373827 -0.00476858 0.00473034 0.000645424 -0.000136753 0.00164147 0.00767337 8.91527e-06 2.30689e-06 -0.00622587 -2.96858e-06 -6.26056e-06 4.0063e-05 -0.00092934 -6.11925e-05 -0.00313349 -3.38442e-05 -0.00209962 -0.00499663 -0.00340392 -0.00112971 0.000870354 -3.48871e-07 0.0011112 0.00479296 0.000114723 -0.00261964 0.00041576 0.00474385 -1.02149e-07 0.000122118 -1.51273e-06 1.0133e-06 8.49407e-06 -0.000276567 -2.10286e-05 -0.00550724 -1.06888e-08 -1.22247e-05 -0.00474188 -2.13952e-06 -0.00282968 -0.000348575 3.52042e-05 0.000648068 -0.000308842 -6.77809e-07 -1.57963e-10 1.30783e-05 -1.0824e-05 -8.20928e-05 -7.55931e-06 -2.36755e-06 0.0114362 0.00479213 -0.00614655 -0.00039234 -0.00280714 -0.00298331 -1.81462e-06 -2.61566e-05 4.84529e-05 -1.06343e-05 -2.8005e-05 -3.30262e-05 0.00054754 -0.000361273 -2.29046e-08 4.52249e-06 0.000236969 0.0048281 0.00502287 -6.16606e-05 -0.00375221 -1.72181e-05 3.14743e-05 -8.29823e-05 -0.000231245 -0.000346418 1.04023e-06 
-0.00145206 -0.00338476 2.14656e-05 0.00625488 -0.00186202 -0.000170359 -8.87527e-06 -0.00865626 -0.00277134 -6.67897e-07 0.00335519 0.0136527 0.00286726 0.00299084 0.00297252 0.000216667 -3.50723e-09 -5.97762e-06 -0.00489112 -2.24278e-08 3.74764e-05 -0.00304584 0.00292198 0.0012759 -0.000109474 0.000181199 0.005186 -1.42312e-05 -1.59778e-05 -0.00497384 -2.45195e-06 1.31014e-05 -1.72601e-05 -0.000881999 -8.06406e-05 -0.00325909 -2.44086e-05 -0.0020223 -0.00435573 -0.00189636 0.00398012 0.00153425 -3.08683e-07 0.000164424 0.00297283 5.38382e-05 -0.00107383 0.000160281 0.00302574 -8.95267e-08 7.08868e-05 2.28641e-06 1.54972e-08 2.35809e-08 -0.000241536 -4.53435e-05 -0.00377776 7.39653e-08 -1.09722e-05 -0.00290573 -1.97739e-06 -0.00134475 -0.000381154 3.50472e-05 0.000602477 -0.000886854 -2.89614e-06 -1.38443e-10 2.10016e-06 -7.15091e-06 -7.08353e-05 -5.02133e-06 -1.90499e-06 0.00773112 0.00296217 -0.00939448 -0.000519712 -0.00074291 -0.00290113 -1.59039e-06 -2.2622e-05 0.000152415 -9.72189e-06 -2.73696e-05 -2.73496e-05 0.000313875 -0.000288544 -2.00743e-08 3.52816e-06 1.21274e-06 0.00298772 0.00291697 -6.32026e-05 -0.00285485 -5.53376e-05 -3.44548e-06 -0.000101008 -9.17305e-05 0.00014841 -2.75382e-06 
-0.00158078 -0.00720505 -3.36655e-06 0.00339547 -0.00362109 -0.000190463 0.000273739 -0.0181085 -0.00924863 -1.26226e-06 0.00455966 0.00286726 0.0254799 0.00506286 0.0072723 -0.00172102 2.46705e-07 -9.86381e-06 -0.012388 1.49761e-06 0.00334589 -0.00808598 0.00492105 0.00224938 -8.04668e-05 0.00692111 0.0108853 3.2204e-05 -2.25448e-05 -0.00876487 -1.49126e-06 0.000184574 0.000883323 -0.00170149 0.00137798 -0.0050466 0.00216756 -0.0037807 -0.00613311 -0.00675184 0.000943129 0.00241325 4.92995e-06 0.000947075 0.00662363 4.69291e-05 -0.00483904 0.000365747 0.00788713 4.0008e-06 0.00014825 -1.30936e-06 -9.01812e-07 2.56901e-05 -0.000315526 -1.86351e-05 0.00528526 2.98962e-07 3.31148e-06 -0.00765058 8.82729e-05 -0.00572454 -0.000724661 -3.84306e-06 0.00310989 0.00193569 -2.74011e-06 -2.61645e-10 1.75745e-05 0.000212923 -0.00012213 -1.1496e-05 -3.4582e-06 0.00630131 0.00676983 -0.0100626 -0.00101137 -0.00471451 -0.00554768 2.17764e-06 -4.33724e-05 0.000156453 -1.85184e-05 0.00193917 -2.26899e-05 0.000583446 -0.000645221 -3.79385e-08 1.83405e-06 0.000261127 0.00782533 0.00684625 0.000290355 -0.00563594 -0.000109976 5.23876e-06 -6.54914e-05 -0.000352644 -0.000846663 1.58403e-05 
-0.000609441 -0.00165834 5.09982e-06 -0.000830644 -0.000734889 -6.51843e-05 -8.62459e-07 -0.00392269 -0.00505864 -2.51569e-07 0.00481967 0.00299084 0.00506286 0.00518739 0.00512787 -0.000356682 -1.32103e-09 -2.05485e-06 -0.00253255 1.01155e-06 -0.000116254 -0.00513927 0.00499792 -0.00313384 -4.50241e-05 -0.0025616 0.00262127 -5.69219e-06 -5.05963e-06 -0.0020997 -1.02399e-06 -4.43566e-07 -1.49449e-06 -0.000329909 -3.04225e-05 -0.00134128 -9.2398e-06 -0.000754309 -0.00168459 -0.00466675 -1.91316e-05 -0.00307474 -1.16268e-07 0.0011975 0.00513069 1.29718e-06 -0.00269293 0.000363706 0.00514336 -3.3721e-08 0.00016749 -9.50531e-07 -4.41011e-08 9.07301e-06 -9.2374e-05 -1.69301e-05 0.000816846 -3.52853e-09 -5.893e-06 -0.00510838 -7.34798e-07 -0.00448562 -0.000143531 -7.58399e-07 0.00094522 0.000598122 1.53581e-06 -5.21458e-11 1.65759e-05 2.02055e-06 -2.71e-05 -2.65719e-06 -7.81561e-07 0.00349039 0.00513873 -0.00499341 -0.000192469 -0.000947566 -0.00113593 -5.99034e-07 -8.62008e-06 6.43005e-05 -3.672e-06 -5.03326e-06 -1.10598e-05 0.000495944 -0.000129005 -7.56114e-09 7.50643e-06 0.000252681 0.00513071 0.00512447 -2.15414e-05 -0.00396483 -2.53269e-05 1.24849e-05 -3.35439e-05 0.000107731 -0.000193151 4.27235e-06 
-0.000872905 -0.0023749 3.21188e-06 -0.0012608 -0.00105308 -9.4078e-05 0.000305496 -0.00560508 -0.00728867 -3.60873e-07 0.00477804 0.00297252 0.0072723 0.00512787 0.00742431 -0.000511815 -1.895e-09 -3.03311e-06 -0.00363162 1.52788e-06 -0.000179647 -0.00738983 0.00499625 -0.00441769 1.37313e-05 -0.00184706 0.00183582 -9.12481e-06 -7.89683e-06 -0.00216015 -1.4689e-06 5.02735e-05 0.000910597 -0.000485774 0.00144283 -0.00192684 0.00217258 -0.00109582 -0.0017667 -0.00669116 -0.000301508 -0.00442919 1.53215e-07 0.00117671 0.00672991 2.22759e-07 -0.00491253 0.000393685 0.00738651 5.92496e-06 0.00022079 -1.36353e-06 -1.5885e-07 2.60198e-05 -0.000132463 -2.35369e-05 0.00167126 -5.06164e-09 -7.90345e-06 -0.00735113 6.48483e-05 -0.00643789 -0.000207176 2.50216e-08 0.0032299 0.00250852 1.16851e-06 -7.48026e-11 1.7265e-05 0.000190475 -3.8078e-05 -3.30505e-06 -1.12114e-06 0.00293681 0.00688227 -0.00609799 -0.000289068 -0.00135931 -0.00163244 2.17359e-07 -1.23518e-05 5.94647e-05 -5.31049e-06 0.00195985 1.18782e-05 0.000485502 -0.000186642 -1.08464e-08 7.15448e-06 0.000242458 0.00735998 0.00694113 0.000369468 -0.00580956 -3.63311e-05 1.09809e-05 -5.17218e-05 6.60374e-05 -0.00027714 1.67867e-05 
0.0455346 -0.019738 -5.6264e-05 -0.0120133 0.0400659 -0.000472008 -0.00011995 0.0135131 -0.00364375 1.97133e-05 -0.000902303 0.000216667 -0.00172102 -0.000356682 -0.000511815 0.063785 -1.73467e-08 -2.36718e-05 -0.0180644 -1.10927e-07 -0.0014937 0.000333072 -0.00034575 -0.00945939 -0.000556466 -0.0330302 -0.0304962 -9.73035e-05 -7.95749e-05 0.0217648 5.85715e-06 -3.19123e-06 -8.48446e-05 -0.00406968 -0.000351842 -0.00762928 -0.000145282 -0.00988434 -0.0218763 0.00393934 -0.00635581 -0.0207215 -1.52674e-06 0.00435431 -0.000468286 -1.65311e-05 0.000276016 -0.000180655 -0.000765138 -4.42797e-07 -0.000222705 2.05751e-05 -2.3113e-06 -3.72474e-06 0.00903306 -0.000191614 0.00373012 -4.63339e-08 -1.42545e-06 0.00101007 -9.77343e-06 0.0064567 -0.00185615 3.06987e-05 -0.00063992 -0.0052239 -1.38376e-05 -6.84737e-10 -1.23572e-06 -7.48754e-05 0.000663224 8.24045e-05 1.93938e-05 -0.012979 -0.000475808 0.00174003 -0.00259477 -0.0018756 -0.00512806 -7.75603e-06 0.000243361 3.39018e-05 -4.86118e-05 -0.000137001 0.00147663 -0.000150297 0.0203317 -9.92869e-08 -2.0073e-05 -1.40598e-05 -0.000504736 -0.000559376 -0.000255666 0.000708042 -0.000326415 -2.37075e-05 0.00341903 -0.00135595 -0.00235151 -2.08928e-05 
-2.96085e-08 -8.13281e-08 -2.09234e-10 -4.77619e-08 -3.57035e-08 -3.21243e-09 -4.55978e-10 -1.90681e-07 -2.46897e-07 -1.22216e-11 -4.00172e-09 -3.50723e-09 2.46705e-07 -1.32103e-09 -1.895e-09 -1.73467e-08 2.53333e-07 -1.09383e-10 -1.23037e-07 -4.104e-13 -6.1735e-09 -2.50493e-07 -1.28058e-09 -1.52891e-07 2.5114e-07 1.24958e-07 1.27886e-07 -3.73376e-10 -2.94873e-10 1.50535e-07 -4.97471e-11 -1.32639e-10 -3.15837e-10 -1.64941e-08 -1.4919e-09 -6.52761e-08 2.52755e-07 -3.71122e-08 1.70659e-07 -2.27222e-07 -2.84434e-08 -1.50031e-07 -5.64849e-12 -3.21025e-09 -1.73393e-09 -1.20134e-10 -2.51971e-07 -7.2875e-10 2.50491e-07 -1.63822e-12 -1.08871e-09 -4.61784e-11 -1.28305e-11 -1.37805e-11 -4.48769e-09 -8.3302e-10 9.29325e-08 -1.71422e-13 -2.86292e-10 -2.49036e-07 -3.61836e-11 -2.18158e-07 -7.0164e-09 -6.74508e-11 2.50962e-07 2.3393e-07 -5.29956e-11 -2.53333e-15 -4.57182e-12 2.53003e-07 -1.31657e-09 -1.29091e-10 -3.79696e-11 -5.97626e-08 -1.76176e-09 -2.43402e-07 -9.82674e-09 -4.60357e-08 -5.52857e-08 -2.91021e-11 -4.20236e-10 -8.07829e-11 -1.7985e-10 2.52826e-07 -5.37304e-10 -9.64013e-10 -6.32269e-09 -3.67333e-13 -7.77421e-11 -8.00981e-11 -2.38524e-09 2.51057e-07 -1.17299e-09 -2.5048e-07 -1.23042e-09 -8.91539e-11 -2.03253e-09 -5.99363e-09 -9.38588e-09 -7.77784e-11 
-4.73605e-05 0.000281367 1.05339e-06 -7.43972e-05 -3.72153e-05 0.000360965 -7.77155e-07 8.30759e-05 2.99692e-06 8.25031e-08 -6.62374e-06 -5.97762e-06 -9.86381e-06 -2.05485e-06 -3.03311e-06 -2.36718e-05 -1.09383e-10 0.000431587 0.000198906 -6.99473e-10 -1.03719e-05 4.23738e-06 -1.98592e-06 -0.000252795 1.7662e-05 -0.000210542 -0.000201559 -6.36371e-07 1.11076e-06 0.00022941 -8.47873e-08 5.63393e-06 -5.38303e-07 0.000267055 -2.54275e-06 0.000251009 -9.85593e-07 3.54072e-05 0.000235555 -0.000355781 -3.3178e-05 -0.000249192 -9.62711e-09 -4.94145e-06 -2.75859e-06 -2.04753e-07 -1.95125e-06 3.41274e-07 -4.64791e-06 -2.79213e-09 -1.63223e-06 -7.87051e-08 -2.18679e-08 -2.3487e-08 -7.09534e-06 -1.41977e-06 -0.000159902 -2.92167e-10 5.10872e-06 -9.31596e-07 3.79166e-06 -0.000349345 -1.19152e-05 -1.14961e-07 -3.24099e-06 -2.5184e-05 2.09676e-07 -4.31773e-12 -7.79207e-09 5.00055e-07 -9.0058e-07 -1.33521e-08 -6.47142e-08 -7.40409e-05 -2.80602e-06 -0.000232696 -1.67217e-05 0.000149385 -9.00306e-05 -4.96007e-08 -7.16237e-07 -1.37684e-07 3.94347e-06 -8.63886e-07 -9.15764e-07 -1.26303e-06 -1.07762e-05 -6.26071e-10 -1.29168e-07 -1.36517e-07 -3.852e-06 -3.54256e-06 -1.99921e-06 3.14019e-06 -2.02376e-06 -1.51951e-07 -2.91418e-06 -4.29201e-06 -1.57637e-05 -1.32563e-07 
-0.0296357 0.141904 3.70112e-05 -0.0824352 -0.00676487 0.00494262 -0.000710623 0.0790694 0.00868033 -1.71605e-05 -0.00755845 -0.00489112 -0.012388 -0.00253255 -0.00363162 -0.0180644 -1.23037e-07 0.000198906 0.249795 -7.86791e-07 -0.00903431 0.004287 -0.00245505 -0.149644 0.00428227 -0.130613 -0.170623 -0.000709454 -0.000563651 0.132267 -4.72283e-05 -0.000217034 -0.000550365 0.0168941 -0.00285358 0.00596631 -0.00110734 0.0551211 0.140598 -0.0215351 -0.00900674 -0.140736 -1.01289e-05 0.00173033 -0.00332417 -0.000199159 0.00235475 -0.000660793 -0.00541461 -3.14069e-06 0.00155931 -8.61801e-05 -1.68106e-06 -2.49823e-05 -0.00479886 -0.00158119 -0.00533979 -3.28639e-07 -0.000432009 0.000320722 -6.8502e-05 -0.0398839 0.00535237 -0.000124882 0.00129916 0.0353699 9.79471e-05 5.14327e-09 -8.76478e-06 0.000146415 0.00104577 4.30289e-05 -6.7036e-05 -0.0653326 -0.00337752 0.00929277 0.000582168 0.0874446 -0.0304244 -5.37358e-05 0.000474012 -5.88848e-05 -0.000105046 -0.000971502 -0.000881372 -0.00105988 -0.0113872 6.39107e-07 -1.42951e-05 -0.000140782 -0.00407266 -0.00357351 -0.00220085 0.00501614 -0.00226088 -0.000170573 -0.00386179 -0.00293966 0.00720657 -0.000135891 
-1.89339e-07 -5.20072e-07 -1.338e-09 -3.05425e-07 -2.28314e-07 -2.05427e-08 -2.91586e-09 -1.13936e-06 -1.49884e-06 -7.81542e-11 9.9441e-07 -2.24278e-08 1.49761e-06 1.01155e-06 1.52788e-06 -1.10927e-07 -4.104e-13 -6.99473e-10 -7.86791e-07 1.62e-06 -3.94779e-08 -1.52184e-06 1.01181e-06 -8.97695e-07 -1.40248e-08 -4.74259e-07 2.97795e-07 -2.38764e-09 -1.88564e-09 -1.37371e-07 -3.18119e-10 -8.48194e-10 -2.0197e-09 -1.05476e-07 -9.54034e-09 -4.17424e-07 5.16302e-07 -2.37323e-07 -5.28684e-07 -1.37303e-06 -1.81888e-07 -8.7941e-07 -3.61206e-11 9.22805e-07 1.52891e-06 -7.68226e-10 -1.53129e-06 -4.66017e-09 1.52182e-06 -1.0476e-11 3.23038e-07 -2.95299e-10 -8.20476e-11 -8.81226e-11 -2.86976e-08 -5.32694e-09 5.94279e-07 -1.0962e-12 -1.83076e-09 -1.51252e-06 -2.31385e-10 -1.31506e-06 -4.4868e-08 -4.3133e-10 5.04838e-07 3.9592e-07 -3.38893e-10 -1.62e-14 -2.92356e-11 5.17887e-07 -8.41909e-09 -8.25503e-10 -2.42806e-10 6.37834e-07 1.00873e-06 -1.47649e-06 -6.28394e-08 -2.94386e-07 -3.53538e-07 -1.861e-10 -2.6873e-09 -5.16586e-10 -1.15009e-09 5.16759e-07 5.16564e-07 -6.16461e-09 -4.0432e-08 -2.349e-12 -4.9714e-10 -5.12206e-10 1.52475e-06 1.00545e-06 -7.50099e-09 -1.52175e-06 -7.86823e-09 -5.70116e-10 -1.29975e-08 -3.83277e-08 -6.00203e-08 -4.97372e-10 
0.00269258 -0.00576219 -4.24031e-06 0.00485661 -0.00339319 -0.000256929 0.000395681 -0.0119799 -0.00285904 5.27688e-07 -0.000373827 3.74764e-05 0.00334589 -0.000116254 -0.000179647 -0.0014937 -6.1735e-09 -1.03719e-05 -0.00903431 -3.94779e-08 0.0237752 -0.00125266 -0.000122117 0.00669875 -0.000207703 0.00688142 0.00545119 0.000515784 0.000376602 -0.00866989 1.4728e-05 9.01843e-05 -2.73682e-05 -0.00111104 0.00153439 -0.00174314 -3.8383e-05 -0.000996243 -0.00537604 -0.000224939 -5.27974e-05 0.00822728 4.14332e-06 -0.000306299 -0.0001263 5.25472e-05 0.000104144 -4.80879e-05 -5.59564e-06 2.72413e-07 -2.3807e-05 6.01259e-07 -8.30879e-07 -7.89293e-08 0.00158121 0.00137619 -0.00743518 9.68436e-08 -2.37828e-05 0.0003255 -1.80397e-06 -3.7725e-05 -0.000574207 -5.77835e-06 -0.000209082 -0.00174884 -4.31118e-06 -2.43691e-10 -4.3978e-07 -3.02578e-05 0.000802575 1.56523e-05 2.90976e-05 -0.000703159 -0.00016888 -0.00174862 0.000898217 -0.00441169 -0.00139165 2.80563e-07 -4.04141e-05 0.000125873 -1.00504e-05 -4.86873e-05 -5.09586e-05 -5.63453e-05 -0.000463696 -3.53351e-08 8.8217e-06 8.28507e-06 1.24181e-05 -0.000206442 0.00146698 -0.00133046 0.000892001 -7.93938e-06 0.00176613 -0.000380736 0.00250236 2.04782e-05 
-2.32734e-05 0.0022632 -8.76704e-06 0.00190589 0.00150646 -1.1307e-06 -0.00159237 0.0070117 0.00888478 3.20868e-07 -0.00476858 -0.00304584 -0.00808598 -0.00513927 -0.00738983 0.000333072 -2.50493e-07 4.23738e-06 0.004287 -1.52184e-06 -0.00125266 0.0110856 -0.00499754 0.00455739 -2.58445e-05 0.00210403 -0.00126594 -0.00134939 -0.00106802 0.00359224 -4.43051e-05 -0.000120003 -0.000933086 0.000357366 -0.0028355 0.00185108 -0.00221033 0.000933283 0.00238371 0.00846517 -0.000510697 0.00431088 -5.32669e-06 -0.00113573 -0.00674115 -2.15668e-05 0.00501386 -0.000477453 -0.007545 -6.39417e-06 -0.000232196 1.80362e-06 -6.52188e-07 -4.05701e-05 0.000131596 -0.00133212 8.08808e-05 -2.62414e-07 8.25983e-06 0.00742938 -6.9652e-05 0.00780705 4.78402e-05 -3.12183e-05 -0.00323898 -0.00233444 -5.31349e-07 1.12112e-10 -1.78443e-05 -0.000228947 -0.000228929 -0.000190454 -2.85299e-06 -0.00340443 -0.00687595 0.00640606 -0.00111257 0.00200796 0.00140421 -3.56209e-06 1.84008e-05 -0.000228385 7.35257e-06 -0.00197708 -1.29583e-05 -0.000501948 -0.000809836 -2.5041e-07 -0.000137663 -0.000262399 -0.00809623 -0.00742176 -0.00171538 0.00722755 3.00891e-06 -0.000317471 -6.23507e-05 -0.000324663 0.000406995 -2.23079e-05 
-0.0005908 -0.00162191 5.23168e-06 -0.000822159 -0.000712417 -6.31599e-05 5.82155e-06 -0.0038046 -0.00492649 -2.43867e-07 0.00473034 0.00292198 0.00492105 0.00499792 0.00499625 -0.00034575 -1.28058e-09 -1.98592e-06 -0.00245505 1.01181e-06 -0.000122117 -0.00499754 0.00502938 -0.00304967 -4.3592e-05 -0.00251688 0.00254387 -5.6569e-06 -5.07381e-06 -0.0020262 -9.92638e-07 -1.47998e-06 -7.52124e-07 -0.000329119 -2.9769e-05 -0.00130192 3.17948e-07 -0.000740525 -0.00163734 -0.00452707 -0.000110871 -0.00299261 -1.12708e-07 0.00116283 0.00498926 1.37288e-06 -0.00261694 0.000361069 0.00499755 -3.26886e-08 0.00016794 -9.21431e-07 -3.60157e-08 9.42169e-06 -8.9546e-05 -1.66052e-05 0.00079491 -3.42051e-09 -5.71258e-06 -0.00496918 -5.9533e-07 -0.00435034 -0.000140003 -7.15894e-07 0.000951424 0.000535912 1.56921e-06 -5.05494e-11 1.65654e-05 2.82215e-06 -2.62704e-05 -2.57584e-06 -7.57634e-07 0.0033799 0.00499949 -0.00485434 -0.00019608 -0.000918582 -0.00110315 -5.80694e-07 -8.35526e-06 5.19781e-05 -3.58867e-06 -1.26385e-06 -1.03712e-05 0.000493541 -0.000125124 -7.32966e-09 7.55542e-06 0.000253235 0.00500007 0.00499971 -2.03389e-05 -0.00395227 -2.45515e-05 1.2611e-05 -3.25198e-05 9.4415e-05 -0.000187283 4.1447e-06 
0.01026 -0.18953 0.000119529 0.0709315 -0.0140149 -0.0064295 -0.00107874 -0.03895 0.00647743 -1.74523e-05 0.000645424 0.0012759 0.00224938 -0.00313384 -0.00441769 -0.00945939 -1.52891e-07 -0.000252795 -0.149644 -8.97695e-07 0.00669875 0.00455739 -0.00304967 0.239285 -0.00520969 0.194761 0.183415 -0.000827703 -0.000666673 -0.187863 -6.90624e-05 0.00016192 -0.000750036 -0.0382349 -0.00334415 0.0267312 -0.00121587 -0.0867407 -0.183525 0.0575219 -0.010514 0.221281 8.62028e-06 -0.0075501 -0.00412915 0.000100625 0.00300064 -0.00172332 -0.00342777 -3.90273e-06 -0.0025437 4.66458e-05 -2.89061e-05 -2.04459e-05 -0.0093062 -0.00188944 -0.0217912 2.68288e-07 0.000249927 0.00970971 -4.13835e-05 0.0812305 -0.0163751 1.15299e-07 -0.00545785 -0.0457489 -0.000121128 -6.03516e-09 -1.08914e-05 -0.000446882 -0.00312563 7.93234e-07 5.49284e-05 0.0262523 -0.004195 -0.00760247 -0.0234019 -0.100025 0.0861659 4.32335e-05 -0.000839734 -5.96571e-06 -0.000422819 -0.00119876 -0.000457195 -8.82459e-05 -0.00139008 -2.55098e-07 -0.000155792 -0.000148444 -0.00469532 -0.00506699 -0.00275711 0.0065539 -0.000239683 -0.000212291 -0.00444182 -0.0131538 -0.00670803 9.84753e-05 
-0.000810159 0.00513378 -7.08025e-06 -0.00161677 0.000757295 4.21534e-05 8.31432e-06 0.00109243 -0.000176421 -3.37656e-07 -0.000136753 -0.000109474 -8.04668e-05 -4.50241e-05 1.37313e-05 -0.000556466 2.5114e-07 1.7662e-05 0.00428227 -1.40248e-08 -0.000207703 -2.58445e-05 -4.3592e-05 -0.00520969 0.00858233 -0.0042478 -0.0041632 1.82044e-06 5.20983e-06 0.00505652 -1.70003e-06 -4.53275e-06 -6.55992e-06 -0.000202431 -2.74702e-05 -0.00150295 8.1655e-05 0.00509717 0.00476446 -0.00538212 0.00424104 -0.00508039 -1.93028e-07 -0.000104639 -1.73144e-05 -4.1054e-06 -7.27977e-05 -1.48606e-05 1.3417e-05 -3.93171e-08 3.71217e-05 -1.57808e-06 -4.38462e-07 5.72406e-07 -4.49198e-05 -8.31384e-06 0.00164843 -5.85809e-09 -6.79692e-06 -0.00558384 -1.23652e-06 -0.00696973 -0.000177815 -2.30503e-06 0.000365296 0.00614201 6.55896e-06 -8.65728e-11 -1.56235e-07 3.0586e-05 7.60917e-05 -4.41149e-06 -1.29755e-06 -0.00118281 -5.62541e-06 1.03925e-05 -0.000221764 -0.000869498 -0.0018845 -9.94519e-07 3.16091e-05 -1.36397e-06 -4.41276e-06 6.9632e-05 -1.02749e-05 -2.6697e-05 -0.000205465 -1.25531e-08 -1.70338e-06 -2.08723e-06 -2.82532e-06 8.73195e-05 -2.12886e-05 1.65461e-05 -3.80578e-05 -3.03336e-06 -5.53652e-05 -0.000195316 -0.000316168 -2.65796e-06 
-0.0448455 -0.159191 0.000314285 0.0852736 -0.0315568 -0.0054832 -0.000623276 -0.0642416 0.00644751 -2.41637e-05 0.00164147 0.000181199 0.00692111 -0.0025616 -0.00184706 -0.0330302 1.24958e-07 -0.000210542 -0.130613 -4.74259e-07 0.00688142 0.00210403 -0.00251688 0.194761 -0.0042478 0.249955 0.187428 -0.00068501 -0.00055807 -0.170535 -9.5546e-05 0.000196791 0.000160639 -0.0329225 -0.00162031 -0.0100109 0.000709064 -0.0716336 -0.151235 0.0482298 -0.00172779 0.19992 1.0448e-05 -0.00638459 -0.00213811 0.000111822 0.00069651 -0.00144082 -0.000141398 -3.27695e-06 -0.00215603 6.34565e-06 -2.48182e-05 1.50814e-06 -0.00773188 -0.00159403 0.00987199 3.3377e-07 -5.82683e-05 0.00587925 3.49084e-05 0.0661607 -0.0137208 -9.3059e-05 -0.00272406 -0.0358787 -0.000101441 -5.06744e-09 -7.71171e-06 -0.0001845 -0.00263137 -0.000167492 -1.77175e-05 0.0387216 -0.00202797 -0.0127369 -0.0196529 -0.0915655 0.0465467 5.50669e-05 -0.000830951 -2.19906e-05 -0.000359715 0.000628676 -0.00102017 -8.79471e-05 -0.0126283 -7.34779e-07 -0.000128708 -0.000129634 -0.00209656 -0.00272332 -0.00222881 0.00396256 0.000212219 -0.000178335 -0.00375789 -0.0112597 -0.00150764 0.000136173 
-0.0268969 -0.156136 0.000356556 0.0918887 -0.0367423 -0.00575706 -0.000864029 -0.0725227 0.0015776 -2.38862e-05 0.00767337 0.005186 0.0108853 0.00262127 0.00183582 -0.0304962 1.27886e-07 -0.000201559 -0.170623 2.97795e-07 0.00545119 -0.00126594 0.00254387 0.183415 -0.0041632 0.187428 0.249977 -0.000690315 -0.000539376 -0.164511 -8.70435e-05 0.000218748 -0.000607758 -0.0317797 -0.00273174 0.00155425 -0.000704835 -0.0706065 -0.148946 0.0434888 -0.000259386 0.188939 6.84562e-06 -0.0047674 0.00188533 0.000150362 -0.0004501 -0.000998775 0.00366134 -3.20222e-06 -0.00192004 3.40487e-05 -2.2203e-05 2.0834e-06 -0.00617965 -0.00159381 0.00528765 3.41589e-07 4.91243e-05 0.00202691 -2.65244e-05 0.060464 -0.0134134 -8.57056e-05 -0.00313134 -0.035748 -9.89534e-05 -4.95188e-09 7.7335e-06 -0.000156948 -0.00254806 -0.000244303 -8.29217e-06 0.0558891 0.00187759 -0.0179706 -0.0190736 -0.0887063 0.0358109 5.38344e-05 -0.000807615 4.87665e-07 -0.000350811 -0.000885273 -0.000951047 0.000893666 -0.0122645 -5.58023e-07 -0.000135332 0.000130293 0.0014543 0.00178337 -0.00227811 0.00125462 0.000292635 -0.000159482 -0.00258125 -0.0108353 -0.00260331 9.87806e-05 
0.000147026 0.000285082 2.66938e-06 -0.000274181 -0.000204654 -1.85794e-05 0.00127183 -0.00110117 -0.00139157 -7.11036e-08 8.91527e-06 -1.42312e-05 3.2204e-05 -5.69219e-06 -9.12481e-06 -9.73035e-05 -3.73376e-10 -6.36371e-07 -0.000709454 -2.38764e-09 0.000515784 -0.00134939 -5.6569e-06 -0.000827703 1.82044e-06 -0.00068501 -0.000690315 0.00147168 0.00106601 -0.000596223 3.07725e-06 2.15517e-05 2.41584e-06 3.69665e-05 0.00140303 -0.000370343 7.92356e-07 0.000356787 -0.000448476 -0.00131966 0.000315101 -0.000603225 -3.2862e-08 -1.86767e-05 -3.11107e-06 3.61079e-07 -5.61303e-05 -1.65309e-06 -1.35603e-05 3.67136e-07 5.02606e-06 -2.68659e-07 -7.46458e-08 1.44765e-05 8.92647e-05 0.00139646 -0.000898717 -9.97307e-10 -1.6656e-06 2.08574e-05 3.92823e-07 -0.000984622 -3.7437e-05 -3.92418e-07 -1.30272e-05 -0.000107083 -3.0832e-07 -1.47385e-11 -2.65981e-08 -1.66274e-06 0.00027243 1.07564e-06 -2.20901e-07 0.00096908 -8.21297e-06 2.29169e-05 0.00134256 -0.000267788 -0.00032133 -1.69311e-07 -2.4382e-06 2.71267e-05 -6.56338e-07 -1.7122e-06 -3.12595e-06 -4.80181e-06 0.000942516 -2.13709e-09 6.14375e-07 2.744e-06 0.000485713 0.000433418 0.0013668 -0.00138901 0.000104655 0.000298161 0.000199145 -3.05e-05 -4.74023e-05 -4.02502e-07 
9.59164e-05 0.000303194 2.92531e-06 -0.000184965 -0.000163168 -1.47599e-05 0.00105967 -0.000871919 -0.00112466 -5.6154e-08 2.30689e-06 -1.59778e-05 -2.25448e-05 -5.05963e-06 -7.89683e-06 -7.95749e-05 -2.94873e-10 1.11076e-06 -0.000563651 -1.88564e-09 0.000376602 -0.00106802 -5.07381e-06 -0.000666673 5.20983e-06 -0.00055807 -0.000539376 0.00106601 0.00116262 -0.000469109 6.28097e-07 7.82724e-06 9.47551e-06 1.17056e-05 0.00111708 -0.000298733 -1.76959e-07 0.000300413 -0.00034551 -0.00101618 0.00016405 -0.000467988 -2.59527e-08 -1.43966e-05 -7.15677e-06 -4.11972e-07 -2.15835e-05 8.69166e-06 -1.16367e-05 4.85806e-07 -4.60555e-06 -2.12173e-07 -5.89514e-08 1.43734e-05 1.64374e-05 0.00110815 -0.000707473 -7.87622e-10 8.18459e-06 1.20357e-06 1.47404e-05 -0.000843842 -2.87978e-05 -1.26578e-07 -1.02804e-05 -7.73818e-05 -2.43495e-07 -1.16397e-11 -2.10058e-08 -1.51848e-06 0.000234561 6.14021e-06 -1.74456e-07 0.000872723 -7.28464e-06 3.62885e-05 0.00107942 -0.000211344 -0.000253761 -1.33713e-07 -1.92416e-06 -3.71168e-07 -4.9301e-07 -1.25553e-06 -2.39205e-06 -4.24262e-06 0.0007806 -1.68776e-09 2.31614e-06 -5.46879e-08 0.000313624 0.000274232 0.00110232 -0.00111418 7.37267e-05 0.00016299 7.66613e-05 -2.27018e-05 -3.5048e-05 -3.3403e-07 
0.00415971 0.149108 -0.00031134 -0.0763202 0.0329267 0.00421833 -0.0002947 0.0779729 -0.000478383 2.45503e-05 -0.00622587 -0.00497384 -0.00876487 -0.0020997 -0.00216015 0.0217648 1.50535e-07 0.00022941 0.132267 -1.37371e-07 -0.00866989 0.00359224 -0.0020262 -0.187863 0.00505652 -0.170535 -0.164511 -0.000596223 -0.000469109 0.241123 -5.23872e-05 -3.71159e-05 -0.000177819 0.0128565 -0.00228941 -0.0290209 -2.43124e-05 0.0507623 0.154062 -0.0278235 -0.00668826 -0.198614 -8.25431e-06 0.00551479 -0.00256238 -0.000158845 0.00121859 -0.000457945 -0.00279592 3.34926e-06 0.00195799 -8.48106e-06 1.42584e-05 -1.096e-05 0.00631701 -0.00128943 0.0560141 -4.58075e-09 -0.000240227 -0.00259026 4.60918e-05 -0.0463589 -0.00621741 -0.000100611 0.00307398 0.0428611 0.000101236 5.94216e-09 -7.02972e-06 0.000386209 0.00275791 -0.000172589 -6.06456e-05 -0.0659346 -0.0024429 0.0125518 -0.00176131 0.0991578 -0.0868986 -4.23085e-05 0.000837071 -7.76165e-05 -0.00027963 -0.000250888 0.001176 -0.00106432 0.00966378 4.14946e-07 -0.000110286 -7.74729e-05 -0.00238598 -0.00179226 -0.00186686 0.00351106 -0.00196123 -0.000141728 0.00107297 -0.00227808 -0.00480439 -0.000124584 
5.48891e-05 5.92223e-05 -1.62187e-07 -3.46924e-05 -1.2502e-05 1.63323e-06 1.38655e-06 -6.42587e-05 -7.94407e-05 -9.47354e-09 -2.96858e-06 -2.45195e-06 -1.49126e-06 -1.02399e-06 -1.4689e-06 5.85715e-06 -4.97471e-11 -8.47873e-08 -4.72283e-05 -3.18119e-10 1.4728e-05 -4.43051e-05 -9.92638e-07 -6.90624e-05 -1.70003e-06 -9.5546e-05 -8.70435e-05 3.07725e-06 6.28097e-07 -5.23872e-05 0.000196331 -1.02815e-07 1.15052e-05 9.15467e-06 7.19202e-05 1.82049e-05 -4.48247e-07 0.000102256 -4.50883e-05 -6.45035e-05 -1.35611e-05 -4.14759e-05 -4.3784e-09 -2.48841e-06 -1.34405e-06 -9.31213e-08 4.62748e-07 2.94118e-05 -2.20331e-06 -1.26986e-09 -3.70574e-07 -3.5795e-08 6.67212e-08 -1.06819e-08 5.30314e-05 4.2151e-05 -0.000111787 -1.32877e-10 1.84749e-07 -2.55886e-05 -2.80475e-08 -7.0424e-05 5.07946e-05 1.15438e-06 -1.83784e-06 -1.49705e-05 -3.10793e-08 -1.9637e-12 -3.54382e-09 -2.56178e-07 8.84947e-06 2.84766e-05 1.5539e-06 2.69386e-05 -1.36562e-06 4.5584e-06 6.87795e-05 -3.51743e-05 -3.9011e-06 -2.25583e-08 -1.15744e-07 2.04048e-07 -1.3941e-07 -3.62894e-07 1.49018e-06 3.40275e-06 4.11233e-06 -2.84736e-10 3.17231e-05 -6.20876e-08 -6.08908e-07 -1.76427e-06 7.12608e-05 -7.52447e-05 3.62862e-05 -6.91072e-08 4.17545e-05 2.72141e-05 2.97146e-05 -6.02895e-08 
-3.86201e-05 -0.000145088 -4.32434e-07 -3.93418e-05 -4.20169e-05 -5.98596e-06 -9.42393e-07 -0.000147933 -0.000153181 -2.52591e-08 -6.26056e-06 1.31014e-05 0.000184574 -4.43566e-07 5.02735e-05 -3.19123e-06 -1.32639e-10 5.63393e-06 -0.000217034 -8.48194e-10 9.01843e-05 -0.000120003 -1.47998e-06 0.00016192 -4.53275e-06 0.000196791 0.000218748 2.15517e-05 7.82724e-06 -3.71159e-05 -1.02815e-07 0.000523303 8.20576e-07 -1.36026e-05 -3.08339e-06 -7.09628e-05 6.98015e-05 -5.08616e-05 -6.23282e-05 -0.000193948 9.6513e-06 8.64863e-05 -1.1674e-08 -9.94788e-07 -4.10268e-07 -2.48287e-07 -5.63675e-05 2.43539e-05 0.000113392 -3.3858e-09 -1.11342e-06 -9.54393e-08 -2.65174e-08 1.04853e-07 -8.89826e-06 2.61836e-06 8.38549e-05 2.69646e-07 6.69683e-05 -0.000175097 4.29119e-05 -0.000175791 -1.42445e-05 1.0606e-06 8.48298e-05 0.000133241 5.77138e-07 -5.23577e-12 -9.44881e-09 3.54803e-05 -2.71101e-06 -2.66799e-07 -7.84737e-08 -9.92178e-05 -3.49778e-06 -0.000221607 -1.83861e-05 -8.97842e-05 -8.45317e-05 -5.34801e-08 -8.68523e-07 3.14964e-05 -3.71705e-07 1.3891e-06 6.13953e-06 1.7371e-05 7.22591e-06 -7.59186e-10 -1.60673e-07 1.11345e-05 3.0057e-05 3.97264e-06 -2.29762e-06 -1.60691e-05 -2.54298e-06 -1.84259e-07 -2.73073e-06 1.4966e-05 -1.68783e-05 -1.07485e-08 
