0.0181203 -3.74867e-05 1.2476e-06 0.000416069 3.74736e-05 4.51559e-05 -0.000874958 -1.42501e-06 -0.00112491 -6.35316e-05 -0.00106333 0.00237112 2.7477e-06 0.00221681 0.000502055 -0.00532505 -0.000281475 -0.00824008 -0.0129494 -5.97662e-05 -0.0166833 -0.0171175 0.00188134 -0.0113721 0.0143587 -0.0120421 -0.0166585 -0.000165657 -0.015233 -0.0120511 -0.0162779 -0.000135825 -0.00080274 -9.16837e-06 -2.57039e-05 -0.000632117 0.000340561 0.0161732 -0.000107924 9.16508e-06 -3.06898e-05 0.0169491 7.42931e-05 4.70217e-06 -0.017292 -0.000692491 -4.34774e-06 -2.59434e-06 0.0163057 0.000313044 0.0155272 0.00430158 -1.14342e-05 -0.0007817 -0.000937932 -0.00382912 -0.00023625 3.95225e-05 -0.0160274 0.000108108 0.000515857 0.01678 2.91509e-07 0.0163524 0.000170819 0.000333583 0.000705886 0.0165216 -1.60199e-06 -1.01536e-06 -0.0010617 7.86447e-05 -0.000203719 -1.59504e-06 -0.00014698 0.0164022 -7.65212e-07 -1.18699e-05 0.000758667 -0.000302365 0.0162921 -1.63891e-06 -0.000868203 -0.0118758 0.000504301 1.38807e-05 0.000720863 -0.00113073 0.016051 -1.27237e-06 -6.007e-06 -0.0178964 -0.000587812 -8.36193e-06 0.010796 -0.00182875 -9.30419e-08 -0.00072428 0.00128679 0.00145885 
-3.74867e-05 0.00202646 -2.00621e-08 -1.1308e-06 1.5626e-06 0.00030536 0.00155986 -1.69939e-07 -7.45151e-05 -5.71456e-06 -3.72555e-05 -0.00172412 3.47755e-05 4.90574e-06 0.00182816 0.00112837 7.68773e-05 -0.000867621 -0.00132961 4.91881e-05 -0.00174366 -0.00184801 -4.42801e-05 0.000487555 0.00176738 -0.00126739 -0.00177559 2.61759e-05 -0.00158178 -0.00145355 -0.00185503 6.02311e-05 -0.000161001 -1.10085e-06 2.42615e-05 -6.42759e-05 -1.10343e-06 -2.60452e-05 -1.18708e-05 -2.24065e-06 -2.56839e-06 2.53595e-06 6.1893e-05 -2.49078e-07 -0.00174404 0.00148609 -5.1415e-07 -2.85357e-07 -0.000155199 5.9356e-05 -0.000219152 0.000114822 -1.33657e-06 0.00168227 7.54239e-05 -0.000384375 0.00157691 7.0545e-07 -0.00172369 1.31216e-06 0.000104698 -3.52868e-05 2.88e-07 0.00164505 4.81361e-05 -0.00181199 -3.10957e-05 -0.000170472 -3.26718e-08 -1.11682e-07 0.00148432 0.000308436 0.000104026 3.15579e-05 -1.72112e-05 0.00166591 -8.41675e-08 -1.54638e-06 1.96953e-05 -1.07041e-05 -2.05429e-05 9.33309e-06 0.00181731 -0.00128883 -1.35305e-06 -3.84253e-08 3.17945e-06 -0.000124329 -2.07701e-05 -1.89081e-07 1.09543e-05 -0.00061388 0.000918599 -2.40245e-06 -1.12061e-05 -0.000194093 6.343e-07 0.00179839 -3.25763e-06 9.24507e-05 
1.2476e-06 -2.00621e-08 9.8799e-06 1.37783e-06 1.38245e-06 6.4671e-06 -4.69131e-07 -8.26857e-10 -6.02792e-07 5.62261e-07 8.04008e-07 -4.64705e-06 -3.9794e-09 -2.75925e-08 7.90166e-06 -2.11641e-06 7.02795e-07 -4.41092e-06 -5.86364e-06 -5.55906e-08 -7.65857e-06 -7.63291e-06 5.62684e-06 -6.01045e-06 4.34472e-06 -5.92473e-06 -7.61378e-06 -9.49643e-08 -8.15242e-06 -5.61262e-06 -7.65529e-06 -7.39358e-08 -7.16092e-08 -5.35628e-09 5.41369e-06 -3.42088e-07 -5.36886e-09 6.80748e-06 -5.77586e-08 1.55538e-06 -2.06061e-08 -1.7742e-07 -1.84585e-08 -1.21191e-09 -7.72795e-06 9.2741e-07 -2.50165e-09 -1.38844e-09 8.71134e-07 1.34875e-06 8.64095e-06 2.62808e-06 -6.64921e-09 -4.44698e-07 -5.01982e-07 -2.04927e-06 -1.26706e-07 -7.03324e-10 -8.64341e-06 5.43093e-08 6.85921e-06 1.25831e-06 -2.59515e-11 -4.55553e-07 -5.09528e-09 -7.38278e-06 9.53673e-08 6.8379e-07 -9.53683e-10 -5.434e-10 -5.8676e-07 6.85711e-06 -1.0904e-07 -8.53632e-10 3.62569e-08 5.57462e-06 -4.09526e-10 -7.75112e-09 -1.27869e-08 -1.61834e-07 6.39893e-06 9.21103e-07 -4.68511e-07 -6.3565e-06 -6.63208e-09 -1.86963e-10 -2.63256e-08 -6.05146e-07 6.5268e-06 -9.19993e-10 -3.32008e-09 -8.05585e-06 5.94719e-06 -1.16894e-08 1.1797e-06 -9.79768e-07 -9.26085e-11 6.48831e-06 1.36476e-06 1.3563e-06 
0.000416069 -1.1308e-06 1.37783e-06 0.000556573 3.08471e-05 2.14264e-05 -2.41557e-05 -4.66056e-08 -2.98029e-05 -1.93927e-06 -1.06002e-05 6.40897e-05 3.9557e-06 0.000174138 0.000516451 -0.000158137 -8.86079e-06 -0.00024862 -0.000382663 1.116e-05 -0.000500329 -0.0005137 -1.63361e-05 -0.000345506 -2.5744e-05 -0.000360359 -0.000444195 -5.35263e-06 -0.000456659 -0.000398036 -0.000515397 1.12993e-05 -5.20017e-05 -3.01905e-07 -1.504e-06 7.65113e-05 1.09739e-06 5.38049e-06 -3.25555e-06 -4.99767e-07 2.18188e-06 2.41646e-06 0.00013199 -6.83092e-08 -0.000501116 3.2026e-05 1.78995e-07 -7.82588e-08 0.00046664 0.000355744 0.000151658 0.000423614 -3.74781e-07 -7.97319e-06 -2.73407e-05 -0.000115506 -7.08173e-06 2.31369e-06 -0.000481397 1.05171e-05 -3.23863e-06 0.000488316 3.38537e-07 0.000257544 0.000233736 -0.000503488 1.64721e-05 0.000456439 1.00625e-06 -3.06286e-08 -2.92959e-05 8.17195e-05 -5.0427e-06 -4.81147e-08 -3.18016e-06 0.000242629 3.40251e-07 -4.3689e-07 0.000515863 -6.07838e-06 2.23247e-05 8.9399e-07 -2.53941e-05 -0.000358219 0.00035387 5.89613e-06 2.61283e-06 -3.40289e-05 -1.31036e-05 1.28148e-06 -1.87135e-07 -0.000536628 2.95999e-06 1.08447e-06 6.82244e-06 -5.52243e-05 -5.21985e-09 -2.29141e-05 0.000531473 0.000549333 
3.74736e-05 1.5626e-06 1.38245e-06 3.08471e-05 8.89954e-05 1.96018e-06 4.10205e-05 -7.44869e-09 4.40765e-05 -3.09942e-07 6.06679e-05 -3.72793e-05 2.43415e-06 7.38101e-07 4.66346e-05 2.2788e-05 -6.42834e-07 -3.96555e-05 -5.5388e-05 -5.00785e-07 -4.68325e-05 -7.90402e-05 -2.4809e-06 -5.19659e-05 -4.2123e-06 -5.45336e-05 -7.82412e-05 3.08879e-05 -3.18439e-05 -6.27972e-05 -7.87884e-05 -1.96046e-07 -7.75587e-06 -4.82517e-08 -8.36796e-08 -7.08427e-07 -4.8365e-08 2.73517e-05 -5.20314e-07 1.33162e-06 -1.68962e-07 -7.3494e-07 -1.66282e-07 -1.09174e-08 -7.96263e-05 5.698e-05 2.97464e-07 -1.25076e-08 -1.92286e-06 3.02385e-05 2.73381e-05 2.92507e-06 1.33434e-07 -4.2797e-06 4.08346e-05 -1.84607e-05 -1.11809e-06 2.017e-06 -7.20303e-05 6.1921e-06 6.71906e-06 3.77133e-05 -2.33782e-10 -2.14099e-06 7.54743e-06 -7.89172e-05 1.8157e-05 -2.82639e-06 -8.5912e-09 -4.89518e-09 4.05742e-05 7.18311e-06 4.43211e-05 -7.68989e-09 -6.24394e-07 -3.27287e-06 -3.68919e-09 6.01745e-08 8.41148e-06 3.73255e-05 3.0242e-05 8.70983e-06 4.12561e-05 -5.69755e-05 2.32359e-06 2.24982e-07 1.57285e-06 1.41192e-06 6.24244e-06 3.28379e-07 -2.99087e-08 -4.20535e-05 2.17846e-05 -1.05303e-07 6.06288e-06 -8.82618e-06 -8.34258e-10 1.01379e-05 3.1636e-05 3.11565e-05 
4.51559e-05 0.00030536 6.4671e-06 2.14264e-05 1.96018e-06 0.00499137 0.000437587 -4.19834e-07 -0.000301889 2.86472e-05 -0.000281291 -0.00105924 5.49161e-05 -7.04e-06 0.00465064 -0.000549631 0.00204156 -0.0022388 -0.00351292 -2.8226e-05 -0.00453643 -0.00465408 0.00313469 -0.00168164 0.00123998 -0.00327224 -0.00455238 5.30155e-05 -0.00413921 -0.00360768 -0.00466544 8.76602e-06 -0.000480166 -2.71963e-06 0.0028952 0.000966215 8.21065e-06 0.00339843 -2.93267e-05 0.00010309 1.01706e-05 -8.95509e-05 0.000238044 4.15465e-06 -0.0039603 0.000350039 -4.80204e-07 -7.04974e-07 -0.000257225 0.000353855 0.00323172 0.000629243 -1.43611e-06 0.000501606 0.000168121 -0.00104045 0.000406026 3.34956e-06 -0.00416357 0.000107523 0.00393192 8.99208e-05 3.4899e-09 0.0004253 2.02096e-05 -0.00432896 -7.68217e-05 -0.000418833 1.38724e-05 -2.7591e-07 0.000491018 0.00418284 8.94184e-05 -4.33429e-07 -2.40336e-05 0.00189413 -2.07935e-07 7.84106e-06 0.000282381 -7.77072e-05 0.00306024 0.00118741 0.000957255 -0.00322744 -1.24075e-06 -9.49296e-08 -1.33667e-05 -0.000303544 0.00355905 -3.6379e-07 -1.66909e-06 -0.00435824 0.00463413 -5.01857e-06 0.00209918 -0.000497171 1.52978e-07 0.00450528 9.69858e-06 0.000612131 
-0.000874958 0.00155986 -4.69131e-07 -2.41557e-05 4.10205e-05 0.000437587 0.0452282 3.63283e-06 0.00506173 4.61673e-05 0.0048241 -0.0394573 0.000269262 -6.6935e-05 0.0343807 0.0277343 0.0098822 -0.0198162 -0.0305223 -0.000185586 -0.0389233 -0.0404488 -0.00105916 0.00833411 0.0323119 -0.0289169 -0.0401963 0.00640597 -0.0312287 -0.0316905 -0.0403047 -0.000170642 -0.00234904 -2.34587e-05 -0.000139833 -0.00167421 -2.32858e-05 -0.00114242 0.000835831 -2.66724e-05 -7.41521e-05 -0.000800231 -8.4054e-05 6.28226e-06 -0.0317369 0.0379668 0.000180601 4.78606e-05 -0.00291173 0.00196705 -0.00517562 0.00288282 -1.08625e-05 0.0304826 0.0228443 -0.00957395 0.011563 -1.38681e-06 -0.0336633 5.41404e-05 -0.00018155 -0.000824373 1.80861e-06 0.0281517 -2.40977e-05 -0.04134 -0.000592365 0.000713345 2.05366e-05 -2.61156e-06 0.040623 0.00308055 0.0101368 1.08154e-08 -4.70557e-05 0.0285117 1.91517e-06 -3.03149e-05 7.69534e-05 0.00647158 -0.000949032 -5.87771e-05 0.0409475 -0.028401 5.22898e-05 3.01813e-06 0.000655577 -0.000929295 0.000348244 5.59119e-05 -1.43195e-05 -0.000585454 0.032386 0.000239191 -0.000625941 -0.00410439 1.06493e-06 0.0342997 -3.85543e-05 -8.33392e-05 
-1.42501e-06 -1.69939e-07 -8.26857e-10 -4.66056e-08 -7.44869e-09 -4.19834e-07 3.63283e-06 8.3683e-05 1.56806e-05 3.42856e-06 7.7794e-06 -1.88806e-05 1.39625e-07 -2.33726e-07 -3.2728e-06 -4.3602e-06 -1.08162e-06 -1.35367e-05 2.19329e-05 -4.67555e-07 -3.11006e-05 4.57594e-06 2.38216e-05 -2.67132e-05 -3.42139e-06 -1.28244e-05 4.64133e-06 -8.04409e-07 -2.87496e-05 -5.22875e-05 1.88976e-06 7.37159e-08 -3.52232e-06 -4.53711e-08 6.28927e-07 2.59709e-05 2.07856e-07 -2.10355e-06 1.16207e-05 5.43549e-08 1.54212e-06 -1.27286e-06 -1.56355e-07 -1.02657e-08 4.05096e-06 -1.36197e-06 -2.11906e-08 4.8239e-08 2.60586e-05 -2.92927e-07 2.51578e-05 -9.12951e-07 -5.63231e-08 -3.62372e-07 1.00279e-05 -1.72086e-05 -1.07328e-06 -5.95761e-09 -3.07086e-05 -1.99687e-08 -4.86711e-07 -1.33434e-06 -2.19826e-10 -4.36707e-06 -4.31603e-08 -6.18385e-06 -8.2827e-07 3.39972e-05 -8.07832e-09 7.62064e-07 -2.33024e-06 -8.99767e-07 8.63573e-08 -7.23082e-09 2.88397e-06 -4.35854e-06 -3.46895e-09 -6.5657e-08 -1.08313e-07 -3.60837e-07 -1.55495e-06 -1.03597e-07 -2.96859e-06 -5.2047e-05 -5.6178e-08 -1.58369e-09 -2.22995e-07 4.29174e-05 -1.99652e-06 2.0554e-07 -2.81232e-08 -3.86325e-06 -3.46853e-06 -9.90164e-08 -1.04704e-06 -6.71594e-06 -7.84454e-10 -2.80177e-06 -2.73428e-08 -1.7232e-07 
-0.00112491 -7.45151e-05 -6.02792e-07 -2.98029e-05 4.40765e-05 -0.000301889 0.00506173 1.56806e-05 0.057289 0.000423029 0.0525683 -0.0525476 8.74196e-05 -0.00015604 -0.00245642 0.0428593 -0.000822362 -0.0271017 0.010806 0.00260421 -0.00469342 -0.00244965 -0.00178798 -0.0301213 -0.00309941 0.0141092 -0.00262201 0.00596247 0.00932091 -0.0433536 -0.00277167 0.00207093 -0.00586596 -3.28363e-05 -0.000179759 -0.00204907 -3.3154e-05 -0.00164236 0.0044605 6.31499e-05 -0.000127248 -0.00108669 0.000178458 -7.48385e-06 -0.00301122 0.00452459 0.000215088 7.24227e-05 -0.0045927 -0.000205162 -0.00764598 -0.000711727 -4.10604e-05 -0.00298481 0.0275269 -0.0121738 -0.000776671 -3.93653e-06 0.00589731 -1.45575e-05 -0.000326363 -0.00105883 -1.60256e-07 -0.00317379 -3.10679e-05 -0.0334364 -0.000933199 -0.00335873 -5.88922e-06 -1.23896e-06 0.00330777 -0.000655944 0.00614935 -3.18471e-06 -0.000493174 -0.00326243 -4.22253e-07 -4.7865e-05 -7.89621e-05 0.00857992 -0.00122039 -7.55235e-05 0.00396516 -0.0390417 -4.09547e-05 -1.15454e-06 -5.97534e-05 0.0473395 -0.0015406 -2.84506e-07 -1.60356e-05 0.00142123 -0.00225563 -2.82279e-05 -0.000804623 -0.00375784 -5.7188e-07 -0.00227528 -7.0982e-05 -0.000165245 
-6.35316e-05 -5.71456e-06 5.62261e-07 -1.93927e-06 -3.09942e-07 2.86472e-05 4.61673e-05 3.42856e-06 0.000423029 0.00347024 0.000465654 -0.00222814 3.25406e-06 -3.19209e-06 0.000957968 -0.000295661 -7.45932e-06 -0.000949824 -0.000580187 -1.64238e-05 -0.000929971 -0.000868286 0.000952719 -0.00188745 0.000915966 -0.00141217 -0.00088279 3.09163e-06 -0.00157253 -0.00127763 -0.000895205 0.00016677 0.00124094 -1.88791e-06 1.70995e-05 2.48543e-05 -1.89234e-06 -4.09873e-05 1.59287e-05 1.20602e-05 -1.12296e-06 -6.15511e-05 1.6114e-05 -4.13825e-07 -0.000953072 -9.7068e-05 -8.81747e-07 5.43956e-07 -6.10081e-05 5.91456e-06 0.00157552 0.00108251 5.04971e-06 0.000951164 -0.000153715 -0.000262782 -3.77628e-05 -2.47898e-07 -0.000849228 -8.30904e-07 9.04212e-05 -4.92955e-05 -9.14702e-09 0.000902618 -1.23258e-06 -0.00153601 -3.69212e-05 -0.000136835 2.17192e-07 2.89385e-05 0.00117986 0.00105806 -3.80031e-05 -3.00876e-07 3.467e-05 0.00094497 -1.44344e-07 1.37799e-06 3.39305e-06 -5.00143e-05 -3.96854e-05 -2.75735e-06 0.000789959 -0.00136988 -1.97092e-06 -6.5898e-08 0.000251981 0.000818096 0.000680681 6.10573e-06 2.48645e-06 -0.000980353 0.00078269 -3.6801e-06 -4.03124e-05 -0.000321859 -3.26414e-08 0.00093244 0.000127016 -8.94154e-06 
-0.00106333 -3.72555e-05 8.04008e-07 -1.06002e-05 6.06679e-05 -0.000281291 0.0048241 7.7794e-06 0.0525683 0.000465654 0.055198 -0.0504515 8.83129e-05 -0.00015983 -0.00244479 0.0411727 -0.000857617 -0.0261425 0.0100377 0.00262569 -0.00307085 -0.00317142 -0.00163286 -0.0296767 -0.00302104 0.0127374 -0.00311553 0.00675141 0.00974492 -0.0418551 -0.00353478 0.00232601 -0.00565661 -2.95053e-05 -0.000161421 -0.00202775 -3.18633e-05 -0.00156679 0.00306486 0.000166468 -0.000122181 -0.000976813 0.000210015 -7.19251e-06 -0.00371001 0.00507326 -3.13355e-06 5.30899e-05 -0.00442611 -0.000183522 -0.00721979 -0.000681109 -3.77986e-05 -0.00285444 0.0254892 -0.0120186 -0.000750578 4.04589e-06 0.00637787 -1.29441e-05 -0.000291983 -0.000999805 -1.54018e-07 -0.00305554 3.36737e-05 -0.0324685 -0.00088262 -0.00442689 3.26338e-06 -1.07166e-06 0.00423743 -0.000622345 0.00660563 5.91372e-05 -0.000490972 -0.00313735 -1.43047e-06 -3.35817e-05 -7.58881e-05 0.00894305 -0.00115392 -7.07901e-05 0.00452317 -0.0375448 -3.93603e-05 -8.82926e-07 -0.000121408 0.0446221 -0.00148182 -1.10667e-06 -1.89274e-05 0.00126172 -0.00225248 -6.92744e-05 -0.000772542 -0.00378079 -5.49617e-07 -0.00234067 -5.37299e-05 -0.00014128 
0.00237112 -0.00172412 -4.64705e-06 6.40897e-05 -3.72793e-05 -0.00105924 -0.0394573 -1.88806e-05 -0.0525476 -0.00222814 -0.0504515 0.112241 -0.000273433 0.000253044 -0.0343607 -0.0701275 -0.00961113 0.0427077 0.0129289 -0.00332135 0.0417961 0.0390133 -0.00307668 0.0331615 -0.0321852 0.00995214 0.0400838 -0.0071778 0.0240125 0.0700446 0.0396191 -0.00238819 0.00612166 -0.000471364 0.000134605 0.00308973 5.59166e-05 0.00254243 -0.00505744 -0.00087001 0.000239884 0.00221918 -0.00040689 -3.31592e-05 0.0304403 -0.0350245 -0.000209517 -0.000104371 0.0061298 -0.00202282 0.00734576 -0.00529989 -0.000584977 -0.0302887 -0.0437972 0.0173453 -0.0110338 -1.35715e-05 0.029452 -3.4118e-05 -0.00133012 0.00221201 -1.93158e-06 -0.0278554 -1.33277e-05 0.0710361 -0.000519001 0.00353901 -6.02734e-05 -3.08737e-05 -0.0403189 -0.00577487 -0.0095185 -5.82748e-05 -0.000757707 -0.0282206 -3.44095e-05 -0.000674104 1.32692e-05 -0.0113908 0.00216303 6.44077e-05 -0.0411302 0.0657101 7.75365e-05 2.43811e-06 -0.000487501 -0.0500477 -0.00119389 -6.00394e-05 -0.000141481 0.00339067 -0.0326712 5.86233e-05 0.00159114 0.00864605 -4.39233e-06 -0.0343756 -3.21162e-05 0.000136187 
2.7477e-06 3.47755e-05 -3.9794e-09 3.9557e-06 2.43415e-06 5.49161e-05 0.000269262 1.39625e-07 8.74196e-05 3.25406e-06 8.83129e-05 -0.000273433 0.000402611 3.71182e-06 0.000240822 0.000168931 0.000101688 -0.000179685 -0.000172515 4.92438e-05 -0.000255105 -0.000267129 2.04471e-06 2.51417e-05 0.000147964 -0.000173926 -0.000265773 1.35864e-06 -0.000213369 -0.000282726 -0.000283128 4.02923e-06 -3.7663e-05 -9.50235e-08 1.91667e-07 -7.74673e-06 4.67797e-07 -2.42396e-06 -8.79503e-08 -5.69762e-08 -4.73374e-07 9.33883e-07 8.46751e-06 6.10393e-06 -0.00023048 0.000245047 -5.31688e-09 4.90006e-06 4.58032e-06 3.70969e-05 -3.05185e-05 4.57812e-06 -1.47732e-07 1.45905e-05 0.000221319 -7.72283e-05 6.80465e-06 -2.86721e-08 -0.000228259 1.49206e-05 -1.78572e-06 2.82073e-06 -1.05795e-09 2.46427e-05 7.95616e-07 -0.000287945 -6.16795e-06 4.08437e-05 1.07845e-05 -2.21525e-08 0.000247406 1.76304e-06 0.000170365 9.68534e-07 2.49828e-05 2.53862e-05 -1.6695e-08 -1.92653e-07 2.94321e-05 4.05126e-05 -1.96769e-06 -2.1191e-07 0.000244837 -0.000251499 -2.70367e-07 -7.62181e-09 9.7013e-07 4.51363e-06 -5.05948e-06 2.26925e-05 -1.35348e-07 -3.5701e-05 0.000215917 8.72347e-06 -8.31808e-07 -3.32817e-05 -3.77533e-09 0.000216327 2.67943e-06 4.97796e-06 
0.00221681 4.90574e-06 -2.75925e-08 0.000174138 7.38101e-07 -7.04e-06 -6.6935e-05 -2.33726e-07 -0.00015604 -3.19209e-06 -0.00015983 0.000253044 3.71182e-06 0.00278496 0.000258115 -0.000681109 -3.34001e-05 -0.00112128 -0.00168197 3.41196e-05 -0.00222576 -0.00224516 0.000165355 -0.00137991 0.00086274 -0.00154153 -0.00194539 2.71866e-05 -0.00200905 -0.00113672 -0.00150942 2.06674e-05 0.000625941 2.68595e-06 -7.51838e-06 -7.89408e-05 1.68691e-05 0.00137717 -1.28165e-05 -1.33838e-06 1.84086e-05 0.00168509 -5.9096e-07 1.80764e-07 -0.00226922 -7.5274e-05 -7.07137e-07 -1.22467e-07 0.00212479 0.000121438 0.00175635 0.000904691 7.77146e-07 1.79946e-05 -0.000107134 -0.00054505 1.14276e-05 6.94526e-07 -0.0021207 8.6503e-06 1.01783e-05 0.00125647 -7.33566e-09 0.00194109 8.34731e-05 -0.000712576 0.000801859 0.00206065 5.85376e-06 -1.53602e-07 -1.47521e-06 2.08045e-05 -1.19156e-05 -2.41295e-07 -8.42819e-06 0.00153144 6.3424e-07 5.899e-06 0.000304462 -2.8642e-05 0.000988413 -3.37705e-06 -2.21631e-05 -0.00179431 0.000283089 1.18005e-05 0.000670575 -0.000162736 0.00114391 1.00328e-06 -9.0848e-07 -0.00232628 -1.52293e-05 -2.22421e-06 0.000306292 -0.000265343 -2.61775e-08 -5.63989e-05 0.000642976 0.000985322 
0.000502055 0.00182816 7.90166e-06 0.000516451 4.66346e-05 0.00465064 0.0343807 -3.2728e-06 -0.00245642 0.000957968 -0.00244479 -0.0343607 0.000240822 0.000258115 0.0430121 0.019955 0.0123546 -0.0200879 -0.0316464 -0.000253032 -0.0406739 -0.0416816 0.00471577 0.0042767 0.0368647 -0.0293594 -0.0414791 -0.000416625 -0.0371247 -0.0324936 -0.0418579 -5.2564e-05 -0.0035645 -2.32948e-05 0.00275405 -0.000439976 -2.32055e-05 0.00335497 -0.000260319 -2.96749e-05 -4.25122e-05 -0.000278261 0.000245072 6.32848e-06 -0.0317903 0.0311057 -1.02145e-05 -6.15625e-06 -0.00200079 0.0028871 0.00195571 0.006493 4.6177e-06 0.0338458 0.0147806 -0.00933327 0.0120812 1.68737e-05 -0.0391428 0.00022018 0.0047999 0.000723808 2.17169e-06 0.0325798 0.000259192 -0.0400707 -0.000618811 -0.000762585 2.52757e-05 -2.47724e-06 0.0361902 0.0101455 0.0031398 -3.89152e-06 -0.000257047 0.0343877 -1.50361e-06 5.4381e-05 0.00109008 -0.000550165 0.0028659 0.00114198 0.0372723 -0.0289774 0.000486999 2.27678e-07 -0.000113693 -0.00268067 0.00695838 5.13793e-05 -1.11322e-05 -0.00911966 0.0393485 -2.90859e-05 0.00162686 -0.00436351 1.08782e-06 0.0412194 0.00087481 0.00133431 
-0.00532505 0.00112837 -2.11641e-06 -0.000158137 2.2788e-05 -0.000549631 0.0277343 -4.3602e-06 0.0428593 -0.000295661 0.0411727 -0.0701275 0.000168931 -0.000681109 0.019955 0.206234 0.0061949 -0.112172 -0.00932315 0.00249204 -0.016076 -0.0198172 -0.00771477 -0.108745 0.0156047 0.0576194 -0.0197601 0.00449171 0.014237 -0.0330989 -0.0202422 0.00229095 -0.026514 -0.000155611 -0.000722676 -0.00850442 -0.000158008 -0.00708148 0.00407122 -0.000173645 -0.000544666 -0.00512862 -3.03944e-05 -3.56702e-05 -0.0131446 0.0276802 0.000170736 9.07509e-05 -0.0212502 -2.92828e-05 -0.0337862 -0.00338785 -0.000189423 0.0155454 0.0357692 -0.0470516 0.00623742 -1.89843e-05 -0.00565001 -2.94686e-05 -0.00111566 -0.00502258 1.50617e-06 0.0117839 -0.000124073 -0.0501273 -0.00444506 -0.0181403 -2.09564e-05 -1.20039e-05 0.0266992 -0.00241194 0.00773616 -2.27349e-05 -0.00232492 0.0120928 -8.76023e-06 -0.000227755 -0.000360806 0.0076627 -0.00550785 -0.000359157 0.0259368 -0.020213 -0.000187592 -4.4762e-06 -0.000181514 0.0391101 -0.00416481 -6.42478e-06 2.17737e-05 0.00619566 0.0189273 -9.41858e-05 -0.00381314 0.00945969 -2.57574e-06 0.0204157 -0.000502106 -0.000733814 
-0.000281475 7.68773e-05 7.02795e-07 -8.86079e-06 -6.42834e-07 0.00204156 0.0098822 -1.08162e-06 -0.000822362 -7.45932e-06 -0.000857617 -0.00961113 0.000101688 -3.34001e-05 0.0123546 0.0061949 0.0156582 -0.00649808 -0.0108385 -8.95235e-05 -0.0122147 -0.0122153 0.00214607 -0.000421819 0.00955216 -0.0103302 -0.0120792 1.28665e-06 -0.0130919 -0.00891396 -0.0122046 -1.30477e-05 0.000680078 1.10739e-05 0.00117235 0.000552441 1.4697e-05 0.00180375 -9.05115e-05 0.000127632 6.20122e-06 -0.000276551 6.77466e-05 5.78826e-06 -0.0028389 0.00973115 -4.02882e-06 -2.23603e-06 -0.000545981 2.65412e-05 0.00309033 0.000250873 1.92483e-05 0.00714326 0.00463219 -0.0015358 0.000251405 -8.39346e-07 -0.0119599 6.67768e-05 0.00196419 -0.00026086 1.68206e-07 0.00534375 -7.89577e-06 -0.0116158 0.000121134 -0.00107706 4.12308e-05 1.48482e-05 0.0104446 0.00219358 0.00316362 -9.61411e-07 4.54513e-05 0.00568354 1.44005e-05 3.29204e-05 -1.56662e-05 -0.000151971 0.00103251 0.000187691 0.0102589 -0.0101803 -4.9874e-06 -3.01097e-07 1.89002e-05 -0.000958427 0.00271364 4.21717e-07 -3.84687e-06 -0.0027425 0.0123794 -1.44753e-05 0.000469519 -0.00152955 1.67419e-06 0.0123626 -1.66245e-05 0.000218301 
-0.00824008 -0.000867621 -4.41092e-06 -0.00024862 -3.96555e-05 -0.0022388 -0.0198162 -1.35367e-05 -0.0271017 -0.000949824 -0.0261425 0.0427077 -0.000179685 -0.00112128 -0.0200879 -0.112172 -0.00649808 0.247132 0.0756908 -0.00224466 0.034917 0.03097 -0.012948 0.0795456 -0.0251725 -0.0583678 0.0296348 -0.00371623 0.032191 0.00918249 0.0311041 -0.00148968 0.0103334 -0.000242035 -0.00132071 -0.00952846 -0.000237594 -0.0117981 -0.00259902 -0.000503601 -0.000916616 -0.00796981 -0.0007696 -5.43896e-05 0.0259768 -0.0180121 -0.000112979 -5.89495e-05 -0.0261514 -0.00155663 -0.0228441 -0.00520791 -0.000300419 -0.0153815 -0.0226689 -0.00962372 -0.00565412 -3.17812e-05 0.0399167 -0.000105694 -0.00259431 -0.00775712 -1.17267e-06 -0.023286 -0.000219768 0.0389646 -0.0065834 -0.0257327 -4.26876e-05 -1.8768e-05 -0.0262333 -0.00479817 -0.00490543 -2.96532e-05 -0.00348327 -0.0238699 -1.85053e-05 -0.000350251 -0.000573114 -0.00447122 -0.00893302 -0.000552442 -0.0211518 0.0454129 -0.000234932 -3.84831e-06 -0.000652249 -0.0255731 -0.0112063 -4.15719e-05 -0.000145318 0.0130331 -0.0185005 -0.000423216 -0.00588572 -0.0437638 -2.79805e-06 -0.0193311 -0.000834411 -0.00119763 
-0.0129494 -0.00132961 -5.86364e-06 -0.000382663 -5.5388e-05 -0.00351292 -0.0305223 2.19329e-05 0.010806 -0.000580187 0.0100377 0.0129289 -0.000172515 -0.00168197 -0.0316464 -0.00932315 -0.0108385 0.0756908 0.208873 0.00114277 0.0441686 0.0494939 -0.00347552 -0.0420555 -0.0372591 0.0184221 0.0481263 -0.00511606 0.0662454 -0.00983767 0.0485274 0.00192232 -0.0295563 -0.000380856 -0.00207783 0.00592971 -0.000243978 -0.0184567 0.00154391 -0.000604008 0.000190168 -0.0123224 -0.000124379 1.04492e-05 0.0430813 -0.0280399 6.42494e-05 -1.06774e-05 -0.00589975 -0.00217777 -0.0263386 -0.00817304 -0.00047211 -0.0280211 -0.00927207 -0.0782866 -0.00893345 -4.35265e-05 0.0394544 -0.000166113 -0.00407791 -0.0121779 -1.50935e-06 -0.0366438 -0.000137584 0.029136 -0.00364345 -0.00554234 -5.91787e-05 -1.21305e-05 -0.0373544 -0.00753055 -0.00759071 1.6365e-05 0.00127097 -0.0375805 -7.42761e-06 -0.000549513 -0.000832304 -0.00328056 -0.0139928 -0.000869964 -0.033156 0.0599693 -0.000408542 -1.32926e-05 -0.00126546 0.0176991 -0.0173705 -6.33955e-05 -0.000199171 0.0197719 -0.0291155 -0.000658873 -0.0092666 -0.0572243 -5.75519e-08 -0.030407 -0.00127243 -0.00189384 
-5.97662e-05 4.91881e-05 -5.55906e-08 1.116e-05 -5.00785e-07 -2.8226e-05 -0.000185586 -4.67555e-07 0.00260421 -1.64238e-05 0.00262569 -0.00332135 4.92438e-05 3.41196e-05 -0.000253032 0.00249204 -8.95235e-05 -0.00224466 0.00114277 0.00559492 0.00037106 0.00023768 -0.000156712 -0.00265859 -5.28466e-05 0.00187339 0.000382822 7.76019e-05 0.000915239 -0.00156274 0.000118425 0.000390674 -0.000451669 -2.05703e-06 -3.5666e-06 -0.000188758 -2.22086e-06 -0.000127765 3.23803e-05 -6.12701e-06 -1.10084e-05 3.80709e-05 0.000458081 -5.73509e-07 0.00028227 -0.000226364 1.35533e-06 4.99296e-07 -0.000407492 -1.96938e-05 -0.000666247 -4.96535e-05 -3.78667e-06 -0.000233215 -0.000181235 -0.000864373 -6.88013e-05 5.7928e-06 0.000549851 -1.29919e-06 -3.19622e-05 -9.69671e-05 -1.47792e-08 -0.00027 0.000121132 -0.00260439 -5.86938e-05 -0.000401745 -5.13115e-07 -3.09462e-07 -0.000323979 -6.02958e-05 -5.8251e-05 7.84672e-05 -4.68977e-05 -0.000281678 1.36678e-06 -4.4142e-06 2.8668e-05 0.00108995 -0.000108739 -6.96492e-06 -0.000265887 -0.00279697 -3.30692e-06 9.23353e-06 1.68178e-05 0.000692307 -0.000142296 -5.23929e-07 2.50926e-05 -0.000114365 -0.000232247 -6.647e-06 -6.87072e-05 -6.39703e-05 4.34393e-06 -0.000243925 1.83165e-06 3.33016e-05 
-0.0166833 -0.00174366 -7.65857e-06 -0.000500329 -4.68325e-05 -0.00453643 -0.0389233 -3.11006e-05 -0.00469342 -0.000929971 -0.00307085 0.0417961 -0.000255105 -0.00222576 -0.0406739 -0.016076 -0.0122147 0.034917 0.0441686 0.00037106 0.0864795 0.0622464 -0.0174728 0.0177185 -0.0489418 0.0556374 0.0612465 -0.00543257 0.0671337 0.0464139 0.0612363 0.000223919 -0.0045793 -0.000489169 -0.00267128 -0.0102147 -0.000433234 -0.0216432 -0.00255126 -0.000856833 -0.000110361 -0.0156576 -0.000301773 -0.000100237 0.0524805 -0.0349429 -0.000196558 -2.48187e-05 -0.0257885 -0.00278295 -0.0334148 -0.0105496 -0.000605296 -0.0317097 -0.0225971 0.0179734 -0.011431 -5.34762e-05 0.0697284 -0.000197024 -0.00525769 -0.0157058 -2.1855e-06 -0.0471711 -0.000249975 0.0461335 -0.00914056 -0.0331829 -6.26165e-05 -1.73107e-05 -0.040542 -0.00971647 -0.00829465 8.06853e-06 -0.00346531 -0.0483896 -3.59397e-05 -0.000706704 -0.00107976 -0.00478242 -0.0179459 -0.00111946 -0.0412444 0.0523974 -0.000504262 -1.24205e-05 -0.000714392 -0.00153672 -0.0217512 -6.23459e-05 2.10066e-05 0.02614 -0.037457 6.87319e-05 -0.0119267 0.0090795 -2.80036e-06 -0.0392098 -0.0016943 -0.00227275 
-0.0171175 -0.00184801 -7.63291e-06 -0.0005137 -7.90402e-05 -0.00465408 -0.0404488 4.57594e-06 -0.00244965 -0.000868286 -0.00317142 0.0390133 -0.000267129 -0.00224516 -0.0416816 -0.0198172 -0.0122153 0.03097 0.0494939 0.00023768 0.0622464 0.0670232 -0.00743748 0.00495627 -0.0502204 0.0465043 0.0643543 -0.00732793 0.0513487 0.0491727 0.0645041 0.000103215 0.00451815 -0.000502815 -0.00274844 0.000829294 -0.000356043 -0.0188926 0.000384755 -0.000873801 7.45977e-05 -0.0162368 -0.000392252 -2.25752e-05 0.0556363 -0.0372867 1.62519e-05 2.71552e-06 -0.014244 -0.00277661 -0.0173167 -0.0107855 -0.000623138 -0.0325542 -0.0207032 0.0145593 -0.0117294 -6.2404e-05 0.0548542 -0.000219526 -0.0053854 -0.0161163 -2.10024e-06 -0.0483187 -0.000344954 0.0464982 -0.000432636 -0.0156634 -7.65467e-05 3.94332e-06 -0.0426749 -0.00992279 -0.0101603 -7.35449e-05 -0.000574188 -0.0495792 2.56444e-06 -0.000726631 -0.00113252 -0.00631745 -0.0184402 -0.0011484 -0.0439041 0.0450699 -0.00056027 -1.67429e-05 -0.000824668 0.00423597 -0.0223 -8.31831e-05 9.10957e-06 0.0264778 -0.0383785 -8.7948e-05 -0.0122353 0.00700894 -2.83285e-06 -0.0400894 -0.00169096 -0.00215344 
0.00188134 -4.42801e-05 5.62684e-06 -1.63361e-05 -2.4809e-06 0.00313469 -0.00105916 2.38216e-05 -0.00178798 0.000952719 -0.00163286 -0.00307668 2.04471e-06 0.000165355 0.00471577 -0.00771477 0.00214607 -0.012948 -0.00347552 -0.000156712 -0.0174728 -0.00743748 0.0284743 -0.0178305 0.00380846 -0.018158 -0.00710956 0.00057434 -0.0241391 -0.00550764 -0.00733422 -0.000114124 0.00807728 0.00052296 0.00230642 0.0093501 8.24026e-05 0.00667845 -0.000123272 0.000896825 0.00150191 0.00194234 4.8328e-05 6.9385e-05 -0.00660873 -0.00116068 -5.80768e-06 -2.02243e-06 0.0187862 -9.44694e-05 0.0255913 0.00339787 0.000646408 0.00139001 -0.00146643 -0.00583943 -0.000369594 3.33318e-05 -0.0254844 3.87506e-05 0.00422728 0.00167723 -7.70529e-08 0.00458383 -1.23251e-05 -0.00391834 0.00846002 0.020487 5.28651e-05 1.43999e-05 0.00232834 0.00554614 -0.00026674 3.9388e-06 0.0049388 0.0053168 3.01241e-05 0.000673449 1.95076e-05 -0.000475076 0.00444592 0.000766068 0.00213435 -0.0164781 -7.3114e-06 -9.84464e-08 -4.8197e-05 -0.000542384 0.00698259 4.26384e-05 -9.27681e-07 -0.00861011 0.00474643 -1.51704e-05 0.00149781 -0.00276554 4.91701e-07 0.00467293 0.000240525 0.000179126 
-0.0113721 0.000487555 -6.01045e-06 -0.000345506 -5.19659e-05 -0.00168164 0.00833411 -2.67132e-05 -0.0301213 -0.00188745 -0.0296767 0.0331615 2.51417e-05 -0.00137991 0.0042767 -0.108745 -0.000421819 0.0795456 -0.0420555 -0.00265859 0.0177185 0.00495627 -0.0178305 0.234907 -0.00252298 -0.0234096 0.00347779 0.00206909 0.0281775 0.00267463 0.00426268 -0.00391692 -0.0100466 -0.000330719 -0.00161756 -0.0140791 -0.000322822 -0.0164994 -0.00361125 -0.000583067 -0.0011218 -0.0111473 -0.000497021 -7.33978e-05 0.00412307 0.00928361 -0.000151068 -8.64794e-05 -0.0438176 0.000535983 -0.0425773 -0.00341662 -0.000408027 0.00877244 -0.00827033 0.0622968 0.00457839 -3.83021e-05 0.0407908 -8.42913e-05 -0.00293889 -0.0106294 -1.52936e-06 -0.00609344 -0.000297619 0.0151185 -0.00939262 -0.0516795 -3.68719e-05 -2.94269e-05 0.00393243 -0.00222888 0.00326905 -4.54511e-05 -0.00495881 -0.00620538 -2.58172e-05 -0.000401928 -0.000523704 0.00113483 -0.0121754 -0.000578951 0.00921714 -0.00119401 -0.000393215 -8.28311e-06 -0.00148544 -0.035233 -0.0146161 -5.73646e-05 -4.04993e-06 0.0153837 0.004378 -0.000736017 -0.00795123 -0.00284393 -2.90153e-06 0.00513385 -0.00115295 -0.00121094 
0.0143587 0.00176738 4.34472e-06 -2.5744e-05 -4.2123e-06 0.00123998 0.0323119 -3.42139e-06 -0.00309941 0.000915966 -0.00302104 -0.0321852 0.000147964 0.00086274 0.0368647 0.0156047 0.00955216 -0.0251725 -0.0372591 -5.28466e-05 -0.0489418 -0.0502204 0.00380846 -0.00252298 0.0545378 -0.0342704 -0.0500122 -0.000266175 -0.0442572 -0.0417861 -0.0505425 0.000306846 -0.00478922 -2.24535e-05 -2.42685e-05 -0.00199198 0.000126976 0.0136768 -0.000315236 -1.43316e-05 -0.000120569 0.0143716 0.000921941 -5.56084e-06 -0.0416703 0.0291218 -1.38977e-05 -7.77512e-06 0.0106256 0.00240814 0.0116621 0.00924422 1.82176e-05 0.0325021 0.0129454 -0.0109204 0.0116538 3.54458e-05 -0.0469886 7.55975e-05 0.00154558 0.0144033 1.29128e-06 0.0458476 6.80291e-05 -0.034338 -0.000820563 0.0118244 6.34218e-06 -2.33389e-06 0.0339792 0.00662269 0.00194817 7.17851e-05 -0.000434267 0.0468735 -2.33283e-06 6.87113e-05 0.000273519 -0.000933406 0.0143836 -5.5845e-05 0.0352078 -0.036992 -3.6142e-05 -8.68784e-07 -0.000151757 -0.00282775 0.0180177 -4.90375e-06 -2.50964e-06 -0.0196714 0.0342584 -6.56269e-05 0.00894075 -0.00558632 4.75405e-06 0.0360469 0.000158772 0.000227605 
-0.0120421 -0.00126739 -5.92473e-06 -0.000360359 -5.45336e-05 -0.00327224 -0.0289169 -1.28244e-05 0.0141092 -0.00141217 0.0127374 0.00995214 -0.000173926 -0.00154153 -0.0293594 0.0576194 -0.0103302 -0.0583678 0.0184221 0.00187339 0.0556374 0.0465043 -0.018158 -0.0234096 -0.0342704 0.226805 0.0440925 -0.0049254 0.10408 -0.0208688 0.0453353 0.0021731 -0.0521567 -0.000353481 -0.00195236 -0.0112951 -0.000353374 -0.0174253 0.00174297 -0.000673692 -0.00111308 -0.0115903 0.000200099 -7.985e-05 0.0405498 -0.0262094 8.22053e-05 -1.49113e-06 -0.0470804 -0.00227548 -0.0774314 -0.0076094 -0.000438526 -0.0201502 -0.00695801 0.0283246 -0.00823579 -4.32051e-05 0.0707251 -0.000154198 -0.00379191 -0.0113352 -1.37671e-06 -0.0340225 -0.000134456 0.0215847 -0.0099694 -0.0495766 -6.29644e-05 -2.93432e-05 -0.0305047 -0.00700819 -0.00715767 -5.0421e-06 -0.00527777 -0.034889 -2.55579e-05 -0.000511747 -0.00078674 -0.00184252 -0.0130339 -0.000807457 -0.030916 -0.00429913 -0.000437795 -1.2177e-05 -0.00152115 0.0179644 -0.0153727 -5.82767e-05 0.000104434 0.0187307 -0.0270193 -0.000573392 -0.00860253 0.0337599 8.82436e-07 -0.0282211 -0.00119811 -0.00177511 
-0.0166585 -0.00177559 -7.61378e-06 -0.000444195 -7.82412e-05 -0.00455238 -0.0401963 4.64133e-06 -0.00262201 -0.00088279 -0.00311553 0.0400838 -0.000265773 -0.00194539 -0.0414791 -0.0197601 -0.0120792 0.0296348 0.0481263 0.000382822 0.0612465 0.0643543 -0.00710956 0.00347779 -0.0500122 0.0440925 0.0686761 -0.00728962 0.0495227 0.0512241 0.0641882 0.000327019 0.00587878 -0.000501685 -0.00272428 0.00145951 -0.000340348 -0.0182835 0.000185162 -0.000899152 0.0001018 -0.0157754 -0.000156208 -1.01277e-05 0.0547388 -0.0372892 1.39023e-05 -3.9789e-05 -0.0128474 -0.00268111 -0.0157347 -0.010782 -0.000621691 -0.033085 -0.0210539 0.0116603 -0.0117045 -5.52661e-05 0.0530836 -0.000214917 -0.00532128 -0.0160086 -2.43182e-06 -0.0479807 -0.000183912 0.0458234 0.000322691 -0.0142508 -7.67065e-05 4.06649e-06 -0.0428794 -0.00983808 -0.0101473 6.40903e-06 -0.000256994 -0.0495076 2.71137e-06 -0.000725965 -0.00102344 -0.00753277 -0.0183463 -0.00113978 -0.0438677 0.0453599 -0.000499907 -1.28263e-05 -0.000217652 0.0038858 -0.02223 -7.59694e-05 1.9067e-05 0.0256552 -0.038246 4.03264e-05 -0.0122054 0.00691604 -1.0947e-06 -0.0400014 -0.00133937 -0.00150551 
-0.000165657 2.61759e-05 -9.49643e-08 -5.35263e-06 3.08879e-05 5.30155e-05 0.00640597 -8.04409e-07 0.00596247 3.09163e-06 0.00675141 -0.0071778 1.35864e-06 2.71866e-05 -0.000416625 0.00449171 1.28665e-06 -0.00371623 -0.00511606 7.76019e-05 -0.00543257 -0.00732793 0.00057434 0.00206909 -0.000266175 -0.0049254 -0.00728962 0.00951938 0.000832707 -0.00686741 -0.00743782 8.54581e-05 -0.000924477 0.000528882 -1.64656e-05 -0.000216269 5.36357e-06 -0.000254942 -5.61905e-05 0.000921562 -1.939e-05 -8.24096e-05 0.000193786 5.30765e-06 -0.00723544 0.00670932 -2.2104e-06 -1.35074e-06 0.000183219 -3.30825e-05 -0.000160123 0.000524091 0.000623435 -0.000432029 0.00665178 -0.00188536 -0.000119573 1.80358e-05 0.00019016 -2.2934e-06 9.76748e-05 -0.00016378 -2.52469e-08 0.000168987 7.69631e-05 -0.00731064 6.65683e-05 -0.000170723 5.09222e-05 -5.15314e-07 0.00768553 -6.77279e-05 0.00705152 7.53929e-05 0.00062002 -0.000107712 -3.31741e-07 0.000661536 -1.15297e-05 0.00712839 -0.000185011 -9.80136e-06 0.00735172 -0.00589488 -6.45203e-06 -1.81887e-07 -2.56109e-05 -0.000488197 -0.000203559 2.0565e-05 -3.22994e-06 -0.000577704 -0.000238559 -1.0272e-05 -0.000122881 -0.000948902 7.49906e-07 -0.000398398 3.54626e-05 -2.62991e-05 
-0.015233 -0.00158178 -8.15242e-06 -0.000456659 -3.18439e-05 -0.00413921 -0.0312287 -2.87496e-05 0.00932091 -0.00157253 0.00974492 0.0240125 -0.000213369 -0.00200905 -0.0371247 0.014237 -0.0130919 0.032191 0.0662454 0.000915239 0.0671337 0.0513487 -0.0241391 0.0281775 -0.0442572 0.10408 0.0495227 0.000832707 0.144281 0.0193183 0.0499669 0.000989012 -0.0572627 -0.000445528 -0.0024588 -0.0181708 -0.000447369 -0.022372 -0.000240899 -0.000698029 -0.00163653 -0.0146954 -0.000100095 -0.000101118 0.0439159 -0.0258667 -0.000156126 -1.41275e-05 -0.0612345 -0.00286089 -0.093929 -0.0096257 -0.000552592 -0.0287851 -0.00934293 -0.00915988 -0.0104344 -4.99592e-05 0.0960367 -0.000195475 -0.00476879 -0.0143389 -1.83071e-06 -0.0430511 -0.00019903 0.0314324 -0.0126315 -0.0673306 -7.91684e-05 -3.56129e-05 -0.0325766 -0.00886561 -0.00178791 9.03424e-06 -0.00699363 -0.0441483 -3.35455e-05 -0.000647261 -0.00100852 0.0026817 -0.0165007 -0.00102141 -0.0317771 0.0524398 -0.000553329 -1.56145e-05 -0.00213467 0.0065914 -0.019807 -7.49746e-05 1.01853e-05 0.0236858 -0.034173 -0.000973145 -0.0108821 0.0127617 -7.37681e-07 -0.035732 -0.0015358 -0.00225079 
-0.0120511 -0.00145355 -5.61262e-06 -0.000398036 -6.27972e-05 -0.00360768 -0.0316905 -5.22875e-05 -0.0433536 -0.00127763 -0.0418551 0.0700446 -0.000282726 -0.00113672 -0.0324936 -0.0330989 -0.00891396 0.00918249 -0.00983767 -0.00156274 0.0464139 0.0491727 -0.00550764 0.00267463 -0.0417861 -0.0208688 0.0512241 -0.00686741 0.0193183 0.200148 0.0501085 -0.00494364 0.0218504 -0.000392031 -0.00211147 -0.00494426 -0.000281686 -0.0119342 -0.00363197 -0.000815808 -0.000730127 -0.0114662 -0.00109436 1.97474e-05 0.0412681 -0.0292203 -0.000162356 -6.01851e-05 -0.00148073 -0.00207732 0.0048338 -0.00836366 -0.000485818 -0.0300391 -0.0360324 0.00270641 -0.00916224 -4.70408e-05 0.0329166 -0.000171786 -0.00387962 -0.012187 -1.8998e-06 -0.0369442 -0.000365545 0.0604848 0.00384964 -0.00331443 -5.92153e-05 3.60657e-06 -0.0328502 -0.00774898 -0.00792249 -5.49943e-05 0.000672478 -0.0382392 7.37361e-06 -0.000567215 -0.000891493 -0.0101023 -0.013927 -0.000885933 -0.0342911 0.078348 -0.000370374 -8.99343e-06 0.000529814 -0.0380511 -0.01713 -5.90089e-05 5.74308e-05 0.0193878 -0.0299457 0.000221513 -0.00912613 0.0242871 -5.64949e-06 -0.0313286 -0.000898438 -0.00076244 
-0.0162779 -0.00185503 -7.65529e-06 -0.000515397 -7.87884e-05 -0.00466544 -0.0403047 1.88976e-06 -0.00277167 -0.000895205 -0.00353478 0.0396191 -0.000283128 -0.00150942 -0.0418579 -0.0202422 -0.0122046 0.0311041 0.0485274 0.000118425 0.0612363 0.0645041 -0.00733422 0.00426268 -0.0505425 0.0453353 0.0641882 -0.00743782 0.0499669 0.0501085 0.0650808 2.02261e-05 0.00589488 -0.000503963 -0.00275484 0.00119797 -0.00034056 -0.0179873 0.000389383 -0.000934413 8.44482e-05 -0.0156017 -0.000532236 -1.60396e-05 0.054637 -0.0374255 1.56686e-05 -2.26894e-05 -0.0127633 -0.00279185 -0.0160238 -0.0108089 -0.000624622 -0.0328151 -0.0208702 0.0144898 -0.0117663 -6.13185e-05 0.0533666 -0.000220066 -0.00535662 -0.0161089 -2.10619e-06 -0.0479093 -0.000352101 0.0462461 0.000684657 -0.0140498 -7.70053e-05 3.83544e-06 -0.0429554 -0.00998697 -0.0101963 -7.28339e-05 -0.000290031 -0.049709 2.10724e-06 -0.000729261 -0.00114458 -0.00638012 -0.0184131 -0.00115121 -0.0441015 0.0450124 -0.000493683 -1.29058e-05 0.000127134 0.00404875 -0.0223641 -8.37239e-05 8.40863e-06 0.0256269 -0.038543 3.88962e-05 -0.0122378 0.00681257 -3.49408e-06 -0.040263 -0.0012637 -0.0013266 
-0.000135825 6.02311e-05 -7.39358e-08 1.12993e-05 -1.96046e-07 8.76602e-06 -0.000170642 7.37159e-08 0.00207093 0.00016677 0.00232601 -0.00238819 4.02923e-06 2.06674e-05 -5.2564e-05 0.00229095 -1.30477e-05 -0.00148968 0.00192232 0.000390674 0.000223919 0.000103215 -0.000114124 -0.00391692 0.000306846 0.0021731 0.000327019 8.54581e-05 0.000989012 -0.00494364 2.02261e-05 0.00742738 -0.000523309 -3.92699e-06 -9.68706e-06 2.61991e-05 9.70148e-07 -0.000198319 -5.47914e-07 -3.53238e-06 -7.88764e-06 -4.69658e-05 0.000699699 -1.5127e-07 0.000366536 -0.000107465 5.55183e-07 4.83606e-08 -0.000547376 1.00138e-05 -0.000783118 -2.91672e-05 -4.57629e-06 0.00017265 -0.000254061 -0.00139938 -8.3907e-05 6.35395e-06 0.000503202 -1.01556e-06 -2.62506e-05 -0.000121951 -1.96563e-08 -0.00018353 0.000229147 -0.00297054 -0.000113358 -0.000609787 -2.34573e-09 6.14175e-06 -0.000187648 3.19281e-05 -8.17001e-05 7.63868e-05 -5.80193e-05 -0.000163205 1.33315e-06 -5.87091e-06 3.01349e-05 -8.49573e-05 -0.000144471 -8.98338e-06 -0.000202973 -0.00192516 -5.02332e-06 2.65056e-07 -1.80364e-05 0.00220594 -0.000135315 -6.96827e-07 1.14753e-05 -0.00016018 -3.66317e-05 -3.59717e-06 -9.86914e-05 -0.000680793 5.69652e-06 -7.83673e-05 -1.02893e-05 3.17745e-05 
-0.00080274 -0.000161001 -7.16092e-08 -5.20017e-05 -7.75587e-06 -0.000480166 -0.00234904 -3.52232e-06 -0.00586596 0.00124094 -0.00565661 0.00612166 -3.7663e-05 0.000625941 -0.0035645 -0.026514 0.000680078 0.0103334 -0.0295563 -0.000451669 -0.0045793 0.00451815 0.00807728 -0.0100466 -0.00478922 -0.0521567 0.00587878 -0.000924477 -0.0572627 0.0218504 0.00589488 -0.000523309 0.0873121 -5.13827e-05 -0.000260199 0.00380073 -4.01582e-06 0.00421516 -0.000459644 -0.000109454 0.000726364 -0.000739702 -0.000168766 -8.62591e-06 0.00192747 -0.0037744 -1.88265e-05 6.50532e-07 0.0172369 -0.000246283 0.0444863 -0.000361623 -6.47979e-05 -0.00230057 -0.00487052 0.025759 -0.00114763 -6.09382e-06 -0.0177837 -2.24687e-05 -0.000524115 -0.00158239 -2.53878e-07 -0.00358268 -4.90161e-05 0.00642082 0.0123625 0.0203195 -4.6997e-06 4.20807e-05 -0.00399432 -0.000354086 -0.0010288 -1.43425e-06 -0.000152176 -0.00427937 2.77937e-05 -7.54477e-05 -0.000100358 -0.0015665 -0.00176845 -0.000119498 -0.0038852 -0.0140545 6.1283e-05 9.57765e-06 0.00226746 -0.00410547 -0.00239274 -7.66344e-06 -2.29631e-06 0.00122508 -0.00331061 0.000543525 -0.00126533 -0.00538532 -9.05971e-07 -0.00347487 0.000296761 0.000989788 
