2.52666e-06 -4.1562e-10 -4.46378e-13 -5.65552e-11 -1.94132e-11 -3.29132e-10 2.38991e-06 0 0 -3.70578e-13 -2.32162e-06 -2.74396e-11 -8.98651e-12 -2.01693e-09 -3.75875e-10 -1.54674e-10 5.01759e-07 4.37366e-10 1.59731e-07 3.40772e-10 2.17175e-06 -1.16259e-09 2.37144e-06 -6.63979e-09 -2.33997e-06 1.11416e-06 -6.40089e-13 2.43531e-06 0 -4.24564e-11 -2.73722e-12 -4.37113e-12 -1.04139e-08 -6.08772e-08 -1.36285e-08 -4.06088e-08 -5.63489e-10 -7.58093e-10 -3.18999e-09 1.59934e-07 -4.46623e-08 -1.96794e-10 7.60027e-07 -1.53658e-07 -1.08268e-10 -1.12868e-09 1.55558e-11 -5.82793e-10 -6.31498e-11 -4.12891e-10 -3.23061e-08 -2.26363e-06 -1.50842e-11 -2.0568e-06 -9.90874e-11 -6.27907e-08 -1.70031e-08 -2.75011e-10 -3.35962e-10 -3.05221e-11 -2.20325e-11 -6.9544e-10 -2.00483e-10 -6.64387e-10 -5.88558e-07 -9.24869e-10 3.48837e-07 -7.07467e-13 -2.38685e-06 -1.50359e-08 -2.26636e-06 -1.23133e-11 -1.12549e-09 1.11193e-07 -3.73104e-11 -2.1982e-12 -2.39416e-06 4.17669e-07 -1.26359e-10 -1.47086e-08 -1.169e-11 -1.26986e-08 -4.26164e-11 -2.51824e-12 0 0 -8.57061e-09 -1.11803e-09 -8.04996e-11 -1.17911e-13 -3.52554e-11 -2.10556e-12 1.45344e-09 -1.85036e-11 -2.72821e-10 0 -1.12891e-10 -1.61131e-09 1.59306e-06 6.73765e-08 
-4.1562e-10 0.000164466 -2.90605e-11 -3.68191e-09 -1.26386e-09 -2.14274e-08 -8.56973e-06 0 0 -2.41257e-11 -3.05407e-05 -1.7864e-09 -5.85048e-10 -1.31308e-07 -2.44706e-08 -1.00697e-08 -4.06373e-05 -1.36882e-05 -1.62077e-05 -1.61148e-07 -2.15264e-05 -7.56878e-08 -8.87265e-06 -1.58936e-07 6.81782e-06 -4.63315e-05 -4.16716e-11 -5.8779e-06 0 -2.76404e-09 -1.78201e-10 -2.84573e-10 -6.61309e-07 -3.76662e-06 -2.57253e-07 1.54796e-05 -3.66848e-08 -4.9354e-08 1.38989e-07 -2.39142e-06 1.5209e-05 -1.28118e-08 3.07933e-05 1.24097e-05 -7.04854e-09 -7.34803e-08 1.01273e-09 -3.79415e-08 -4.11124e-09 -2.68804e-08 -1.34322e-06 8.91755e-06 -9.82025e-10 1.94424e-06 -6.45088e-09 4.85478e-07 -1.10695e-06 1.62096e-07 1.42781e-05 -1.98708e-09 -1.43438e-09 1.13472e-06 -1.3052e-08 1.42501e-05 -3.6149e-05 -6.02117e-08 -5.49499e-06 -4.60581e-11 1.18893e-06 -9.78883e-07 -2.39069e-05 -8.01631e-10 -7.32725e-08 -2.87666e-05 -2.42902e-09 -1.43109e-10 8.55683e-06 -1.51779e-07 -8.22631e-09 1.93591e-05 -7.61056e-10 -7.67177e-08 -2.77445e-09 -1.63945e-10 0 0 9.38695e-07 1.63879e-07 -5.24076e-09 -7.67636e-12 -2.29523e-09 -1.37078e-10 -1.38538e-06 -1.20464e-09 2.78905e-07 0 -7.34956e-09 5.50993e-08 -1.58362e-05 -1.47285e-06 
-4.46378e-13 -2.90605e-11 1.76667e-07 -3.95439e-12 -1.35739e-12 -2.30132e-11 -9.56193e-09 0 0 -2.59111e-14 1.43373e-08 -1.9186e-12 -6.28344e-13 -1.41025e-10 -2.62815e-11 -1.08149e-11 -3.15832e-08 3.0581e-11 -5.54981e-08 2.3827e-11 4.18503e-08 -8.1289e-11 -1.08539e-08 -4.64259e-10 1.3054e-08 6.45698e-08 -4.47556e-14 -6.38807e-09 0 -2.96859e-12 -1.91389e-13 -3.05633e-13 -7.28149e-10 -4.25659e-09 -9.52915e-10 -2.8394e-09 -3.93996e-11 -5.30065e-11 -2.23047e-10 -2.5684e-09 -3.12283e-09 -1.376e-11 -1.35249e-08 -1.07439e-08 -7.57017e-12 -7.89182e-11 1.08768e-12 -4.07493e-11 -4.41549e-12 -2.88697e-11 -2.25887e-09 -4.82752e-08 -1.0547e-12 2.08812e-09 -6.92828e-12 -4.39038e-09 -1.18887e-09 -1.9229e-11 -2.34908e-11 -2.13413e-12 -1.54053e-12 -4.86257e-11 -1.40179e-11 -4.64545e-11 2.17851e-08 -6.46677e-11 -6.37421e-09 -4.94667e-14 9.77588e-09 -1.05133e-09 -7.84661e-08 -8.60956e-13 -7.8695e-11 -3.58005e-08 -2.60878e-12 -1.537e-13 9.26526e-09 -1.63011e-10 -8.8351e-12 -1.02844e-09 -8.17378e-13 -8.87899e-10 -2.97978e-12 -1.76078e-13 0 0 -5.99265e-10 -7.81738e-11 -5.6286e-12 -8.24444e-15 -2.46509e-12 -1.47222e-13 1.01626e-10 -1.29379e-12 -1.90759e-11 0 -7.89347e-12 -1.12664e-10 -1.70332e-08 -1.58185e-09 
-5.65552e-11 -3.68191e-09 -3.95439e-12 2.23828e-05 -1.71979e-10 -2.91573e-09 -1.21148e-06 0 0 -3.28289e-12 -8.60163e-07 -2.43083e-10 -7.96101e-11 -1.78676e-08 5.43337e-07 -1.37023e-09 -1.7925e-05 -1.89459e-07 -1.6735e-05 -2.43648e-07 1.14858e-05 -1.02992e-08 -1.37517e-06 -5.88208e-08 -1.09275e-06 -4.07316e-06 -5.67044e-12 -8.09357e-07 0 -3.76115e-10 -2.42486e-11 -3.87232e-11 -9.22551e-08 -5.19302e-07 2.29593e-06 -2.8308e-07 -4.99186e-09 -6.71582e-09 -2.82596e-08 -3.25411e-07 7.84101e-06 -1.74336e-09 -1.47437e-05 1.6421e-06 -9.59126e-10 1.65667e-06 1.37807e-10 -5.16287e-09 -5.59434e-10 -3.65774e-09 8.63806e-07 -9.50317e-06 -1.33628e-10 2.64561e-07 -8.778e-10 4.73748e-07 1.46937e-06 2.75637e-08 8.03571e-08 -2.70391e-10 -1.95183e-10 -6.16079e-09 -1.77604e-09 -5.8857e-09 1.56803e-05 -8.19327e-09 -7.20934e-07 -6.26733e-12 1.23859e-06 -1.33201e-07 2.10264e-06 -1.09081e-10 1.03363e-07 3.77603e-07 -3.30527e-10 -1.94735e-11 1.17389e-06 -2.06532e-08 -1.11939e-09 -1.30301e-07 -1.0356e-10 6.00838e-07 -3.77532e-10 -2.23087e-11 0 0 1.44074e-07 -9.90448e-09 -7.13133e-10 -1.04456e-12 -3.12322e-10 -1.86528e-11 -3.13791e-07 -1.63921e-10 -2.41688e-09 0 -1.00009e-09 -1.42743e-08 -7.44745e-07 -2.00418e-07 
-1.94132e-11 -1.26386e-09 -1.35739e-12 -1.71979e-10 7.68327e-06 -1.00086e-09 6.70081e-06 0 0 -1.12689e-12 -6.94313e-06 -8.3441e-11 -2.73271e-11 -6.13327e-09 -1.143e-09 -4.70348e-10 1.4558e-06 1.32999e-09 4.15727e-07 1.03625e-09 6.51072e-06 1.26465e-07 2.06796e-06 -2.01909e-08 -6.96227e-06 3.29472e-06 -1.94644e-12 2.70885e-06 0 -1.29106e-10 -8.32361e-12 -1.32922e-11 5.54999e-07 9.21545e-07 -4.14428e-08 -1.23487e-07 -1.71351e-09 -2.30528e-09 -9.70044e-09 2.8583e-06 -1.35814e-07 -5.98429e-10 2.14783e-06 -4.67258e-07 -3.29231e-10 -3.4322e-09 4.73037e-11 -1.77221e-09 -1.92032e-10 -1.25556e-09 -9.82394e-08 -6.74348e-06 -4.58695e-11 -4.18252e-06 -3.01315e-10 -1.07607e-07 -5.17046e-08 -8.3628e-10 -1.02163e-09 -9.28147e-11 -6.69987e-11 -2.11476e-09 -6.09647e-10 -2.02033e-09 2.00807e-06 -2.81243e-09 2.72612e-06 -2.15133e-12 -7.09484e-06 -4.57227e-08 -6.72845e-06 -3.74434e-11 -3.42249e-09 6.43645e-07 -1.13457e-10 -6.6845e-12 -6.34038e-06 -7.08944e-09 -3.84243e-10 -4.47273e-08 -3.55482e-11 -3.86152e-08 -1.29592e-10 -7.65772e-12 0 0 -2.60624e-08 -3.39982e-09 -2.44791e-10 -3.58556e-13 -1.07208e-10 -6.40278e-12 4.41976e-09 -5.62676e-11 -8.29621e-10 0 -3.43291e-10 4.17669e-08 3.38255e-06 -2.129e-09 
-3.29132e-10 -2.14274e-08 -2.30132e-11 -2.91573e-09 -1.00086e-09 0.000130246 -5.80039e-06 0 0 -1.91053e-11 -3.52524e-06 -1.41466e-09 -4.63303e-10 -1.03984e-07 -1.93784e-08 -7.97429e-09 -7.66716e-05 2.25486e-08 -1.5915e-05 1.75686e-08 5.15752e-05 1.13396e-07 7.32367e-06 3.87683e-07 -6.15811e-06 -5.99489e-05 -3.3e-11 -4.71018e-06 0 -2.18886e-09 -1.41119e-10 -2.25356e-10 -5.36893e-07 -3.04188e-06 -7.02622e-07 7.13306e-06 -2.90509e-08 -3.90838e-08 4.72205e-07 9.36289e-06 1.46974e-05 -1.01458e-08 -5.70898e-05 -7.77191e-06 -5.58178e-09 -5.81895e-08 8.01988e-10 -3.00461e-08 3.3411e-08 3.3538e-07 -1.36555e-06 -3.12392e-05 -7.77672e-10 -7.76035e-06 -5.10849e-09 1.45295e-05 -8.76601e-07 -1.41783e-08 -1.73207e-08 -1.57358e-09 -1.1359e-09 -3.58537e-08 6.63307e-08 -3.42527e-08 -1.57964e-06 -4.7682e-08 -2.87329e-06 -3.64737e-11 -1.52152e-05 1.30482e-06 -3.76333e-06 -6.34817e-10 -5.80249e-08 5.44702e-05 -1.92356e-09 -1.13329e-10 -8.39836e-06 -1.20194e-07 1.04349e-06 1.3455e-05 -6.02685e-10 7.2865e-07 -2.19711e-09 -1.29829e-10 0 0 4.24805e-07 -4.30732e-09 -4.15019e-09 -6.07896e-12 -1.81761e-09 -1.08553e-10 -3.2884e-06 -9.53962e-10 2.59346e-08 0 -5.82017e-09 4.35951e-08 1.22774e-05 -1.16636e-06 
2.38991e-06 -8.56973e-06 -9.56193e-09 -1.21148e-06 6.70081e-06 -5.80039e-06 0.0511947 0 0 -7.93821e-09 -0.0366725 -5.87788e-07 -1.92502e-07 -3.5995e-05 -7.42169e-06 5.681e-05 0.00881757 -4.16211e-05 0.00323707 4.45306e-06 0.0333103 0.000389773 0.0345688 -0.000138915 -0.0354054 0.0107466 -1.37114e-08 0.0323755 0 -9.09466e-07 -5.86345e-08 1.34637e-06 0.00257212 -0.00115176 -0.000288985 -0.00067938 -1.20706e-05 -1.62392e-05 -5.699e-05 0.00462958 -0.000593362 7.08778e-05 0.0152999 -0.00327372 4.74114e-07 -2.41776e-05 -1.25678e-06 0.000182109 3.69059e-06 6.84621e-05 -0.000322763 -0.0339303 -3.23121e-07 -0.00526866 1.9841e-06 -0.00130756 -0.000360559 -5.82772e-06 5.39633e-05 2.23951e-06 -4.71962e-07 -1.40271e-05 8.93876e-06 -1.24186e-05 -0.00865037 0.000254282 0.0284618 -1.51548e-08 -0.0350007 0.00114136 -0.0341791 -7.3765e-08 -8.41924e-06 -0.00548822 1.66743e-06 -4.7088e-08 -0.0348564 0.000722636 -2.70675e-06 -2.52654e-05 3.33292e-06 -0.000149636 -9.12894e-07 -5.39437e-08 0 0 -0.000181419 -2.39429e-05 6.14561e-06 4.41409e-08 1.08121e-07 -4.51034e-08 1.78944e-05 -3.96369e-07 -5.84414e-06 0 -1.99827e-06 -3.28594e-05 0.001592 0.00844104 
0 0 0 0 0 0 0 0 0 0 0 0 0 0 0 0 0 0 0 0 0 0 0 0 0 0 0 0 0 0 0 0 0 0 0 0 0 0 0 0 0 0 0 0 0 0 0 0 0 0 0 0 0 0 0 0 0 0 0 0 0 0 0 0 0 0 0 0 0 0 0 0 0 0 0 0 0 0 0 0 0 0 0 0 0 0 0 0 0 0 0 0 0 0 0 0 0 0 0 0 
0 0 0 0 0 0 0 0 0 0 0 0 0 0 0 0 0 0 0 0 0 0 0 0 0 0 0 0 0 0 0 0 0 0 0 0 0 0 0 0 0 0 0 0 0 0 0 0 0 0 0 0 0 0 0 0 0 0 0 0 0 0 0 0 0 0 0 0 0 0 0 0 0 0 0 0 0 0 0 0 0 0 0 0 0 0 0 0 0 0 0 0 0 0 0 0 0 0 0 0 
-3.70578e-13 -2.41257e-11 -2.59111e-14 -3.28289e-12 -1.12689e-12 -1.91053e-11 -7.93821e-09 0 0 1.46667e-07 1.19026e-08 -1.5928e-12 -5.21644e-13 -1.17078e-10 -2.18186e-11 -8.97844e-12 -4.20746e-09 2.5388e-11 -2.40613e-08 -1.13314e-07 -2.06023e-08 -6.74852e-11 -9.01077e-09 -3.85423e-10 1.08373e-08 6.46743e-08 -3.71556e-14 -5.30331e-09 0 -2.46449e-12 -1.58889e-13 -2.53733e-13 -6.04501e-10 -3.53377e-09 -7.91099e-10 -2.35724e-09 -3.27091e-11 -4.40054e-11 -1.85171e-10 -2.13225e-09 3.07408e-08 -1.14234e-11 -1.02549e-07 1.37747e-07 -6.28467e-12 -6.5517e-11 9.02978e-13 -3.38296e-11 -3.66569e-12 -2.39673e-11 -1.87529e-09 1.52684e-08 -8.756e-13 1.73353e-09 -5.75178e-12 -3.64484e-09 -9.86986e-10 -1.59637e-11 -1.95018e-11 -1.77173e-12 -1.27893e-12 -4.03685e-11 -1.16375e-11 -3.8566e-11 -3.72602e-08 -5.36864e-11 -5.2918e-09 -4.10667e-14 8.11583e-09 -8.72799e-10 1.51099e-08 -7.14756e-13 -6.53317e-11 -8.50671e-08 -2.16578e-12 -1.276e-13 7.69191e-09 -1.3533e-10 -7.3348e-12 -8.53798e-10 -6.78578e-13 -7.37124e-10 -2.47378e-12 -1.46178e-13 0 0 -4.97503e-10 -6.4899e-11 -4.6728e-12 -6.84444e-15 -2.04649e-12 -1.22222e-13 8.43685e-11 -1.07409e-12 -1.58366e-11 0 -6.55307e-12 -9.35323e-11 -1.41408e-08 -1.31324e-09 
-2.32162e-06 -3.05407e-05 1.43373e-08 -8.60163e-07 -6.94313e-06 -3.52524e-06 -0.0366725 0 0 1.19026e-08 0.0745683 -5.35331e-07 8.19722e-08 -5.89136e-06 -1.13305e-05 -5.5922e-05 -0.014019 9.42289e-05 0.00110814 1.14047e-05 -0.0501058 -0.000379902 -0.051214 0.000209414 0.0535398 -0.0222592 -2.32774e-07 -0.0331828 0 4.96996e-07 8.79172e-08 -1.29294e-06 -0.00283525 0.00118506 0.000313501 -0.00949505 1.17888e-05 2.36993e-05 5.47964e-05 -0.0128363 -0.00445079 -7.07358e-05 -0.0227503 0.00406765 -1.28254e-06 2.37688e-05 2.27703e-06 -0.000180015 -4.17502e-06 -0.000150152 0.000160956 0.04741 4.84491e-07 0.0106466 -3.85073e-06 -0.00480288 0.000375451 6.15977e-06 -9.84725e-05 -1.10997e-05 1.24332e-07 -3.37198e-05 -8.76068e-06 -2.41971e-05 0.00105956 -0.000336074 -0.0322933 2.27232e-08 0.0457037 -0.00534968 0.049175 3.95492e-07 -0.000186117 -0.0139168 -4.45162e-06 -2.92729e-07 0.0454799 -0.000826742 3.99853e-06 0.000251377 -4.20453e-06 -8.25111e-05 1.3688e-06 8.08838e-08 0 0 -8.2861e-06 2.83136e-05 -2.09378e-05 -4.28795e-08 9.02373e-07 6.76286e-08 3.30035e-05 4.80987e-07 8.71944e-06 0 1.95597e-06 -8.31763e-05 -0.00852289 -0.00821799 
-2.74396e-11 -1.7864e-09 -1.9186e-12 -2.43083e-10 -8.3441e-11 -1.41466e-09 -5.87788e-07 0 0 -1.5928e-12 -5.35331e-07 1.08599e-05 -3.86254e-11 -8.66907e-09 -1.61557e-09 -6.64813e-10 -8.09336e-06 1.87987e-09 -9.56678e-06 1.46469e-09 -1.5255e-06 -4.99698e-09 -6.67206e-07 -2.85388e-08 8.02451e-07 -3.52783e-06 -2.7512e-12 -3.92686e-07 0 -1.82484e-10 -1.1765e-11 -1.87878e-11 7.21906e-07 -2.6166e-07 6.91142e-06 2.38791e-07 -2.42196e-09 -3.2584e-09 -1.37111e-08 -1.57884e-07 3.08803e-06 -8.45849e-10 -6.98329e-06 5.10955e-06 3.26201e-07 -4.85123e-09 6.68614e-11 -2.50493e-09 -2.71428e-10 -1.77467e-09 -1.38856e-07 1.43889e-07 -6.48342e-11 1.2836e-07 -4.25893e-10 -2.69884e-07 -7.30819e-08 4.75485e-07 -1.44402e-09 -1.31189e-10 -9.46992e-11 -2.98911e-09 -8.61705e-10 -2.85564e-09 7.38772e-06 -3.97523e-09 -3.91834e-07 -3.0408e-12 6.0094e-07 -6.46268e-08 1.11882e-06 -5.29244e-11 -4.83751e-09 -6.0455e-06 -1.60366e-10 -9.4482e-12 5.69551e-07 -1.00206e-08 -5.43109e-10 -6.32198e-08 -5.02456e-11 -5.45807e-08 -1.83172e-10 -1.08238e-11 0 0 1.83162e-07 1.05195e-07 1.09654e-07 -5.068e-13 -1.51533e-10 -9.05e-12 6.24711e-09 -7.95314e-11 -1.17263e-09 0 1.59515e-07 -6.92564e-09 5.62938e-07 -9.72392e-08 
-8.98651e-12 -5.85048e-10 -6.28344e-13 -7.96101e-11 -2.73271e-11 -4.63303e-10 -1.92502e-07 0 0 -5.21644e-13 8.19722e-08 -3.86254e-11 3.55665e-06 -2.83913e-09 -5.29102e-10 -2.17727e-10 -2.70703e-06 6.15659e-10 -3.31849e-06 4.79688e-10 1.02706e-06 -1.63652e-09 -7.51778e-08 2.70653e-07 1.1947e-07 -1.76832e-06 -9.01022e-13 -1.28605e-07 0 -5.97639e-11 -3.85306e-12 -6.15303e-12 -1.46592e-08 -8.56939e-08 1.84149e-07 4.2837e-08 -7.93196e-10 1.78933e-07 -4.4904e-09 9.16262e-08 -4.95357e-08 -2.77017e-10 -2.23015e-06 2.17037e-06 -1.52403e-10 -1.58879e-09 2.18972e-11 -8.20369e-10 -8.8893e-11 -5.81207e-10 1.34524e-07 -4.83074e-07 -2.12333e-11 4.20382e-08 -1.39481e-10 -8.83874e-08 1.56066e-07 -3.87119e-10 -4.72918e-10 -4.29645e-11 -3.10141e-11 -9.78937e-10 -2.8221e-10 -9.35225e-10 2.11644e-06 -1.30189e-09 -1.28326e-07 -9.95867e-13 -1.39858e-07 1.22168e-07 2.23082e-07 -1.73328e-11 -1.58429e-09 1.17379e-06 -5.25201e-11 -3.0943e-12 4.31955e-08 -3.28175e-09 -1.77869e-10 -2.07046e-08 -1.64555e-11 -1.78752e-08 -5.99891e-11 -3.54481e-12 0 0 1.14602e-07 -1.5738e-09 -1.13315e-10 -1.65978e-13 -4.96274e-11 -2.96389e-12 2.04594e-09 -2.60467e-11 -3.84037e-10 0 -1.58912e-10 -2.26816e-09 -3.42914e-07 -3.1846e-08 
-2.01693e-09 -1.31308e-07 -1.41025e-10 -1.78676e-08 -6.13327e-09 -1.03984e-07 -3.5995e-05 0 0 -1.17078e-10 -5.89136e-06 -8.66907e-09 -2.83913e-09 0.000797619 1.53458e-06 -4.88666e-08 -1.28045e-05 -7.99849e-06 3.0721e-05 -4.74567e-06 -9.39011e-05 -3.67299e-07 -4.89592e-05 1.29456e-05 5.77736e-05 -0.000437857 -2.02225e-10 -2.88641e-05 0 -1.34134e-08 -8.64778e-10 -1.38098e-09 -3.19009e-06 0.000222627 -3.48568e-06 3.2337e-05 -1.78025e-07 -2.39506e-07 9.52884e-06 -1.15751e-05 -1.4057e-05 -6.21736e-08 -0.000362366 1.0031e-05 -3.42053e-08 -3.56587e-07 4.9146e-09 -1.84123e-07 -1.99511e-08 -1.30446e-07 -4.12654e-06 7.92641e-05 -4.76559e-09 9.24837e-06 -2.46383e-08 -2.76281e-08 -2.11516e-06 -2.35516e-08 -1.06142e-07 -9.64294e-09 -6.9608e-09 5.00288e-07 5.33328e-07 -1.76568e-07 -0.000147424 -2.92197e-07 -2.88015e-05 -2.23512e-10 -0.000130395 -4.75035e-06 7.90914e-05 -3.89017e-09 -3.55578e-07 -8.86845e-05 -1.17876e-08 -6.94483e-10 4.18344e-05 -7.36554e-07 -3.99208e-08 -4.31693e-06 -3.69327e-09 -3.00191e-06 -1.34639e-08 -7.95596e-10 0 0 -2.70774e-06 -3.53223e-07 -2.54325e-08 -3.7252e-11 -1.11383e-08 -6.65214e-10 -2.18308e-05 -5.8459e-09 1.38047e-06 0 -3.56661e-08 -5.09064e-07 0.000134706 -7.1475e-06 
-3.75875e-10 -2.44706e-08 -2.62815e-11 5.43337e-07 -1.143e-09 -1.93784e-08 -7.42169e-06 0 0 -2.18186e-11 -1.13305e-05 -1.61557e-09 -5.29102e-10 1.53458e-06 0.000148741 -9.1068e-09 -3.58544e-05 2.57509e-08 -9.95221e-05 2.00637e-08 -1.45345e-06 -6.845e-08 -9.13958e-06 -3.90933e-07 8.24219e-06 -7.97212e-05 -3.76867e-11 -4.85912e-06 0 -2.49972e-09 -1.6116e-10 -2.57361e-10 3.06857e-07 9.27571e-06 1.83743e-05 1.8624e-06 2.06823e-07 2.85366e-07 -1.87818e-07 -1.64273e-06 7.97374e-06 -1.15867e-08 -6.82916e-05 4.3613e-05 -6.37451e-09 7.8688e-07 9.15886e-10 -3.43133e-08 -3.71809e-09 -2.43099e-08 -3.95427e-07 3.09001e-06 -8.88117e-10 1.23832e-06 -5.834e-09 -2.64361e-06 -3.10959e-08 4.60475e-07 -1.97806e-08 -1.79706e-09 -1.29722e-09 1.29054e-07 7.81961e-08 4.24216e-07 3.16338e-05 -5.44538e-08 -5.36745e-06 -4.16537e-11 -1.18154e-07 -8.85276e-07 1.47526e-05 -7.24973e-10 -6.62656e-08 1.56135e-05 -2.19674e-09 -1.29424e-10 7.28187e-06 -4.39311e-08 2.2256e-07 -6.29336e-07 -6.88278e-10 -7.47661e-07 5.74909e-08 -1.48267e-10 0 0 -5.04615e-07 1.16642e-05 -4.7396e-09 -6.94229e-12 -2.07574e-09 -1.23969e-10 -1.44178e-05 2.85577e-07 -1.6063e-08 0 2.03353e-07 -9.48694e-08 1.84837e-05 -1.33201e-06 
-1.54674e-10 -1.00697e-08 -1.08149e-11 -1.37023e-09 -4.70348e-10 -7.97429e-09 5.681e-05 0 0 -8.97844e-12 -5.5922e-05 -6.64813e-10 -2.17727e-10 -4.88666e-08 -9.1068e-09 6.12129e-05 1.14401e-05 1.05966e-08 3.83001e-06 8.25629e-09 5.22909e-05 1.83258e-09 5.61524e-05 -1.75369e-08 -5.62633e-05 2.64208e-05 -1.55082e-11 5.62731e-05 0 -1.02864e-09 -6.63181e-11 -1.05905e-10 -2.52311e-07 -1.42828e-06 -3.30194e-07 -8.72121e-08 -1.36523e-08 -1.83672e-08 4.29379e-07 1.10167e-05 -9.18756e-07 -4.76796e-09 1.80641e-05 -3.72286e-06 -2.62313e-09 -2.73459e-08 -1.72956e-07 5.87997e-09 -1.53001e-09 -1.00036e-08 -7.82719e-07 -5.44405e-05 -3.65464e-10 -2.28431e-05 -2.40071e-09 -1.50464e-06 -4.11955e-07 -6.66303e-09 -8.13978e-09 -7.39497e-10 -5.33809e-10 -1.68493e-08 -4.85734e-09 -1.60969e-08 -1.41319e-05 5.14259e-07 3.97179e-05 -1.71407e-11 -5.68792e-05 -1.76276e-08 -5.45567e-05 -2.98329e-10 -2.72686e-08 -1.59792e-05 -9.03966e-10 -5.32585e-11 -5.73162e-05 -4.64848e-08 -3.06145e-09 -1.49697e-07 3.63834e-08 -3.07665e-07 -1.03252e-09 -6.10126e-11 0 0 -2.07651e-07 -2.7088e-08 -1.95036e-09 -2.85678e-12 -8.54177e-10 -5.10139e-11 3.52143e-08 -4.4831e-10 1.10057e-07 0 -2.73516e-09 -3.90391e-08 -1.78217e-06 6.41187e-06 
5.01759e-07 -4.06373e-05 -3.15832e-08 -1.7925e-05 1.4558e-06 -7.66716e-05 0.00881757 0 0 -4.20746e-09 -0.014019 -8.09336e-06 -2.70703e-06 -1.28045e-05 -3.58544e-05 1.14401e-05 0.159149 5.02149e-05 0.0359169 1.28168e-05 -0.0319653 7.58978e-05 0.0112398 -0.00209457 -0.0102428 0.00454459 5.03083e-08 0.00713319 0 -1.93644e-06 -6.98199e-07 1.66886e-07 0.000342087 -0.0129159 -0.00307893 0.000437414 -0.000175509 -0.000178997 -0.00032322 0.00283709 -0.00844371 1.38338e-05 0.119869 -0.0416079 -1.27073e-05 -0.000357381 1.94042e-07 1.60251e-05 -5.63002e-06 3.23848e-05 -0.00709856 -0.00667355 -1.64111e-06 -0.00233311 4.00119e-06 -0.0097598 -0.00530918 -7.7702e-05 -4.05881e-05 2.39891e-06 -4.99167e-06 5.292e-06 -2.57262e-05 -0.000197999 -0.101201 7.23409e-05 0.00685178 3.89373e-08 -0.0103014 0.00116273 -0.0193745 -3.47889e-06 -6.12848e-05 -0.0145383 -3.59422e-06 1.72769e-07 -0.0102698 0.000178465 -2.74587e-05 -0.00168708 9.18789e-07 -0.00285755 -8.84052e-06 -7.12076e-07 0 0 -0.00254581 -0.000266727 -4.464e-07 9.26732e-09 -5.35574e-06 -2.54512e-07 0.000325556 -4.30236e-06 -6.11741e-05 0 -3.02739e-05 -0.000263405 -0.0402254 0.00177455 
4.37366e-10 -1.36882e-05 3.0581e-11 -1.89459e-07 1.32999e-09 2.25486e-08 -4.16211e-05 0 0 2.5388e-11 9.42289e-05 1.87987e-09 6.15659e-10 -7.99849e-06 2.57509e-08 1.05966e-08 5.02149e-05 0.00017307 5.43369e-05 -2.3346e-08 -8.12113e-05 -3.61702e-06 -6.35919e-05 -3.30284e-05 6.85896e-05 2.09063e-05 4.3852e-11 -6.23276e-05 0 2.90866e-09 1.87525e-10 2.99463e-10 1.16782e-07 -2.10627e-05 -5.29901e-08 -0.000100288 3.86042e-08 -3.42473e-06 2.18544e-07 -5.19901e-05 -0.000117117 -4.98512e-08 4.06544e-05 -1.6363e-05 7.41734e-09 -1.0046e-05 -1.06572e-09 3.99267e-08 -1.99901e-06 -2.4838e-07 -4.24167e-05 5.42031e-05 -1.36897e-06 6.51374e-05 -2.62654e-06 -3.63883e-05 -2.08318e-05 -5.11592e-08 -2.45203e-05 2.09105e-09 1.50943e-09 4.7644e-08 -2.62932e-07 -2.54678e-05 2.78255e-05 -5.49971e-07 -5.47807e-07 4.8468e-11 7.28181e-05 -3.41499e-05 5.69735e-05 -1.62916e-06 -8.02894e-07 5.11618e-05 2.55611e-09 1.50597e-10 6.72018e-05 6.97199e-08 8.65673e-09 3.67675e-07 -5.05866e-07 -1.17e-05 2.91962e-09 1.72523e-10 0 0 -2.55395e-05 7.65956e-08 -2.91152e-07 8.078e-12 -3.17585e-07 1.4425e-10 5.91043e-06 1.26767e-09 -4.61309e-07 0 7.73411e-09 -3.16277e-07 -3.87206e-05 -4.90342e-06 
1.59731e-07 -1.62077e-05 -5.54981e-08 -1.6735e-05 4.15727e-07 -1.5915e-05 0.00323707 0 0 -2.40613e-08 0.00110814 -9.56678e-06 -3.31849e-06 3.0721e-05 -9.95221e-05 3.83001e-06 0.0359169 5.43369e-05 0.0592217 -7.32958e-06 -0.0302988 6.27506e-06 0.0022852 -0.000501703 -4.41311e-05 -0.00354999 1.60153e-08 0.00223704 0 -2.5439e-07 -7.81803e-08 9.60342e-08 8.51336e-05 0.00128321 -0.0033749 -0.00395282 -0.000204551 -0.000169086 6.50916e-05 -0.000290188 -0.0142265 4.54386e-06 0.0291212 -0.0183965 -2.07044e-05 -0.000306363 2.53412e-06 1.45171e-06 -2.83299e-07 7.93737e-06 -0.00141826 0.00876367 -1.50925e-06 0.000172899 -1.33208e-05 -0.000659175 -0.00125173 -8.75325e-05 -5.25007e-05 -4.68632e-06 -3.78874e-06 -5.24731e-05 -1.90105e-05 -8.38501e-05 -0.0314039 2.25639e-05 0.00213749 1.77011e-08 -0.00210025 -0.000487908 -0.00544418 -8.51917e-07 -0.000141283 -0.0179357 -4.55648e-06 5.49999e-08 -0.00211191 5.8255e-05 -1.85685e-05 -0.000259825 2.9249e-07 -0.00343463 -3.75039e-06 -8.46993e-07 0 0 -0.00297282 -0.000217723 -1.18759e-05 2.95018e-09 5.62105e-07 5.26819e-08 -2.42457e-05 -4.47032e-07 -1.11506e-05 0 -3.75787e-05 -0.000281614 -0.000333762 0.000563882 
3.40772e-10 -1.61148e-07 2.3827e-11 -2.43648e-07 1.03625e-09 1.75686e-08 4.45306e-06 0 0 -1.13314e-07 1.14047e-05 1.46469e-09 4.79688e-10 -4.74567e-06 2.00637e-08 8.25629e-09 1.28168e-05 -2.3346e-08 -7.32958e-06 0.000134852 2.72852e-06 6.20573e-08 -2.8154e-05 -1.10224e-06 1.67777e-05 -4.42591e-05 3.41671e-11 3.09009e-06 0 -5.77734e-07 1.46109e-10 2.33325e-10 -8.00786e-07 -3.45538e-05 1.41361e-08 -7.23569e-06 3.00783e-08 -1.01953e-06 1.70277e-07 -1.39248e-07 2.38401e-06 1.05046e-08 6.14408e-05 -4.78646e-05 5.77918e-09 -4.09309e-06 -8.3035e-10 3.11087e-08 -5.32958e-08 2.20396e-08 -1.76055e-05 -1.0007e-05 8.05174e-10 -5.14104e-07 5.28915e-09 -1.98917e-05 -1.68757e-05 1.46797e-08 -5.92067e-07 -1.17041e-08 -9.88824e-07 -1.72955e-06 1.07015e-08 -1.23454e-06 -3.38301e-05 -8.63965e-07 -1.37716e-06 3.77636e-11 -2.97306e-06 5.05931e-07 -6.57922e-07 6.57266e-10 -1.13256e-07 3.66683e-05 -9.38008e-07 1.17337e-10 -2.68657e-06 -3.38888e-07 6.74485e-09 7.55125e-07 6.23999e-10 -1.14883e-06 2.27481e-09 1.3442e-10 0 0 4.57488e-07 5.96791e-08 4.29696e-09 6.29393e-12 1.88189e-09 -1.59888e-07 3.01908e-06 9.87698e-10 -3.05437e-07 0 6.02599e-09 -1.15066e-06 6.92342e-06 -3.2239e-07 
2.17175e-06 -2.15264e-05 4.18503e-08 1.14858e-05 6.51072e-06 5.15752e-05 0.0333103 0 0 -2.06023e-08 -0.0501058 -1.5255e-06 1.02706e-06 -9.39011e-05 -1.45345e-06 5.22909e-05 -0.0319653 -8.12113e-05 -0.0302988 2.72852e-06 0.120738 0.000371283 0.0490621 0.000648158 -0.0527183 0.0212459 2.17748e-07 0.0310592 0 -1.65703e-06 -5.50913e-09 1.11032e-06 0.00282499 -0.00178276 -0.000654628 0.00468428 0.00014517 -3.78428e-05 0.000236032 0.0124449 0.0123195 6.62993e-05 -0.019513 -0.00143477 -5.85805e-07 0.000214891 -2.52184e-06 0.000171156 2.74919e-06 0.000140132 -0.00101936 -0.0628377 -8.38606e-07 -0.0101359 4.2579e-06 0.00106024 -0.000930986 2.39641e-05 8.13855e-05 9.89312e-06 -1.00823e-06 1.8577e-05 3.61075e-05 2.67034e-05 0.0260619 0.000314225 0.0304066 -2.26649e-08 -0.0447476 0.00508962 -0.0496508 1.55443e-07 4.34653e-05 0.021578 8.48239e-06 6.04458e-07 -0.0449824 0.000771335 1.54418e-05 -0.000113468 3.93009e-06 0.0030684 4.74066e-08 -1.40002e-07 0 0 0.00251548 4.69163e-05 2.02546e-05 4.01114e-08 -1.90002e-06 -1.17058e-07 4.10339e-05 -1.02871e-06 -7.88748e-06 0 -5.37953e-06 0.000182233 0.0142166 0.00769196 
-1.16259e-09 -7.56878e-08 -8.1289e-11 -1.02992e-08 1.26465e-07 1.13396e-07 0.000389773 0 0 -6.74852e-11 -0.000379902 -4.99698e-09 -1.63652e-09 -3.67299e-07 -6.845e-08 1.83258e-09 7.58978e-05 -3.61702e-06 6.27506e-06 6.20573e-08 0.000371283 0.000459915 0.000344088 3.00751e-06 -0.000385914 0.000165531 -1.16565e-10 0.000398862 0 -7.73166e-09 -4.98471e-10 -7.96019e-10 -1.66312e-06 -1.07829e-05 -2.44519e-06 -5.99186e-06 -1.02616e-07 -1.38055e-07 -5.7759e-07 0.000276931 -1.80671e-06 2.11175e-05 0.000104904 -2.65757e-05 5.02836e-08 -7.22083e-08 2.83285e-09 -8.61313e-08 4.84999e-08 -7.51908e-08 6.5768e-06 -0.00037764 9.40586e-07 -0.000352662 3.15289e-07 -1.00814e-05 -2.5964e-06 -5.00817e-08 1.48818e-07 -5.55833e-09 -4.0123e-09 -1.26645e-07 1.68238e-08 3.56764e-08 -0.000109357 -1.17596e-08 9.66951e-05 -1.28835e-10 -0.000393712 2.64685e-05 -0.00037374 -2.24235e-09 -2.0496e-07 2.17986e-05 -6.79454e-09 -4.0031e-10 -0.000395642 8.25788e-05 -2.30109e-08 -1.89189e-06 -2.12885e-09 9.60809e-07 5.57253e-09 -4.58593e-10 0 0 -1.46078e-06 5.30637e-08 -1.46596e-08 -2.14726e-11 -6.4203e-09 -3.83439e-10 -5.11865e-06 -3.36966e-09 -4.96829e-08 0 2.77487e-09 -1.50099e-07 -2.20262e-05 1.22934e-05 
2.37144e-06 -8.87265e-06 -1.08539e-08 -1.37517e-06 2.06796e-06 7.32367e-06 0.0345688 0 0 -9.01077e-09 -0.051214 -6.67206e-07 -7.51778e-08 -4.89592e-05 -9.13958e-06 5.61524e-05 0.0112398 -6.35919e-05 0.0022852 -2.8154e-05 0.0490621 0.000344088 0.0576625 -0.000156866 -0.0560665 0.0260571 2.37769e-07 0.0331848 0 -3.4568e-07 -6.65568e-08 7.50381e-07 0.00303014 -0.00115735 -0.000331149 0.00357679 -1.22215e-05 -1.82767e-05 -6.09661e-05 0.0131125 0.000866125 3.96915e-05 0.0176367 -0.00354229 3.87423e-07 -1.8471e-05 -2.87175e-06 0.000176742 5.97817e-07 9.74404e-05 0.00013772 -0.0498774 -3.66779e-07 -0.0106874 3.17398e-06 0.00444283 -0.000105968 -6.57701e-06 5.66443e-05 1.11345e-05 -5.35731e-07 -1.68799e-05 8.06184e-06 -1.47782e-05 -0.000234456 0.000337951 0.0328222 -1.72024e-08 -0.0481448 0.00548188 -0.0523028 -2.99403e-07 9.18066e-05 0.00798386 8.19945e-06 3.09883e-07 -0.0486285 0.000785515 -3.07247e-06 -0.000228623 3.50908e-06 -0.000182386 -1.03624e-06 -6.12323e-08 0 0 -0.000163258 -2.59755e-05 6.76928e-06 4.37996e-08 -8.57252e-07 -5.11975e-08 -9.57896e-06 -4.49924e-07 -6.43043e-06 0 -2.08501e-06 -1.8443e-05 0.00982875 0.00838442 
-6.63979e-09 -1.58936e-07 -4.64259e-10 -5.88208e-08 -2.01909e-08 3.87683e-07 -0.000138915 0 0 -3.85423e-10 0.000209414 -2.85388e-08 2.70653e-07 1.29456e-05 -3.90933e-07 -1.75369e-08 -0.00209457 -3.30284e-05 -0.000501703 -1.10224e-06 0.000648158 3.00751e-06 -0.000156866 0.00262098 0.000169776 -0.00105902 -6.6573e-10 -9.49347e-05 0 -4.41572e-08 -2.84687e-09 -4.54624e-09 -1.03911e-05 -6.30159e-05 -1.34711e-05 -3.97789e-05 3.70605e-07 -6.38461e-07 2.77789e-05 -3.82044e-05 0.000378689 -2.04677e-07 -0.00182801 -0.000132217 2.70729e-07 8.83611e-06 1.6179e-08 1.05719e-06 2.26765e-06 -4.29431e-07 0.000996563 -0.00060896 1.00764e-06 3.09737e-05 -1.03057e-07 0.00100717 8.46758e-05 8.21064e-06 2.70579e-07 -3.17448e-08 -1.95818e-08 -6.29965e-07 4.4482e-07 -1.10019e-08 0.000419865 -9.61919e-07 -9.02652e-05 -7.35807e-10 0.000143998 -1.55116e-05 0.00025168 1.28719e-06 -5.2724e-07 -0.000277023 -2.13841e-09 -2.28626e-09 0.000137732 -2.37476e-06 -1.3142e-07 -2.39115e-06 -1.21583e-08 0.000246439 2.90097e-08 -2.61912e-09 0 0 -6.51728e-06 1.03272e-05 -8.37244e-08 -1.22635e-10 6.61333e-06 -2.1899e-09 -1.75317e-05 -1.92449e-08 5.13296e-05 0 -1.17414e-07 -1.67585e-06 -0.000227166 -2.35298e-05 
-2.33997e-06 6.81782e-06 1.3054e-08 -1.09275e-06 -6.96227e-06 -6.15811e-06 -0.0354054 0 0 1.08373e-08 0.0535398 8.02451e-07 1.1947e-07 5.77736e-05 8.24219e-06 -5.62633e-05 -0.0102428 6.85896e-05 -4.41311e-05 1.67777e-05 -0.0527183 -0.000385914 -0.0560665 0.000169776 0.0684307 -0.0315996 -2.34614e-07 -0.0334686 0 5.5494e-07 -2.32853e-08 -1.21217e-06 -0.00299765 0.00138202 0.000395295 -0.00344705 -4.89079e-05 2.12032e-05 7.45423e-05 -0.0133903 -0.000874857 -7.12283e-05 -0.0157277 0.00396748 -5.77127e-07 -0.000122886 3.35175e-06 -0.00018952 -2.80323e-06 -0.000151339 -0.000349487 0.0514563 -4.95541e-07 0.0109022 -3.62226e-06 -0.00507912 -7.02509e-05 7.78249e-06 -5.55617e-05 -1.09841e-05 6.44325e-07 1.92843e-05 -1.54837e-05 1.77062e-05 -0.00356347 -0.00033877 -0.0327757 2.06893e-08 0.0479688 -0.00549 0.0548296 3.60093e-07 -7.21626e-05 -0.0104377 -8.92888e-06 -3.65715e-07 0.0485442 -0.000838164 3.52526e-06 0.000247072 -4.2548e-06 0.000196295 1.24629e-06 6.03108e-08 0 0 0.000173421 6.10604e-06 -1.63992e-05 -4.32184e-08 1.03102e-06 6.15754e-08 6.72286e-05 5.41125e-07 6.55845e-06 0 2.64143e-06 6.81476e-06 -0.0181514 -0.0082906 
1.11416e-06 -4.63315e-05 6.45698e-08 -4.07316e-06 3.29472e-06 -5.99489e-05 0.0107466 0 0 6.46743e-08 -0.0222592 -3.52783e-06 -1.76832e-06 -0.000437857 -7.97212e-05 2.64208e-05 0.00454459 2.09063e-05 -0.00354999 -4.42591e-05 0.0212459 0.000165531 0.0260571 -0.00105902 -0.0315996 0.246514 1.1171e-07 0.0159228 0 -5.54372e-06 4.77708e-07 3.86196e-07 0.00111063 -0.0122466 -0.00105348 -0.00452245 -6.39917e-05 -0.000111056 -0.000533117 0.00618973 -0.00683504 3.37283e-05 -0.00830216 0.0123277 4.25181e-07 -0.000189536 1.81817e-07 7.45706e-05 -2.28891e-06 7.20322e-05 -0.00553977 -0.0254597 -1.22413e-06 -0.00509782 -3.80031e-06 -0.00685579 -0.003453 -4.77243e-05 -4.55355e-06 3.07348e-06 -2.97149e-06 -0.000146507 -1.62845e-05 -6.12093e-05 0.0215266 0.000160801 0.0152613 2.68024e-08 -0.0219095 0.00254925 -0.0452365 -2.34105e-06 -0.000202884 -0.136839 1.60486e-06 3.83636e-07 -0.0229527 0.000393493 -2.28609e-05 -0.00303048 2.04018e-06 -0.00227587 -5.93912e-06 -3.77175e-07 0 0 -0.00175489 -0.000210154 -2.24431e-06 2.05782e-08 -7.56712e-06 9.41342e-08 0.000252665 -3.70736e-06 -5.56598e-05 0 -1.81179e-05 -0.00019867 -0.014727 0.00394774 
-6.40089e-13 -4.16716e-11 -4.47556e-14 -5.67044e-12 -1.94644e-12 -3.3e-11 -1.37114e-08 0 0 -3.71556e-14 -2.32774e-07 -2.7512e-12 -9.01022e-13 -2.02225e-10 -3.76867e-11 -1.55082e-11 5.03083e-08 4.3852e-11 1.60153e-08 3.41671e-11 2.17748e-07 -1.16565e-10 2.37769e-07 -6.6573e-10 -2.34614e-07 1.1171e-07 2.53333e-07 -9.16026e-09 0 -4.25684e-12 -2.74444e-13 -4.38267e-13 -1.04414e-09 -6.10379e-09 -1.36644e-09 -4.07159e-09 -5.64976e-11 -7.60093e-11 -3.19841e-10 2.4965e-07 -4.47802e-09 -1.97313e-11 7.62033e-08 -1.54064e-08 -1.08553e-11 -1.13166e-10 1.55969e-12 -5.8433e-11 -6.33164e-12 -4.1398e-11 -3.23913e-09 -2.26961e-07 -1.5124e-12 -2.50339e-07 -9.93489e-12 -6.29563e-09 -1.70479e-09 -2.75736e-11 -3.36849e-11 -3.06027e-12 -2.20907e-12 -6.97275e-11 -2.01012e-11 -6.6614e-11 1.88975e-07 -9.2731e-11 -9.14038e-09 -7.09333e-14 -2.39315e-07 2.51826e-07 -2.27234e-07 -1.23458e-12 -1.12846e-10 1.06399e-07 -3.74089e-12 -2.204e-13 -2.40047e-07 -2.33752e-10 -1.26692e-11 -1.47474e-09 -1.17209e-12 -1.27321e-09 -4.27289e-12 -2.52489e-13 0 0 -8.59323e-10 -1.12098e-10 -8.0712e-12 -1.18222e-14 -3.53484e-12 -2.11111e-13 1.45727e-10 -1.85524e-12 -2.73541e-11 0 -1.13189e-11 -1.61556e-10 -2.4425e-08 -2.26832e-09 
2.43531e-06 -5.8779e-06 -6.38807e-09 -8.09357e-07 2.70885e-06 -4.71018e-06 0.0323755 0 0 -5.30331e-09 -0.0331828 -3.92686e-07 -1.28605e-07 -2.88641e-05 -4.85912e-06 5.62731e-05 0.00713319 -6.23276e-05 0.00223704 3.09009e-06 0.0310592 0.000398862 0.0331848 -9.49347e-05 -0.0334686 0.0159228 -9.16026e-09 0.0348514 0 -6.0759e-07 -3.91722e-08 7.40778e-07 0.000629764 -0.000663769 -0.000195009 6.99347e-05 -8.06404e-06 -1.0849e-05 -3.3345e-05 0.00402657 -0.000370035 6.72837e-05 0.0108744 -0.00219631 1.28392e-06 -1.61524e-05 -1.36738e-06 0.000182683 2.34627e-06 2.29612e-05 -6.55993e-05 -0.0320645 -2.15869e-07 -0.00499838 3.27863e-06 -0.000716439 -0.00024318 -3.93566e-06 5.54987e-05 2.18653e-06 -3.15306e-07 -9.95238e-06 9.60424e-06 -8.38465e-06 -0.00532672 0.000260308 0.0268555 -1.01245e-08 -0.0324844 0.0017851 -0.0322109 -1.76214e-07 6.79921e-07 -0.00163099 4.1272e-07 -3.14583e-08 -0.0327472 0.000582229 -1.80831e-06 -0.000189774 3.67604e-06 -6.88724e-05 -6.0988e-07 -3.60384e-08 0 0 -0.000120587 -1.59934e-05 4.11798e-06 4.49793e-08 -5.04537e-07 -3.01324e-08 1.09401e-05 -2.64804e-07 -3.90432e-06 0 -1.19558e-06 -2.16926e-05 0.00202328 0.00858422 
0 0 0 0 0 0 0 0 0 0 0 0 0 0 0 0 0 0 0 0 0 0 0 0 0 0 0 0 0 0 0 0 0 0 0 0 0 0 0 0 0 0 0 0 0 0 0 0 0 0 0 0 0 0 0 0 0 0 0 0 0 0 0 0 0 0 0 0 0 0 0 0 0 0 0 0 0 0 0 0 0 0 0 0 0 0 0 0 0 0 0 0 0 0 0 0 0 0 0 0 
-4.24564e-11 -2.76404e-09 -2.96859e-12 -3.76115e-10 -1.29106e-10 -2.18886e-09 -9.09466e-07 0 0 -2.46449e-12 4.96996e-07 -1.82484e-10 -5.97639e-11 -1.34134e-08 -2.49972e-09 -1.02864e-09 -1.93644e-06 2.90866e-09 -2.5439e-07 -5.77734e-07 -1.65703e-06 -7.73166e-09 -3.4568e-07 -4.41572e-08 5.5494e-07 -5.54372e-06 -4.25684e-12 -6.0759e-07 0 1.68031e-05 -1.82036e-11 -2.90698e-11 -6.92566e-08 -4.04858e-07 -9.06348e-08 9.06602e-07 -3.74742e-09 -5.04162e-09 6.5452e-08 4.42378e-07 -2.97022e-07 -1.30876e-09 -9.75885e-06 5.97811e-06 -7.20023e-10 -7.50616e-09 1.03453e-10 -3.8758e-09 -4.19971e-10 -2.74589e-09 -2.14848e-07 -2.20726e-07 -1.00316e-10 -4.88059e-07 -6.58971e-10 -4.17583e-07 -1.13077e-07 -1.82893e-09 -2.23428e-09 -2.02984e-10 -1.46525e-10 -4.62495e-09 -1.33329e-09 -4.41844e-09 1.5845e-06 -6.15075e-09 -6.06272e-07 -4.70493e-12 9.64821e-08 4.30005e-07 7.54448e-07 -8.18882e-11 -7.48493e-09 -1.76598e-06 -2.48129e-10 -1.46189e-11 1.94582e-07 -1.55045e-08 -8.40335e-10 -9.7818e-08 -7.77434e-11 -8.44509e-08 -2.83416e-10 -1.67473e-11 0 0 -5.6998e-08 -7.43536e-09 -5.35354e-10 -7.84156e-13 -2.34463e-10 -1.40028e-11 9.66595e-09 -1.23056e-10 4.48523e-08 0 -7.50773e-10 -1.07158e-08 -1.53009e-06 -1.50455e-07 
-2.73722e-12 -1.78201e-10 -1.91389e-13 -2.42486e-11 -8.32361e-12 -1.41119e-10 -5.86345e-08 0 0 -1.58889e-13 8.79172e-08 -1.1765e-11 -3.85306e-12 -8.64778e-10 -1.6116e-10 -6.63181e-11 -6.98199e-07 1.87525e-10 -7.81803e-08 1.46109e-10 -5.50913e-09 -4.98471e-10 -6.65568e-08 -2.84687e-09 -2.32853e-08 4.77708e-07 -2.74444e-13 -3.91722e-08 0 -1.82036e-11 1.08333e-06 -1.87417e-12 -4.46507e-09 -2.61017e-08 -5.84334e-09 -1.74114e-08 -2.41601e-10 -3.2504e-10 -1.36774e-09 -1.57496e-08 -1.91494e-08 -8.43772e-11 -6.54131e-07 -5.92158e-08 -4.64208e-11 -4.83932e-10 6.66972e-12 -2.49878e-10 -2.70761e-11 -1.77031e-10 -1.38515e-08 -1.37222e-07 -6.4675e-12 1.28045e-08 -4.24847e-11 -2.69221e-08 -7.29024e-09 -1.17914e-10 -1.44047e-10 -1.30867e-11 -9.44667e-12 -2.98177e-10 -8.59589e-11 -2.84862e-10 7.34783e-07 -3.96547e-10 -3.90872e-08 -3.03333e-13 5.99464e-08 -6.44681e-09 1.11607e-07 -5.27944e-12 -4.82564e-10 -4.8167e-07 -1.59972e-11 -9.425e-13 5.68153e-08 -9.99595e-10 -5.41775e-11 -6.30646e-09 -5.01222e-12 -5.44466e-09 -1.82722e-11 -1.07972e-12 0 0 -3.67474e-09 -4.79368e-10 -3.4515e-11 -5.05556e-14 -1.51161e-11 -9.02778e-13 6.23177e-10 -7.93361e-12 -1.16975e-10 0 -4.84033e-11 -6.90863e-10 -1.04449e-07 -9.70004e-09 
-4.37113e-12 -2.84573e-10 -3.05633e-13 -3.87232e-11 -1.32922e-11 -2.25356e-10 1.34637e-06 0 0 -2.53733e-13 -1.29294e-06 -1.87878e-11 -6.15303e-12 -1.38098e-09 -2.57361e-10 -1.05905e-10 1.66886e-07 2.99463e-10 9.60342e-08 2.33325e-10 1.11032e-06 -7.96019e-10 7.50381e-07 -4.54624e-09 -1.21217e-06 3.86196e-07 -4.38267e-13 7.40778e-07 0 -2.90698e-11 -1.87417e-12 1.73e-06 4.6203e-08 -4.16824e-08 -9.33137e-09 -2.78047e-08 -3.85819e-10 -5.19063e-10 -2.18418e-09 -2.51509e-08 -3.05801e-08 -1.34744e-10 3.83721e-07 -4.18758e-08 -7.41305e-11 -7.72803e-10 1.0651e-11 -3.99036e-10 -4.32385e-11 -2.82705e-10 -2.21198e-08 -1.17324e-06 -1.03281e-11 -1.39552e-07 -6.78448e-11 -4.29926e-08 -1.1642e-08 -1.88299e-10 -2.30032e-10 -2.08984e-11 -1.50856e-11 -4.76165e-10 -1.3727e-10 -4.54903e-10 -3.39501e-07 1.59367e-07 1.27758e-06 -4.844e-13 -9.00937e-07 -1.02951e-08 -1.16177e-06 -8.43087e-12 -7.70617e-10 -6.66738e-07 -2.55463e-11 -1.5051e-12 -9.05937e-07 -1.59628e-09 -8.65173e-11 -1.00709e-08 -8.00413e-12 -8.69471e-09 -2.91793e-11 -1.72423e-12 0 0 -5.86827e-09 -7.65513e-10 -5.51178e-11 -8.07333e-14 -2.41393e-11 -1.44167e-12 9.95165e-10 -1.26694e-11 -1.868e-10 0 -7.72964e-11 -1.10326e-09 -8.01304e-08 -1.54902e-08 
-1.04139e-08 -6.61309e-07 -7.28149e-10 -9.22551e-08 5.54999e-07 -5.36893e-07 0.00257212 0 0 -6.04501e-10 -0.00283525 7.21906e-07 -1.46592e-08 -3.19009e-06 3.06857e-07 -2.52311e-07 0.000342087 1.16782e-07 8.51336e-05 -8.00786e-07 0.00282499 -1.66312e-06 0.00303014 -1.03911e-05 -0.00299765 0.00111063 -1.04414e-09 0.000629764 0 -6.92566e-08 -4.46507e-09 4.6203e-08 0.00410461 -9.51754e-05 -2.06447e-05 -3.9866e-05 -9.19185e-07 -1.23663e-06 1.83023e-07 -3.04068e-05 6.24984e-05 -2.21018e-07 0.000732644 -0.000201383 1.16723e-07 -1.37781e-06 2.53753e-08 1.20599e-06 -1.03013e-07 -6.73524e-07 -5.24989e-05 -0.00323388 -2.4606e-08 -2.50785e-06 5.50313e-08 -7.336e-05 -2.77361e-05 -4.48609e-07 -5.48035e-07 -4.97889e-08 -3.59404e-08 -1.13443e-06 -2.00369e-07 4.29559e-07 -0.000476656 4.97613e-05 0.00307278 -1.15405e-09 -0.0030827 -7.70056e-06 -0.00289452 -2.00859e-08 1.56174e-05 0.000947647 3.19138e-07 -3.58579e-09 -0.0030475 -2.94301e-06 -2.06121e-07 -1.93699e-05 -1.90693e-08 1.82455e-05 -6.95177e-08 -4.10786e-09 0 0 -1.24807e-05 -1.69378e-06 -1.31314e-07 -1.92341e-10 -5.75101e-08 -3.43467e-09 2.37091e-06 9.31495e-08 -1.6837e-07 0 -1.84153e-07 -1.29176e-06 -0.000394562 -2.79043e-05 
-6.08772e-08 -3.76662e-06 -4.25659e-09 -5.19302e-07 9.21545e-07 -3.04188e-06 -0.00115176 0 0 -3.53377e-09 0.00118506 -2.6166e-07 -8.56939e-08 0.000222627 9.27571e-06 -1.42828e-06 -0.0129159 -2.10627e-05 0.00128321 -3.45538e-05 -0.00178276 -1.07829e-05 -0.00115735 -6.30159e-05 0.00138202 -0.0122466 -6.10379e-09 -0.000663769 0 -4.04858e-07 -2.61017e-08 -4.16824e-08 -9.51754e-05 0.0235134 0.000159881 0.000739968 -4.65001e-06 -5.08572e-06 -1.95593e-05 -0.000299906 -0.000360043 -1.54326e-06 -0.0160192 -0.00108429 -7.1909e-07 -7.77623e-06 1.48338e-07 -5.51742e-06 3.59115e-06 -3.66393e-06 -0.000306572 0.00179578 -1.43841e-07 4.83324e-05 -4.78215e-07 -0.000594329 -0.000161492 -2.44913e-06 -3.20368e-06 -2.91054e-07 2.99013e-08 5.5984e-06 -5.25103e-07 -5.01882e-06 0.0103087 -8.81941e-06 -0.000830622 -6.74629e-09 -0.00016096 -0.000131377 0.0020784 -1.17418e-07 -9.87913e-06 -0.00762565 -3.55786e-07 -2.09617e-08 0.000924027 -2.10615e-05 -1.20494e-06 -0.000135462 -3.48077e-08 -0.000115955 4.05028e-06 -2.40136e-08 0 0 -6.10547e-05 -1.05547e-05 -3.37631e-07 -1.12438e-09 -2.3619e-07 -2.00782e-08 -0.00015034 -1.76448e-07 -2.28245e-07 0 -1.07652e-06 -1.52518e-05 0.0148625 -0.000207831 
-1.36285e-08 -2.57253e-07 -9.52915e-10 2.29593e-06 -4.14428e-08 -7.02622e-07 -0.000288985 0 0 -7.91099e-10 0.000313501 6.91142e-06 1.84149e-07 -3.48568e-06 1.83743e-05 -3.30194e-07 -0.00307893 -5.29901e-08 -0.0033749 1.41361e-08 -0.000654628 -2.44519e-06 -0.000331149 -1.34711e-05 0.000395295 -0.00105348 -1.36644e-09 -0.000195009 0 -9.06348e-08 -5.84334e-09 -9.33137e-09 -2.06447e-05 0.000159881 0.00536476 -7.12771e-05 2.97708e-06 4.45016e-05 -4.21991e-06 -7.7803e-05 0.000292026 -4.2011e-07 -0.00371562 0.0032979 1.36554e-06 1.94053e-06 3.32082e-08 1.87254e-06 -1.3481e-07 -8.81428e-07 -4.50461e-05 0.000489289 -3.22013e-08 6.36097e-05 -1.48196e-07 -9.81904e-05 -3.12577e-05 5.26862e-05 2.89613e-06 -6.51578e-08 3.8163e-06 -1.48461e-06 -3.24651e-07 2.44502e-06 0.003616 -1.97439e-06 -0.000179129 -1.51028e-09 0.000294083 -3.20983e-05 0.000555333 -2.62861e-08 -1.59266e-06 -0.00148162 1.80702e-06 -4.69266e-09 0.000282383 -4.97693e-06 3.73587e-07 -1.39628e-05 -2.49556e-08 6.84465e-06 2.27902e-06 2.17957e-07 0 0 1.08104e-05 3.33299e-05 8.44818e-07 -2.51713e-10 -7.52623e-08 -4.49488e-09 2.39943e-06 -3.9501e-08 -4.82411e-07 0 2.34823e-05 -1.48644e-06 -0.000517433 -4.8296e-05 
-4.06088e-08 1.54796e-05 -2.8394e-09 -2.8308e-07 -1.23487e-07 7.13306e-06 -0.00067938 0 0 -2.35724e-09 -0.00949505 2.38791e-07 4.2837e-08 3.2337e-05 1.8624e-06 -8.72121e-08 0.000437414 -0.000100288 -0.00395282 -7.23569e-06 0.00468428 -5.99186e-06 0.00357679 -3.97789e-05 -0.00344705 -0.00452245 -4.07159e-09 6.99347e-05 0 9.06602e-07 -1.74114e-08 -2.78047e-08 -3.9866e-05 0.000739968 -7.12771e-05 0.0158138 -2.95101e-06 -4.71221e-06 -1.49181e-05 0.00397179 0.00374797 -8.118e-07 0.00151072 -0.000499456 -3.58688e-07 -1.99284e-06 9.89504e-08 -2.51046e-06 4.54972e-07 -2.32639e-06 -0.000201078 -0.00344316 -9.59503e-08 -0.00386151 5.86374e-07 -9.16568e-05 -0.000100796 -1.70267e-06 2.77763e-05 4.68585e-06 -1.40148e-07 8.56299e-06 -6.52654e-08 6.15972e-05 -0.000605447 1.38359e-06 -0.000529711 -4.50018e-09 -0.00372916 0.00260597 -0.0027944 -7.83246e-08 -7.11253e-06 0.004529 3.26002e-07 -1.39827e-08 -0.00363169 1.62769e-05 -8.03764e-07 -7.28611e-05 4.58973e-07 2.16076e-05 8.42251e-07 -1.60185e-08 0 0 1.80492e-05 -5.08845e-06 1.11313e-05 -7.5003e-10 -2.24259e-07 -1.33934e-08 -9.4798e-05 5.72299e-07 -7.75409e-07 0 -7.181e-07 1.40139e-05 0.000273846 -0.000142931 
