0.00873526 -1.90066e-08 -1.93062e-07 -7.51865e-05 -3.74263e-05 0.00657585 0.000399756 -3.3461e-07 6.5108e-06 -3.78956e-09 6.13818e-05 -0.000179798 0.000102302 0.00228483 6.09345e-06 0.000226365 0.000118131 2.04991e-06 -0.000409418 0.000291879 0.000466555 0.000130314 -0.000634997 -2.35303e-05 1.69025e-07 0.00178986 -0.000151442 -3.20756e-05 3.42229e-05 0.000123211 0.0021625 0.00512512 0.000607577 0.000120841 7.97704e-06 9.60058e-05 -2.25473e-06 -0.00127329 -0.00048749 -0.000568968 -1.75935e-07 0.000256588 0.000930474 -3.51636e-08 0.000613865 -0.00195324 -0.00106259 0.000547636 0.000151891 0.000745032 0.000130451 8.27568e-05 -2.15337e-06 -0.000539806 1.49056e-05 -0.000328186 0.000111484 4.04662e-06 -8.83291e-07 -0.00635019 -2.53078e-07 1.87794e-07 -7.33507e-06 -0.0004487 0.000197478 -7.0047e-05 -0.000246823 0.00149745 -5.10627e-07 -0.000983584 -3.47861e-05 -0.00116997 9.88433e-05 -0.00271846 -0.00549881 1.02278e-06 0.000115264 3.78003e-06 0.000190752 0.000576292 -0.00055307 0.000268613 0.000267015 -2.61217e-06 -0.00667671 -0.000412489 -0.00562305 -0.000874943 -2.68031e-07 0.000231123 0.000354278 -3.57341e-08 0.00078149 0.00092277 -2.82014e-08 9.06775e-07 -5.50795e-06 0.00053773 5.66193e-06 0.000327126 
-1.90066e-08 2.15666e-06 -4.72454e-11 -2.52302e-08 -1.26925e-08 1.05788e-07 -1.45778e-09 -2.4095e-10 -1.27056e-10 -9.27367e-13 -5.22722e-08 -8.36509e-08 -1.35974e-07 -9.87205e-07 -2.79953e-09 -6.48057e-10 -9.0396e-09 -3.76885e-10 -1.0323e-07 -4.62773e-09 -3.63538e-09 -2.76843e-09 -2.9692e-07 1.36407e-06 -1.90002e-11 1.57606e-07 2.95261e-09 -8.73284e-09 -2.88044e-10 -3.24964e-09 -9.14178e-08 -8.16505e-08 -4.93168e-08 -1.02994e-09 3.30008e-07 -1.35948e-07 -5.88475e-10 8.4006e-09 2.05103e-08 -1.96724e-07 -4.30543e-11 2.12675e-07 -7.15084e-08 -8.6051e-12 -5.80096e-09 -1.02521e-08 -1.66446e-06 -4.89777e-09 5.55128e-08 -3.20578e-08 -2.91026e-09 -1.64364e-09 -5.81617e-10 -1.1642e-07 -1.139e-09 -9.02635e-08 -4.29466e-09 -1.60708e-10 -2.16156e-10 -1.38848e-06 -6.19323e-11 -2.99058e-11 1.2198e-06 -2.86884e-07 1.29804e-06 -2.03213e-08 -6.30576e-08 1.19005e-06 -2.37528e-10 2.21973e-08 -1.28638e-08 -1.44296e-07 -1.75951e-09 1.18252e-07 -1.31751e-06 -5.89086e-10 1.3112e-07 -2.77275e-11 -5.45018e-09 -2.80562e-08 4.312e-09 -3.36082e-09 3.22054e-07 -3.6884e-09 -1.21278e-06 1.04027e-06 5.75564e-08 -1.67502e-06 1.56601e-07 3.21427e-07 -2.69718e-09 -1.6781e-10 3.27489e-07 -1.24278e-07 -6.90133e-12 -2.1998e-11 -2.70688e-09 -4.26939e-09 -4.9287e-11 -7.10176e-09 
-1.93062e-07 -4.72454e-11 2.19062e-05 -2.5628e-07 -1.28926e-07 -4.15235e-07 -1.48077e-08 4.49755e-06 -1.29059e-09 -9.41987e-12 -2.32791e-06 -8.49696e-07 -1.27785e-06 -1.12595e-05 -2.84366e-08 -6.58273e-09 -4.84878e-08 -3.82826e-09 -1.04857e-06 -4.70069e-08 -3.69269e-08 1.52126e-08 -3.01601e-06 -6.02054e-08 -1.92998e-10 -2.51859e-07 -3.37365e-07 -8.87051e-08 -2.92585e-09 -3.30087e-08 1.92555e-05 -4.21526e-06 -4.5761e-07 -1.04618e-08 -3.37803e-08 -2.19352e-06 -5.97753e-09 4.19971e-08 2.04757e-05 -1.99825e-06 -4.3733e-10 -1.73378e-05 1.1307e-05 -8.74076e-11 -5.89241e-08 -1.88718e-05 -1.82752e-05 -6.41649e-09 -3.1355e-06 -1.10439e-06 4.33772e-07 2.66378e-08 -5.90786e-09 -1.91266e-05 -1.15696e-08 -9.16865e-07 1.01638e-06 -1.63241e-09 -2.19563e-09 -7.8606e-06 -6.29086e-10 -3.03772e-10 -6.97791e-08 1.67084e-07 -3.10108e-06 -2.06417e-07 2.41948e-06 -5.41238e-06 -2.41273e-09 1.82139e-07 -1.30666e-07 4.00503e-06 2.54609e-08 6.7533e-06 6.24588e-06 -5.98373e-09 2.06693e-05 -2.81647e-10 -5.5361e-08 2.35015e-07 4.66491e-10 -3.4138e-08 -1.14571e-07 -3.74655e-08 2.19024e-06 -3.55458e-06 6.73747e-06 2.61439e-06 -6.66255e-10 -1.20939e-07 -2.7397e-08 -1.70456e-09 -5.93672e-08 -1.21904e-06 -7.01013e-11 -2.23448e-10 -2.74955e-08 -3.36882e-11 -5.0064e-10 3.27863e-07 
-7.51865e-05 -2.52302e-08 -2.5628e-07 0.0115618 -6.88498e-05 -0.000198649 -3.40099e-06 -1.30702e-06 -6.8921e-07 4.2497e-07 0.00785168 -0.000453092 -0.000734021 -0.00779912 -1.47092e-05 -3.51534e-06 0.00243151 2.78156e-05 0.0108655 -2.47128e-05 -1.94932e-05 5.55618e-06 0.00733387 0.00121448 -1.03066e-07 -0.000116233 -0.000142774 0.00357577 -7.89145e-07 -7.55082e-06 -0.00096993 0.00431001 -0.000260779 -4.68021e-06 -1.80395e-05 -0.00108785 -2.76881e-06 4.53552e-05 -0.000623449 0.0104465 -3.68784e-08 -0.00899625 -0.00038205 -4.66778e-08 0.000584833 -0.00940806 -0.00203302 -2.65676e-05 0.00495991 -0.000552242 -1.39299e-05 -8.91248e-06 -3.15495e-06 -0.00551326 8.51156e-06 0.00843024 -1.41361e-05 -8.71748e-07 -9.72522e-07 0.00125729 -3.35948e-07 -1.62222e-07 1.95362e-05 8.41473e-05 -0.0015477 -0.000110195 0.00103239 -0.00295136 3.25154e-06 8.7001e-05 -6.95487e-05 0.00479502 -9.54435e-06 -0.0056676 -0.00538479 -3.19546e-06 -5.34051e-05 3.02927e-07 -2.95008e-05 0.00136781 2.22435e-05 -1.43439e-05 -4.5727e-05 -2.00075e-05 -0.00937698 -0.00193489 -0.00802565 -0.00666809 -3.02463e-07 -6.43646e-05 -1.28273e-05 5.31306e-06 -2.63402e-05 -0.000652417 -3.74359e-08 -1.19327e-07 -1.41866e-05 -2.31591e-05 -2.67354e-07 -3.56364e-05 
-3.74263e-05 -1.26925e-08 -1.28926e-07 -6.88498e-05 0.00585061 -9.53701e-05 9.77119e-05 -6.5752e-07 -3.4672e-07 -2.53066e-09 -0.000894416 -0.000228272 0.000241441 -0.00290182 -6.19286e-06 -1.69846e-06 -2.46378e-05 -1.01847e-06 -0.000241633 0.000505825 1.32695e-05 -7.55466e-06 -0.000798991 -1.17543e-05 1.94818e-07 -5.15204e-05 0.00377655 -2.35774e-05 -7.72701e-07 -8.8345e-06 -0.000631947 0.00307216 -0.000133552 -2.81058e-06 9.10982e-05 -0.000577045 -1.60587e-06 -0.000128336 0.00259902 -0.000527469 -1.17489e-07 -0.00245349 0.00226233 -2.34821e-08 -8.51669e-06 0.000756667 -0.00406011 -1.33653e-05 -0.000860932 -0.000296694 -5.06838e-06 -4.48527e-06 -1.58715e-06 6.8779e-05 -1.80484e-06 0.00379761 3.53047e-06 -4.38549e-07 -5.89859e-07 -0.00205785 2.11977e-05 -8.16088e-08 -1.55962e-05 -0.00387665 -0.000782046 0.00375236 -0.000171366 -0.000860822 -6.48182e-07 -0.000266963 0.00402072 -0.000741904 -4.80146e-06 -0.00291325 0.00101477 8.53391e-05 -2.92258e-05 -7.56647e-08 -1.48561e-05 -4.93849e-05 1.14302e-05 -9.17122e-06 7.71738e-05 -9.74848e-06 -0.00360382 4.37853e-05 0.00180634 -0.00352801 1.74434e-06 0.000326096 -6.27356e-06 -4.57931e-07 0.000131994 -0.000339139 -1.88328e-08 -6.00295e-08 -7.31336e-06 -1.16506e-05 -1.34498e-07 -1.29431e-05 
0.00657585 1.05788e-07 -4.15235e-07 -0.000198649 -9.53701e-05 0.0185955 0.000441181 -1.37102e-06 -1.03669e-06 -8.15054e-09 -0.000643734 -0.000733946 -0.00059302 0.00568379 -1.77148e-05 0.000286784 -7.61216e-05 1.21576e-05 -0.000702673 0.00128467 0.000582359 -2.43315e-05 0.00499101 -3.86461e-05 7.96753e-08 0.000788391 -0.000379919 -7.08355e-05 7.49351e-05 -2.03608e-05 0.00277225 0.0150652 -0.000402501 9.72112e-05 0.00101376 -0.00180106 -5.17206e-06 -0.000945725 -0.00107808 0.00208411 2.7216e-06 0.00367903 0.00240563 -7.56294e-08 -3.53508e-05 -1.65078e-05 0.00207178 0.000546064 -0.0027275 -0.00095557 -2.4378e-05 -1.33958e-05 -1.09178e-06 -0.00041622 -9.86057e-06 -0.000534021 -3.7622e-05 -1.41244e-06 -1.65977e-06 -0.0075215 -5.44317e-07 4.22049e-06 -5.39064e-05 -0.00150892 -0.00260832 -0.000147299 0.000349872 0.00233993 -2.08761e-06 -0.000946187 -8.60952e-05 -0.00247033 9.425e-07 -0.00863186 -0.0124893 -1.96409e-06 -0.000104134 3.79297e-06 0.000278429 0.000594997 -0.000508826 0.000232962 0.00210501 -2.3607e-05 -0.01523 -0.000298946 -0.0128564 0.000452661 -1.33144e-07 0.000249611 0.000457081 -1.42487e-06 0.00204525 -0.00109043 -6.06552e-08 9.09995e-07 -8.57381e-06 0.00050123 5.49349e-06 0.000519183 
0.000399756 -1.45778e-09 -1.48077e-08 -3.40099e-06 9.77119e-05 0.000441181 0.000675486 3.37815e-07 -3.98221e-08 -2.90656e-10 0.000182517 -2.36512e-05 2.06995e-05 -8.41306e-05 4.74257e-06 8.04022e-06 3.30014e-06 4.17854e-06 -1.42743e-05 1.72957e-06 0.000108971 4.59565e-06 2.43392e-05 -6.24341e-07 2.40712e-07 0.000221842 0.000105102 -2.72372e-06 2.58564e-05 1.17648e-05 5.01609e-05 0.000431456 8.43364e-05 1.98239e-05 8.04436e-06 -4.6849e-05 -1.8444e-07 -0.000274697 -4.60192e-06 -1.60538e-05 3.98393e-08 -8.19026e-05 6.58778e-05 -2.69701e-09 6.48119e-05 -0.000163691 -0.000153733 7.73316e-05 1.93272e-05 5.63835e-05 1.44412e-05 3.19818e-06 4.11043e-07 -0.000106545 1.99968e-06 0.000100093 2.45397e-06 2.09296e-06 -6.77475e-08 -0.000274196 -1.94108e-08 -9.37308e-09 -2.13974e-06 -0.000185341 1.30842e-05 7.59909e-05 -7.74022e-06 -8.00586e-05 -7.44461e-08 -0.00035736 0.000107525 -8.98789e-05 4.43853e-06 -0.000444904 -0.000385023 2.47203e-06 9.71202e-06 3.22798e-06 0.000106652 9.72661e-06 -8.16852e-05 -4.4335e-07 2.24515e-05 -1.15602e-06 -0.000555542 -0.000105263 -0.000368274 -0.000182628 -2.05577e-08 2.8135e-05 3.68946e-05 4.07382e-08 8.86015e-05 6.3252e-05 -2.16302e-09 -6.89462e-09 2.51828e-06 6.90019e-05 5.10789e-06 0.000105447 
-3.3461e-07 -2.4095e-10 4.49755e-06 -1.30702e-06 -6.5752e-07 -1.37102e-06 3.37815e-07 0.000111711 -6.58199e-09 -4.8041e-11 7.01641e-06 -4.25676e-06 -6.96731e-06 -5.6594e-05 -1.45026e-07 7.30949e-08 4.86505e-06 -1.9524e-08 -5.06768e-06 -1.33067e-07 -8.16594e-08 5.18992e-06 -1.07882e-05 2.10962e-06 -9.84283e-10 2.23612e-05 2.22721e-05 -4.52393e-07 -1.49218e-08 5.05166e-06 7.30124e-05 -1.8811e-05 2.30985e-05 2.25998e-06 -1.72278e-07 -8.67688e-06 3.59515e-07 -5.29815e-06 5.03773e-05 -1.00677e-05 -2.23037e-09 -5.81465e-05 5.59089e-05 -4.45776e-10 -3.00511e-07 -7.5638e-05 -6.51727e-05 5.35628e-06 1.92664e-05 -4.399e-06 -1.50762e-07 2.46152e-06 -3.01299e-08 -1.24425e-05 2.74329e-07 -4.67598e-06 7.35419e-06 -8.32525e-09 -1.11977e-08 -7.21872e-05 -3.20832e-09 -1.54923e-09 5.14129e-07 -5.71208e-07 1.39046e-05 -2.56052e-07 -3.26662e-06 -2.40503e-05 -1.23048e-08 -6.6701e-06 -6.66391e-07 -7.14693e-06 4.46218e-06 1.97377e-09 -1.83819e-05 -3.05169e-08 6.0314e-05 -1.43639e-09 -2.82339e-07 3.17992e-06 -5.21662e-06 -1.74103e-07 -5.84308e-07 -2.44063e-08 4.7938e-06 -1.56116e-05 4.3419e-06 -1.5769e-05 -3.39788e-09 2.86546e-07 1.28361e-06 -8.69319e-09 -3.02771e-07 9.19206e-08 -3.57515e-10 -1.13958e-09 -1.40226e-07 5.21883e-06 5.74467e-08 -9.78975e-08 
6.5108e-06 -1.27056e-10 -1.29059e-09 -6.8921e-07 -3.4672e-07 -1.03669e-06 -3.98221e-08 -6.58199e-09 5.89099e-05 -2.53327e-11 4.52011e-05 6.24922e-07 6.66228e-06 1.12316e-05 4.30019e-06 -1.77029e-08 2.46531e-05 -1.02953e-08 -2.02991e-06 3.03585e-07 2.45069e-06 2.3571e-05 -5.64758e-06 -1.6191e-07 -5.19026e-10 2.58328e-05 4.2092e-06 -2.38554e-07 -7.86846e-09 2.45846e-05 7.01067e-06 -8.84272e-06 4.23662e-05 6.21865e-07 6.22488e-07 9.10433e-06 -1.60753e-08 -3.40639e-05 -3.35514e-06 -5.37387e-06 2.35491e-07 -3.73929e-05 -1.95338e-06 -2.35064e-10 1.25487e-06 -3.50448e-05 -2.82412e-05 2.52662e-05 2.27071e-05 -2.97001e-06 2.12717e-06 2.4751e-06 -1.58879e-08 -2.46648e-05 1.39422e-05 -2.46571e-06 9.51935e-06 1.32277e-07 -5.90469e-09 -3.01898e-05 -1.69179e-09 -8.16932e-10 -1.87656e-07 -9.04066e-06 2.28636e-05 -5.55114e-07 -1.72254e-06 -1.05053e-05 -6.48852e-09 -3.7167e-05 -3.51398e-07 -6.39712e-06 1.17519e-05 -3.75079e-05 -4.19998e-05 1.77241e-07 2.3073e-05 -7.57429e-10 6.66112e-06 -7.66407e-07 -2.52822e-05 1.34486e-06 -3.08114e-07 -1.00756e-07 -2.76018e-05 9.82214e-06 -4.06778e-05 -4.77093e-05 -1.79175e-09 -2.31907e-07 3.64965e-06 -4.58405e-09 -1.59656e-07 3.33184e-05 -1.88523e-10 -6.00916e-10 -7.39433e-08 2.41634e-05 -1.34637e-09 -6.06643e-08 
-3.78956e-09 -9.27367e-13 -9.41987e-12 4.2497e-07 -2.53066e-09 -8.15054e-09 -2.90656e-10 -4.8041e-11 -2.53327e-11 4.3e-07 3.64416e-07 -1.66785e-08 -2.71108e-08 -2.91869e-07 -5.58174e-10 -1.29211e-10 -1.80233e-09 -7.51439e-11 4.09418e-07 -9.22685e-10 -7.24828e-10 -5.51974e-10 1.24133e-07 -1.18176e-09 -3.7883e-12 -5.79425e-09 -8.71578e-09 -1.74117e-09 -5.74308e-11 -6.4792e-10 -4.68051e-08 -8.27402e-08 -9.83287e-09 -2.05352e-10 -6.63064e-10 -4.3056e-08 -1.17331e-10 1.67493e-09 -2.44887e-08 3.90777e-07 -8.58423e-12 -3.43068e-07 -1.42575e-08 -1.7157e-12 -1.15661e-09 -3.74223e-07 -1.25073e-07 -9.76526e-10 3.65968e-07 -2.16777e-08 -5.80253e-10 -3.27712e-10 -1.15964e-10 -1.57967e-07 -2.27096e-10 4.12003e-07 -8.56276e-10 -3.20422e-11 -4.30975e-11 9.80009e-08 -1.23482e-11 -5.96267e-12 -1.36967e-09 3.27966e-09 -6.08703e-08 -4.0517e-09 -1.25725e-08 -1.08986e-07 -4.73588e-11 4.42573e-09 -2.5648e-09 -5.7348e-08 -3.50814e-10 -2.94104e-07 1.23449e-07 -1.17453e-10 -2.43516e-09 -5.52837e-12 -1.08667e-09 1.57739e-07 8.59735e-10 -6.70086e-10 -2.24888e-09 -7.354e-10 -3.60771e-07 -7.2389e-08 -2.96901e-07 -3.77832e-07 -1.30777e-11 -2.37389e-09 -5.37768e-10 -3.34583e-11 -1.1653e-09 -2.47788e-08 -1.376e-12 -4.386e-12 -5.39702e-10 -8.51239e-10 -9.82693e-12 -1.41596e-09 
6.13818e-05 -5.22722e-08 -2.32791e-06 0.00785168 -0.000894416 -0.000643734 0.000182517 7.01641e-06 4.52011e-05 3.64416e-07 0.129259 -0.00167908 -0.00484456 0.000711839 -3.9719e-05 -4.03246e-05 0.00236626 5.97196e-05 0.0095397 -0.000307952 0.000575109 0.000450704 -0.00309467 -0.000413468 -3.20385e-07 0.00332639 0.0116595 0.00207464 1.68758e-05 0.000433628 -0.00764361 -0.0144336 0.0185601 0.000213168 -0.00023172 0.0418348 0.000154022 -0.00113522 -0.00579313 0.00112105 -1.73818e-06 -0.0567885 -0.00451493 3.4771e-08 0.0013168 -0.0625438 0.00547658 0.000643064 0.0828062 0.00273625 8.41029e-05 0.000105893 0.000159184 -0.00548782 0.000391249 0.00113507 1.17737e-05 5.97812e-05 8.06132e-05 0.0205251 -4.37992e-06 2.4917e-06 -0.00042791 0.000509961 0.0702142 -0.00132781 -0.00358367 -0.0278971 8.59841e-06 -0.00350072 -0.000756887 0.00173406 7.34422e-05 -0.0434146 -0.0510843 -2.79342e-05 0.000826049 3.30241e-06 0.00150451 -0.0012648 -0.00052773 0.000696902 -0.000707432 -0.000246731 0.00165647 -0.0113547 -0.0737933 -0.0401938 -4.6387e-06 -0.000829789 0.000414526 -7.64396e-07 -0.000411129 0.00802567 -3.80701e-08 2.0761e-07 -0.00018087 0.000511387 1.3181e-05 -0.000155514 
-0.000179798 -8.36509e-08 -8.49696e-07 -0.000453092 -0.000228272 -0.000733946 -2.36512e-05 -4.25676e-06 6.24922e-07 -1.66785e-08 -0.00167908 0.0372827 0.0339095 0.0120326 8.28579e-05 -1.16551e-05 -0.000162575 -6.74484e-06 -0.00185525 -8.16753e-05 -6.31414e-05 -4.97895e-05 -0.00533457 -0.000106567 -3.41714e-07 -0.000502123 -0.000760533 -0.000151378 -4.48041e-06 -5.8444e-05 -0.00421948 -0.00745297 -0.000877037 -1.85233e-05 -5.86334e-05 0.0342514 -1.05169e-05 -0.000559771 -0.00220894 -0.00352062 -7.70987e-07 -0.03092 -0.00127626 -1.54761e-07 -8.99755e-05 0.00497288 -0.032511 -8.69251e-05 0.0330064 0.0356503 3.27596e-05 -2.95604e-05 -8.9669e-06 0.000482066 -2.0298e-05 -0.00110943 -7.67683e-05 -2.89029e-06 -3.8875e-06 -0.0285125 -1.11384e-06 4.72152e-07 -0.000123548 0.00028205 0.033279 -0.00036531 -0.00113065 -0.00982236 -7.11883e-07 0.000217345 -0.000230988 -0.0051725 -3.16443e-05 -0.0264681 -0.0276119 -1.05946e-05 -0.000219185 -4.98673e-07 -9.64701e-05 -0.000500281 7.75503e-05 0.000394673 -0.000201155 -6.6335e-05 0.00620731 -0.0063891 -0.0267611 -0.0340797 -1.17965e-06 -1.47206e-05 -4.84414e-05 -3.01802e-06 -0.000103933 0.0335743 -1.24119e-07 -3.95628e-07 -4.86825e-05 -7.6784e-05 -8.86415e-07 -0.000127147 
0.000102302 -1.35974e-07 -1.27785e-06 -0.000734021 0.000241441 -0.00059302 2.06995e-05 -6.96731e-06 6.66228e-06 -2.71108e-08 -0.00484456 0.0339095 0.0590733 0.0146208 0.000904188 -1.88754e-05 -0.000263665 -1.01079e-05 -0.00297249 -6.12713e-05 -7.6554e-05 -8.08027e-05 -0.00830841 -0.000153067 -3.0879e-07 -0.000668498 -0.000905061 -0.000251674 -7.33741e-06 -9.18707e-05 -0.00685932 -0.0105751 -0.00139555 -3.01096e-05 -8.04446e-05 0.0387479 -1.59736e-05 -0.000745935 -0.00353285 -0.00547258 -1.15199e-06 -0.0324005 -0.00182685 2.5177e-07 0.000256414 0.00798595 -0.0516015 -0.000139352 0.0355309 0.0395742 0.000235481 -4.80504e-05 -1.70031e-05 0.000782087 -3.32977e-05 -0.000766215 -0.000116007 -4.69816e-06 -5.15246e-06 -0.0470712 1.45946e-06 5.75729e-07 -0.000129547 -8.69565e-05 0.0363658 -0.000121347 -0.00182715 0.000200604 -3.39394e-06 4.55955e-05 1.04682e-05 -0.0082585 -5.11045e-05 -0.0260294 -0.0292709 -3.65146e-06 -0.000355464 -8.10592e-07 -0.000158811 -0.000795661 0.000126058 0.000116056 -0.000256203 -6.76841e-05 -0.0021196 0.0105811 -0.0268617 -0.0376615 -1.91751e-06 0.000191578 -7.88498e-05 -3.29246e-06 -6.46582e-05 0.0377732 -2.01755e-07 3.79024e-06 -7.87133e-05 -0.000124812 -1.44087e-06 -0.000206274 
0.00228483 -9.87205e-07 -1.12595e-05 -0.00779912 -0.00290182 0.00568379 -8.41306e-05 -5.6594e-05 1.12316e-05 -2.91869e-07 0.000711839 0.0120326 0.0146208 0.218043 0.000123798 9.49776e-05 -0.00242362 -8.22666e-05 -0.0307119 0.000134124 0.00044728 -0.000487035 0.00443847 -0.00180822 -4.29659e-06 -0.00231657 -0.0025572 -0.00262571 2.0734e-05 -0.000645504 0.0153477 0.018087 0.00453216 -0.000168567 0.000230226 0.0257306 -0.000177964 -0.000290938 -0.0319559 -0.0489025 -5.58043e-06 0.0303735 0.00345789 8.78391e-07 -0.000436971 0.015932 -0.00739293 -0.000175144 0.0212131 0.0151888 -0.000626612 -0.000248618 -6.38085e-05 0.00650478 -0.000192883 -0.0243653 -0.00041034 -3.97994e-05 -6.22871e-05 -0.0312227 -1.94919e-05 1.19778e-06 -0.0020664 0.00263632 0.0277757 -0.00597363 0.00442113 -4.84595e-05 -6.11237e-05 0.00119779 -0.00395684 -0.0849004 -0.000214769 -0.0477354 -0.048028 -9.0476e-05 -0.00287308 8.26666e-07 0.0004193 -0.00495901 0.00026902 0.000233115 0.00139415 0.000317042 -0.0122458 0.018159 -0.0613518 -0.0124038 -1.18335e-05 -0.000953995 -0.000111207 -3.96781e-05 0.000641526 0.0165794 -1.99538e-06 -3.03008e-06 -0.000237936 -0.000267733 6.4446e-06 0.000513349 
6.09345e-06 -2.79953e-09 -2.84366e-08 -1.47092e-05 -6.19286e-06 -1.77148e-05 4.74257e-06 -1.45026e-07 4.30019e-06 -5.58174e-10 -3.9719e-05 8.28579e-05 0.000904188 0.000123798 0.00129639 -3.9006e-07 -1.12753e-06 4.09823e-07 -4.86631e-05 -1.61539e-06 -2.08477e-06 2.33037e-06 -0.000158527 6.65919e-06 -1.14361e-08 3.13017e-05 -2.04945e-05 -5.25622e-06 -1.73372e-07 2.30407e-06 -0.000117665 -0.000197429 1.33433e-05 -4.36582e-07 2.31681e-07 0.000558963 1.2858e-06 -3.19404e-05 -4.79195e-05 -0.000102266 -2.5914e-08 -0.000457347 -3.01637e-05 -5.17934e-09 1.36818e-05 8.02746e-05 -0.00107823 -2.76459e-06 0.000542863 0.00029092 7.45834e-06 3.00737e-06 -3.50071e-07 1.18221e-05 -6.28888e-07 -4.80788e-05 7.77841e-06 -9.67286e-08 -1.30102e-07 -0.000992202 -3.72765e-08 -1.33338e-09 4.65086e-05 6.60059e-06 0.000546629 -1.21612e-05 1.09945e-06 0.00012245 -1.42966e-07 -1.9413e-05 -6.1926e-06 -0.000122178 3.29763e-06 -0.000333716 -0.000455889 -9.45662e-08 -4.77791e-06 -1.6689e-08 -2.71042e-06 -9.75014e-06 -1.34131e-06 -1.67952e-06 1.1711e-06 4.4998e-07 -0.00042104 0.000626906 -0.00053089 -0.000563213 2.29385e-06 1.70404e-07 -1.47674e-06 1.56631e-08 -9.34472e-07 0.000565228 -4.15386e-09 -1.32404e-08 -1.58258e-06 -1.82638e-06 -2.96655e-08 -4.18116e-06 
0.000226365 -6.48057e-10 -6.58273e-09 -3.51534e-06 -1.69846e-06 0.000286784 8.04022e-06 7.30949e-08 -1.77029e-08 -1.29211e-10 -4.03246e-05 -1.16551e-05 -1.88754e-05 9.49776e-05 -3.9006e-07 0.0003004 -1.25949e-06 1.52308e-05 -1.43831e-05 0.000280289 0.000298547 -3.85727e-07 -3.79601e-05 -2.29161e-07 -2.64732e-09 0.000294394 -6.09071e-06 -1.21675e-06 -4.01334e-08 -4.52775e-07 0.000246405 0.00024267 -6.87135e-06 2.7565e-06 -4.63359e-07 -3.00881e-05 -8.19927e-08 -0.000297966 -1.7113e-05 -2.73096e-05 -5.99878e-09 5.89528e-05 -9.94665e-06 -1.19896e-09 2.13841e-06 -0.000261226 -6.23568e-05 0.000297624 -4.47466e-05 -1.51487e-05 -4.05489e-07 6.07657e-07 1.58563e-06 -0.00027473 -1.58698e-07 -1.24065e-05 -5.98378e-07 -2.23915e-08 -3.01171e-08 -0.000230826 -8.62907e-09 -4.16679e-09 -8.57148e-07 -0.000296845 -4.2537e-05 -2.76138e-06 -8.26254e-06 -7.03643e-05 -3.3095e-08 -0.000296044 -1.72232e-06 -4.00756e-05 3.11513e-07 -0.000205524 -0.000214222 -8.20778e-08 -1.61839e-06 -3.8633e-09 4.13396e-06 0.000115374 -0.000298466 0.000194745 -9.74882e-07 -1.37241e-07 -0.000252112 -5.05864e-05 -0.000207406 -0.000164701 -9.1389e-09 -1.47224e-06 0.000295771 -2.33811e-08 1.01567e-06 -1.66525e-05 -9.61568e-10 -3.065e-09 -3.77151e-07 0.000293578 -6.8672e-09 4.21305e-05 
0.000118131 -9.0396e-09 -4.84878e-08 0.00243151 -2.46378e-05 -7.61216e-05 3.30014e-06 4.86505e-06 2.46531e-05 -1.80233e-09 0.00236626 -0.000162575 -0.000263665 -0.00242362 -1.12753e-06 -1.25949e-06 0.0041739 2.82009e-05 0.0026048 1.94294e-05 5.63813e-05 0.0012599 0.00222723 0.000166081 8.36307e-06 0.0012904 -6.18447e-05 0.00180664 -5.59813e-07 0.00124148 0.000886059 0.000359311 0.00123808 0.000337538 -4.42662e-06 -0.000417926 -2.60365e-07 -0.00120598 -0.000232313 0.00247775 1.22632e-06 -0.00308147 -0.00011396 3.02661e-06 0.000634286 -0.00333969 -0.00324994 0.00129351 0.000976189 -0.000206699 2.16473e-05 0.000748542 8.67063e-05 -0.00386043 0.000424323 0.0026832 0.00083489 6.61343e-05 9.44132e-05 -0.000926872 -1.20365e-07 1.18783e-08 0.000213602 -0.000611235 -0.00055664 -3.85977e-05 8.12145e-05 -0.00106235 6.48365e-07 -0.00130871 -2.27907e-05 0.00142792 0.000789937 -0.00286681 -0.00295742 2.55178e-06 0.00120596 2.52778e-07 1.28009e-05 0.000646913 -0.00131665 0.000137128 -2.14612e-05 1.84942e-07 -0.00341673 -0.000701983 -0.00269326 -0.00358208 -1.27477e-07 -2.21697e-05 0.000641838 -9.47161e-09 -7.06224e-06 0.00108527 -1.34127e-08 -4.2753e-08 -5.2608e-06 0.00130723 -9.57891e-08 0.000295231 
2.04991e-06 -3.76885e-10 -3.82826e-09 2.78156e-05 -1.01847e-06 1.21576e-05 4.17854e-06 -1.9524e-08 -1.02953e-08 -7.51439e-11 5.97196e-05 -6.74484e-06 -1.01079e-05 -8.22666e-05 4.09823e-07 1.52308e-05 2.82009e-05 0.000174723 2.44054e-05 2.07117e-05 2.45154e-05 2.4939e-05 2.36108e-05 -5.36027e-08 -1.53958e-09 9.90019e-05 9.46121e-06 1.89905e-06 -2.33401e-08 2.55634e-05 -1.32884e-05 3.84741e-05 5.54972e-05 8.98775e-08 3.81305e-05 -1.38748e-05 3.0565e-07 -2.31693e-05 -9.95227e-06 2.55863e-05 5.97651e-06 -3.94305e-05 2.55719e-07 -6.97266e-10 0.000107033 -0.000126889 -8.58094e-05 5.03131e-05 3.62071e-05 -3.76654e-06 3.53508e-05 4.16015e-06 2.41029e-05 -3.08892e-05 3.67708e-07 1.86693e-05 -3.47993e-07 5.29698e-06 2.43358e-05 -9.04821e-05 -5.01833e-09 8.09101e-08 -5.5664e-07 -8.00838e-05 -3.43122e-06 1.40934e-05 7.97048e-06 -3.74562e-06 -1.92467e-08 -5.11147e-05 -8.85676e-07 1.37903e-05 2.34095e-07 -0.000109348 -9.58932e-05 4.2656e-06 1.28034e-06 -2.24675e-09 1.84504e-06 8.67662e-06 -5.02206e-05 1.63977e-05 2.86594e-05 -2.98869e-07 -0.000126972 -2.08525e-05 -0.000113462 -0.000115099 9.09802e-06 1.02752e-05 2.01114e-05 7.93069e-07 2.36664e-05 4.84698e-05 2.09441e-07 -1.78248e-09 3.03997e-07 4.80707e-05 -3.9937e-09 3.10788e-06 
-0.000409418 -1.0323e-07 -1.04857e-06 0.0108655 -0.000241633 -0.000702673 -1.42743e-05 -5.06768e-06 -2.02991e-06 4.09418e-07 0.0095397 -0.00185525 -0.00297249 -0.0307119 -4.86631e-05 -1.43831e-05 0.0026048 2.44054e-05 0.0455743 -9.86153e-05 -3.68442e-05 -2.39429e-05 0.0220832 0.00131307 -4.21694e-07 0.00278892 -0.000564057 0.00344184 -1.4029e-06 -5.38098e-05 -0.00492482 0.0194201 -0.000602656 -2.17954e-05 -7.36456e-05 -0.00287787 3.24226e-05 0.000149341 -0.00202578 0.0376097 -7.58887e-07 -0.0249093 -0.000979806 -1.90983e-07 0.000524903 -0.0194149 -0.00287135 -0.000108702 0.00385004 -0.00240206 -6.37875e-05 -3.64759e-05 -1.29085e-05 -0.00658278 -9.43916e-06 0.0223274 -4.6743e-05 -3.56677e-06 -3.80072e-06 -0.0064583 -1.37454e-06 -6.63734e-07 0.00133023 -0.000321925 -0.00521926 -0.000445174 3.68349e-05 -0.0111281 3.10916e-05 0.000279126 -0.000277521 0.0222485 -3.90508e-05 -0.0178873 -0.00813595 -1.30743e-05 -0.000199553 1.28794e-06 -0.000119059 0.00103953 9.45546e-05 -6.67073e-05 -0.000247454 -8.18277e-05 -0.0228721 -0.0077804 -0.01185 -0.00561904 3.87587e-07 -0.000252922 -5.97549e-05 2.24923e-05 -0.000120312 -0.0027552 -1.49836e-07 -4.88227e-07 0.00050685 -9.47556e-05 -1.00388e-06 3.86024e-05 
0.000291879 -4.62773e-09 -4.70069e-08 -2.47128e-05 0.000505825 0.00128467 1.72957e-06 -1.33067e-07 3.03585e-07 -9.22685e-10 -0.000307952 -8.16753e-05 -6.12713e-05 0.000134124 -1.61539e-06 0.000280289 1.94294e-05 2.07117e-05 -9.86153e-05 0.00214118 0.000420186 1.45355e-05 -0.000232284 -5.89052e-06 -1.89043e-08 0.000550816 0.000479257 -7.82209e-06 1.08101e-05 2.28634e-05 0.000190961 0.00167703 -5.87787e-06 4.24653e-05 0.00106701 -0.000207081 -5.85505e-07 -0.000521192 6.82369e-05 -0.000180687 6.94383e-06 9.52545e-05 7.17026e-05 -8.56166e-09 6.20783e-05 -0.000241694 -0.000480096 0.00041405 -0.000262806 -9.9869e-05 -2.83557e-06 1.20413e-05 2.16799e-06 -0.000376806 1.63634e-05 0.000434386 1.1387e-05 2.1677e-07 -2.15064e-07 -0.00142339 1.23505e-06 -2.97548e-08 -6.79493e-06 -0.00192186 -0.000288804 0.000504628 -2.3476e-05 0.000584122 -2.36329e-07 -0.000491448 0.000518241 -0.000284471 1.9536e-05 -0.0014643 -0.00131042 1.89722e-06 2.66614e-05 -2.75876e-08 -5.42267e-06 0.000107699 -0.000416036 0.000222863 0.000999734 1.50369e-05 -0.00176461 -0.000341941 -0.00094278 -0.00164341 9.12141e-06 0.000114807 0.000407593 -1.66963e-07 0.00121303 -5.87243e-05 2.23134e-07 -2.1887e-08 -5.43211e-07 0.000415409 -4.90382e-08 7.80141e-05 
0.000466555 -3.63538e-09 -3.69269e-08 -1.94932e-05 1.32695e-05 0.000582359 0.000108971 -8.16594e-08 2.45069e-06 -7.24828e-10 0.000575109 -6.31414e-05 -7.6554e-05 0.00044728 -2.08477e-06 0.000298547 5.63813e-05 2.45154e-05 -3.68442e-05 0.000420186 0.00168281 5.67954e-06 -0.000182269 -3.18928e-06 -1.48505e-08 0.00116218 0.000365763 -6.71224e-06 3.59015e-05 5.30568e-05 0.000675382 0.000551249 0.000743837 0.000173055 2.17383e-07 -0.000115974 2.08005e-06 -0.00128206 -5.91616e-05 -0.000153532 -3.36511e-08 0.000112707 -5.27508e-05 -6.72573e-09 2.43826e-05 -0.00119452 -3.56127e-05 0.000725119 0.00044585 -8.24889e-05 -9.04657e-07 5.172e-06 5.60754e-05 -0.000721558 0.00010775 -5.64264e-05 2.64664e-06 -1.22275e-07 1.1772e-07 -0.000870816 -4.84062e-08 -2.33743e-08 -5.36927e-06 -0.000738093 0.000390285 1.45702e-05 3.54609e-05 -0.000201677 -1.85652e-07 -0.000704437 9.35904e-06 -0.000151837 1.72477e-06 -0.00114747 -0.00119239 5.06238e-07 8.12539e-05 3.90166e-06 2.25702e-05 0.000111315 -0.000733656 0.000278467 0.000132164 8.98382e-06 -0.00120619 0.000107901 -0.0011191 -0.000879204 -1.79328e-08 4.51745e-06 0.000636545 -1.3116e-07 4.01886e-07 0.000173654 -5.39407e-09 1.6614e-07 1.93098e-06 0.0007167 1.96115e-05 0.000417583 
0.000130314 -2.76843e-09 1.52126e-08 5.55618e-06 -7.55466e-06 -2.43315e-05 4.59565e-06 5.18992e-06 2.3571e-05 -5.51974e-10 0.000450704 -4.97895e-05 -8.08027e-05 -0.000487035 2.33037e-06 -3.85727e-07 0.0012599 2.4939e-05 -2.39429e-05 1.45355e-05 5.67954e-06 0.00128201 -0.000140442 3.20088e-05 8.38869e-06 0.00122639 -2.55055e-05 7.4755e-06 -1.71446e-07 0.00116393 0.000991585 -0.000208157 0.00121661 0.000297894 -4.06083e-07 -0.000128533 5.3307e-07 -0.00113752 -7.3095e-05 -7.9281e-05 1.08771e-06 -0.00100534 -3.34455e-05 3.03821e-06 7.95139e-05 -0.00111193 -0.00110911 0.00121795 -0.000189376 -6.45734e-05 2.46511e-05 0.000745388 7.91672e-05 -0.00125678 0.000345679 -1.59153e-05 0.000799394 6.25077e-05 9.1988e-05 -0.000989975 -3.68624e-08 5.21999e-08 1.55784e-06 -0.000561073 -0.000171913 -1.20954e-05 -2.3056e-06 -0.000325351 -1.41378e-07 -0.00123609 -6.97992e-06 -4.67652e-05 0.000788796 -0.000877977 -0.000915133 3.01937e-06 0.00113327 -1.65036e-08 2.0046e-05 1.48541e-05 -0.0012403 0.000134226 -6.69348e-06 -1.04869e-06 -0.00107693 -0.000213686 -0.000886327 -0.00112793 -3.90404e-08 -6.99332e-06 0.000574111 -9.98816e-08 -3.47873e-06 0.00117182 -4.10771e-09 -1.30933e-08 -1.61115e-06 0.00123091 -2.93359e-08 0.00028728 
-0.000634997 -2.9692e-07 -3.01601e-06 0.00733387 -0.000798991 0.00499101 2.43392e-05 -1.07882e-05 -5.64758e-06 1.24133e-07 -0.00309467 -0.00533457 -0.00830841 0.00443847 -0.000158527 -3.79601e-05 0.00222723 2.36108e-05 0.0220832 -0.000232284 -0.000182269 -0.000140442 0.118721 0.00168271 -1.21292e-06 0.00164046 -0.00229389 0.00274402 2.08874e-06 -7.76379e-05 0.0304283 0.102474 -0.00313684 -6.55321e-05 -0.00019716 -0.0133035 -2.98899e-05 0.00052417 -0.00783787 0.0344265 -2.28179e-06 0.00683743 0.00749096 -4.52658e-07 0.000269497 0.00178887 0.0016403 -0.000287256 -0.0146837 -0.00692826 -0.000181956 -0.000104925 -3.68221e-05 -0.00300094 -5.43338e-05 0.0278529 -0.000247452 -1.02591e-05 -1.16154e-05 0.00658505 -2.80358e-06 4.35423e-06 0.000934787 0.000692735 -0.0188601 0.000687 0.00849428 -0.0341224 -1.40231e-05 0.000859686 -0.000403943 -0.00481345 -0.000106222 -0.0923851 -0.0823687 -3.29656e-05 -0.000400466 -9.4338e-07 0.000279373 0.0082731 0.000271469 4.47849e-05 0.00209185 -0.000206554 -0.027163 -0.021955 -0.0462396 -0.00325522 7.89499e-07 0.00233353 -0.000150463 -6.81919e-06 -0.000197265 -0.00782911 -4.40561e-07 2.11238e-06 -0.000105962 -0.000269536 -3.14634e-06 0.00113023 
-2.35303e-05 1.36407e-06 -6.02054e-08 0.00121448 -1.17543e-05 -3.86461e-05 -6.24341e-07 2.10962e-06 -1.6191e-07 -1.18176e-09 -0.000413468 -0.000106567 -0.000153067 -0.00180822 6.65919e-06 -2.29161e-07 0.000166081 -5.36027e-08 0.00131307 -5.89052e-06 -3.18928e-06 3.20088e-05 0.00168271 0.00274072 -2.42123e-08 9.92404e-05 -5.31554e-05 0.000960692 -3.67059e-07 1.95123e-05 4.70767e-05 0.00143552 -6.28451e-05 -1.28247e-06 1.02855e-05 -0.000269745 7.23431e-07 1.0705e-05 0.000342952 0.00185115 -5.48646e-08 -0.0015097 2.30792e-05 -1.09656e-08 -2.02558e-06 -0.00103551 -0.00210247 -6.24129e-06 -0.000403964 -0.000134902 3.47247e-05 -2.09451e-06 -7.41163e-07 -0.00109376 -1.23478e-06 0.00183058 -5.47274e-06 -2.04792e-07 -1.82117e-07 -0.00139744 -7.89212e-08 -3.81093e-08 0.000222649 9.41802e-06 -0.000383952 2.48509e-05 0.00173819 -0.000611516 -3.02685e-07 1.83229e-05 -1.55158e-05 0.00124584 -2.24217e-06 -0.00119588 -0.00144615 1.69932e-06 3.91261e-05 -3.53336e-08 -4.00857e-06 0.00154662 4.61485e-06 -3.66607e-06 5.691e-05 -4.01018e-06 -0.0013607 -0.000382952 -0.00094254 -0.00159668 1.56642e-06 1.29911e-05 1.92628e-06 -2.13843e-07 -2.96783e-06 -0.000158063 1.17872e-07 -2.80324e-08 -2.46941e-06 -5.44055e-06 -6.28071e-08 1.81101e-05 
1.69025e-07 -1.90002e-11 -1.92998e-10 -1.03066e-07 1.94818e-07 7.96753e-08 2.40712e-07 -9.84283e-10 -5.19026e-10 -3.7883e-12 -3.20385e-07 -3.41714e-07 -3.0879e-07 -4.29659e-06 -1.14361e-08 -2.64732e-09 8.36307e-06 -1.53958e-09 -4.21694e-07 -1.89043e-08 -1.48505e-08 8.38869e-06 -1.21292e-06 -2.42123e-08 8.80992e-06 8.28129e-06 -1.52389e-08 -3.56737e-08 -1.17666e-09 8.32673e-06 7.20437e-06 -1.44855e-06 8.36187e-06 2.32459e-07 -1.35851e-08 -6.35481e-07 -2.40393e-09 -8.61235e-06 -5.01733e-07 -8.03617e-07 -1.75877e-10 -7.0289e-06 -2.92112e-07 -3.51519e-11 -2.3697e-08 -7.42056e-06 -7.453e-06 8.37999e-06 -1.14858e-06 -4.4414e-07 -1.18884e-08 5.79662e-06 -2.37591e-09 -8.53673e-06 1.37868e-06 -1.2206e-07 7.23579e-06 -6.56492e-10 -8.82997e-10 -6.63879e-06 -2.52994e-10 -1.22165e-10 -2.80624e-08 -6.82281e-06 -1.0838e-06 -8.30127e-08 -2.57591e-07 -2.23295e-06 -9.70304e-10 -8.55599e-06 1.94118e-07 -1.17497e-06 7.53948e-06 -6.02572e-06 -6.28073e-06 -2.40642e-09 8.29011e-06 -1.13267e-10 -2.2264e-08 -1.1461e-07 -8.38239e-06 -1.3729e-08 -4.60759e-08 -1.50672e-08 -7.22828e-06 -1.48313e-06 -6.08303e-06 -7.74117e-06 -2.67941e-10 1.9803e-07 2.34232e-06 -6.85506e-10 2.22792e-07 7.89232e-06 -2.8192e-11 -8.9862e-11 -1.10576e-08 8.29256e-06 -2.01338e-10 5.55099e-06 
0.00178986 1.57606e-07 -2.51859e-07 -0.000116233 -5.15204e-05 0.000788391 0.000221842 2.23612e-05 2.58328e-05 -5.79425e-09 0.00332639 -0.000502123 -0.000668498 -0.00231657 3.13017e-05 0.000294394 0.0012904 9.90019e-05 0.00278892 0.000550816 0.00116218 0.00122639 0.00164046 9.92404e-05 8.28129e-06 0.0132934 0.00112611 -5.43001e-05 3.83303e-05 0.00124651 0.0014659 0.00348869 0.00470346 0.000466311 0.000356995 0.000391778 5.37832e-05 -0.00233445 -0.000673311 0.0031278 1.5071e-05 -0.00190871 -0.000205903 2.98957e-06 0.00126822 -0.00955644 -0.00377866 0.00195338 0.00289437 0.00156671 0.00041313 0.00075092 0.000136316 -0.00190631 0.00045501 -0.000250223 0.00079722 6.96192e-05 9.47394e-05 -0.0100186 -3.86957e-07 2.20981e-06 0.000571555 -0.00216442 0.00304706 5.6821e-05 -0.000104469 -0.00247525 -1.48409e-06 -0.00185731 -7.63804e-05 0.00341428 0.00078118 -0.00688743 -0.00826773 0.000175476 0.00169043 2.76676e-06 1.26469e-05 0.000395453 -0.00195849 0.000417255 0.00113697 -4.02072e-07 -0.00722161 -0.00156859 -0.00395682 -0.0057856 2.18668e-05 0.000256789 0.00121903 1.55182e-05 0.000192509 0.00474222 1.8688e-07 -1.17445e-07 9.07039e-05 0.00194762 1.94205e-06 0.000933134 
-0.000151442 2.95261e-09 -3.37365e-07 -0.000142774 0.00377655 -0.000379919 0.000105102 2.22721e-05 4.2092e-06 -8.71578e-09 0.0116595 -0.000760533 -0.000905061 -0.0025572 -2.04945e-05 -6.09071e-06 -6.18447e-05 9.46121e-06 -0.000564057 0.000479257 0.000365763 -2.55055e-05 -0.00229389 -5.31554e-05 -1.52389e-08 0.00112611 0.0198584 -4.15159e-06 -1.8205e-06 -3.06153e-06 0.00264073 0.000959516 0.0105855 -9.58986e-06 -1.12321e-05 -0.00030511 0.000143483 -0.000388741 0.00209151 -0.00160058 -4.04642e-07 -0.0116315 0.00252096 -8.08744e-08 2.20768e-05 -0.0114642 -0.00409149 -4.24546e-05 0.0113948 -0.000297775 -7.84189e-06 -1.26043e-05 2.3487e-05 0.000185118 -5.60147e-06 0.00466296 -3.69297e-05 -1.3804e-06 -2.03152e-06 -0.000493081 2.57879e-05 1.0956e-06 -4.68468e-05 -0.00345548 0.0111354 0.00455544 -0.000269202 -0.00504426 6.64277e-07 -0.000193807 0.00497068 -0.0026535 -1.65366e-05 -0.0115217 -0.00828694 -4.71648e-06 0.000339865 9.82738e-07 -4.54831e-05 0.000514709 3.04094e-05 -1.57697e-05 -0.000103991 -3.46185e-05 -0.0017605 -0.000963991 -0.0065241 -0.0163904 -6.16456e-07 0.00065051 -1.85892e-05 -1.41048e-06 9.24968e-05 0.000768383 -6.48617e-08 1.13325e-06 -2.53037e-05 -3.73889e-05 7.82678e-06 1.7078e-05 
-3.20756e-05 -8.73284e-09 -8.87051e-08 0.00357577 -2.35774e-05 -7.08355e-05 -2.72372e-06 -4.52393e-07 -2.38554e-07 -1.74117e-09 0.00207464 -0.000151378 -0.000251674 -0.00262571 -5.25622e-06 -1.21675e-06 0.00180664 1.89905e-06 0.00344184 -7.82209e-06 -6.71224e-06 7.4755e-06 0.00274402 0.000960692 -3.56737e-08 -5.43001e-05 -4.15159e-06 0.00403283 -5.10815e-07 -2.67134e-06 -0.000149985 0.000804688 -5.74677e-05 -1.5471e-06 -6.24395e-06 -0.000349894 -1.10155e-06 7.47248e-06 -0.000218092 0.00344979 1.15831e-07 -0.00301988 -0.000133103 -1.61564e-08 0.000291402 -0.00348339 -0.00225334 -8.77909e-06 0.00121906 -0.000196535 -5.31081e-06 -3.086e-06 -1.09201e-06 -0.00350969 1.01115e-05 0.00343295 -1.6006e-07 -3.01735e-07 -2.05841e-07 -0.00011518 2.29705e-06 -5.61493e-08 7.45869e-06 2.54972e-05 -0.000330451 -2.97608e-05 0.00100213 -0.00102448 -3.89302e-07 -7.91373e-06 -9.61559e-06 0.00229142 -3.30355e-06 -0.00239769 -0.00250228 -1.10603e-06 -1.99715e-05 1.6794e-07 -1.02329e-05 0.00147166 7.7193e-06 -5.92008e-06 -2.0894e-05 -6.92513e-06 -0.00286042 -0.000640874 -0.00269647 -0.00306556 -1.23151e-07 -2.00778e-05 -3.27073e-06 -3.15071e-07 -1.02701e-05 -0.000221198 -1.29575e-08 -4.13021e-08 -5.08227e-06 -7.90596e-06 -9.25384e-08 -1.12172e-05 
3.42229e-05 -2.88044e-10 -2.92585e-09 -7.89145e-07 -7.72701e-07 7.49351e-05 2.58564e-05 -1.49218e-08 -7.86846e-09 -5.74308e-11 1.68758e-05 -4.48041e-06 -7.33741e-06 2.0734e-05 -1.73372e-07 -4.01334e-08 -5.59813e-07 -2.33401e-08 -1.4029e-06 1.08101e-05 3.59015e-05 -1.71446e-07 2.08874e-06 -3.67059e-07 -1.17666e-09 3.83303e-05 -1.8205e-06 -5.10815e-07 0.000133542 -1.8458e-07 4.02588e-05 8.19572e-05 -2.41414e-06 6.34955e-06 -1.65951e-07 -1.22201e-05 -3.64436e-08 -4.86531e-05 -7.6063e-06 1.62046e-06 -2.6663e-09 1.61782e-05 3.06516e-05 -5.32904e-10 -3.59247e-07 -5.07155e-05 1.60726e-05 3.016e-05 1.19713e-05 -5.07985e-06 -1.80229e-07 -1.01789e-07 7.73144e-08 -3.99333e-05 -7.0537e-08 2.04675e-06 -2.65963e-07 -9.95245e-09 -1.33863e-08 -6.42071e-05 -3.8354e-09 -1.85203e-09 -3.25427e-07 -4.63313e-05 1.06201e-05 -5.55143e-07 -3.49509e-06 -3.33349e-05 -1.47099e-08 -4.3712e-05 -2.23306e-07 -1.03092e-05 -1.08964e-07 -6.66202e-05 -8.06194e-05 1.85198e-10 -3.5304e-07 1.41616e-07 2.32914e-06 -1.51749e-06 -3.0923e-05 -2.08132e-07 4.68482e-06 -2.28419e-07 -7.86206e-05 -2.11577e-05 -7.54056e-05 -2.72314e-06 -4.062e-09 -2.6734e-07 1.97363e-05 -1.03923e-08 -3.01948e-07 -6.15976e-06 -4.27392e-10 1.78638e-07 1.25237e-06 2.99589e-05 2.67695e-06 5.20135e-05 
0.000123211 -3.24964e-09 -3.30087e-08 -7.55082e-06 -8.8345e-06 -2.03608e-05 1.17648e-05 5.05166e-06 2.45846e-05 -6.4792e-10 0.000433628 -5.8444e-05 -9.18707e-05 -0.000645504 2.30407e-06 -4.52775e-07 0.00124148 2.55634e-05 -5.38098e-05 2.28634e-05 5.30568e-05 0.00116393 -7.76379e-05 1.95123e-05 8.32673e-06 0.00124651 -3.06153e-06 -2.67134e-06 -1.8458e-07 0.00150452 0.00109224 -0.000235728 0.00121007 0.000325947 -5.86819e-07 -0.000147879 -1.44481e-07 -0.0011209 -6.03256e-05 -8.87641e-05 1.08325e-06 -0.000955739 -4.61172e-05 4.93988e-07 8.27704e-05 -0.00120876 -0.00125429 0.00120169 -0.000200149 -7.54121e-05 2.549e-05 0.000677665 8.28736e-05 -0.0013545 0.000404798 6.23598e-06 0.000729863 5.98077e-05 7.28823e-05 -0.0010851 -4.327e-08 4.91058e-08 1.03271e-05 -0.000592874 -0.000184013 -1.27145e-05 -3.72496e-05 -0.000374982 9.07138e-08 -0.00123249 -6.96081e-06 -3.79035e-05 0.000771261 -0.0008775 -0.000904034 6.55092e-07 0.00126146 -1.93723e-08 1.82055e-05 0.000170065 -0.00122189 0.000100569 5.53289e-06 9.22304e-06 -0.0010387 -0.000175583 -0.000818841 -0.00114586 1.3084e-07 -8.11848e-06 0.000603062 5.1609e-07 -4.08341e-06 0.00114462 -4.82173e-09 -1.53693e-08 -1.8912e-06 0.00121786 -3.44352e-08 0.000306795 
0.0021625 -9.14178e-08 1.92555e-05 -0.00096993 -0.000631947 0.00277225 5.01609e-05 7.30124e-05 7.01067e-06 -4.68051e-08 -0.00764361 -0.00421948 -0.00685932 0.0153477 -0.000117665 0.000246405 0.000886059 -1.32884e-05 -0.00492482 0.000190961 0.000675382 0.000991585 0.0304283 4.70767e-05 7.20437e-06 0.0014659 0.00264073 -0.000149985 4.02588e-05 0.00109224 0.0970009 0.0442926 0.00461503 0.000409401 -0.000165666 -0.0103375 3.22524e-05 -0.00152399 -0.000348952 -0.00888639 -1.29632e-06 0.00818321 0.0086906 2.70569e-06 -0.00020638 -0.0160124 0.00946212 0.00161853 -0.00925491 -0.00548425 -0.000125684 0.000668727 7.11186e-05 -0.00359394 0.000364634 -0.0035839 0.000642828 7.9756e-06 1.21438e-05 0.0136213 -3.12578e-06 5.02396e-06 -0.000333069 -0.000377497 -0.00900263 -0.000997009 0.0132705 -0.0266164 4.01917e-05 -0.00115585 -0.000623504 -0.00881198 0.000687149 -0.04333 -0.0390768 -2.22084e-05 0.00411026 -3.02769e-07 8.25143e-05 0.002282 -0.00163591 0.000370253 0.00205246 -0.000143894 -0.00791066 -0.015075 -0.0348947 0.00364239 -2.71046e-06 -0.000594379 0.00106564 -2.34955e-06 -0.000263945 -0.00469635 -1.9165e-07 -8.03594e-07 -0.000106489 0.00162715 1.94958e-05 0.00263803 
0.00512512 -8.16505e-08 -4.21526e-06 0.00431001 0.00307216 0.0150652 0.000431456 -1.8811e-05 -8.84272e-06 -8.27402e-08 -0.0144336 -0.00745297 -0.0105751 0.018087 -0.000197429 0.00024267 0.000359311 3.84741e-05 0.0194201 0.00167703 0.000551249 -0.000208157 0.102474 0.00143552 -1.44855e-06 0.00348869 0.000959516 0.000804688 8.19572e-05 -0.000235728 0.0442926 0.155394 -0.00410537 1.51977e-05 0.00120971 -0.0191628 -3.44474e-05 -0.000412283 -0.00833543 0.0303128 7.46534e-06 0.0142375 0.0115987 -7.67752e-07 1.18617e-05 0.00222786 0.00344105 0.000218118 -0.0244895 -0.00969318 -0.000124495 -0.000143523 -4.58922e-05 -0.000579864 -9.64023e-05 0.0287977 -0.000355722 -1.36084e-05 -1.74322e-05 -0.0131995 2.2781e-05 5.17846e-06 0.00118101 -0.00515603 -0.0262365 0.00502447 0.0185045 -0.0286415 -2.10291e-05 -0.000472757 0.00394788 -0.00796214 -0.000134831 -0.107753 -0.0998615 0.000197201 -0.000967542 7.46947e-06 0.000777892 0.00785 -0.000176647 0.000176069 0.00407288 -0.000308215 -0.0473438 -0.0193281 -0.0492255 -0.00188718 1.56046e-05 0.00370342 0.000258313 2.27871e-07 0.00217496 -0.0109407 -3.85741e-07 1.18399e-06 0.000766564 0.000175425 1.83258e-06 0.00211082 
