7.02217e-05 -1.75699e-06 1.94416e-07 -1.05459e-08 -1.66609e-07 -6.04118e-08 1.97031e-06 2.75858e-06 6.21522e-08 -6.5918e-08 -7.54641e-06 -3.13562e-08 7.26267e-06 2.91846e-06 -2.06926e-05 -6.47396e-09 -1.51585e-05 -1.48227e-06 -2.25668e-06 8.27959e-07 4.131e-07 6.27719e-06 -1.74619e-08 -1.96904e-08 1.04869e-07 -3.50281e-07 -1.89123e-06 -1.41369e-06 -6.98521e-10 2.51129e-05 1.92278e-07 -4.64002e-08 -2.07941e-06 -3.64568e-07 -8.38998e-09 -1.48107e-06 3.08831e-06 -1.62256e-08 1.3147e-07 -1.10621e-05 -6.55449e-12 -1.2079e-10 -4.6686e-08 2.19606e-06 -2.13618e-07 -1.61418e-06 -2.62648e-10 1.43686e-06 5.19543e-07 -1.87682e-07 3.92046e-07 -1.77901e-07 6.25124e-06 4.27759e-08 1.63535e-05 -3.07925e-07 -3.04886e-08 -3.00048e-08 -3.72617e-06 -5.4248e-08 -3.07448e-08 1.00537e-06 1.2803e-06 -1.34156e-09 -9.97286e-07 -2.19599e-08 8.38294e-07 4.37085e-07 -8.32935e-08 -4.64115e-06 -2.26024e-06 -9.06209e-07 -4.05037e-08 2.18426e-06 1.25019e-06 -1.37164e-07 -6.4039e-07 -1.25314e-05 -7.40894e-07 2.9117e-07 -3.95316e-05 -4.09504e-06 -1.72318e-05 1.48332e-08 -2.55625e-08 3.60841e-06 1.20232e-06 -3.39429e-11 -5.2155e-10 -5.02266e-08 -4.12956e-09 -1.64292e-06 -5.64739e-09 1.35305e-07 -4.67197e-06 6.13595e-08 6.41924e-07 -3.65417e-08 3.02502e-06 -4.10592e-10 
-1.75699e-06 0.0243929 -1.86147e-05 -2.84041e-06 -4.13656e-05 0.000418381 -0.00937222 -0.000192306 -5.02422e-06 4.80595e-05 -0.00702692 -1.11709e-05 0.0095831 0.00255221 0.000938015 5.41936e-05 -0.00759776 -0.000267023 -0.00107123 0.000191356 -8.31993e-05 -0.00163 0.000110699 0.000161323 3.47393e-05 -0.000908111 -0.000891356 -0.0011495 2.70781e-06 -0.00354581 2.41878e-06 1.23196e-05 -0.000796997 0.00154208 3.05434e-06 -0.000500567 8.51115e-05 2.07995e-05 3.54388e-05 0.00476364 -2.33509e-09 6.96968e-07 0.000264744 -0.00302724 0.000675889 -0.00994671 7.93096e-07 0.00542165 -1.73209e-05 0.00122645 0.00388039 0.000714802 -0.00145255 0.00117779 0.00981001 0.00576275 4.67854e-06 0.000305237 0.000623867 0.00014785 -3.0764e-06 1.0209e-05 -5.83122e-06 6.21206e-06 0.000477712 -5.94338e-06 -0.00119693 -2.03017e-05 0.000384769 -0.00373267 -0.000561029 -8.0334e-05 -1.29598e-05 0.000285307 -9.92811e-06 -4.66256e-05 0.000479725 -0.0121592 -0.00242079 0.00787707 -0.0138771 -0.00201356 -0.000900273 0.000447593 6.53498e-05 0.000130153 0.000295073 1.74574e-07 1.20419e-06 -1.75903e-05 2.98955e-05 -0.00819009 4.79807e-06 0.000201945 0.00416314 1.03935e-05 0.00495064 -1.11816e-05 3.17507e-05 -1.46277e-07 
1.94416e-07 -1.86147e-05 0.000933015 3.39309e-06 -2.21559e-06 9.33e-08 -0.000821133 -8.7135e-06 -1.93016e-07 -8.0659e-07 -0.000752 -4.1698e-07 -4.91517e-05 -2.52427e-05 -0.000146903 -8.60919e-08 -0.000327268 -1.01744e-05 -2.9642e-05 -3.88299e-07 -2.88566e-06 0.000736435 2.75745e-05 -0.000130087 -5.55831e-07 -3.44017e-05 -2.12924e-05 -3.75739e-05 1.20071e-06 -0.00047382 5.88667e-06 8.4153e-05 -5.66152e-05 -0.000847473 -1.11571e-07 -1.95255e-05 -2.59033e-06 7.10942e-05 -2.81739e-06 0.000762146 -8.71628e-11 -1.60629e-09 -9.75457e-07 -7.40728e-05 -2.88506e-06 -0.000830656 -3.49274e-09 -4.54358e-05 -3.50588e-06 6.9195e-07 -9.72171e-05 -2.36575e-06 -3.9294e-05 -6.91305e-06 -0.000160993 -3.60714e-06 -2.04327e-07 -3.99009e-07 -5.48045e-05 5.35527e-06 8.79445e-05 -4.41108e-06 -3.09974e-08 -1.78403e-08 0.000890941 0.000238931 -7.00345e-06 0.00084335 -1.10765e-06 -0.000216753 0.000874041 0.000884496 -2.55292e-07 -0.000877053 6.88596e-07 -1.82403e-06 -9.4469e-06 -0.00039992 -6.88519e-05 -1.00017e-05 -0.000800633 0.00083688 8.26733e-05 -2.63969e-06 5.23801e-05 -1.03787e-06 4.30278e-09 -4.51379e-10 -6.93566e-09 -6.67922e-07 -5.49156e-08 -5.20303e-05 7.81567e-07 -5.50037e-07 -5.48513e-05 -2.62484e-08 -8.52589e-06 0.000109784 0.000129611 -5.46012e-09 
-1.05459e-08 -2.84041e-06 3.39309e-06 0.000150147 5.84706e-06 -1.29182e-07 -0.000124289 9.27336e-08 1.25563e-06 0.000101669 7.05564e-06 2.36962e-06 -4.69232e-06 -3.94239e-06 5.76721e-06 -1.38437e-08 -5.15574e-05 2.17335e-05 -4.44158e-06 -2.03944e-07 8.05833e-07 -1.33347e-05 -3.73398e-08 -0.00014027 -8.93782e-08 -3.17183e-06 0.00010418 -6.0247e-06 -1.49369e-09 -7.77739e-05 -4.50245e-08 8.87174e-05 -0.000133916 -0.000133993 -1.79408e-08 -1.68373e-06 -9.11157e-07 6.9402e-05 -3.56373e-07 0.00010543 -1.40159e-11 -2.58292e-10 -1.56855e-07 -0.000129386 -4.63921e-07 -0.000128916 -5.61636e-10 -6.07516e-06 4.55565e-07 -4.50095e-07 -1.22557e-05 -3.80416e-07 -3.45166e-06 -1.21293e-06 -2.26869e-05 9.6314e-07 2.36937e-06 5.25839e-07 -7.90099e-06 1.67066e-06 0.000110328 -9.86421e-07 -3.50006e-08 -2.86875e-09 7.45341e-05 -4.69582e-08 -5.42731e-06 5.33947e-06 -1.78112e-07 -0.000115549 0.000106209 7.08222e-05 -8.66115e-08 -0.000138853 -9.93865e-08 -2.93306e-07 -1.51907e-06 -8.71385e-06 6.73877e-05 -2.05745e-06 -0.000111254 0.00013255 -8.3989e-05 -4.24465e-07 0.000115799 1.13829e-05 -6.63086e-08 -7.25822e-11 -1.11526e-09 5.83093e-05 -8.8305e-09 -6.46626e-05 -1.20762e-08 -8.84466e-08 -1.04394e-05 -4.22078e-09 -1.39295e-06 0.000137205 -4.38323e-07 -8.77994e-10 
-1.66609e-07 -4.13656e-05 -2.21559e-06 5.84706e-06 0.00236681 1.99132e-07 -0.00210571 6.12892e-05 -3.57003e-07 2.47312e-06 -0.00196877 -1.05929e-06 -0.000131969 -6.26664e-05 0.000156248 -2.18707e-07 -0.000828768 0.00229924 -0.000102805 -2.44531e-06 -8.22833e-06 0.0020009 7.00093e-07 -0.000788606 -1.41203e-06 -8.10238e-05 0.000227322 -7.60956e-05 1.63974e-06 -0.00122446 6.2202e-07 4.59148e-07 7.0894e-05 -0.00207338 -2.83435e-07 4.45122e-05 -1.45981e-05 1.66519e-06 -7.05061e-06 0.00199408 -2.21428e-10 -4.0806e-09 -2.00471e-06 -0.00216806 -7.17252e-06 -0.00210042 -8.87293e-09 -0.000144635 -3.47572e-06 1.12834e-05 -0.000229665 -4.67661e-06 -0.000138838 -1.91623e-05 -0.000407047 -2.9196e-05 4.46379e-06 -1.01364e-06 -0.000127236 -9.02639e-07 -4.53051e-08 -1.54738e-05 -5.52952e-07 1.54678e-07 -4.11091e-06 9.51471e-07 -8.08801e-05 -3.58934e-06 3.38946e-06 5.34034e-05 0.0022158 5.17626e-05 -9.54987e-07 -0.00229468 -1.57014e-06 -4.07375e-06 -2.39988e-05 0.00116623 0.00206048 2.99229e-06 0.00024091 0.002134 0.000262313 -6.62252e-06 1.25643e-06 -4.2201e-06 -1.04757e-06 -1.14668e-09 -1.76193e-08 8.34399e-05 3.51716e-06 -1.95271e-05 -1.90784e-07 -1.39731e-06 -0.000148622 -6.66814e-08 -1.76163e-05 1.21155e-05 -6.92478e-06 -1.38709e-08 
-6.04118e-08 0.000418381 9.33e-08 -1.29182e-07 1.99132e-07 0.0008595 -0.000664464 -9.18532e-06 -1.77794e-07 -8.07461e-07 -0.000261017 -3.84097e-07 -1.73609e-05 0.000235811 3.99466e-05 2.03736e-06 -0.000295528 0.000364306 -3.47703e-05 2.48386e-07 -1.45357e-06 1.95009e-05 4.57277e-06 -9.95975e-05 5.9828e-05 -2.03654e-05 -2.63587e-05 -3.08558e-05 1.80144e-06 -0.000425679 -4.792e-08 -5.68378e-07 4.70234e-05 -8.25522e-05 -1.02773e-07 2.48099e-06 -1.32046e-06 -1.98756e-07 -6.52093e-08 0.000684447 -8.02891e-11 -1.47961e-09 1.19015e-05 -0.000651224 0.000347999 -0.000719502 2.53449e-07 -4.10396e-05 -2.95794e-06 1.16619e-05 1.91356e-05 -1.53919e-06 -4.78577e-05 3.02513e-06 -6.81961e-05 2.31337e-06 -8.75936e-07 -3.67543e-07 0.0001353 7.7549e-07 -3.76607e-07 -4.69732e-06 -2.00499e-07 8.23567e-07 4.94438e-05 -7.23304e-08 -3.74116e-05 5.85171e-08 4.86636e-06 1.40125e-05 5.23492e-05 1.08794e-05 -4.96149e-07 -0.000115451 -5.6933e-07 -1.53685e-06 0.000374851 -0.000213947 -1.46481e-05 2.14007e-05 -0.000332324 1.12583e-05 8.84645e-05 -8.51523e-07 1.96873e-07 8.9998e-06 -3.79845e-07 -4.15783e-10 -6.38872e-09 -8.52494e-08 1.65561e-05 -3.03421e-05 -6.91776e-08 1.97001e-06 0.000316562 -2.41785e-08 1.75872e-05 -4.34284e-07 -2.28424e-06 -5.02954e-09 
1.97031e-06 -0.00937222 -0.000821133 -0.000124289 -0.00210571 -0.000664464 0.0996209 -0.0020382 1.51554e-05 -0.000726405 0.0584922 -6.69538e-05 -0.00516567 -0.012607 0.0255787 -6.08822e-05 0.015624 -0.0195007 -0.0301023 -0.000793356 -0.000314194 -0.0567224 -0.000179512 0.0100327 -0.000247923 0.0036066 -0.0315293 -0.0359988 -8.83053e-06 0.049027 -0.000265529 -0.000547809 0.0333953 0.059726 -8.57773e-05 -0.000747429 -0.000388682 -0.00020402 -1.02923e-05 -0.0431688 1.04732e-08 -1.52699e-06 -0.000293619 0.0439038 -0.000347301 0.0655943 -2.24366e-06 -0.0322489 -0.000612663 -0.00149764 0.000469008 -0.000904386 -0.0329658 -0.0010723 0.0153202 -0.00162645 -0.00107441 -0.000136743 -0.00800389 -0.000678629 -0.000327851 0.000502834 -0.000195566 -1.4013e-05 -0.0125911 -0.000277611 -0.0365757 -0.000856067 -0.00104536 0.00222535 -0.0283243 -0.0114105 -0.000469151 0.027332 -0.000372011 -7.90746e-05 8.79394e-05 -0.0216695 -0.0475575 -0.0065283 0.043365 -0.0614761 0.0174386 -0.000190297 -0.000323155 -0.000583086 -0.000204648 5.42361e-08 6.53365e-07 -0.000212105 -4.54215e-05 0.00729915 -6.15762e-05 -0.000293856 -0.00230342 -2.41094e-05 -0.00590126 -0.000461951 -0.00224884 -1.00393e-06 
2.75858e-06 -0.000192306 -8.7135e-06 9.27336e-08 6.12892e-05 -9.18532e-06 -0.0020382 0.0106319 -2.07127e-06 2.61153e-05 -0.00638241 -3.2487e-06 0.00505905 -0.000151428 -0.00362182 7.59235e-07 -0.00358423 0.000885482 -0.000248699 0.000340374 -3.82841e-06 0.00167341 -1.92567e-06 -0.000323768 0.00013957 -0.000395606 -0.000135484 0.00131378 -8.35672e-08 -0.00347003 -3.22231e-06 -1.33767e-06 -0.00562328 -0.00263625 1.20601e-06 -0.000175931 0.00490042 -2.48314e-06 0.0014458 0.000222556 -1.00309e-09 -1.84855e-08 -1.12258e-05 -0.000915336 -2.16286e-05 -0.00625102 8.53138e-07 0.00541675 -3.24344e-05 3.34516e-05 -0.00113095 2.71062e-07 0.0055647 5.40196e-05 -0.000726442 0.00117884 0.000130168 3.83248e-05 -0.000626349 -8.05536e-06 2.76115e-05 -5.72662e-05 0.000135275 2.17136e-06 -0.000109113 -2.47404e-06 0.00288472 -1.59167e-05 -1.24371e-05 -0.00556307 0.000750054 0.000223599 -4.79862e-06 -0.000752321 0.00035094 8.59187e-05 -0.000108527 0.00350348 0.0051779 -7.85745e-05 -0.00299692 0.0019668 -0.00548602 -1.89948e-05 -3.60204e-06 0.000195959 0.000143368 -5.19456e-09 -7.98172e-08 4.68634e-05 -3.28648e-07 -0.000147639 5.43691e-05 -4.98662e-06 -0.000658756 1.31379e-05 -9.5154e-05 -2.06895e-06 0.000171837 2.1405e-06 
6.21522e-08 -5.02422e-06 -1.93016e-07 1.25563e-06 -3.57003e-07 -1.77794e-07 1.51554e-05 -2.07127e-06 0.000206637 1.09267e-06 8.94367e-06 -9.22826e-08 1.00699e-05 8.20683e-06 -4.15038e-05 -1.90531e-08 2.45405e-06 -4.68053e-06 -8.88651e-06 -2.80689e-07 9.76506e-07 -2.22683e-05 -5.1391e-08 1.06688e-06 -1.23012e-07 4.56232e-05 -6.11379e-06 -7.31538e-06 -2.05578e-09 -8.07005e-06 -6.19675e-08 1.15011e-06 1.11291e-05 1.27137e-05 -2.46921e-08 -4.35885e-06 -2.99909e-07 1.19558e-06 -5.00188e-07 -2.3432e-05 -1.92901e-11 -3.5549e-10 -1.82547e-07 -6.07846e-05 3.39548e-05 1.92469e-05 -7.72983e-10 -1.27568e-05 9.18403e-08 4.81125e-06 -1.46305e-05 -4.93569e-07 -1.08646e-05 -1.66936e-06 -3.52765e-05 -2.57396e-06 -2.76122e-07 -8.83054e-08 6.60772e-06 -1.59654e-07 1.19618e-06 7.72905e-06 -4.81716e-08 -3.94828e-09 -2.93505e-06 -6.46288e-08 -1.008e-05 -3.12692e-07 -2.45136e-07 -3.36109e-05 -6.74389e-06 -2.66701e-06 -1.19204e-07 4.27171e-06 -2.3453e-08 4.16322e-07 4.31596e-06 -7.24883e-05 7.52234e-06 -2.83169e-06 -1.52985e-05 -7.77544e-06 1.74128e-05 -5.84194e-07 1.21144e-06 -3.67643e-07 -9.12609e-08 -9.98953e-11 -1.53494e-09 1.13885e-06 -1.21535e-08 -3.92164e-06 4.15671e-06 8.2827e-07 -6.17452e-06 -5.80909e-09 -1.14713e-06 1.17912e-06 -6.03267e-07 -1.20839e-09 
-6.5918e-08 4.80595e-05 -8.0659e-07 0.000101669 2.47312e-06 -8.07461e-07 -0.000726405 2.61153e-05 1.09267e-06 0.000937766 0.000108045 4.44642e-05 3.40071e-05 0.000123712 6.08616e-05 5.42014e-06 0.000314568 -1.90462e-05 -4.03352e-05 -1.27476e-06 -3.25551e-06 -0.000112717 1.35661e-06 -0.00077626 -1.88664e-07 -3.4577e-05 6.31838e-05 -5.06172e-05 -9.33641e-09 -0.000486302 -2.81428e-07 9.72498e-05 -0.00085039 -0.000745157 3.54527e-07 7.87774e-05 4.42197e-05 8.23665e-05 5.49825e-06 0.000675858 -8.7607e-11 -1.61447e-09 4.66957e-06 -0.000773532 -2.8031e-06 -0.000729755 -3.51054e-09 -4.85358e-05 0.000635814 7.4916e-06 -9.89082e-05 -2.37781e-06 -5.12103e-05 -7.58149e-06 -0.00014385 -7.93643e-06 0.000630496 1.72229e-06 -5.51229e-05 3.30683e-05 0.000154836 -5.24235e-06 -2.18774e-07 -1.79313e-08 0.000176704 3.39649e-06 0.000597324 1.78732e-05 0.00065418 -0.000881282 0.000698913 0.000119548 0.000418585 -0.000792105 2.18779e-07 6.241e-05 -6.92171e-06 0.000296075 -1.85506e-05 -1.28602e-05 -0.0007555 0.000563404 -9.38537e-05 5.80169e-05 0.000163008 9.90367e-06 -4.14466e-07 -4.53679e-10 -6.97102e-09 8.21353e-05 -5.51956e-08 -4.96334e-05 -7.54828e-08 2.42049e-06 -9.58558e-06 -2.63822e-08 -8.70671e-06 0.000157668 -1.81976e-06 -5.48795e-09 
-7.54641e-06 -0.00702692 -0.000752 7.05564e-06 -0.00196877 -0.000261017 0.0584922 -0.00638241 8.94367e-06 0.000108045 0.101857 -0.000305121 -0.018952 0.00283478 0.0417766 -5.7312e-05 0.0360405 -0.0158612 -0.0383437 -0.00113915 -0.00122113 -0.0615046 -0.000180019 0.00945556 -0.000478237 0.00380343 -0.0315024 -0.047331 -5.8784e-06 0.0418226 -0.000263538 -0.000258526 0.0489053 0.0587189 -2.25682e-05 -0.00407311 -0.00455939 2.33251e-05 -0.00164408 -0.00469331 -8.259e-08 -1.52202e-06 -2.30924e-05 0.0119868 3.43675e-05 0.0762459 -3.3095e-06 -0.0491246 -0.000695465 -0.000404075 -0.00331883 -0.00110955 -0.0502221 -0.00709227 0.00579161 -0.00960746 -3.84851e-05 -0.000244743 0.00108548 -2.93599e-05 -1.16835e-05 -0.00053495 -0.000206245 -4.33774e-06 -0.00691749 -0.000271086 -0.0414701 -0.000726511 8.48314e-05 0.0118045 -0.0155307 -0.00628895 1.69155e-05 0.0136131 -0.000570726 -0.000217258 0.00047299 -0.0306721 -0.0645943 -0.0113652 0.0581616 -0.0636133 0.0337271 -0.00220999 3.07657e-05 -0.000463664 -0.000374387 -3.04365e-07 -6.01804e-07 -0.000135225 -4.71247e-05 0.0112431 -6.94035e-05 -0.000390378 -0.000877868 -2.37881e-05 -0.00793529 -7.16385e-05 -0.00184462 -4.63367e-06 
-3.13562e-08 -1.11709e-05 -4.1698e-07 2.36962e-06 -1.05929e-06 -3.84097e-07 -6.69538e-05 -3.2487e-06 -9.22826e-08 4.44642e-05 -0.000305121 0.000446301 6.48897e-07 2.95456e-06 -0.000255825 -4.11613e-08 -8.87991e-05 -8.37306e-06 2.01226e-05 -6.06386e-07 -6.85261e-07 -5.03662e-05 2.74564e-06 -0.000438229 -2.65748e-07 -1.64478e-05 1.74858e-05 -2.17445e-05 -4.44119e-09 -0.000227802 -1.33871e-07 4.4735e-05 -0.000417721 -0.000317696 -5.33434e-08 0.00036461 -1.57158e-06 -1.03162e-07 -1.34702e-06 -3.59353e-05 -4.16733e-11 -7.6798e-10 -4.66375e-07 -3.91806e-05 0.000197897 -0.000396051 -1.66991e-09 0.000368891 4.06266e-05 -1.59595e-06 -3.29895e-05 -1.13109e-06 0.000375964 -3.6064e-06 -7.56562e-05 -5.11397e-06 1.75401e-05 -1.9077e-07 -2.25195e-05 -3.44908e-07 2.24119e-06 -2.93292e-06 -1.04067e-07 -8.52964e-09 -6.34073e-06 -1.39621e-07 0.000415134 -6.75523e-07 2.70204e-05 -6.19555e-05 1.00496e-05 -5.56833e-06 6.95811e-07 -5.22425e-05 2.30116e-06 2.41179e-05 0.00035926 0.000225863 0.000360659 -6.11742e-06 -0.000392245 0.000382354 -0.000351237 -6.72061e-07 2.27414e-06 -4.84236e-07 -1.97155e-07 -2.15808e-10 -3.31601e-09 2.11733e-06 -2.62557e-08 4.88585e-06 -3.5906e-08 -2.62978e-07 -3.10395e-05 -1.25496e-08 -4.14165e-06 2.49767e-06 -1.30326e-06 -2.61054e-09 
7.26267e-06 0.0095831 -4.91517e-05 -4.69232e-06 -0.000131969 -1.73609e-05 -0.00516567 0.00505905 1.00699e-05 3.40071e-05 -0.018952 6.48897e-07 0.0568224 -0.000536811 -0.00596958 5.70545e-05 -0.0116639 0.000187311 0.000777084 0.000981766 0.000255183 -0.00579959 7.44183e-05 0.000362348 0.00017793 -0.00175542 -0.00195452 0.00357844 -2.5491e-07 -0.0112961 0.000147643 9.96895e-05 -0.0122984 0.00109916 -4.47891e-06 -0.000521997 0.00514098 -8.57376e-06 0.00209973 -0.00651467 -5.64482e-09 1.39931e-06 0.000630728 -0.000342064 0.000119185 -0.0191801 1.84047e-06 0.0205972 3.43542e-05 0.000307928 0.00540682 0.00138065 0.00836695 0.00618869 0.00258673 0.0107367 0.000181283 0.000285453 0.000373833 -1.62192e-05 3.82121e-05 0.000309187 0.000214924 2.14796e-06 -0.000539144 -1.72455e-05 0.00106672 3.74009e-05 0.00019591 -0.0195887 -0.00179289 -0.000711817 -3.35224e-05 0.00168531 0.000516809 0.00101989 -0.000600242 -0.00329453 0.00408076 0.0116264 -0.0201635 0.0011329 -0.0150054 0.00160599 2.15519e-06 0.000750088 0.000396051 1.80768e-07 1.0075e-06 5.17448e-07 3.61369e-05 -0.0125353 7.3293e-05 0.000324089 -0.00100569 2.32301e-05 0.00834956 -6.3703e-06 0.000232874 1.14639e-06 
2.91846e-06 0.00255221 -2.52427e-05 -3.94239e-06 -6.26664e-05 0.000235811 -0.012607 -0.000151428 8.20683e-06 0.000123712 0.00283478 2.95456e-06 -0.000536811 0.0262991 0.000788221 -2.40178e-06 0.0112747 0.00013307 -0.00116985 -3.4342e-05 -7.89771e-05 -0.00299424 -3.01094e-06 -1.28132e-05 -1.47042e-05 -0.000941723 -0.000963236 -0.0014453 2.06781e-06 -0.0126946 -7.88747e-06 -9.95908e-06 0.00142291 0.00154856 7.03708e-05 -0.00047875 -0.000143193 -6.22513e-06 -7.95544e-05 0.0122367 -2.52277e-09 -4.64911e-08 0.00013547 -0.0142783 0.00162848 0.00219166 -1.01091e-07 -0.00148769 0.000311495 0.00119813 0.00361473 -6.84726e-05 -0.00154888 -0.00021534 -0.00309267 -0.000309787 0.000225279 -1.08886e-05 0.00422206 -1.9563e-05 -1.11901e-05 -0.000176357 -2.96991e-06 2.45698e-06 -0.000365724 -8.19886e-06 -0.00105976 -3.75374e-05 0.000146618 0.000249422 -0.000281899 -0.000197506 0.000164397 -0.000710194 -1.30157e-05 -4.44299e-05 0.00603646 -0.0115521 -0.00176484 -0.000220269 -0.00696761 -0.00241839 0.00269196 -6.36712e-05 -7.59215e-06 -1.96939e-05 -8.12849e-06 -1.30644e-08 -2.00741e-07 -1.77652e-05 -1.5261e-06 -0.000107233 2.96934e-08 -8.09321e-06 -0.000837572 -6.59715e-07 -8.92261e-05 -1.40046e-05 0.000152081 -1.58034e-07 
-2.06926e-05 0.000938015 -0.000146903 5.76721e-06 0.000156248 3.99466e-05 0.0255787 -0.00362182 -4.15038e-05 6.08616e-05 0.0417766 -0.000255825 -0.00596958 0.000788221 0.0635235 -3.36089e-05 0.0153351 0.000152222 -0.0347501 -0.001099 -0.00312078 -0.0293143 -2.61933e-06 0.00186117 -2.92594e-05 -0.00140473 -0.0254933 -0.036091 6.78072e-07 0.01516 -0.000269271 -8.17815e-05 0.0404733 0.035196 -0.000109046 -5.31538e-05 -0.00409385 9.15064e-06 -0.000911946 0.00966882 -8.69707e-08 -1.52941e-06 5.48153e-05 -0.00436129 -0.00111028 0.0421324 -2.93837e-06 -0.0355601 -0.0015792 0.000172504 0.00452334 -0.000412657 -0.0429661 -0.00439979 0.00379533 -0.00224959 -0.000187818 -6.82024e-06 -0.00055045 4.09299e-05 1.59747e-05 0.000436937 -0.000215675 -4.36438e-06 0.000338897 -0.000135036 -0.0334371 -9.6109e-05 2.59518e-05 0.00813677 0.00156387 0.000336093 -5.25087e-05 -0.00136616 -0.000559143 -0.000151022 -0.000845823 -0.0267796 -0.0431819 -0.000693831 0.0405712 -0.0380572 0.034473 -0.00218392 1.08308e-05 -0.0012907 -9.30054e-05 -4.50384e-07 -5.51372e-06 -9.25046e-06 -1.88466e-06 0.00106678 -6.71746e-05 3.1211e-05 0.00392633 -2.19273e-05 -0.000872963 3.21953e-05 -0.00197942 -5.44809e-06 
-6.47396e-09 5.41936e-05 -8.60919e-08 -1.38437e-08 -2.18707e-07 2.03736e-06 -6.08822e-05 7.59235e-07 -1.90531e-08 5.42014e-06 -5.7312e-05 -4.11613e-08 5.70545e-05 -2.40178e-06 -3.36089e-05 9.21782e-05 -3.10696e-05 -2.29583e-06 -2.75605e-06 1.75081e-05 1.38694e-06 -7.5352e-06 1.07078e-07 -3.92462e-06 5.25132e-07 2.83078e-06 -3.30087e-06 -2.78457e-06 -9.1695e-10 -4.40002e-05 1.30903e-06 2.33576e-06 -2.24304e-05 -2.27489e-06 -1.10135e-08 6.19129e-07 2.34602e-05 -2.12994e-08 8.96189e-06 1.37602e-05 -8.60409e-12 -1.58561e-10 2.63038e-06 -3.57683e-05 2.62521e-06 -6.53639e-05 2.86322e-07 3.17817e-05 6.38205e-06 4.04049e-06 -9.71383e-06 7.92314e-06 1.31788e-06 2.8154e-06 -1.04285e-05 1.57919e-05 2.43868e-05 1.13061e-06 2.51552e-05 2.96546e-06 1.02631e-06 2.84454e-07 -2.14863e-08 4.82389e-08 1.27209e-05 -2.88268e-08 6.26728e-06 -1.19472e-07 1.39773e-05 -3.20126e-05 -2.35974e-06 -1.18958e-06 1.06831e-07 -2.26194e-05 -6.10116e-08 -1.80055e-07 8.07747e-06 -1.89065e-05 -4.22782e-06 2.8057e-05 -7.2477e-05 -2.19624e-06 -2.83581e-05 4.97328e-05 5.44311e-06 -1.53982e-07 -4.07056e-08 -4.45569e-11 -6.8464e-10 -6.59325e-08 2.21791e-06 -4.64376e-05 1.73693e-05 9.82371e-07 4.53781e-05 -2.59106e-09 2.44216e-05 -4.79684e-08 -1.24118e-08 -5.38985e-10 
-1.51585e-05 -0.00759776 -0.000327268 -5.15574e-05 -0.000828768 -0.000295528 0.015624 -0.00358423 2.45405e-06 0.000314568 0.0360405 -8.87991e-05 -0.0116639 0.0112747 0.0153351 -3.10696e-05 0.228203 -0.00738807 -0.0151354 -0.00043063 -0.000898919 -0.0329681 -8.00712e-05 0.0035302 -0.000159261 -0.00661486 -0.0125898 -0.0182811 -3.50482e-06 -0.120584 -0.000104139 -0.000161872 0.0180849 0.0247154 5.95968e-05 -0.00557395 -0.00203225 -6.63951e-05 -0.000669334 -0.0318363 -3.2887e-08 -6.06061e-07 0.000462108 -0.00210302 -0.000674053 0.0328305 -1.31783e-06 -0.0178854 0.000660552 -0.00116962 0.0201725 -0.000843046 -0.0192583 -0.0027643 -0.0559527 -0.00373434 0.000644707 -0.000138692 -0.00576894 -0.000258825 -9.98913e-05 -0.00210476 -8.20759e-05 -5.50793e-06 -0.0041371 -0.000108903 -0.0154336 -0.000482301 0.000408143 0.000200469 -0.00810143 -0.00320845 0.00033527 0.00605092 -0.000229115 0.000793021 0.00235834 0.0480232 -0.0350275 -0.00466578 0.0194717 -0.0289335 0.0303693 -0.000946197 -0.000110293 -0.000301481 -0.000152964 -1.70308e-07 -1.33353e-06 -0.000184451 -1.41633e-05 0.00480221 -2.54024e-05 -2.9439e-05 -0.0218693 -8.82036e-06 -0.00325989 -0.000130707 -0.000495176 -1.9168e-06 
-1.48227e-06 -0.000267023 -1.01744e-05 2.17335e-05 0.00229924 0.000364306 -0.0195007 0.000885482 -4.68053e-06 -1.90462e-05 -0.0158612 -8.37306e-06 0.000187311 0.00013307 0.000152222 -2.29583e-06 -0.00738807 0.024284 -0.00102218 0.000603985 -8.58018e-05 0.0142566 4.67576e-05 -0.00144764 3.36442e-05 -0.000634772 -0.000464832 -0.000238474 1.41562e-06 -0.0127441 0.000257916 -7.4947e-06 0.000926964 -0.0165658 -2.9753e-06 -0.000182606 -0.000144964 -5.72403e-06 -5.72654e-05 0.0170117 -2.32439e-09 2.50498e-07 7.72345e-08 -0.0177418 -2.082e-05 -0.0155473 2.80192e-07 0.000341334 -0.000102454 2.28834e-05 0.00153511 3.58085e-05 -0.00111921 -1.9549e-05 -0.00241435 0.00010083 -1.47817e-05 -1.02705e-05 -0.000318429 3.69856e-05 -9.32956e-06 -0.000117451 -5.8045e-06 8.83425e-06 0.00585296 5.26091e-05 -0.000697208 -2.17283e-05 -2.54714e-05 0.000522695 0.016997 0.00474247 -1.4107e-05 -0.0182155 -1.64823e-05 -4.23451e-05 -0.000200959 0.00720145 0.0130994 0.00146799 0.00145242 0.016938 0.00206783 -3.33766e-05 -2.73179e-06 -3.8353e-05 -1.00899e-05 -1.2037e-08 -1.84955e-07 9.76217e-05 1.36989e-05 -0.00143278 -2.00271e-06 -1.12913e-05 -0.000541334 -6.99974e-07 0.00134171 6.2718e-05 -4.33281e-05 -1.45607e-07 
-2.25668e-06 -0.00107123 -2.9642e-05 -4.44158e-06 -0.000102805 -3.47703e-05 -0.0301023 -0.000248699 -8.88651e-06 -4.03352e-05 -0.0383437 2.01226e-05 0.000777084 -0.00116985 -0.0347501 -2.75605e-06 -0.0151354 -0.00102218 0.0415014 -5.44353e-05 0.00123398 0.0308974 -1.00707e-05 -0.0065866 -2.5201e-05 -0.00159658 0.0310291 0.0395486 2.70848e-06 -0.0189061 -8.4574e-06 9.09356e-05 -0.0400482 -0.0375854 2.54436e-05 0.0017265 -0.00011319 -1.00236e-05 -3.45914e-05 -0.00683062 -4.04913e-09 -7.46197e-08 -4.52314e-05 0.00156016 -0.000117902 -0.0384505 1.13775e-06 0.0316491 0.000858066 -0.000153235 -0.00445726 -0.000108434 0.0402979 0.00370948 -0.00724267 0.000182348 -5.64899e-05 -1.01892e-05 -0.00204771 -3.33725e-05 -1.87764e-05 -0.000282667 9.35484e-05 -8.28771e-07 -0.000611318 -1.3566e-05 0.0358845 -6.48396e-05 -5.08291e-05 -0.00303308 -0.00139472 -0.000558414 8.27491e-06 0.00127109 0.000148591 1.05684e-05 -0.000331897 0.0216041 0.0385761 -0.000470267 -0.0382059 0.0390374 -0.0299311 0.00168461 -1.5415e-05 9.62092e-05 -1.49896e-05 2.75698e-07 -1.28862e-07 -2.17949e-05 -2.5511e-06 0.000288278 -2.62209e-06 -2.43952e-05 -0.00301395 2.40063e-06 -0.000357175 -1.88975e-05 0.00122153 3.06302e-06 
8.27959e-07 0.000191356 -3.88299e-07 -2.03944e-07 -2.44531e-06 2.48386e-07 -0.000793356 0.000340374 -2.80689e-07 -1.27476e-06 -0.00113915 -6.06386e-07 0.000981766 -3.4342e-05 -0.001099 1.75081e-05 -0.00043063 0.000603985 -5.44353e-05 0.00135624 5.46309e-06 -0.000156961 1.75231e-06 1.5924e-05 4.14836e-06 7.3342e-05 -4.85881e-05 -6.97059e-05 -1.35084e-08 -0.000669946 0.000233496 1.19352e-07 -0.000328289 0.000104668 -1.62251e-07 -1.40785e-05 0.000374065 -3.13781e-07 0.000285413 -0.000209555 -1.26755e-10 3.30997e-07 1.62813e-06 0.000100349 -1.59221e-06 -0.00111736 6.04921e-07 0.00118055 -2.20703e-06 -3.46763e-06 0.000666056 9.08863e-05 0.000269433 1.88273e-05 -0.000205821 1.10266e-05 8.53289e-05 1.49431e-05 -3.66849e-05 -1.04908e-06 3.17877e-06 -8.41086e-06 -3.16534e-07 6.37389e-07 -1.92861e-05 -4.24674e-07 6.39278e-05 -1.51802e-06 -2.94115e-07 -0.000390766 -3.01481e-05 -1.68115e-05 -7.83286e-07 -2.67994e-05 2.21182e-07 1.66341e-05 -6.90463e-06 -0.000199655 9.93551e-05 0.000900493 -0.000534609 -0.000121587 -0.000351905 6.62246e-05 -4.94344e-07 7.92756e-06 3.43703e-05 -6.56409e-10 -1.00861e-08 1.98869e-06 2.16681e-06 -0.000944765 7.00641e-05 -7.63215e-07 -6.95906e-05 1.01183e-06 0.000852473 -7.06667e-07 -2.86738e-06 -7.94028e-09 
4.131e-07 -8.31993e-05 -2.88566e-06 8.05833e-07 -8.22833e-06 -1.45357e-06 -0.000314194 -3.82841e-06 9.76506e-07 -3.25551e-06 -0.00122113 -6.85261e-07 0.000255183 -7.89771e-05 -0.00312078 1.38694e-06 -0.000898919 -8.58018e-05 0.00123398 5.46309e-06 0.00345627 0.000775217 -5.72392e-07 -0.000318373 6.83574e-06 -6.67087e-05 0.00055561 0.000900289 -3.4498e-08 0.000288052 -1.03988e-06 1.06318e-05 -0.00145552 -0.000786882 1.56898e-06 -6.22626e-05 0.000616623 -8.01338e-07 5.009e-05 -0.000547149 -3.23708e-10 -5.96547e-09 -3.52268e-06 0.000202315 2.87487e-05 -0.00169643 2.77029e-07 0.000498221 0.000236965 -4.83362e-06 -0.000359844 -4.276e-06 0.00126611 9.55764e-05 2.50156e-05 -2.6567e-05 1.17097e-05 -1.48185e-06 0.000238436 -2.53916e-06 -1.39506e-06 -2.07622e-05 2.23163e-06 4.20411e-07 -4.77598e-05 -1.08454e-06 0.000706574 -5.19396e-06 -4.11363e-06 -0.000621305 -0.000101452 -4.47551e-05 -8.10363e-07 0.000106911 2.25459e-06 8.27359e-05 -2.60875e-05 0.00167276 0.00133679 -4.54219e-05 -0.00153759 0.00133307 -0.00243967 5.73997e-06 -1.26246e-06 0.000273117 -1.36812e-06 -1.67634e-09 5.78424e-06 4.79278e-06 -2.03947e-07 2.86358e-05 7.44424e-07 -1.50941e-06 -0.000240104 -9.74823e-08 -3.1578e-05 -1.55136e-06 1.19299e-05 3.05536e-09 
6.27719e-06 -0.00163 0.000736435 -1.33347e-05 0.0020009 1.95009e-05 -0.0567224 0.00167341 -2.22683e-05 -0.000112717 -0.0615046 -5.03662e-05 -0.00579959 -0.00299424 -0.0293143 -7.5352e-06 -0.0329681 0.0142566 0.0308974 -0.000156961 0.000775217 0.106884 0.000113441 -0.00786715 0.0002667 -0.00420365 0.0303175 0.0371478 5.07955e-06 -0.0179612 -1.38266e-05 0.000150845 -0.0323193 -0.0592643 -5.49874e-06 -0.000150819 0.000349131 -3.18691e-06 -0.000255977 0.0107839 -1.13581e-08 -2.09313e-07 -0.000125061 -0.0181402 -0.000365212 -0.0573852 1.0682e-06 0.0236942 -6.73737e-05 0.000150729 -0.0120477 -0.000301072 0.0359132 -0.000809209 -0.0173173 -0.00149507 5.87856e-05 -4.41711e-05 -0.00633695 0.000527572 2.91033e-05 -0.000546072 -2.25635e-05 1.76858e-06 0.0110584 0.000260733 0.0364783 0.000705106 -0.000141363 0.000724728 0.0229806 0.0104595 -5.68976e-05 -0.0207256 3.73999e-05 -9.80534e-05 -0.00120467 0.0223375 0.049244 -0.00153214 -0.0389489 0.0594648 -0.0190928 -0.000342251 3.22684e-06 0.000562711 -2.56246e-05 -5.88186e-08 -9.03778e-07 6.64606e-05 -6.00599e-06 0.00165449 -9.7862e-06 0.000116929 -0.00286759 -2.59707e-06 -0.00112453 7.03346e-05 0.00153627 2.27516e-06 
-1.74619e-08 0.000110699 2.75745e-05 -3.73398e-08 7.00093e-07 4.57277e-06 -0.000179512 -1.92567e-06 -5.1391e-08 1.35661e-06 -0.000180019 2.74564e-06 7.44183e-05 -3.01094e-06 -2.61933e-06 1.07078e-07 -8.00712e-05 4.67576e-05 -1.00707e-05 1.75231e-06 -5.72392e-07 0.000113441 0.000248588 -4.12877e-05 -1.27992e-07 -9.15955e-06 -6.68325e-06 -1.1952e-05 3.7086e-07 -0.000128398 -7.45511e-08 2.30905e-06 -8.33246e-05 -0.000137726 4.53627e-07 1.56267e-06 -1.48721e-06 2.5255e-07 -7.50138e-07 0.000112877 -2.32073e-11 -4.27678e-10 -2.59718e-07 -0.000105314 1.51518e-06 -0.000220236 -9.29951e-10 7.99276e-05 6.20159e-06 -8.05432e-07 4.34491e-05 -6.29888e-07 -7.86681e-06 -1.45169e-06 4.53821e-05 8.304e-05 4.16447e-06 3.20171e-05 -1.09327e-05 1.45846e-05 6.22448e-06 -6.3664e-07 -5.79537e-08 -4.75004e-09 0.000140016 3.15256e-05 2.9843e-05 1.98505e-05 6.80842e-06 -7.77313e-05 0.000141706 0.000111021 4.18992e-06 -0.00014009 -1.64563e-07 7.87681e-07 2.3414e-06 -6.20583e-05 -1.65474e-05 8.62066e-05 -0.000165902 0.000129894 -6.28968e-05 -1.22825e-07 1.92616e-06 3.04103e-06 2.05021e-06 -1.20181e-10 -1.84664e-09 -1.77836e-07 -1.46214e-08 -0.000100742 -1.99956e-08 3.14688e-06 -1.60883e-06 1.13011e-07 6.78569e-05 5.47395e-06 3.10896e-07 -1.45377e-09 
-1.96904e-08 0.000161323 -0.000130087 -0.00014027 -0.000788606 -9.95975e-05 0.0100327 -0.000323768 1.06688e-06 -0.00077626 0.00945556 -0.000438229 0.000362348 -1.28132e-05 0.00186117 -3.92462e-06 0.0035302 -0.00144764 -0.0065866 1.5924e-05 -0.000318373 -0.00786715 -4.12877e-05 0.0125169 7.28821e-07 0.000461055 -0.0085648 -0.0077109 -8.4539e-06 0.00391417 3.65106e-06 -0.000610327 0.0101676 0.0110333 1.5146e-06 -0.00260442 4.93458e-05 -0.000203601 -1.05002e-05 -0.000744763 -9.21501e-08 2.18056e-08 -4.26469e-06 0.0031543 -0.000438962 0.0109906 -1.44592e-06 -0.00689506 -0.000726769 1.74512e-05 0.00116075 3.20188e-05 -0.00901534 9.18947e-05 0.00200742 -8.79745e-05 -0.000733099 -1.41034e-05 0.000535529 -7.33557e-07 -0.000324916 7.81057e-05 2.86816e-06 -4.92781e-06 -0.000509329 -0.000108859 -0.00984435 -0.00016067 -0.000732043 0.00108227 -0.00233419 -0.000661364 -0.000480901 0.00229131 -6.78626e-06 -8.51952e-05 -0.000607974 -0.00582274 -0.0100298 0.000129514 0.00981419 -0.0110985 0.00519169 1.64209e-05 -0.000289622 5.85772e-06 4.28457e-06 6.12753e-09 9.41527e-08 -0.000179916 1.92155e-07 3.42063e-06 1.01949e-06 -7.99316e-06 0.000827434 2.9966e-07 8.3519e-05 -0.000484067 3.39308e-05 -5.89211e-07 
1.04869e-07 3.47393e-05 -5.55831e-07 -8.93782e-08 -1.41203e-06 5.9828e-05 -0.000247923 0.00013957 -1.23012e-07 -1.88664e-07 -0.000478237 -2.65748e-07 0.00017793 -1.47042e-05 -2.92594e-05 5.25132e-07 -0.000159261 3.36442e-05 -2.5201e-05 4.14836e-06 6.83574e-06 0.0002667 -1.27992e-07 7.28821e-07 0.000594826 -5.90471e-06 -1.18212e-05 -2.61589e-05 -5.92006e-09 -0.00014445 3.15511e-08 -1.96581e-07 -0.000164068 2.59799e-06 -4.11062e-08 -1.01389e-05 0.000159247 8.29152e-07 0.000133074 0.000212516 -5.55501e-11 -1.02371e-09 9.54993e-07 -2.13906e-06 -1.83869e-06 -0.000503513 -2.22597e-09 0.000169199 3.77167e-06 -2.09072e-06 -2.5113e-05 -1.4844e-06 0.000159246 -1.55063e-06 -0.000103821 -2.70561e-06 8.74485e-06 -2.44295e-07 -3.51279e-05 9.10241e-07 -2.60566e-07 -3.90956e-06 3.47946e-07 -1.13699e-08 6.45979e-05 -1.86113e-07 1.75357e-05 -9.00466e-07 2.42074e-06 -0.000180664 -1.17387e-05 -5.16023e-06 1.46339e-06 -7.17014e-05 -2.70573e-07 5.09085e-06 -5.98065e-06 -6.031e-05 5.21093e-06 2.41221e-06 -0.000111864 -4.36328e-05 -0.000122971 1.23102e-06 7.76688e-07 7.84463e-06 4.70528e-07 -2.8767e-10 -4.4202e-09 -3.2901e-07 -3.49986e-08 -2.83102e-06 -4.78624e-08 -3.50547e-07 0.000328578 -1.67285e-08 8.96589e-06 6.46971e-07 4.64943e-06 -3.47982e-09 
-3.50281e-07 -0.000908111 -3.44017e-05 -3.17183e-06 -8.10238e-05 -2.03654e-05 0.0036066 -0.000395606 4.56232e-05 -3.4577e-05 0.00380343 -1.64478e-05 -0.00175542 -0.000941723 -0.00140473 2.83078e-06 -0.00661486 -0.000634772 -0.00159658 7.3342e-05 -6.67087e-05 -0.00420365 -9.15955e-06 0.000461055 -5.90471e-06 0.0354801 -0.0013189 -0.00195405 -3.66406e-07 0.00379401 4.26354e-05 -2.39557e-05 0.00223054 0.00286725 -4.40093e-06 -0.000671663 -0.000227556 -8.51109e-06 -9.55985e-05 -0.00550765 -3.43813e-09 -6.33598e-08 -3.30569e-05 -0.00572621 -0.000106251 0.00341062 -1.37771e-07 -0.00209009 0.000266682 -0.000129223 -0.00346648 -2.78237e-05 -0.00215382 -0.000286212 -0.0058022 -0.000454017 -4.74206e-05 -1.57389e-05 0.00402843 -2.81956e-05 -8.15371e-06 -0.000221502 -8.58575e-06 -6.77045e-07 -0.000519472 -1.1519e-05 -0.00178826 -5.55753e-05 -4.33746e-05 -0.000460722 -0.00116542 -0.000458588 -2.1246e-05 0.000922543 -2.41064e-05 5.96414e-05 -0.000315876 -0.00327389 -0.00319604 -0.000339272 0.00415548 -0.00333044 0.00114787 -0.000101402 -1.34087e-05 -6.25326e-05 -1.5969e-05 -1.78046e-08 -2.73577e-07 -2.50828e-05 -2.11614e-06 0.000332543 -1.47232e-06 -2.16629e-05 -0.00204549 -1.03537e-06 -0.000164041 -1.91678e-05 -0.000107492 -2.15374e-07 
-1.89123e-06 -0.000891356 -2.12924e-05 0.00010418 0.000227322 -2.63587e-05 -0.0315293 -0.000135484 -6.11379e-06 6.31838e-05 -0.0315024 1.74858e-05 -0.00195452 -0.000963236 -0.0254933 -3.30087e-06 -0.0125898 -0.000464832 0.0310291 -4.85881e-05 0.00055561 0.0303175 -6.68325e-06 -0.0085648 -1.18212e-05 -0.0013189 0.0345243 0.0326866 3.76051e-06 -0.0157864 -7.92225e-06 0.000335895 -0.0329465 -0.0328976 -3.62112e-06 0.00110023 -0.000218017 5.67771e-05 -7.36989e-05 -0.00507214 -3.34193e-09 -6.1587e-08 -3.73336e-05 0.000272548 -9.83767e-05 -0.0318838 9.82751e-07 0.0256872 -0.000127935 -0.000123842 -0.00381819 -9.07059e-05 0.0328006 -0.000266326 -0.00628509 -0.00044393 -4.42768e-05 -6.79851e-06 -0.00213898 -2.58727e-05 0.000113501 -0.000228801 -5.58218e-06 -6.84021e-07 -0.000421521 -1.118e-05 0.0333586 -4.26659e-05 -4.14987e-05 0.000524401 -0.000291199 -0.000367724 -1.93116e-05 0.000480183 -1.44576e-05 -4.50154e-05 -0.000310546 0.0178201 0.0320321 -0.000490377 -0.0311954 0.0324967 -0.0235951 -9.1919e-05 0.00011924 0.000105201 -1.49439e-05 -1.73064e-08 -2.65922e-07 2.83177e-05 -2.10553e-06 0.000438342 -2.87943e-06 -2.09158e-05 -0.00246972 -4.19731e-07 -0.000332133 0.000156929 0.000490217 7.57319e-07 
-1.41369e-06 -0.0011495 -3.75739e-05 -6.0247e-06 -7.60956e-05 -3.08558e-05 -0.0359988 0.00131378 -7.31538e-06 -5.06172e-05 -0.047331 -2.17445e-05 0.00357844 -0.0014453 -0.036091 -2.78457e-06 -0.0182811 -0.000238474 0.0395486 -6.97059e-05 0.000900289 0.0371478 -1.1952e-05 -0.0077109 -2.61589e-05 -0.00195405 0.0326866 0.0510178 3.48695e-06 -0.0235124 -1.27149e-05 0.000116224 -0.0435267 -0.0437239 2.66442e-05 0.00149913 0.000880312 -1.06994e-05 -5.08489e-05 -0.00700188 -5.03307e-09 -9.27523e-08 -5.22995e-05 -0.00270171 -0.000165086 -0.0450431 -4.16823e-08 0.0355116 0.000827954 4.01964e-05 -0.00442218 -8.96899e-05 0.0449691 0.00454769 -0.00783263 0.001088 -6.95608e-05 -1.72335e-05 -0.00259286 -4.0206e-05 2.43833e-06 -0.000259415 0.000217191 -1.03016e-06 -0.000726057 -1.67493e-05 0.0402241 -7.45426e-05 -6.39362e-05 -0.005594 0.00164804 -0.000398371 1.60746e-05 0.000376135 0.00042726 0.000406988 -0.000514022 0.0251965 0.0462482 0.000269236 -0.045215 0.0454421 -0.0312355 0.00181522 -1.88123e-05 0.000276917 4.70487e-05 2.70603e-07 -4.00489e-07 -6.88061e-07 2.31657e-05 -0.000672615 5.60137e-07 0.000122959 -0.00372834 1.57077e-05 2.83679e-05 -1.29464e-05 0.00142994 2.58138e-06 
-6.98521e-10 2.70781e-06 1.20071e-06 -1.49369e-09 1.63974e-06 1.80144e-06 -8.83053e-06 -8.35672e-08 -2.05578e-09 -9.33641e-09 -5.8784e-06 -4.44119e-09 -2.5491e-07 2.06781e-06 6.78072e-07 -9.1695e-10 -3.50482e-06 1.41562e-06 2.70848e-06 -1.35084e-08 -3.4498e-08 5.07955e-06 3.7086e-07 -8.4539e-06 -5.92006e-09 -3.66406e-07 3.76051e-06 3.48695e-06 9.94657e-06 -5.15894e-06 -2.98224e-09 9.50095e-07 -5.74321e-06 -7.40592e-06 -1.18833e-09 6.73356e-06 -6.25593e-08 9.54369e-07 -3.00075e-08 4.07417e-06 -9.28356e-13 -1.71083e-11 -1.03894e-08 -9.05705e-06 1.82927e-06 -8.05616e-06 -3.72005e-11 1.33464e-07 -4.11393e-08 8.54447e-07 -9.8104e-07 -2.51972e-08 1.75688e-07 -3.39691e-10 -1.5311e-06 1.72792e-07 -1.32886e-08 1.1575e-07 -5.15748e-07 -7.6835e-09 5.85645e-07 1.46634e-08 -2.3183e-09 -1.90014e-10 1.06875e-06 2.50223e-07 3.50822e-06 1.19495e-06 -1.17974e-08 -1.25763e-06 2.37473e-06 2.21831e-06 -5.73681e-09 -2.56396e-06 -6.58297e-09 -1.94274e-08 1.70938e-06 8.99473e-07 4.68284e-06 1.60389e-07 -7.08412e-06 5.98904e-06 4.33536e-07 2.01885e-07 -3.62059e-09 7.23068e-08 -4.39202e-09 -4.80756e-12 -7.38706e-11 -7.11392e-09 -5.84897e-10 -2.08353e-06 -7.99878e-10 1.07475e-07 -3.68133e-07 -2.79568e-10 4.40321e-09 1.20482e-06 -2.90328e-08 -5.81548e-11 
2.51129e-05 -0.00354581 -0.00047382 -7.77739e-05 -0.00122446 -0.000425679 0.049027 -0.00347003 -8.07005e-06 -0.000486302 0.0418226 -0.000227802 -0.0112961 -0.0126946 0.01516 -4.40002e-05 -0.120584 -0.0127441 -0.0189061 -0.000669946 0.000288052 -0.0179612 -0.000128398 0.00391417 -0.00014445 0.00379401 -0.0157864 -0.0235124 -5.15894e-06 0.249652 -0.000153953 -0.000332863 0.0274124 0.0342908 -6.19643e-05 -0.00316534 -0.00286689 -0.000119738 -0.00136451 0.000701698 -4.84083e-08 -8.92096e-07 -0.000525254 0.038388 -0.00128647 0.0418097 -9.4979e-07 -0.0292103 -0.00149365 -0.00168392 -0.0337965 -0.000316708 -0.0237053 -0.00418752 0.046704 -0.0062515 -0.000692677 -0.000113568 -0.0278073 -0.000384853 -0.000223643 0.00124379 -0.000120776 -7.84814e-06 -0.00648458 -0.000160202 -0.0205987 -0.000326717 -0.000613399 0.0117261 -0.0171534 -0.00668707 -0.000298487 0.015956 -0.00033959 -0.00100532 -0.00494766 -0.11277 -0.0334489 -0.00705866 0.0342855 -0.0387379 -0.00154174 -0.00143904 -0.000188176 -0.000213811 -0.000225361 -2.50686e-07 4.98083e-07 -0.000120116 -2.52356e-05 0.00709053 -4.16856e-05 -0.000298799 0.0221038 -1.45778e-05 -0.00477553 -0.0002642 -0.00132364 -1.6491e-06 
1.92278e-07 2.41878e-06 5.88667e-06 -4.50245e-08 6.2202e-07 -4.792e-08 -0.000265529 -3.22231e-06 -6.19675e-08 -2.81428e-07 -0.000263538 -1.33871e-07 0.000147643 -7.88747e-06 -0.000269271 1.30903e-06 -0.000104139 0.000257916 -8.4574e-06 0.000233496 -1.03988e-06 -1.38266e-05 -7.45511e-08 3.65106e-06 3.15511e-08 4.26354e-05 -7.92225e-06 -1.27149e-05 -2.98224e-09 -0.000153953 0.000299733 -1.98099e-07 1.01337e-06 -1.97645e-06 -3.58199e-08 -6.32323e-06 -1.88573e-06 -6.92732e-08 -9.0452e-07 -2.24193e-05 -2.79835e-11 -5.15696e-10 8.23497e-07 2.07129e-05 -9.26245e-07 -0.000264306 -1.12134e-09 0.000257069 -1.24007e-06 -1.07168e-06 0.000243087 6.94405e-05 -1.4213e-05 7.77498e-06 -4.83164e-05 -1.16729e-06 3.36277e-06 -1.28102e-07 -6.88436e-06 -2.31605e-07 -1.31261e-07 -1.07278e-06 5.34525e-08 -5.72763e-09 1.74922e-05 -9.37548e-08 -1.16727e-05 2.57972e-06 -3.5561e-07 6.52804e-06 1.30844e-05 1.42844e-05 -1.72925e-07 -8.48713e-05 -7.50977e-08 -5.85602e-07 -3.03292e-06 -0.000144078 -2.70823e-05 0.000267369 -7.22996e-05 -4.50596e-06 -8.85255e-05 2.05525e-05 -1.09136e-07 -3.99993e-07 -9.05566e-09 -1.44915e-10 -2.22669e-09 -2.14436e-07 -1.76306e-08 -0.000270519 -2.41108e-08 -1.76589e-07 -2.08429e-05 2.44906e-07 0.000270212 -1.5601e-07 4.26153e-06 -1.75297e-09 
-4.64002e-08 1.23196e-05 8.4153e-05 8.87174e-05 4.59148e-07 -5.68378e-07 -0.000547809 -1.33767e-06 1.15011e-06 9.72498e-05 -0.000258526 4.4735e-05 9.96895e-05 -9.95908e-06 -8.17815e-05 2.33576e-06 -0.000161872 -7.4947e-06 9.09356e-05 1.19352e-07 1.06318e-05 0.000150845 2.30905e-06 -0.000610327 -1.96581e-07 -2.39557e-05 0.000335895 0.000116224 9.50095e-07 -0.000332863 -1.98099e-07 0.000660283 -0.000614061 -0.0004966 -7.89362e-08 -6.36449e-06 -4.4225e-07 0.000189884 3.709e-05 0.000188277 -6.16672e-11 1.28864e-07 -6.90131e-07 -0.000283304 -9.61164e-07 -0.000565293 -2.47109e-09 0.000313858 2.94106e-05 -2.30499e-06 -4.64876e-05 8.02909e-07 0.000277016 -3.71e-06 -7.75843e-05 3.85015e-05 3.18973e-05 1.59044e-05 5.91e-06 -5.10386e-07 0.000264161 -4.34007e-06 -1.53996e-07 -1.2622e-08 0.000242064 6.86006e-06 0.000276523 0.000103477 1.31097e-05 -0.000389067 0.000261917 0.000251311 5.30893e-06 -0.000309583 -3.30615e-07 1.6951e-07 1.06464e-05 6.75181e-05 0.000292331 2.00876e-05 -0.000569644 0.000547051 -0.000350225 3.3291e-06 0.000232929 1.41138e-06 -1.81745e-07 -3.19348e-10 -4.90695e-09 7.70174e-05 -3.88525e-08 -0.000129403 1.3302e-06 1.66209e-05 -4.39049e-05 -1.85706e-08 1.67413e-05 0.000294546 -1.90187e-06 -3.86301e-09 
