0.00172038 0.000276675 2.98197e-05 -0.000209661 0.00038952 -0.000558902 -8.84046e-05 -0.000468659 -0.000115176 -0.000480098 3.35837e-05 -0.000572465 -0.000208422 0.000284154 5.34755e-05 0.000633216 0.000188393 -1.6108e-06 -8.11992e-05 -6.45148e-05 -4.46383e-05 -0.000866805 -1.14905e-06 -0.000494909 5.81529e-05 0.000113128 -0.000776356 2.2291e-05 -0.00101589 -0.000108488 -0.000605249 -0.000229337 -1.94095e-06 0.000597606 0.000498999 -0.000251536 -0.000545848 -0.000778628 5.47999e-05 0.000206695 -0.000377598 0.000322857 -5.04725e-06 -0.00010502 -1.81185e-05 -0.000145293 0.000304446 0.000604163 -0.00022036 5.84808e-06 0.000368456 3.57571e-06 -0.000806786 0.000552369 1.04608e-05 9.75823e-07 -0.000576517 -0.000493783 -1.88448e-06 1.96961e-06 3.262e-07 0.000158119 0.000198218 0.000270026 0.000105015 2.78805e-07 0.000120647 0.000347115 -0.000755356 -8.62185e-06 3.44355e-06 0.000177205 5.48443e-05 0.000445416 0.000226439 -0.000729907 1.69661e-06 -1.0899e-07 0.000508768 -5.71517e-05 9.58361e-05 0.000217698 0.000398677 2.38527e-06 0.000234509 -1.29825e-09 0.000183112 0.000444355 0.00042782 -6.55889e-07 0.000203854 9.57929e-05 0.000114967 0.00012264 0.000244489 0.000251905 -0.000230581 0.000137163 -2.65954e-05 5.07863e-07 
0.000276675 0.0366011 0.00143688 -0.00463336 0.0015768 -0.00867078 -0.00232567 -0.0104958 -0.010682 0.0149393 0.0061852 -0.00565861 -0.0164792 0.0188294 -0.000859882 0.0136616 0.00164857 -3.35706e-05 -0.0152696 -0.0121094 0.00193347 -0.0194353 0.00147638 -0.00962884 -0.00158192 -0.00245706 -0.00770493 -0.00963778 -0.00222852 -0.00115977 -0.00138875 -0.00600029 -4.65967e-05 0.0238251 0.020955 -0.0147048 -0.0112883 -0.00569311 -0.000134039 -0.00491332 -0.0155233 -6.57103e-06 -0.000140724 -0.00177334 0.00422607 -0.00329784 9.78964e-05 -0.000157667 0.012074 0.00362018 0.0164633 -0.00039769 -0.010404 -0.000174148 -0.000959533 -9.04202e-06 -0.00730249 -0.0113071 -5.23902e-05 6.41785e-06 0.000596359 -0.00554197 0.0137349 0.015264 0.000897379 -2.63805e-08 0.00140999 4.49606e-05 -0.00761435 0.00190548 -3.62996e-06 -0.00473796 -3.8751e-05 0.00177041 -0.000292491 -0.0113599 -1.04027e-05 7.617e-06 -3.81048e-05 -0.00133582 0.00221177 -0.00417616 0.000492777 -9.8762e-07 0.0255313 -2.86634e-08 -0.00482565 0.0178602 0.000514033 0.000358489 -0.000597231 0.00194902 -0.00139603 7.15443e-07 -0.000206509 -0.00192762 0.0134787 0.00248761 0.000479002 2.53556e-06 
2.98197e-05 0.00143688 0.0241728 -0.00301955 -0.000147639 0.00215685 -0.0015077 -0.00705234 -0.00760777 -0.0007734 -0.00807335 0.0109212 -0.0109601 0.0024258 -0.000340539 -0.000508255 -0.00011059 -2.12351e-05 -0.0113091 -0.00873209 -0.000202711 -0.0134395 3.14746e-05 -0.00124077 0.00402771 -0.00164562 0.00550647 0.00146839 -0.0102339 -0.000834796 0.00789633 -0.00397432 0.000261108 0.0109573 0.0135658 -0.0111593 -0.00803248 -0.00142885 0.00852259 -0.003091 -0.0100338 -7.15221e-05 -9.14811e-05 -0.00144981 0.000591146 -0.00214233 -7.41886e-05 -0.000495029 0.00189107 -4.87168e-05 -0.000371211 -0.000238311 0.00426982 0.000193545 0.00116764 -7.78416e-06 0.00590825 -0.00757897 -1.36393e-05 0.000321119 -8.9864e-06 -0.00188414 -0.000180322 -0.000413386 -9.13511e-05 -1.71858e-08 0.0146043 -7.66328e-05 -0.00273471 -0.000116736 1.17152e-06 -0.00355446 1.9915e-05 0.0139766 0.00197699 -0.00980265 -7.82621e-06 -1.56763e-06 -8.65353e-05 -0.000861241 0.00315539 -0.000784262 -0.00010281 -3.39326e-09 -0.000654819 -1.8673e-08 -0.00324169 -0.00161264 -0.000132211 -9.43376e-06 0.000275668 -0.000475876 0.0114382 1.15735e-05 -0.000498089 0.0034957 0.00546219 -0.00057435 0.00382021 9.4601e-06 
-0.000209661 -0.00463336 -0.00301955 0.107688 -0.000732711 0.00237524 0.048664 -0.0140471 -0.0374724 -0.0605617 0.0046567 -0.0594759 0.0679941 0.000927203 0.00500878 -0.0035747 0.0551102 -7.84908e-05 0.0649332 -0.000207171 0.0135146 0.00912586 -0.00149624 -0.0554575 -0.00519563 0.0198418 -0.0573537 -0.00668083 -0.0577804 -0.00530155 -0.0611802 -0.0171445 -0.000125214 -0.0078334 -0.00894793 0.0669701 0.00667322 -0.0568888 -0.00249066 0.0597628 0.0653341 0.0001441 0.00033861 0.0313636 -0.00141671 0.0352345 -0.000531843 -0.00371623 -0.0631137 -0.000608623 -0.00266408 0.00457368 0.0122146 -0.000519131 -0.00262389 5.61515e-05 -0.053544 -0.0107563 -0.000163139 -4.54097e-05 -9.16853e-05 -0.0202053 -0.0044874 -0.00152951 -0.000410627 2.64888e-07 -0.00646404 -0.000378944 -0.0554071 -0.000424076 5.18284e-05 0.0559879 -0.000141665 -0.00639981 -0.000631211 -0.0532269 -6.48055e-05 -2.50272e-07 -0.000374917 0.0184609 -0.00533014 0.0587234 -0.000584556 -1.30971e-06 -0.00223153 -9.24775e-08 0.060588 0.0283583 -0.000656277 -4.67204e-05 -0.001934 -0.00350507 -0.00572923 -2.72435e-05 0.00377052 -0.0039112 -0.0599763 -0.0046367 -0.00204193 -3.71383e-06 
0.00038952 0.0015768 -0.000147639 -0.000732711 0.00593313 -0.00328652 -0.000364892 -0.00168796 0.00291107 -0.00186909 -0.000966332 -0.00251813 -0.00265763 0.00042854 -0.000120896 0.00480909 -0.00101136 -5.57896e-06 -0.0027723 -0.00210883 -0.000192923 -0.00494935 0.00244983 -0.00245298 -0.000231116 -0.000400028 -0.000410207 -0.00172444 -0.00327963 -0.000401904 -0.000549315 -0.000628679 0.000152742 0.00123469 0.00110859 -0.00269072 -0.00193521 -0.00219688 -0.000120789 -0.000774777 -0.00275222 0.00187556 -1.57405e-05 -0.000363734 -6.46893e-05 -0.00051859 0.00377392 0.00430721 0.0020346 -2.65172e-05 0.000919938 -3.9696e-05 -0.00292031 0.00266339 -0.00014617 -1.91937e-06 -0.00289388 -0.00183045 -4.44303e-06 1.4332e-05 -3.92794e-06 0.0036231 -7.86926e-06 0.000847551 0.00197624 2.75862e-07 -0.000280928 0.00280576 -0.00240612 5.1392e-06 -6.4578e-07 -0.000850437 -6.7888e-07 0.000471094 0.00419045 -0.00226695 -3.15196e-06 1.05849e-07 0.000386288 -0.000209615 -0.000225107 -0.000820848 0.00450626 2.27507e-06 0.000538369 3.48837e-07 -0.000791697 0.000457601 0.00460812 -2.27165e-06 -8.90032e-05 -0.000146381 -0.00023453 8.1355e-05 0.00425995 -0.000276061 -0.0016671 -0.000193573 -9.92231e-05 8.60919e-08 
-0.000558902 -0.00867078 0.00215685 0.00237524 -0.00328652 0.240899 0.0236544 -0.169299 -0.131165 0.177648 -0.196693 0.171548 -0.146378 -0.0580585 0.00500618 -0.0171378 0.0382188 -0.000536682 -0.149178 -0.158622 -0.0194108 0.0393006 -0.007163 0.1781 -0.0246069 0.0250916 0.174199 -0.144902 -0.00823718 -0.0395524 0.168237 -0.0945005 9.4625e-05 -0.0257729 -0.0333394 -0.138359 -0.193257 0.184934 -0.00432206 0.0511082 -0.147738 -0.000911076 -0.00189435 -0.0360023 -0.00515252 -0.0516007 -0.00171194 -0.0186435 0.150693 -0.0027131 -0.00846016 -0.006264 0.168361 -0.00308114 -0.0154313 -3.08857e-05 0.165837 -0.165583 -0.000818525 0.000122465 -0.000258795 -0.0987577 -0.00781253 -0.00919463 -0.00218558 -4.1281e-07 -0.0192619 -0.00164281 0.180399 -0.00172693 -1.20348e-05 0.0361933 -0.00061546 -0.0217226 -0.0131275 0.17374 -9.22762e-05 1.33417e-05 -0.00205082 -0.0190044 -0.0261259 0.0500727 -0.00275183 -4.0379e-06 0.0085046 -4.48534e-07 0.0509307 -0.0574579 -0.00293306 -0.000221293 -0.00887341 -0.0156433 -0.0220261 -0.000124135 -0.012071 -0.0266254 0.172027 -0.0218667 -0.00621509 -1.73461e-05 
-8.84046e-05 -0.00232567 -0.0015077 0.048664 -0.000364892 0.0236544 0.0573964 -0.0171604 -0.0189461 -0.0293853 -0.0196143 -0.0296164 0.0331345 -0.00598145 0.00143478 -0.00177826 0.049754 -3.56713e-05 0.0323444 -0.0165958 -0.0015544 0.00496082 -0.000745558 -0.0275246 -0.00250254 0.0245003 -0.0285626 0.00436664 -0.0465248 -0.00402097 -0.0300588 -0.00927747 -1.87722e-05 -0.00390216 -0.00445904 0.0333494 -0.0189773 -0.0283302 -0.00122588 0.0521379 0.0326526 -1.44846e-05 4.07912e-05 -0.00301704 -0.000710237 -0.00483487 -0.000356114 -0.00190643 -0.0314613 -0.000305789 -0.0013305 -0.000642671 0.0264103 -0.000333792 -0.00123009 3.30812e-05 -0.0323867 -0.0170367 -7.69316e-05 -2.26904e-05 -4.56596e-05 -0.0101765 -0.00127866 -0.000885923 -0.000221252 -4.23861e-08 -0.00322053 -0.000188989 -0.0275935 -0.000275685 2.56591e-05 0.0455401 -7.05579e-05 -0.00317593 -0.00112331 -0.0265081 -3.22833e-05 2.81037e-06 -0.000211752 -0.00174014 -0.0027042 0.0515472 -0.000291111 -1.45016e-06 0.00142182 -4.60541e-08 0.0519884 -0.00574126 -0.000327485 -2.32669e-05 -0.000963218 -0.00172097 -0.00285527 -1.35288e-05 -0.000865892 -0.00308834 -0.0299418 -0.00231079 -0.00100936 -1.8495e-06 
-0.000468659 -0.0104958 -0.00705234 -0.0140471 -0.00168796 -0.169299 -0.0171604 0.203994 0.163574 -0.142779 0.176114 -0.126332 0.157924 -0.000136054 -0.00433244 -0.00831128 -0.0466039 0.000475003 0.150471 0.174516 -0.00904461 0.0232631 -0.000840894 -0.128996 -0.00922895 -0.019121 -0.133208 0.165893 0.0623494 0.0414018 -0.146416 0.105551 -0.000165204 -0.0182174 -0.0207878 0.146259 0.192304 -0.132167 -0.00584123 -0.0370304 0.152398 -0.000816169 -0.000596792 0.00623407 -0.00331872 0.0268096 -0.00160877 0.0160649 -0.127764 -0.00142245 -0.00621624 0.00562457 -0.142162 -0.00155272 -0.00543529 -5.2708e-05 -0.110918 0.180294 -0.00039835 -0.000105784 -0.000181135 0.105814 -0.00875064 -0.00465921 -0.000803079 -1.97953e-07 -0.0150088 -0.000858173 -0.128833 -0.00143398 6.32308e-06 -0.0333168 -0.00032593 -0.0147709 -0.00270164 -0.122676 -0.000149814 -1.80566e-05 0.000924971 -0.00766069 -0.012592 -0.0372233 -0.00134961 4.10912e-06 -0.0246542 1.84916e-07 -0.0372907 -0.000633471 -0.0011608 -0.000108662 -0.00446395 -0.00814748 -0.0132962 -5.38845e-05 -0.00573406 -0.00844742 -0.144384 -0.0107823 0.00635113 -8.63762e-06 
-0.000115176 -0.010682 -0.00760777 -0.0374724 0.00291107 -0.131165 -0.0189461 0.163574 0.214031 -0.102506 0.136479 -0.085247 0.113911 -0.0165408 -0.0051954 -0.00440108 -0.0508632 0.000427822 0.105729 0.141789 -0.0106832 0.0212354 0.00102437 -0.0878601 -0.0128145 -0.0207373 -0.0897683 0.145493 0.0632958 0.0370773 -0.10486 0.0933381 -5.54932e-05 -0.0191507 -0.0220334 0.102001 0.151219 -0.0903508 -0.00599056 -0.0402573 0.107793 0.00111264 -0.000950082 -0.0118262 -0.00360951 -0.00301849 0.00238702 0.0197612 -0.0887383 -0.00153809 -0.00670259 -0.00240348 -0.154179 0.00103871 -0.00673741 -9.68145e-05 -0.0716595 0.156231 -0.000427265 -9.29634e-05 -0.000198024 0.105749 -0.00963614 -0.00522154 0.000887927 6.48271e-08 -0.0163364 0.0021244 -0.0872969 -0.00157926 -2.1394e-05 -0.0370418 -0.000317024 -0.0152127 0.000919905 -0.0810624 -0.000162506 -1.78773e-05 0.00105583 -0.0106585 -0.0137269 -0.0407155 0.00316202 4.44113e-06 -0.0257899 5.1954e-07 -0.0410154 -0.0304072 0.00361043 -0.000118114 -0.00483657 -0.00858114 -0.0144907 4.97749e-05 -0.00177183 -0.0160591 -0.104082 -0.0117049 0.00592969 -9.12232e-06 
-0.000480098 0.0149393 -0.0007734 -0.0605617 -0.00186909 0.177648 -0.0293853 -0.142779 -0.102506 0.249999 -0.146412 0.212003 -0.214419 -0.0269296 -0.00792149 -0.00194035 -0.0560811 -0.0004649 -0.210783 -0.167649 -0.0117753 0.0223236 -0.0054515 0.222805 -0.020622 -0.0157028 0.216247 -0.149418 0.0809696 -0.0308327 0.197246 -0.0807177 0.000190245 -0.00857866 -0.0155969 -0.201633 -0.161771 0.229585 -0.00890839 -0.0471646 -0.211953 -0.00121956 -0.00168695 -0.0278672 -0.00117136 -0.0431561 -0.00197906 -0.0153276 0.21832 0.000129372 0.00836184 -0.00525035 0.11602 -0.00124805 -0.0139175 -0.000142197 0.19024 -0.15257 -0.000700085 -0.000176239 -2.34482e-05 -0.0833545 0.0117048 0.00669673 -0.0013665 -3.47203e-07 -0.0205766 -0.00154248 0.224403 0.00212448 -5.36971e-05 -0.052755 -0.000575639 -0.0225685 -0.0103331 0.214486 -3.72505e-05 1.5766e-05 -0.00153409 -0.0175739 -0.0196936 -0.0477983 -0.00238436 -5.4551e-06 0.0188654 -3.7725e-07 -0.0466583 -0.0269232 -0.00265854 -0.00014354 -0.00788906 -0.0128605 -0.0232801 -0.000110556 -0.0102484 -0.0281222 0.237044 -0.0164154 -0.00737531 -1.22734e-05 
3.35837e-05 0.0061852 -0.00807335 0.0046567 -0.000966332 -0.196693 -0.0196143 0.176114 0.136479 -0.146412 0.223292 -0.151746 0.163165 0.0274064 -0.00227042 0.00329153 -0.0564675 0.000547194 0.160987 0.16595 0.0192894 0.00987719 -0.000697486 -0.148524 -0.00938537 -0.0224435 -0.157059 0.14633 0.0482392 0.0435975 -0.171047 0.0881172 -0.000244412 -0.00497828 -0.00867905 0.158161 0.202852 -0.155651 -0.00685855 -0.043298 0.158594 -0.000954221 0.00199327 0.0393726 -0.00375008 0.0552064 -0.00194681 0.0155161 -0.128626 -0.00114806 0.0108502 0.00490593 -0.167741 -4.73487e-05 -0.00843647 -9.91653e-05 -0.141707 0.174645 -0.000459845 -0.0001245 -0.000171543 0.0923043 0.0028839 0.0107673 0.000125924 1.16642e-07 -0.0173883 -0.00103261 -0.151617 0.00170092 4.30832e-06 -0.0276281 -0.000385675 -0.0169955 0.00298998 -0.145117 -0.000174737 -2.06127e-05 0.00183059 0.0212153 -0.0148776 -0.0421928 -0.00159911 -6.66299e-06 -0.0102196 -2.20219e-07 -0.0430712 0.0447407 -0.00148074 -0.000127797 -0.00528932 -0.00915171 -0.0155009 -7.37822e-05 0.00902692 -0.0113407 -0.143855 -0.0125142 0.00474381 -7.72247e-06 
-0.000572465 -0.00565861 0.0109212 -0.0594759 -0.00251813 0.171548 -0.0296164 -0.126332 -0.085247 0.212003 -0.151746 0.249763 -0.202873 -0.0431589 -0.0114182 -0.0133559 -0.0703389 -0.000380252 -0.21456 -0.15623 -0.0162307 0.0220508 -0.00462485 0.227634 -0.0142557 -0.0303305 0.228404 -0.128166 0.0874461 -0.0227279 0.212877 -0.0763955 -0.000186493 -0.015094 -0.0169969 -0.214414 -0.145832 0.228244 0.000907 -0.0615736 -0.210795 -0.00139705 -0.00160043 -0.0294952 -0.00469979 -0.0418361 -0.00190748 -0.0150957 0.209138 -0.00169399 -0.00630029 -0.00492425 0.128159 -0.00173969 -0.011373 -0.000152269 0.21364 -0.135965 -0.000634171 4.79504e-05 -0.000127272 -0.0765658 -0.0166804 -0.00789064 -0.00178551 -3.35997e-07 -0.004825 -0.00140228 0.229635 -0.00220409 -5.17916e-05 -0.0698853 -6.30363e-05 -0.00696173 -0.00746847 0.221178 -2.60948e-05 -2.1905e-05 -0.00170686 -0.0170109 -0.0154879 -0.0627001 -0.00220219 -1.17089e-05 -0.00166325 -3.65073e-07 -0.0622603 -0.0473755 -0.00237586 -0.000181568 -0.00387195 -0.00992889 -0.0102273 -8.9685e-05 -0.00987316 -0.0184547 0.217266 -0.0144513 -0.00510284 -8.64441e-06 
-0.000208422 -0.0164792 -0.0109601 0.0679941 -0.00265763 -0.146378 0.0331345 0.157924 0.113911 -0.214419 0.163165 -0.202873 0.247058 -0.00577479 0.0117878 -0.0122368 0.0442425 0.000476936 0.235307 0.189198 0.0111485 0.0335102 -0.00262792 -0.20138 -0.0130234 0.0250037 -0.208265 0.150772 -0.0408723 0.0347693 -0.213139 0.0832431 -0.000135529 -0.0284013 -0.0325128 0.233542 0.179555 -0.206575 -0.00911303 0.0613687 0.236954 -0.000686576 0.00182864 0.0313283 -0.0051807 0.0480248 -0.00206276 0.011511 -0.205193 -0.0022133 -0.00947183 0.00465605 -0.126124 -0.00142526 -0.00856551 5.21398e-05 -0.169889 0.169595 -0.000618052 -0.000165337 -0.000294737 0.0801157 -0.00943355 -0.00690238 -0.00134516 4.09387e-08 -0.0234798 -0.00135334 -0.2012 -0.00195553 4.39016e-05 0.068001 -0.000513929 -0.0231613 0.000650101 -0.192282 -0.00023502 -1.41114e-05 0.000933287 0.0194526 -0.0196252 0.0609622 -0.00212158 1.55285e-06 -0.0223725 6.4193e-08 0.061545 0.0132407 -0.00202464 -0.000169652 -0.00700659 -0.0126443 -0.0208137 -9.87024e-05 0.006798 -0.0105857 -0.220429 -0.0168454 0.00374239 -1.10491e-05 
0.000284154 0.0188294 0.0024258 0.000927203 0.00042854 -0.0580585 -0.00598145 -0.000136054 -0.0165408 -0.0269296 0.0274064 -0.0431589 -0.00577479 0.0932813 0.000269631 0.0196462 0.00253081 -9.12762e-05 0.00506169 -0.0104394 0.00755575 -0.0466703 0.00562078 -0.0412589 0.0276831 -0.00697038 -0.0388985 0.00500856 -0.0211056 -0.00213502 -0.0268791 0.00648933 -2.43571e-05 0.0348848 0.0448083 -0.000696831 0.00730966 -0.0470898 0.00789737 -0.0134163 0.00325754 -0.000231014 -0.000365906 0.00505177 0.00779642 0.00801278 -0.000575813 -0.00249179 -0.0158638 0.0037018 0.0156878 0.00312671 -0.0270746 -0.000284526 0.0150269 7.16372e-05 -0.0519817 -0.0126725 0.00119254 -2.3215e-05 0.000388259 -0.00477014 0.0140403 0.0147366 0.00124942 -2.21918e-08 0.0256918 -0.000320122 -0.0462552 0.0032859 1.10846e-05 -0.0121091 0.000639926 0.0261887 0.00793523 -0.0448587 0.000172705 -5.90507e-06 -0.000311549 -0.000814467 0.0314693 -0.0134785 -0.000405612 -2.20601e-06 0.0149422 -7.84392e-08 -0.0132684 0.05582 -0.00052206 0.000331275 0.00896578 0.019205 0.0278524 4.75738e-05 -0.00213365 0.0278644 -0.0250856 0.0263721 -0.000328006 5.34327e-06 
5.34755e-05 -0.000859882 -0.000340539 0.00500878 -0.000120896 0.00500618 0.00143478 -0.00433244 -0.0051954 -0.00792149 -0.00227042 -0.0114182 0.0117878 0.000269631 0.0239287 -0.000472043 0.0131073 -8.16847e-06 0.0122565 0.00168743 -0.000314934 0.00122454 -0.000291864 -0.00985424 0.00130353 0.00480288 -0.0113679 -0.000314708 -0.0140767 0.00181445 -0.0119669 -0.00385813 0.000521788 -0.00151463 -0.00176363 0.0129094 -0.00340574 -0.0109949 -0.000357726 0.015114 0.0127088 0.000184925 -8.88267e-05 -0.00128466 -0.000283274 -0.0018608 0.000709063 -0.000628581 -0.00890845 -0.000114717 -0.000341025 -0.000250793 -8.9482e-05 8.19471e-05 -0.000682496 -3.95826e-06 -0.0095931 -0.00159524 -3.47952e-05 -9.08544e-06 -1.3698e-05 -0.00385084 -0.000847164 -0.000395302 -8.47127e-05 -1.70078e-08 -0.00105697 -4.23924e-05 -0.0110707 -3.68553e-05 -1.9407e-06 0.0153831 -2.69887e-05 -0.00127422 0.00175112 -0.0106363 -1.28806e-05 3.91944e-07 0.000334558 -0.000481018 -0.00102473 0.0150389 -9.02842e-05 2.51327e-06 0.000887897 -1.84796e-08 0.0151414 0.000646954 -0.000102349 -9.33605e-06 -0.000381107 -0.000682838 -0.00114546 -5.45267e-06 -0.000314041 -0.00103215 -0.0104349 -0.000913916 -0.000344565 1.13454e-06 
0.000633216 0.0136616 -0.000508255 -0.0035747 0.00480909 -0.0171378 -0.00177826 -0.00831128 -0.00440108 -0.00194035 0.00329153 -0.0133559 -0.0122368 0.0196462 -0.000472043 0.0283174 -0.00113122 -2.72633e-05 -0.00897027 -0.00991586 0.000422306 -0.0255048 0.00853438 -0.0119783 0.00663983 -0.00193011 -0.00693382 -0.00691721 -0.0110069 -0.00176379 -0.0112816 0.000410971 0.000130281 0.0136329 0.0177754 -0.0117781 -0.00940513 -0.0131986 -0.000594828 -0.00348389 -0.00730906 0.0019095 -9.95466e-05 -0.00177195 0.00678865 -0.00250941 0.00375566 0.00493957 0.00672704 0.00322949 0.011172 0.000205778 -0.0110084 0.00396642 0.00257529 8.45437e-05 -0.0151162 -0.00893993 0.00133824 7.01119e-06 9.68484e-06 0.00432172 0.0116487 0.0111963 0.00323417 2.59777e-07 0.00235631 0.00278012 -0.0129893 0.000440531 -3.08581e-06 -0.00383479 -2.65347e-05 0.00279659 0.00836339 -0.0126146 5.78903e-05 -1.37136e-06 0.00128865 -0.00102411 0.00988936 -0.00310449 0.00449595 1.81622e-06 0.01161 3.3136e-07 -0.00376587 0.0181675 0.00454982 -7.84446e-06 -0.000339739 0.0025995 0.0071318 6.41785e-05 0.00385316 0.00494493 -0.0014449 0.00550013 -0.000465257 7.40756e-06 
0.000188393 0.00164857 -0.00011059 0.0551102 -0.00101136 0.0382188 0.049754 -0.0466039 -0.0508632 -0.0560811 -0.0564675 -0.0703389 0.0442425 0.00253081 0.0131073 -0.00113122 0.140903 -0.000122542 0.0505777 -0.00395557 -0.00345226 -0.0181331 -0.00186444 -0.0716854 0.00824205 0.0539932 -0.0684409 -0.0135279 -0.12324 -0.0116315 -0.0351766 -0.0248233 -8.48005e-05 0.0193137 0.0181963 0.0537251 -0.0533656 -0.0638021 0.0100562 0.105497 0.0497637 0.000344124 -0.00045621 -0.0101796 0.00488084 -0.0142178 0.000641224 -0.00531859 -0.0803805 0.00312581 -0.00289431 -0.00137651 0.0378876 -0.0008177 0.00850346 0.000206973 -0.0570824 -0.0341495 -0.000214892 0.00022923 0.00035859 -0.0274678 0.0146038 -0.0024363 -0.000535763 -5.43261e-08 0.0169064 -0.000415203 -0.0698047 0.000474566 4.34495e-05 0.0970359 0.000474505 0.0181349 -0.00392213 -0.0703423 9.30748e-05 4.07442e-05 -0.000498988 -0.00404053 0.0158039 0.105125 -0.000798204 7.03512e-06 0.0161355 -1.27842e-07 0.105777 -0.00980557 -0.000741008 0.000315703 0.00885402 0.0178139 0.0133857 -1.64809e-05 -0.00341519 0.0186795 -0.0643558 0.0193522 0.00128109 1.32726e-05 
-1.6108e-06 -3.35706e-05 -2.12351e-05 -7.84908e-05 -5.57896e-06 -0.000536682 -3.56713e-05 0.000475003 0.000427822 -0.0004649 0.000547194 -0.000380252 0.000476936 -9.12762e-05 -8.16847e-06 -2.72633e-05 -0.000122542 0.00093382 0.000452221 0.000578319 5.43309e-05 -0.000118504 -9.98193e-06 -0.000420223 -3.72572e-05 -6.00834e-05 -0.000415982 0.000316188 4.8582e-06 0.000779478 -0.000440089 -8.79485e-06 -1.03559e-06 -3.90047e-05 -4.77064e-05 0.000378621 0.000575743 -0.000417048 1.59382e-05 -0.000121348 0.000455767 -2.697e-06 0.000143781 0.000122847 -1.08719e-05 7.46582e-05 4.01511e-06 -2.92321e-05 -0.000474414 -3.13103e-06 -1.83085e-05 -9.81704e-06 -0.000466862 -1.32895e-06 -2.51119e-05 -3.00569e-07 -0.000463334 0.000593772 3.88419e-06 -2.40662e-07 -6.3477e-07 -0.000147886 -3.83261e-05 -1.56554e-05 -3.25843e-06 -6.48054e-10 -3.08963e-05 -2.88972e-06 -0.000419626 -2.66788e-06 -1.01128e-07 -0.000120544 2.78841e-08 -1.00846e-05 -2.16358e-05 -0.000402241 -4.9359e-07 -5.91131e-08 2.42086e-06 0.000115008 -3.56676e-05 -0.000130332 -4.10089e-06 -2.42615e-08 -5.62786e-05 -7.04136e-10 -0.00012413 -9.25523e-05 -2.96097e-06 -3.55735e-07 4.13638e-06 1.01649e-05 -4.03285e-05 -2.08019e-07 0.000123616 -1.96543e-05 -0.000466856 -1.76037e-05 -1.25364e-05 -2.82776e-08 
-8.11992e-05 -0.0152696 -0.0113091 0.0649332 -0.0027723 -0.149178 0.0323444 0.150471 0.105729 -0.210783 0.160987 -0.21456 0.235307 0.00506169 0.0122565 -0.00897027 0.0505777 0.000452221 0.249146 0.183146 0.0152524 0.0267326 -0.00225534 -0.211175 -0.00612299 0.0335049 -0.218918 0.144178 -0.0586701 0.0339203 -0.222392 0.0807155 -3.53734e-06 -0.0273424 -0.0259451 0.238584 0.171582 -0.211814 -0.00961647 0.0678599 0.23946 -0.000568448 0.00171773 0.0320772 -0.00494358 0.045619 -0.00187618 0.0111671 -0.21093 -0.00214882 -0.00820576 0.00447577 -0.130546 -0.000725934 -0.00136171 7.83321e-05 -0.181396 0.16197 -0.000617523 -0.000174626 -0.000309658 0.0756646 0.00317087 -0.00670039 -0.00119731 -2.64056e-08 -0.0170904 -0.00143754 -0.212484 0.00073532 4.1735e-05 0.0768891 -0.000542034 -0.0169216 5.77089e-05 -0.203134 -0.000229283 -1.61335e-05 0.00140181 0.0185275 -0.0124628 0.0691758 -0.00223374 -2.31314e-06 -0.0201691 4.53477e-08 0.0686891 0.0251223 -0.00215046 -0.000179173 -0.0063188 -0.0108793 -0.013808 -0.00010232 0.00623545 -0.00280415 -0.215358 -0.0111335 0.00333064 -1.07893e-05 
-6.45148e-05 -0.0121094 -0.00873209 -0.000207171 -0.00210883 -0.158622 -0.0165958 0.174516 0.141789 -0.167649 0.16595 -0.15623 0.189198 -0.0104394 0.00168743 -0.00991586 -0.00395557 0.000578319 0.183146 0.229048 0.000685511 0.0235047 -0.00199157 -0.160293 -0.0109299 0.00187912 -0.165127 0.143447 0.0104923 0.035671 -0.166767 0.091495 -0.000224839 -0.0197947 -0.0223212 0.179649 0.181781 -0.16277 -0.00593246 0.00487759 0.183492 -0.000878761 0.00182943 0.0196733 -0.00404912 0.0351549 -0.00165941 0.0138724 -0.164118 -0.00111788 -0.00771276 0.00199226 -0.146122 -0.00112033 -0.00483577 -6.29416e-05 -0.127432 0.188418 -0.000483895 -0.000128187 0.000231326 0.0941023 -0.00508536 -0.0058403 -0.00123136 -2.46308e-07 -0.0157336 -0.00102213 -0.159958 -0.00172569 -2.33958e-05 0.0116768 -0.000366113 -0.0152127 -0.00493043 -0.153001 -0.00014106 -2.2084e-05 0.000790195 0.0107509 -0.0132 0.00658712 -0.00168401 1.45886e-06 -0.0190682 1.32377e-07 0.00556213 -0.00248777 -0.00143878 0.000206361 -0.00402855 -0.00690977 -0.0149047 -7.20524e-05 0.00236745 -0.00526319 -0.175237 -0.0102765 0.00526938 -1.04842e-05 
-4.46383e-05 0.00193347 -0.000202711 0.0135146 -0.000192923 -0.0194108 -0.0015544 -0.00904461 -0.0106832 -0.0117753 0.0192894 -0.0162307 0.0111485 0.00755575 -0.000314934 0.000422306 -0.00345226 5.43309e-05 0.0152524 0.000685511 0.0334679 -0.00259259 -0.000347684 -0.0149807 -0.000238812 -0.00229801 -0.0158803 -0.0102522 -0.0177953 0.00108836 -0.0160903 -0.00557003 -3.36313e-05 0.000210349 0.000836597 0.0148502 0.0154605 -0.016006 -0.000509002 -0.00448258 0.0122059 -9.10915e-05 0.00176007 0.0267154 0.0019023 0.0230683 -0.000202271 -0.00094126 -0.0134763 0.00121891 0.00089236 2.10083e-05 -0.0159013 -0.000117069 -0.000144268 6.14945e-05 -0.0180943 0.00417759 -4.91775e-05 -1.22132e-05 -2.58943e-05 -0.00475778 0.0040542 -0.000392687 -0.000125128 2.75962e-07 -5.04637e-05 -0.00010697 -0.0153705 0.00243829 -6.17724e-07 0.00605552 -1.65979e-05 0.000552505 0.00287207 -0.0150315 -9.23839e-06 6.32069e-06 -5.23332e-05 0.0220554 0.00146033 -0.00438819 -0.00016029 -6.96583e-07 0.00156926 -2.6118e-08 -0.00420378 0.0183552 -0.000179135 -1.19217e-05 -0.000189184 0.00145384 0.000241113 -5.64591e-06 0.0139389 0.000860928 -0.0103955 0.00135623 -0.000575919 -1.01555e-06 
-0.000866805 -0.0194353 -0.0134395 0.00912586 -0.00494935 0.0393006 0.00496082 0.0232631 0.0212354 0.0223236 0.00987719 0.0220508 0.0335102 -0.0466703 0.00122454 -0.0255048 -0.0181331 -0.000118504 0.0267326 0.0235047 -0.00259259 0.0777815 -0.00819052 0.0358482 -0.0337168 0.00404231 0.0220285 0.00897313 0.0504162 0.00387159 -0.0055219 0.00726437 -0.000205186 -0.0544097 -0.0649304 0.0339988 0.0235897 0.0365987 -0.0181963 0.0104923 0.0267251 -0.00190982 -0.0015422 0.00200464 -0.0093916 0.00427988 -0.00425593 -0.00298961 0.0134583 -0.00437783 -0.0132221 -0.000506911 0.00303909 -0.00264334 -0.021907 -7.63774e-05 0.033895 0.0239756 -0.00126369 -0.000335818 -0.000527393 0.00163947 -0.0122188 -0.0126404 -0.00310764 -3.34395e-07 -0.0453926 -0.00280038 0.037139 -0.000978447 -5.99272e-06 0.0101521 -0.00105521 -0.0476952 -0.0102134 0.0366243 -0.000259173 -2.23382e-06 -0.000339019 0.00042872 -0.0403809 0.0085908 -0.00434811 -1.00681e-06 -0.0190305 -2.89294e-07 0.0108657 -0.0282955 -0.0045411 -0.000348237 -0.0144038 -0.0258068 -0.0427225 -0.000203245 -0.005272 -0.0373819 0.0146891 -0.0345853 -0.00363435 -2.63216e-05 
-1.14905e-06 0.00147638 3.14746e-05 -0.00149624 0.00244983 -0.007163 -0.000745558 -0.000840894 0.00102437 -0.0054515 -0.000697486 -0.00462485 -0.00262792 0.00562078 -0.000291864 0.00853438 -0.00186444 -9.98193e-06 -0.00225534 -0.00199157 -0.000347684 -0.00819052 0.0120498 -0.0046774 0.00397951 -0.000786402 -0.000187821 -0.000486875 -0.00526302 -0.000836303 -0.00416422 0.00481003 7.75942e-05 0.00141807 0.00321693 -0.00297166 -0.00113034 -0.00530057 -0.00013609 -0.00141188 0.00154377 0.000432602 1.35986e-05 -0.000729238 0.00313381 -0.00102822 0.00180648 0.00214464 0.00342112 4.76411e-05 0.00128417 0.000149758 -0.00590003 0.00102814 -9.12974e-05 9.5473e-06 -0.00621415 -0.00133779 0.00132579 -3.94962e-06 -5.99088e-06 0.00615362 4.28448e-05 0.0013808 0.0017015 -8.45768e-09 0.000457619 0.000856477 -0.0054475 -5.82981e-05 -1.31314e-06 -0.00141702 -7.33574e-06 0.000811807 0.0067003 -0.00511756 -1.37179e-06 -3.01479e-07 4.74764e-05 -0.000400608 0.00455148 -0.00152864 0.00237497 -3.16634e-07 0.00043608 3.44144e-07 -0.00160507 0.00357257 0.00237626 -4.07932e-06 -0.00011878 1.53085e-05 0.00443442 2.5885e-06 0.00210081 0.00264998 -0.00453029 2.51665e-06 -0.000200397 2.16762e-06 
-0.000494909 -0.00962884 -0.00124077 -0.0554575 -0.00245298 0.1781 -0.0275246 -0.128996 -0.0878601 0.222805 -0.148524 0.227634 -0.20138 -0.0412589 -0.00985424 -0.0119783 -0.0716854 -0.000420223 -0.211175 -0.160293 -0.0149807 0.0358482 -0.0046774 0.2477 -0.0176331 -0.0296307 0.233339 -0.136382 0.097133 -0.0287905 0.207878 -0.0723411 -1.4482e-05 -0.0266171 -0.0302519 -0.203232 -0.147231 0.236973 -0.00896517 -0.0578452 -0.207861 -0.00130258 -0.00153942 -0.0275241 -0.00413755 -0.0392751 -0.00261218 -0.0142489 0.217114 -0.00209067 -0.00469928 -0.0047535 0.132154 -0.00161965 -0.0126382 -0.000145249 0.205288 -0.138764 -0.000537762 -0.00015985 -0.000270243 -0.0741466 -0.015345 -0.00571787 -0.00162417 -3.13415e-07 -0.0206879 -0.00139681 0.240566 -0.00183128 -4.87811e-05 -0.0649156 -0.000521636 -0.0227447 -0.00826662 0.233505 -1.94254e-05 -2.24652e-05 -0.00158312 -0.015875 -0.0187513 -0.0619813 -0.00215229 -5.96013e-06 -0.00504646 -3.40537e-07 -0.059065 -0.0418516 -0.00242167 -0.000172042 -0.00712196 -0.0127589 -0.0194932 -0.000100413 -0.00926986 -0.0255615 0.221975 -0.0170649 -0.00743994 -1.23357e-05 
5.81529e-05 -0.00158192 0.00402771 -0.00519563 -0.000231116 -0.0246069 -0.00250254 -0.00922895 -0.0128145 -0.020622 -0.00938537 -0.0142557 -0.0130234 0.0276831 0.00130353 0.00663983 0.00824205 -3.72572e-05 -0.00612299 -0.0109299 -0.000238812 -0.0337168 0.00397951 -0.0176331 0.0413029 -0.00285527 -0.010397 -0.00307253 -0.0267084 -0.000625537 0.00123633 0.00138132 0.000104204 0.0185948 0.0301183 -0.0131088 -0.00805573 -0.0190962 0.00347275 -0.00548755 -0.00590847 -6.80605e-05 1.86594e-05 -0.00228818 0.00420653 -0.0032646 -0.000229546 -0.0013551 -0.00955446 -0.000141836 -0.00093385 -0.000208116 0.00522796 -0.000149229 0.0231706 -2.78097e-06 -0.0189788 -0.0120784 0.00126929 -5.63772e-07 -2.952e-05 -0.000943439 -0.00135391 -0.000715559 -5.5536e-05 3.34047e-08 0.0294704 -0.000133401 -0.0190874 -0.000216374 -3.57697e-06 -0.00615506 7.01604e-06 0.0294074 0.00841638 -0.0183633 0.000278828 -2.72998e-06 -8.78426e-05 -0.00146837 0.0329623 -0.00601974 -0.000194799 -5.10452e-07 -0.002051 -3.25186e-08 -0.00571574 0.0137582 -0.000225858 -1.63853e-05 0.00757899 0.0159018 0.033094 5.23332e-05 -0.000835193 0.0303064 -0.0162924 0.0239467 -0.000568083 1.34374e-05 
0.000113128 -0.00245706 -0.00164562 0.0198418 -0.000400028 0.0250916 0.0245003 -0.019121 -0.0207373 -0.0157028 -0.0224435 -0.0303305 0.0250037 -0.00697038 0.00480288 -0.00193011 0.0539932 -6.00834e-05 0.0335049 0.00187912 -0.00229801 0.00404231 -0.000786402 -0.0296307 -0.00285527 0.0625286 -0.0313067 -0.0200647 -0.0519773 -0.00461945 -0.0284227 -0.0100521 0.000136555 -0.00303267 -0.00389681 0.0352088 -0.0217531 -0.0245491 5.66622e-05 0.0557702 0.0325573 6.49013e-06 -0.000117711 -0.00399195 -0.00077933 -0.00555456 0.000501128 -0.00212179 -0.0343736 -0.000308689 -0.00104219 -0.000701576 -0.000668102 -0.000297104 -0.00179299 8.23216e-05 -0.0311708 -0.00588225 -9.45247e-05 -2.47145e-05 -4.87461e-05 -0.0111571 0.0111785 -0.000976239 -0.000248438 -4.64674e-08 -0.00244906 -0.000200052 -0.0302494 6.17601e-05 5.88552e-06 0.0540692 0.000109711 -0.00225961 -0.00154212 -0.0290592 -3.34652e-05 2.75914e-05 -0.000196711 -0.000372861 -0.00296021 0.0562189 -0.000318508 8.15704e-06 0.00244509 -5.04886e-08 0.0562555 -0.00681786 -0.000354639 -2.55072e-05 0.000140961 -0.00057504 -0.00312721 -1.48423e-05 -0.00131211 0.00416973 -0.0218247 -0.00124675 -0.000974214 -2.02759e-06 
-0.000776356 -0.00770493 0.00550647 -0.0573537 -0.000410207 0.174199 -0.0285626 -0.133208 -0.0897683 0.216247 -0.157059 0.228404 -0.208265 -0.0388985 -0.0113679 -0.00693382 -0.0684409 -0.000415982 -0.218918 -0.165127 -0.0158803 0.0220285 -0.000187821 0.233339 -0.010397 -0.0313067 0.248925 -0.135277 0.0864371 -0.0307455 0.212866 -0.0703471 -0.000157862 -0.0217886 -0.0224667 -0.211952 -0.152071 0.235021 -0.00401825 -0.0604641 -0.211338 -0.000804181 -0.00151713 -0.0284508 0.00100953 -0.0405711 -0.000347144 -0.0126385 0.217761 -0.00226343 -0.00912647 -0.00491102 0.136876 -0.000316893 -0.0110626 -0.000150199 0.202626 -0.143356 0.000716194 3.03463e-06 -0.000320403 -0.0695837 -0.0154919 -0.00786305 -0.000850771 -3.23935e-07 -0.0128929 -0.00020861 0.237756 -0.00236251 -4.75428e-05 -0.0684015 -0.000535295 -0.0136237 -0.00143357 0.22759 2.01489e-06 -1.75782e-05 -0.00160679 -0.0164067 -0.0119562 -0.0647027 -0.000133707 -1.0734e-05 -0.00527684 -3.51968e-07 -0.0614646 -0.0439 -0.000161346 -0.000177817 -0.00728879 -0.0125479 -0.0083612 -0.00010005 -0.00736308 -0.0209786 0.216388 -0.0171498 -0.00335891 2.91187e-06 
2.2291e-05 -0.00963778 0.00146839 -0.00668083 -0.00172444 -0.144902 0.00436664 0.165893 0.145493 -0.149418 0.14633 -0.128166 0.150772 0.00500856 -0.000314708 -0.00691721 -0.0135279 0.000316188 0.144178 0.143447 -0.0102522 0.00897313 -0.000486875 -0.136382 -0.00307253 -0.0200647 -0.135277 0.210736 0.0229792 0.0400098 -0.139031 0.0977008 -0.000138637 -0.00488265 -0.0074519 0.140778 0.15903 -0.139884 0.00650927 -0.0112732 0.1462 -0.000735019 -0.0010762 -0.0159608 -0.00180403 -0.0019508 -0.00160908 0.0164156 -0.128472 -0.00150901 -0.00643234 -0.00237805 -0.112933 -0.000847797 -0.00605486 -9.4072e-05 -0.113567 0.150963 0.000236214 0.000214161 -0.000206438 0.0943484 -0.00844875 -0.00446233 -0.000676421 -1.59281e-07 -0.00168581 -0.000930012 -0.13623 -0.0015126 1.06538e-06 -0.00953136 -0.000333547 -0.00128032 0.00122337 -0.130114 -0.000152619 -1.90899e-05 0.00147138 -0.0104929 -0.00778088 -0.00887936 -0.00135902 2.82503e-06 -0.0244884 -8.40589e-08 -0.0120459 -0.0120338 -0.00118758 -0.000114567 0.000662359 -0.00490521 -0.00114908 -3.7274e-05 -0.00617785 -0.0112806 -0.146762 -0.00620432 0.00963856 3.75809e-06 
-0.00101589 -0.00222852 -0.0102339 -0.0577804 -0.00327963 -0.00823718 -0.0465248 0.0623494 0.0632958 0.0809696 0.0482392 0.0874461 -0.0408723 -0.0211056 -0.0140767 -0.0110069 -0.12324 4.8582e-06 -0.0586701 0.0104923 -0.0177953 0.0504162 -0.00526302 0.097133 -0.0267084 -0.0519773 0.0864371 0.0229792 0.173919 0.0113642 0.0492366 0.0286878 -0.000478886 -0.0329804 -0.0411661 -0.0542279 0.0520471 0.0930189 -0.0155 -0.100036 -0.0539377 -0.00214377 -0.00242201 -0.00797891 -0.00761457 -0.000395974 -0.00421422 0.000113617 0.0933763 -0.00333162 0.00111092 0.0012436 -0.0241201 -0.00306111 -0.0192196 -0.00021182 0.0803656 0.035972 -0.00109275 -0.000283712 -0.000396161 0.0231144 -0.015167 0.00296887 -0.00150041 -4.87908e-07 -0.0384 -0.00231241 0.0991366 -0.00272946 -4.10161e-05 -0.102995 -0.000892318 -0.0404419 -0.00874822 0.0967679 -0.000188867 -3.80527e-05 -0.00103917 -0.0138393 -0.0340399 -0.102931 -0.00360563 -7.41459e-06 -0.0151109 -1.84458e-07 -0.0999957 -0.0130598 -0.00372462 -0.000294763 -0.0122089 -0.0220921 -0.0360423 -0.00017173 -0.0155234 -0.0372604 0.077926 -0.0290053 -0.00187324 -2.19814e-05 
-0.000108488 -0.00115977 -0.000834796 -0.00530155 -0.000401904 -0.0395524 -0.00402097 0.0414018 0.0370773 -0.0308327 0.0435975 -0.0227279 0.0347693 -0.00213502 0.00181445 -0.00176379 -0.0116315 0.000779478 0.0339203 0.035671 0.00108836 0.00387159 -0.000836303 -0.0287905 -0.000625537 -0.00461945 -0.0307455 0.0400098 0.0113642 0.0642341 -0.0352484 0.00117984 0.000181925 -0.00419046 -0.00487296 0.0275719 0.0427217 -0.0302045 -0.00141443 -0.00893825 0.0349475 -0.000195539 0.000657713 0.000147765 -0.000789845 0.0011121 -0.000398396 6.42703e-05 -0.0305543 -0.000253034 -0.000785501 -0.000653884 -0.034414 0.000254232 -0.00190099 -2.20998e-05 -0.0252539 0.0385008 -9.66614e-05 -2.56381e-05 -3.58505e-05 0.0196794 -0.00150008 -0.000690442 -0.000173302 2.16394e-09 -0.00318957 -0.000212838 -0.0298762 -0.000244595 -6.82139e-06 -0.00801387 -7.96303e-05 -0.00360157 0.000854442 -0.029386 -3.49976e-05 -4.2701e-06 0.000611341 -7.9237e-06 -0.0030478 -0.00942048 -0.000327432 -1.4442e-06 -0.00580484 -5.19757e-08 -0.0091553 -0.00156806 -0.000366425 -2.62585e-05 -0.00108381 -0.00197234 -0.00320702 -1.53449e-05 0.000416287 -0.00408768 -0.0313533 -0.0026059 -0.00109779 -2.10641e-07 
-0.000605249 -0.00138875 0.00789633 -0.0611802 -0.000549315 0.168237 -0.0300588 -0.146416 -0.10486 0.197246 -0.171047 0.212877 -0.213139 -0.0268791 -0.0119669 -0.0112816 -0.0351766 -0.000440089 -0.222392 -0.166767 -0.0160903 -0.0055219 -0.00416422 0.207878 0.00123633 -0.0284227 0.212866 -0.139031 0.0492366 -0.0352484 0.249812 -0.0822806 -0.000555861 0.012721 0.00908918 -0.216331 -0.167097 0.212848 0.00935563 -0.0503477 -0.22331 -0.00101813 -0.00169593 -0.0312991 -0.00146653 -0.0446318 -0.0004935 -0.0137072 0.190153 -0.000507777 -0.00634422 -0.00484485 0.153583 -0.00207389 0.00325269 -0.000158086 0.192767 -0.157426 -0.00070735 0.000164645 0.000281139 -0.0817457 -0.0161061 -0.00749097 -0.00156986 -2.92837e-07 0.0159645 -0.000352185 0.21385 -0.00222223 -2.61097e-05 -0.05978 0.000535051 0.0165655 -0.00899558 0.205574 0.00017482 8.57476e-06 -0.00166702 -0.0179217 0.00604359 -0.051644 -2.80329e-05 -1.20208e-05 0.0051219 -3.86993e-07 -0.0511706 -0.0420791 -0.000178149 0.000184171 0.00716782 0.00859335 0.00916309 3.65527e-05 -0.0082547 0.000695924 0.202037 0.0100008 -0.0030572 8.38864e-06 
-0.000229337 -0.00600029 -0.00397432 -0.0171445 -0.000628679 -0.0945005 -0.00927747 0.105551 0.0933381 -0.0807177 0.0881172 -0.0763955 0.0832431 0.00648933 -0.00385813 0.000410971 -0.0248233 -8.79485e-06 0.0807155 0.091495 -0.00557003 0.00726437 0.00481003 -0.0723411 0.00138132 -0.0100521 -0.0703471 0.0977008 0.0286878 0.00117984 -0.0822806 0.135219 -0.000103154 -0.010156 -0.00907878 0.0799559 0.101535 -0.074612 -0.0032948 -0.019752 0.0854669 -0.000417371 -0.000503417 -0.00860363 0.00174186 -0.00614199 -0.000669425 -0.00228053 -0.0582193 -0.000801977 -0.00350211 -0.0012106 -0.0782543 -0.000842657 -0.000736607 -4.8449e-05 -0.0630709 0.0982207 0.0011197 -5.6637e-05 -0.000101475 0.0438735 -0.00417351 -0.00253644 -0.00011081 -1.1177e-07 -0.00732616 -0.000172002 -0.0727621 -0.000811167 -7.88808e-06 -0.0131909 -0.00018288 -0.00706037 0.00249049 -0.0689423 -8.21425e-05 -1.01952e-05 -0.00041356 -0.00431257 -0.00161655 -0.0204945 -0.000455458 6.4423e-06 -0.0139089 2.78558e-07 -0.0203035 -0.00174518 -0.000358312 -6.13534e-05 -0.00253881 -0.00452232 -0.00210277 -3.56536e-05 -0.00287746 -0.00575917 -0.0815812 -0.00547907 0.00653131 -2.99035e-06 
-1.94095e-06 -4.65967e-05 0.000261108 -0.000125214 0.000152742 9.4625e-05 -1.87722e-05 -0.000165204 -5.54932e-05 0.000190245 -0.000244412 -0.000186493 -0.000135529 -2.43571e-05 0.000521788 0.000130281 -8.48005e-05 -1.03559e-06 -3.53734e-06 -0.000224839 -3.36313e-05 -0.000205186 7.75942e-05 -1.4482e-05 0.000104204 0.000136555 -0.000157862 -0.000138637 -0.000478886 0.000181925 -0.000555861 -0.000103154 0.00132373 -6.35693e-05 -6.79777e-05 0.000105821 -0.000188134 -0.000244004 1.49099e-05 0.00028298 0.000316763 -1.51796e-06 -1.27344e-06 -7.30217e-05 -1.34875e-05 -0.000113442 0.000164021 0.000120569 8.45765e-05 -5.13708e-06 -1.90876e-05 -1.39452e-05 -0.000534615 0.000122621 -3.672e-05 -4.06238e-07 -0.000198582 -0.000196485 -6.16804e-07 -3.99214e-07 -9.89982e-07 8.03047e-05 -3.94358e-05 -7.71339e-06 7.06528e-05 -9.19006e-10 5.75065e-05 3.28987e-05 -0.000377084 -5.71189e-06 -7.34092e-08 0.000239983 -1.52982e-06 -5.06847e-05 0.000253535 -0.000449315 -3.23294e-07 -8.38284e-08 -4.68325e-06 -4.43561e-05 -5.60779e-05 0.000301088 0.000146475 -3.44053e-08 -5.09936e-07 -9.98536e-10 0.000271395 -0.000129045 0.000154465 -5.04468e-07 -2.07776e-05 -3.79368e-05 -5.96709e-05 -2.94992e-07 0.000140335 -7.73261e-05 7.83831e-05 -5.00821e-05 -2.1452e-05 -4.01005e-08 
0.000597606 0.0238251 0.0109573 -0.0078334 0.00123469 -0.0257729 -0.00390216 -0.0182174 -0.0191507 -0.00857866 -0.00497828 -0.015094 -0.0284013 0.0348848 -0.00151463 0.0136329 0.0193137 -3.90047e-05 -0.0273424 -0.0197947 0.000210349 -0.0544097 0.00141807 -0.0266171 0.0185948 -0.00303267 -0.0217886 -0.00488265 -0.0329804 -0.00419046 0.012721 -0.010156 -6.35693e-05 0.0597557 0.0559775 -0.028706 -0.0206832 -0.0254974 0.0173791 -0.00827603 -0.0295891 -2.1731e-05 -0.00023612 -0.00388834 0.00452835 -0.00554427 -2.36594e-05 -0.00030418 -0.00997133 0.0040866 0.0157299 7.50243e-06 0.000996186 -1.48286e-05 0.0143976 -8.82579e-06 -0.0223221 -0.019602 -8.37694e-05 0.000318678 0.000571107 -0.00891559 0.0119781 0.0142674 0.0007428 1.90779e-08 0.0363478 -2.49217e-05 -0.0271713 0.0012483 8.42069e-06 -0.00933688 0.00104282 0.0373472 -0.000735625 -0.0275927 0.000104326 7.56652e-06 0.000114045 -0.00224119 0.0259223 -0.00574947 0.000424037 -9.23479e-07 0.0236035 -4.80852e-08 -0.00841222 0.0208145 0.00036388 0.000356297 0.0128946 0.0221998 0.0284956 0.000142424 -0.000798647 0.0245724 -0.00210272 0.0281018 0.00433604 2.11523e-05 
