0.106394 -0.000717664 -2.17058e-05 -0.00131909 0.000429603 -0.0109462 -0.000452654 -0.00222263 -0.0797348 -5.77625e-05 0.0281646 -0.0517033 -7.34384e-06 -0.0105136 -0.000327818 0.00111764 -0.0595658 -0.00668254 -0.000381353 0.0852173 -0.00105751 0.00314992 -0.0852883 -0.0825225 0.00761837 -0.00902209 0.00106604 -0.00660936 0.0608902 -3.47403e-05 0.0830059 0.08674 -0.0489677 2.88891e-06 -0.00784968 -0.000468976 0.000320566 0.0312174 4.62791e-07 -0.00149288 -0.000930335 -0.0701253 -0.0230129 1.23279e-05 -3.70697e-05 -1.01027e-05 -0.000462307 -0.0104233 -0.0702088 -0.00620221 -4.10121e-05 -0.0581331 -0.0307468 -0.001774 -8.68264e-05 -0.0797089 0.0250735 -0.00718363 -1.40364e-05 0.0608317 -0.0808332 -0.00473114 0.000172299 -0.000913199 -4.15895e-05 0.0881516 -0.0587463 -0.0605519 -0.0160763 -3.57277e-06 -0.000276894 -0.000573456 -0.000878488 -0.000631783 0.00102848 0.019128 0.0795047 0.00151165 -0.00992498 0.0878496 -0.00726028 -0.00131455 0.00867928 0.088977 -0.0110564 -6.12538e-05 -0.000631232 0.0813539 -0.0068798 0.000108703 -0.0204442 0.0406794 -0.004154 0.00030282 -0.00983156 -0.000647414 -0.00186579 0.0577943 -0.0113014 0.000205187 
-0.000717664 0.00597238 -1.2912e-06 0.00511568 -3.06633e-06 -0.00052011 0.00257297 5.70371e-05 0.000958093 -5.86542e-06 -0.000276639 0.0024862 -4.09538e-07 0.00118214 -1.51428e-05 9.29243e-05 -0.00273833 -0.000344223 0.000449195 -0.000548745 0.005185 -4.92099e-06 -0.00493602 0.000949104 -0.00495025 -0.000467163 2.87246e-06 -0.000332174 -0.000424629 -2.0537e-06 -0.000670986 -0.000552339 -0.00252595 3.45766e-05 -0.00142252 -2.3762e-05 1.27508e-05 -0.000218278 -2.14463e-07 -8.44281e-05 0.00303099 -9.52978e-05 0.000358642 6.23526e-05 2.16769e-05 -5.92316e-07 0.000113095 -0.000541244 -0.00214502 -0.000316056 -7.57697e-07 -0.00327226 -0.00147183 -8.06391e-05 -1.29655e-06 0.00102636 -0.000145977 -0.000347991 -2.80552e-06 -0.000411154 0.000898268 0.00344869 -4.0376e-06 -5.16709e-05 -3.29664e-06 -0.000561151 -0.00294648 0.0010602 0.000512829 2.37943e-06 0.00118925 -2.83849e-05 -4.63599e-05 0.00116614 6.02524e-05 -0.00448642 -0.00174596 -5.16512e-05 -0.000509553 -0.000242793 -0.000354698 0.000824874 0.000111861 -0.00060569 -0.000579137 -3.10636e-06 0.00282669 -0.00106688 -0.000355966 -9.64675e-06 0.00441526 -0.000234563 -0.00023031 -3.14277e-06 -0.00055447 0.00205798 -0.000101122 -0.00223971 -0.00062071 -1.69215e-06 
-2.17058e-05 -1.2912e-06 0.00021485 -1.83848e-06 -1.09669e-07 -1.76864e-05 -6.71102e-07 -3.89496e-06 -0.000168744 1.66591e-06 -7.23989e-06 -0.000112604 4.01869e-06 0.000116159 8.88753e-06 7.52602e-06 -0.000108094 0.000179333 -5.4311e-07 -1.40287e-05 -1.65433e-06 6.64985e-06 -7.68431e-05 -0.000152279 -0.000182701 0.000178116 8.17117e-06 0.000152588 -1.52165e-05 1.57321e-06 -1.50127e-05 -1.25727e-05 -8.99179e-05 -8.71528e-08 -5.6501e-05 -5.33193e-07 4.17313e-07 -1.05453e-05 -7.67038e-09 0.000115327 -1.66401e-06 -0.000143804 7.45239e-05 2.25357e-06 1.00931e-06 -2.11845e-08 1.48393e-07 0.000174406 -0.000124192 0.000176019 7.08472e-06 -0.000113464 9.60932e-05 0.000178854 -1.44145e-07 -0.000166597 2.02559e-06 -1.26755e-05 5.12966e-06 -1.42792e-05 -0.000165386 -8.629e-06 -1.44407e-07 6.8116e-06 0.000181009 -1.29138e-05 -0.000123741 -0.000120736 -2.42982e-05 4.58913e-06 -3.21577e-07 -1.09854e-06 -1.65809e-06 -1.06242e-06 -3.93098e-07 -0.000167041 -6.2093e-05 -1.84733e-06 -1.86651e-05 -1.85308e-05 0.000181775 -1.23336e-06 2.36877e-06 -2.07831e-05 6.3212e-06 -7.76753e-09 -8.50953e-07 -3.51445e-05 0.000147318 -8.1655e-07 -4.31272e-05 -6.14977e-06 -5.6441e-06 5.96943e-07 -7.69041e-06 -1.1586e-06 0.00016059 -7.64418e-05 0.000172624 -6.05206e-08 
-0.00131909 0.00511568 -1.83848e-06 0.0107786 -5.45463e-06 -0.00120238 0.00222065 0.00177964 0.00165031 -3.8634e-06 -0.000468808 0.00312356 -7.42766e-07 0.00427146 -3.76508e-05 0.00035403 -0.00488863 -0.000485773 0.00154956 -0.0010909 0.00655351 -1.91203e-05 -0.00705653 0.0016735 -0.00826692 -8.95855e-05 -3.98211e-05 -0.000509193 -0.00077725 -2.26473e-06 -0.00130706 -0.00106905 -0.00457557 1.89305e-05 -0.00132331 -4.29963e-05 -3.50039e-06 -0.000457195 -9.89642e-08 -0.000118502 0.0060485 -0.000929339 0.00264841 8.28723e-06 1.72329e-05 -1.07426e-06 0.000201698 0.000905797 -0.00329026 -0.000459386 -4.11705e-06 -0.00556407 -0.00238632 -0.000117684 1.3533e-06 0.000313948 -0.000315801 -0.000598157 2.13384e-05 -0.000759088 0.00159025 0.00769926 -7.30953e-06 -3.93021e-05 -4.02352e-06 -0.00110212 -0.00494389 -0.000320675 0.00234248 -4.37961e-08 0.000814006 -5.26534e-05 3.81352e-05 0.00338832 0.000359499 -0.00781049 -0.0031649 -9.35948e-05 -0.000937165 -0.000950687 0.000279956 0.000549166 -0.000201229 -0.0011061 0.000809245 -5.63391e-06 0.00292678 -0.00233631 -0.000505769 -4.30158e-05 0.00666298 -0.000508732 -0.000585116 2.26752e-05 0.000838051 0.00201839 -6.89522e-05 -0.0038609 -0.0013577 -5.35662e-07 
0.000429603 -3.06633e-06 -1.09669e-07 -5.45463e-06 0.000510073 -4.02504e-05 -2.06868e-06 9.14083e-07 -0.000401166 -4.82157e-07 0.000201892 -0.000275067 3.28549e-07 -2.70355e-05 -1.76322e-06 -3.2583e-07 -0.000262713 -2.8242e-05 -1.90721e-06 0.000418515 -4.45905e-06 6.54859e-06 -0.0004075 -0.000410396 4.78321e-05 -3.6409e-05 5.21961e-06 -2.77798e-05 0.000407557 -1.74432e-07 0.00030695 0.000390397 -0.000217639 -2.06969e-07 -9.51389e-05 -2.01823e-06 3.21983e-07 6.95855e-06 -1.82155e-08 -6.43972e-06 -3.95166e-06 -0.000350884 -8.16119e-05 -1.49832e-07 -1.75793e-07 -5.03087e-08 -1.96697e-06 -3.12062e-05 -0.000306656 -2.65697e-05 -2.10444e-07 -0.000291949 -0.00013875 -7.47105e-06 -3.66062e-07 -0.000409337 0.000357687 -3.04104e-05 -2.28288e-07 4.89646e-05 -0.000405113 -5.21698e-06 5.78373e-06 -3.67621e-06 -5.31694e-07 0.000364834 -0.000296135 -0.000298271 -5.8258e-05 -3.37398e-08 -1.16739e-06 -9.42122e-07 -2.3076e-06 -2.68133e-06 -1.76855e-07 7.72539e-05 0.000341949 -2.03526e-08 -4.43256e-05 0.000419359 -3.07521e-05 -9.34088e-06 -9.1609e-06 0.000432045 -3.13898e-05 -2.63841e-07 -2.67786e-06 0.000356677 -2.97907e-05 -2.16869e-06 -0.000108255 -1.2431e-05 -3.02377e-05 3.29857e-07 -3.05324e-05 -2.75143e-06 -8.58887e-06 0.000291466 -6.46182e-05 2.13294e-06 
-0.0109462 -0.00052011 -1.76864e-05 -0.00120238 -4.02504e-05 0.100614 -0.000457242 -3.91895e-05 -0.00114012 0.000435541 -0.00542136 -0.0612607 -7.6225e-06 0.00223892 0.000591341 -0.000153983 0.0312744 0.00373239 0.00046165 -0.0115063 -0.000968278 -0.000267982 0.0119241 -0.000200422 -0.00861144 0.00706056 0.00129553 0.00251035 -0.00643974 -2.94727e-05 -0.00954712 -0.0110241 -0.0483711 -3.55287e-05 0.0717845 0.00330588 -7.88362e-05 0.000548535 -4.00436e-06 0.0035149 -0.000679859 -0.0782013 0.0388964 -3.30852e-05 -3.65387e-05 -9.11169e-06 -0.00015576 0.0112324 -0.0121621 0.0051025 0.000269878 -0.0427837 0.0816395 0.00185245 0.00013273 0.000254071 -0.00323124 0.0480669 0.000188406 -0.00790046 0.00580404 -0.00392363 7.90198e-05 -0.000384324 -0.000105116 -0.0112164 -0.0658204 -0.0660736 0.0174248 9.92312e-06 -0.000258754 -0.00057387 -0.000825113 -0.000596086 -0.000200053 0.00244297 -0.0322577 0.00428508 -0.00849463 -0.0136597 0.0106513 -0.00207237 0.00999075 -0.0110677 0.00783682 5.333e-05 -0.000577516 0.0687536 0.00545241 0.000336758 -0.0229363 -0.00516282 0.00326604 -1.63351e-05 0.00487845 -0.000602783 -0.00181724 -0.0404353 0.0423999 -3.08499e-05 
-0.000452654 0.00257297 -6.71102e-07 0.00222065 -2.06868e-06 -0.000457242 0.00403715 -7.27107e-05 0.000540922 2.78031e-05 1.17252e-06 0.00175801 -1.56292e-07 0.00022485 -1.37986e-05 9.66116e-05 -0.00204186 -0.000138455 -1.38568e-06 -0.000271217 0.00329057 -1.65981e-05 -0.00304166 0.000572635 -0.00319016 -0.000202367 -1.55714e-05 -0.000136389 -0.00028964 3.36782e-06 -0.00047484 -0.000400575 -0.00171448 2.6676e-05 -0.00106738 -1.59842e-05 -1.88392e-06 -4.8051e-05 -1.44686e-07 -5.44527e-06 0.000745469 0.000793468 -0.000693008 0.000111463 3.79603e-05 -2.96022e-08 5.72633e-06 -0.00030238 -0.00195566 -0.000143381 -1.67156e-06 -0.00224425 -0.00108008 -5.7737e-05 -9.90969e-07 0.000625264 -0.000117113 -0.000239087 7.08061e-06 -0.000282187 0.000495901 0.0009443 7.17939e-06 -3.46396e-05 -3.91659e-06 -0.00040873 -0.00165059 0.00147247 -0.00061989 7.15337e-07 0.0018748 -2.02083e-05 -2.93531e-05 0.000158025 -7.11831e-06 -0.00277149 -0.000731103 -2.60928e-05 -0.000133392 -0.000121744 -0.000146843 0.0013861 -8.10033e-05 -0.000398425 -0.000258209 -2.03569e-06 0.00243711 -0.000863427 -0.000145722 -1.7226e-05 0.00307555 -0.000189033 0.000191297 3.95762e-05 0.000175017 0.00144172 -2.35182e-05 -0.0010498 -0.000473976 -1.1416e-06 
-0.00222263 5.70371e-05 -3.89496e-06 0.00177964 9.14083e-07 -3.91895e-05 -7.27107e-05 0.0181101 -0.00041241 2.31038e-05 -0.000862409 -0.00931517 -1.25759e-06 0.0144658 0.000509436 0.000129982 -0.0083925 0.000938913 0.00032613 -0.00191952 0.000190758 -6.09933e-05 0.00121621 -0.000503798 -0.00556778 0.00776704 -7.03422e-05 0.000750876 -0.00131146 3.39703e-05 -0.000242962 -0.00183423 -0.00603775 4.6706e-06 0.0108535 0.000480056 -9.58651e-06 -0.000328524 -5.98561e-07 -0.000229271 0.000395069 -0.0113505 0.0128244 -5.36701e-06 -2.39226e-06 1.08778e-05 -7.11136e-05 0.0146717 -0.00948189 -3.61925e-05 -1.29838e-06 -0.0104518 0.0023431 -0.000248894 -1.32346e-05 -0.00949933 -0.000527579 -0.000943029 -8.44504e-06 -0.00128515 0.000229937 0.0128803 -1.23984e-05 -0.000155979 -1.64728e-05 -0.001865 -0.0104987 -0.0105347 0.00911636 4.41017e-06 -4.22056e-05 -9.07045e-05 -0.00013272 0.000255783 -3.20838e-05 -0.0130723 -0.00544382 0.000350302 -0.00124126 -0.00218365 0.0012295 -0.000165366 0.00012896 -0.0018753 0.0145886 2.70411e-05 -9.47081e-05 -0.0038882 0.00154646 0.000257253 -0.00330894 -0.000863574 0.00177008 -1.29644e-05 0.0138203 -5.2985e-05 -0.000241311 -0.00687453 0.00194402 3.24838e-05 
-0.0797348 0.000958093 -0.000168744 0.00165031 -0.000401166 -0.00114012 0.000540922 -0.00041241 0.139353 -0.00076086 -0.0252862 0.0902612 -3.61392e-05 -0.0432449 -0.000705801 -0.00135699 0.0852916 -0.0475255 -0.00141494 -0.078409 0.00137469 -0.00348056 0.0823495 0.134801 0.0522658 -0.048672 -0.0028363 -0.0449409 -0.0567653 -0.000269912 -0.0987637 -0.0816728 0.0715431 -7.18846e-05 0.0136756 -0.00324686 -0.000401005 -0.0355453 5.23043e-06 -0.011194 0.00111586 0.115675 0.0195072 -0.000167549 5.16078e-05 -8.0348e-05 0.000626853 -0.0488048 0.100277 -0.0434142 -0.000172998 0.0961001 -0.0197542 -0.00845607 -4.72335e-05 0.135811 -0.023906 0.0056091 -0.000387894 -0.0577211 0.132178 0.0067174 -0.000557595 0.000474235 -0.000852871 -0.0830937 0.0973291 0.0980128 0.0264555 -2.17484e-05 0.000180641 0.000790107 0.00128491 0.000865134 -0.000846235 0.0364894 -0.0506558 -0.00461826 0.0137097 -0.0797217 -0.0502962 0.00306127 -0.0116044 -0.0818021 -0.0476847 -0.000425994 0.000873387 -0.0657093 -0.0490251 -0.000725925 0.0355228 -0.0389281 -0.0355045 -0.000577922 -0.0462956 0.000897364 -0.0140126 -0.0261508 -0.043043 -0.000160439 
-5.77625e-05 -5.86542e-06 1.66591e-06 -3.8634e-06 -4.82157e-07 0.000435541 2.78031e-05 2.31038e-05 -0.00076086 0.00104168 -4.76966e-05 -0.000513883 2.54689e-05 0.000676914 6.42389e-06 -2.54799e-06 -0.000474475 0.00075361 0.00011054 -0.000102565 -7.60451e-06 -3.64974e-06 -0.000227299 -0.000761301 -0.000831527 0.00081656 8.47768e-06 -4.31588e-05 -7.27572e-05 3.56469e-05 -0.000116057 -0.000101316 -0.000384762 -2.029e-07 -0.000235911 5.81728e-05 1.01943e-07 3.70052e-05 -3.72197e-08 0.00045641 -3.95441e-06 -0.000581443 0.000588665 5.38482e-08 -3.59197e-07 -1.02796e-07 -8.85775e-07 0.000799566 -0.0005511 0.000494165 -2.33334e-07 -0.000556267 0.000575898 0.000402319 -2.21307e-07 -0.000748935 -2.91061e-05 1.09692e-05 0.000178923 -7.19166e-05 -0.000744669 -4.15073e-05 0.000197236 7.82975e-05 2.86923e-07 -0.000103101 -0.00052317 -0.000522972 -0.000156212 -6.89406e-08 2.87801e-06 -5.33053e-06 -7.70903e-06 -2.85543e-06 -6.77464e-07 -0.000738773 -0.000303982 4.46627e-05 -9.0257e-05 4.72846e-05 0.000785521 -1.88329e-05 -2.3382e-05 -7.81338e-05 0.000352786 3.36089e-06 -1.98832e-06 -0.000218871 0.000782712 -2.92129e-06 -0.000193955 -4.78735e-05 0.00044795 0.000272751 0.000354983 -2.70534e-06 6.41904e-05 -0.000352177 0.000481947 -2.9367e-07 
0.0281646 -0.000276639 -7.23989e-06 -0.000468808 0.000201892 -0.00542136 1.17252e-06 -0.000862409 -0.0252862 -4.76966e-05 0.0458005 -0.0112742 -2.2029e-06 -0.00417421 -0.000166241 0.000522015 -0.0249651 -0.00271759 -0.000148901 0.0321313 0.000404871 -7.06537e-05 -0.0271762 -0.0253921 -0.0028247 -0.00370472 -0.000175667 -0.00260774 0.0223261 -1.54659e-05 0.0262726 0.0270394 -0.0205568 -1.08603e-05 -0.0133986 -0.000190048 2.36761e-05 0.0020458 -1.71741e-06 -0.000595141 -0.000223013 -0.0229245 -0.00924609 4.35434e-05 -1.63342e-05 -3.61991e-06 -8.38682e-05 -0.00474987 -0.0277269 -0.00253056 -1.6568e-05 -0.0201513 -0.0130794 -0.00069349 -3.332e-05 -0.0246106 0.00767763 -0.00286058 -2.01265e-05 0.0255652 -0.0256979 -0.00167532 0.00010177 0.000198665 -5.01296e-05 0.0281502 -0.016318 -0.0148778 -0.0063794 2.03822e-05 0.000283492 -0.000234591 -0.000359005 -0.000217667 0.000482748 0.00285563 0.0312747 -0.000377657 -0.00346082 0.032835 -0.00299018 -0.000588881 -0.00109185 0.0284609 -0.00458967 -2.34356e-05 -0.000239572 0.0244326 -0.00280652 -0.000202911 0.00183058 -0.00140796 -0.0023779 1.65471e-05 -0.00453955 -0.0002348 -0.000806293 0.0295342 -0.00562729 -1.31207e-05 
-0.0517033 0.0024862 -0.000112604 0.00312356 -0.000275067 -0.0612607 0.00175801 -0.00931517 0.0902612 -0.000513883 -0.0112742 0.24836 -3.51769e-05 -0.0451208 -0.00167352 0.000430404 -0.0111975 -0.0310516 -0.000412931 -0.0488582 0.00396797 -0.0022808 0.0503548 0.0891627 0.0282402 -0.0420185 -0.00206986 -0.0290371 -0.0382447 -0.000181605 -0.0647705 -0.053551 0.0573847 3.20381e-05 -0.135794 -0.00213723 -0.000315677 -0.0206737 -1.70388e-05 -0.00720513 0.0033412 0.156834 -0.0981215 -4.03279e-05 0.000130754 -5.32821e-05 0.000145889 -0.0536344 0.0592678 -0.0284325 -0.000217343 0.143727 -0.129844 -0.00708655 -0.000340331 0.0964182 -0.0156619 -0.0316189 -0.000252372 -0.0376407 0.0863413 -0.0146036 -0.000336578 0.00222732 -0.000553703 -0.0545167 0.196984 0.203582 -0.0606215 1.55932e-06 0.000888999 -0.000482793 -0.000401071 0.00239553 -0.000471768 0.0278656 0.0255843 -0.00417476 -0.0287707 -0.04444 -0.0329827 0.00188847 -0.013613 -0.054452 -0.0506717 -0.000279435 0.00126599 -0.112594 -0.0320315 -0.00227659 0.0955993 -0.0252963 -0.0245306 -0.00038496 -0.0505088 0.00218747 -0.00909651 0.0727796 -0.0627295 -0.000152152 
-7.34384e-06 -4.09538e-07 4.01869e-06 -7.42766e-07 3.28549e-07 -7.6225e-06 -1.56292e-07 -1.25759e-06 -3.61392e-05 2.54689e-05 -2.2029e-06 -3.51769e-05 6.81554e-05 -4.46548e-06 -2.35495e-07 -4.41081e-07 -1.50997e-05 4.29271e-05 9.07194e-06 -6.39782e-06 -5.9555e-07 -2.88677e-07 6.7038e-06 -3.15573e-05 -4.07964e-05 4.11287e-05 3.23817e-06 3.9402e-06 -4.17161e-06 -2.32971e-08 -8.14536e-06 -6.0819e-06 -1.06841e-05 -2.76427e-08 -1.82968e-05 6.37785e-08 -4.73714e-08 -2.23023e-06 -2.43286e-09 2.92011e-05 -2.27782e-07 -2.6683e-05 -1.28971e-05 -2.00115e-08 7.23188e-07 -6.71921e-09 -2.62708e-07 4.00323e-05 -2.0457e-05 4.24711e-05 -2.81069e-08 -3.79342e-05 4.45352e-05 3.35468e-05 -4.88912e-08 -3.53652e-05 -1.97529e-06 -3.50493e-06 -3.18257e-08 -4.04454e-06 -3.6165e-05 -2.81726e-06 7.37531e-07 3.82771e-05 2.95654e-07 -6.55344e-06 -3.10319e-05 -3.87912e-05 -1.08141e-05 -4.50628e-09 1.35408e-06 -8.50958e-08 1.35608e-05 -9.14514e-08 -1.24681e-07 -3.3681e-05 -1.92205e-05 -5.85929e-07 1.53221e-07 -6.57547e-06 4.18327e-05 1.14058e-05 -1.72794e-06 -6.22689e-06 1.13253e-05 -3.52385e-08 -3.57654e-07 -1.31892e-05 3.10706e-05 -2.8965e-07 -1.3987e-05 -3.19177e-06 -4.16899e-06 -4.85458e-08 1.37017e-05 -1.84148e-07 4.25995e-05 -2.38202e-05 3.60462e-05 -1.91957e-08 
-0.0105136 0.00118214 0.000116159 0.00427146 -2.70355e-05 0.00223892 0.00022485 0.0144658 -0.0432449 0.000676914 -0.00417421 -0.0451208 -4.46548e-06 0.082754 0.000350178 -0.000564348 -0.0472331 0.0513984 0.00298437 -0.00945058 0.00298706 -0.000136129 0.0036495 -0.0408488 -0.0589803 0.0633399 -0.000332447 0.0487649 -0.00649367 0.000288708 0.00994274 -0.0089768 -0.0384555 -1.5603e-05 0.00832459 -0.000316134 -6.12951e-05 -0.00420528 -2.89629e-06 0.00744167 0.00261334 -0.0583324 0.0255283 -1.66132e-05 -2.65779e-05 8.5955e-05 -0.000222332 0.0771235 -0.0546152 0.0444505 -2.75164e-05 -0.0522939 0.0387013 0.00795833 -6.45884e-05 -0.0526097 -0.00259854 -0.00540905 0.000271536 -0.00629374 -0.043924 0.0271419 0.000168231 -0.000622626 0.000751723 -0.00916861 -0.0529438 -0.0493834 0.01397 -1.57248e-06 0.000356493 -0.000382751 -0.000668053 0.000678254 -0.000166066 -0.0723603 -0.0265272 -0.000533312 -0.00789218 -0.0111263 0.049371 -0.000887212 0.000931203 -0.00912175 0.0759339 0.000456108 -0.000323899 -0.0195447 0.0529038 0.000911928 -0.0152559 -0.0042628 0.0418114 0.000318456 0.0772232 -0.000412303 0.0149762 -0.0338849 0.0510076 1.54332e-05 
-0.000327818 -1.51428e-05 8.88753e-06 -3.76508e-05 -1.76322e-06 0.000591341 -1.37986e-05 0.000509436 -0.000705801 6.42389e-06 -0.000166241 -0.00167352 -2.35495e-07 0.000350178 0.00344309 0.000490715 0.000523315 0.000127422 0.000234501 -0.000314321 -1.94451e-05 0.000102497 0.000175129 -0.000590976 -0.00117459 -7.19894e-05 0.000346741 3.16785e-05 -0.000237824 2.39071e-07 0.000493189 -0.000224097 0.000663507 8.79212e-06 0.00140963 0.000186923 1.29587e-05 8.19794e-05 -7.99882e-08 1.43892e-06 0.000117683 -0.000286492 1.32609e-05 1.56456e-05 -1.19014e-06 -1.4393e-07 -1.31433e-05 0.000460072 8.22667e-05 -0.000118917 2.63526e-06 -0.000587446 0.000584096 0.000151186 7.77084e-05 -0.000659229 2.26894e-05 0.000217667 -7.59912e-07 -0.00023589 -0.000287212 -0.00014257 1.16149e-05 -1.09279e-05 2.86804e-05 -0.000227788 -0.00107713 -0.00102437 -0.000365325 6.45158e-06 -7.36006e-06 2.00815e-05 2.90352e-05 -1.78463e-05 -5.24008e-06 -0.00164591 -0.00098786 5.24258e-06 0.00144854 -0.000155046 -0.000102926 4.03754e-06 0.000987774 -0.000351076 0.000600113 7.24204e-05 -1.64828e-05 -0.000355344 0.000487644 8.0991e-05 -0.000733994 -7.13242e-05 0.000441191 -2.40788e-07 0.000203839 -1.67576e-05 -5.45579e-05 -0.00128363 0.000446748 9.03048e-08 
0.00111764 9.29243e-05 7.52602e-06 0.00035403 -3.2583e-07 -0.000153983 9.66116e-05 0.000129982 -0.00135699 -2.54799e-06 0.000522015 0.000430404 -4.41081e-07 -0.000564348 0.000490715 0.00642938 -0.00296734 -0.000366056 1.03924e-05 0.00139266 0.000225537 0.00139988 -0.00218479 -0.00117773 -0.0051092 -0.000465116 0.00176446 -0.000335822 -0.000255294 -2.21187e-06 0.00110174 0.00128223 -0.00275918 2.44089e-05 0.000215321 0.000197531 -4.37088e-06 0.000346004 -2.17647e-07 -1.67954e-05 0.000907745 -0.00176764 -0.00123394 6.95267e-05 1.87087e-06 -6.37936e-07 -1.07654e-05 -0.000227578 -0.00305724 -0.000270084 -1.7352e-06 -0.00346021 -0.00108992 0.00017677 0.000135068 -0.00125548 0.00171248 8.09297e-05 -3.0216e-06 -0.000314907 -0.000815966 0.00053452 1.30514e-05 0.000747832 0.000105485 0.00127192 -0.0010821 -0.00107664 -0.0010038 2.17922e-05 0.00011377 -1.39106e-05 -4.96305e-05 0.000660963 7.31992e-05 -0.00311829 0.00185134 -5.13194e-05 -0.000326861 0.00353537 -0.000324211 -4.95299e-05 0.00169271 -0.000200343 -0.00025149 -3.30895e-06 0.00014565 0.00145929 -0.000382254 0.00085948 0.00256514 0.000423813 -0.000393996 5.0021e-05 0.000447577 0.00163727 -0.000107527 0.00116174 -0.000635419 0.000214781 
-0.0595658 -0.00273833 -0.000108094 -0.00488863 -0.000262713 0.0312744 -0.00204186 -0.0083925 0.0852916 -0.000474475 -0.0249651 -0.0111975 -1.50997e-05 -0.0472331 0.000523315 -0.00296734 0.249642 -0.0298113 -0.00191198 -0.0539228 -0.00447315 -0.00213857 0.0569347 0.0857715 0.0502505 -0.0403565 -0.000339009 -0.0290786 -0.0362889 -0.000167234 -0.061863 -0.0515261 0.170189 -0.000199059 0.0559907 -0.00204926 -0.000215052 -0.0267841 2.67797e-06 -0.00725068 -0.00280144 0.0594321 0.0457026 -0.00015189 -0.000155501 -5.11553e-05 -0.000318038 -0.0471391 0.171044 -0.0272939 -0.000129479 0.0649289 0.0536077 -0.00313178 0.000195508 0.0921915 -0.0149131 0.025402 -0.000242282 -0.0361459 0.0831172 -0.0157599 -0.000348706 -0.00444979 -0.000481368 -0.0523484 0.0205028 0.0128151 0.0210482 -3.25776e-05 -0.00118284 0.00148015 0.0019078 -0.00151359 -0.000827945 0.0559321 -0.151451 -0.00443671 0.0402114 -0.0645787 -0.0323255 0.00029671 -0.00315716 -0.0527038 -0.0498053 -0.000267801 -0.00128215 -0.00745831 -0.0307468 -0.00157387 -0.104076 -0.0242905 -0.029456 -0.000369593 -0.0494961 -0.00182702 -0.00873289 -0.168037 -0.0269176 -5.15454e-05 
-0.00668254 -0.000344223 0.000179333 -0.000485773 -2.8242e-05 0.00373239 -0.000138455 0.000938913 -0.0475255 0.00075361 -0.00271759 -0.0310516 4.29271e-05 0.0513984 0.000127422 -0.000366056 -0.0298113 0.0541553 0.00100117 -0.00598476 -0.000495375 -0.000217455 0.0039068 -0.0448365 -0.0511151 0.0507089 -0.000195689 0.0510638 -0.0041001 0.000302121 0.0129394 -0.00568573 -0.0245728 -2.33019e-05 -0.0119596 -0.000119189 -3.99325e-05 -0.00246187 -2.05082e-06 0.00856966 -0.000444903 -0.0396961 0.000799496 -1.66991e-05 -1.87085e-05 9.26359e-05 -0.000202964 0.0516605 -0.0345654 0.0463191 -1.66032e-05 -0.0330081 0.0402251 0.00837261 -3.98836e-05 -0.0471741 -0.00166487 -0.00336238 0.000323315 -0.00399827 -0.0481929 -0.00237237 0.000268993 -0.000223027 0.000834648 -0.0058099 -0.0333885 -0.0336251 -0.00910697 3.73802e-06 1.46212e-05 -0.000263247 -0.00044332 -0.000297658 -0.000104662 -0.0457126 -0.0169363 -0.000470762 -0.00499022 -0.0068992 0.0494254 -0.0010507 0.000868489 -0.00577417 0.0502614 0.000437125 -0.000300683 -0.0123369 0.0537873 -0.000225692 -0.0122222 -0.00268897 0.0411424 0.000337898 0.0504797 -0.000309287 0.015808 -0.0214249 0.0490734 -1.61813e-05 
-0.000381353 0.000449195 -5.4311e-07 0.00154956 -1.90721e-06 0.00046165 -1.38568e-06 0.00032613 -0.00141494 0.00011054 -0.000148901 -0.000412931 9.07194e-06 0.00298437 0.000234501 1.03924e-05 -0.00191198 0.00100117 0.00372322 -0.000387257 0.00139387 8.39552e-05 -0.00185971 -0.00139882 -0.00326189 0.00117148 9.52735e-06 0.000781081 -0.000256268 6.67263e-06 0.000131978 -0.000322409 -0.00159412 -4.02309e-07 -0.000279353 -1.07229e-05 -1.53403e-06 -0.000175236 1.12661e-06 -4.25474e-05 0.00152625 -0.00186697 0.000779945 -8.43893e-07 -1.11067e-06 1.73159e-06 -1.41509e-05 0.00165037 -0.00196017 0.00121942 8.15574e-07 -0.0021386 0.00109458 0.000456833 -2.68069e-06 -0.00141947 -6.06543e-05 -0.000218943 -1.31833e-06 -0.000229834 -0.0014415 0.00145836 -2.468e-06 4.95518e-06 -3.1695e-07 -0.000334188 -0.0021654 -0.0018739 0.000546528 -2.47078e-07 -8.3055e-06 -1.76309e-05 -2.79452e-05 0.000589068 0.00017067 -0.00292204 -0.00107286 -3.0973e-05 -0.000324131 -0.00039989 0.00158766 -1.06698e-06 0.000505044 -0.000350648 0.00146055 1.00512e-05 4.54e-05 -0.000763799 0.00175948 -1.37548e-05 0.000818369 -0.00015893 0.00145287 -2.66175e-06 0.00144162 -5.56553e-06 0.00056078 -0.00139061 0.00150756 -5.95826e-07 
0.0852173 -0.000548745 -1.40287e-05 -0.0010909 0.000418515 -0.0115063 -0.000271217 -0.00191952 -0.078409 -0.000102565 0.0321313 -0.0488582 -6.39782e-06 -0.00945058 -0.000314321 0.00139266 -0.0539228 -0.00598476 -0.000387257 0.0933293 -0.000307877 0.00256876 -0.0833728 -0.0796731 0.0041793 -0.00810309 0.000107408 -0.00584286 0.0606613 -3.46966e-05 0.0813562 0.084514 -0.0445354 9.08377e-05 -0.0126719 -0.000406962 0.000375439 0.0305674 -1.09532e-06 -0.00145624 -0.000763796 -0.070024 -0.0202137 0.000176012 -3.40244e-05 -1.01271e-05 -0.00038997 -0.0104041 -0.0626005 -0.00548062 -4.29618e-05 -0.0597689 -0.0283453 -0.00152029 -7.47309e-05 -0.0776579 0.0216029 -0.00619229 -4.86461e-05 0.0587807 -0.0796253 -0.00408477 0.000120567 -5.91707e-05 -7.38377e-05 0.0859331 -0.0565066 -0.0561137 -0.0164029 2.69221e-05 9.46198e-05 -0.000504469 -0.000791797 -0.000539562 0.00110482 0.0174448 0.0719241 0.000368345 -0.00821284 0.0884178 -0.00649711 -0.00190027 0.00519837 0.0858153 -0.00999125 -5.38625e-05 -0.000510076 0.0768213 -0.00617419 -0.000122591 -0.015015 0.0410011 -0.0063719 0.00018537 -0.00990248 -0.000516797 -0.00175303 0.0565725 -0.0139823 -2.80475e-05 
-0.00105751 0.005185 -1.65433e-06 0.00655351 -4.45905e-06 -0.000968278 0.00329057 0.000190758 0.00137469 -7.60451e-06 0.000404871 0.00396797 -5.9555e-07 0.00298706 -1.94451e-05 0.000225537 -0.00447315 -0.000495375 0.00139387 -0.000307877 0.00866119 -3.14726e-05 -0.00695755 0.00142198 -0.00758725 -0.000673781 -2.22409e-05 -0.000449552 -0.000620972 5.35018e-06 -0.00103713 -0.000859855 -0.00372727 5.24064e-05 -0.00243681 -3.45546e-05 6.19739e-06 -0.000326502 -3.11872e-07 -0.000121862 0.00472274 -0.000363883 0.00108549 0.000120985 3.30535e-05 -8.61346e-07 0.000194976 -0.000836471 -0.00397483 -0.000453819 -3.43066e-07 -0.00466169 -0.00232662 -6.44451e-05 -1.61743e-06 0.0015362 -0.000253215 -0.000498503 -4.07979e-06 -0.000608634 0.00130625 0.00494954 -5.87147e-06 -5.84177e-05 -9.09992e-06 -0.000873 -0.00421119 0.00148719 0.00153402 2.309e-06 0.00203925 -4.45156e-05 -2.90232e-05 0.00191682 7.61029e-06 -0.00627908 -0.00206792 -7.21578e-05 -0.000389378 -0.000335614 -0.000333964 0.00124667 -0.000108924 -0.000888395 -0.000841137 -4.51727e-06 0.00303676 -0.00165556 -0.000512015 -2.94874e-05 0.00671697 -0.000397068 -0.000146242 -6.22316e-06 -0.00044687 0.00198929 -0.000141252 -0.00254512 -0.00094051 -2.46072e-06 
0.00314992 -4.92099e-06 6.64985e-06 -1.91203e-05 6.54859e-06 -0.000267982 -1.65981e-05 -6.09933e-05 -0.00348056 -3.64974e-06 -7.06537e-05 -0.0022808 -2.88677e-07 -0.000136129 0.000102497 0.00139988 -0.00213857 -0.000217455 8.39552e-05 0.00256876 -3.14726e-05 0.00421735 -0.00356228 -0.0034949 -0.00128261 -0.000298766 0.00118719 -0.000228544 0.00162008 -1.44762e-06 0.00355466 0.00360834 -0.00181126 2.42235e-06 0.001072 -1.26761e-05 1.48831e-05 -0.000134561 -8.4505e-08 4.93835e-06 -2.85317e-05 -0.00292545 -0.00080002 5.39632e-05 -1.45892e-06 -4.17515e-07 -1.6324e-05 -0.000188878 -0.00254667 -0.0002228 -1.72983e-06 -0.00243331 -0.000964006 -6.03781e-05 5.87536e-06 -0.00346009 0.00281333 -0.000240974 1.81358e-05 0.000217246 -0.00348012 -0.000158384 -2.84604e-06 -2.07591e-05 6.29808e-05 0.00355453 -0.00246341 -0.00248206 -0.000671959 -2.80009e-07 -9.18491e-06 -2.03538e-05 -3.08484e-05 -1.72926e-05 6.26093e-05 -0.000793852 0.00252587 -2.63848e-05 -0.000367134 0.0034419 -0.000105065 -7.66606e-05 0.00193899 0.00236949 -0.00022909 -2.1463e-06 -1.78137e-05 0.00299471 -7.29772e-05 0.000773869 -0.00089205 0.000964098 -0.000197877 6.98068e-05 0.000612509 -2.28343e-05 -5.17496e-05 0.000946344 -0.000401837 3.60006e-05 
-0.0852883 -0.00493602 -7.68431e-05 -0.00705653 -0.0004075 0.0119241 -0.00304166 0.00121621 0.0823495 -0.000227299 -0.0271762 0.0503548 6.7038e-06 0.0036495 0.000175129 -0.00218479 0.0569347 0.0039068 -0.00185971 -0.0833728 -0.00695755 -0.00356228 0.100855 0.0833894 0.0049017 0.00617183 -0.00162036 0.00424578 -0.0599424 -2.74605e-05 -0.0828095 -0.0863461 0.048308 -0.000115398 0.0103583 0.000447996 -0.000450313 -0.0316016 -1.14449e-06 -4.7455e-06 -0.00652376 0.0702666 0.0176742 -0.000259986 -2.00637e-05 8.12582e-06 0.000280207 0.00825013 0.0642704 0.00370944 2.80471e-05 0.0653615 0.0280563 0.00061625 -5.87824e-05 0.081639 -0.0255996 0.00652644 -0.000168897 -0.0607718 0.0833889 -0.00245527 -0.000290293 0.000870121 -0.000359645 -0.0878615 0.0645999 0.0592048 0.0151126 -1.85797e-07 -0.00174305 0.00049683 0.000567061 -0.00386045 -0.00158466 -0.00717588 -0.0658437 -0.000394856 0.00952222 -0.085858 0.00390647 0.000305748 -0.00828108 -0.0864519 0.0088817 4.73682e-05 -0.00273817 -0.075653 0.00406025 -0.000496597 0.0130741 -0.0413304 0.00431202 -0.000585516 0.00682341 -0.00313959 0.000235481 -0.0454244 0.0129163 -0.000210322 
-0.0825225 0.000949104 -0.000152279 0.0016735 -0.000410396 -0.000200422 0.000572635 -0.000503798 0.134801 -0.000761301 -0.0253921 0.0891627 -3.15573e-05 -0.0408488 -0.000590976 -0.00117773 0.0857715 -0.0448365 -0.00139882 -0.0796731 0.00142198 -0.0034949 0.0833894 0.138263 0.0482768 -0.0470285 -0.00165418 -0.0422723 -0.0580268 -0.000265724 -0.0980498 -0.0830405 0.0708695 -6.48076e-05 0.0133395 -0.00315962 -0.000403991 -0.0353775 1.13208e-06 -0.0104406 0.00118609 0.114078 0.0194717 -0.000126753 5.23147e-05 -8.05591e-05 0.000616283 -0.0460839 0.099705 -0.0416202 -0.000144476 0.0944462 -0.0160422 -0.00748334 0.000112231 0.134698 -0.024175 0.0069037 -0.000388547 -0.0581091 0.130384 0.00668796 -0.000531836 0.000435551 -0.000840194 -0.0843685 0.09638 0.0970997 0.0249277 -1.73931e-05 0.000244182 0.000765124 0.00125306 0.000866139 -0.00102212 0.0329682 -0.0537926 -0.00607201 0.0143906 -0.0813565 -0.0484345 0.0030315 -0.00958275 -0.0843176 -0.0449317 -0.000424782 0.000864633 -0.0672647 -0.0462813 -0.000738375 0.0351922 -0.0390654 -0.033369 -0.000591879 -0.0437442 0.000893471 -0.0139586 -0.0281089 -0.0411031 -0.00019367 
0.00761837 -0.00495025 -0.000182701 -0.00826692 4.78321e-05 -0.00861144 -0.00319016 -0.00556778 0.0522658 -0.000831527 -0.0028247 0.0282402 -4.07964e-05 -0.0589803 -0.00117459 -0.0051092 0.0502505 -0.0511151 -0.00326189 0.0041793 -0.00758725 -0.00128261 0.0049017 0.0482768 0.0973576 -0.0573578 -0.00238012 -0.0489424 0.00497799 -0.000290983 -0.0120125 0.00690311 0.0434796 -0.000348751 0.00895605 -0.00351736 -0.000235722 -0.0109125 2.38814e-06 -0.012441 -0.00679835 0.0511807 -0.000524795 -0.000251678 -1.03146e-05 -8.76614e-05 -0.000419316 -0.0619069 0.0578936 -0.0466305 -0.000312573 0.0549712 -0.0425347 -0.00969999 -9.98787e-05 0.0533653 -0.00020693 0.0019588 -0.000415872 0.00703879 0.045806 -0.00931759 -0.000468592 -0.00344381 -0.000873593 0.00707497 0.0449799 0.0375655 0.00715198 -5.28768e-05 -0.00202975 0.000388418 0.000212695 -0.00424817 -0.000356138 0.0765033 0.0144732 -0.00404064 0.00552368 -0.00428381 -0.0553076 -0.000325255 -0.00601546 0.00842429 -0.0612602 -0.000458746 -0.00304746 0.0154544 -0.0527245 -0.00224593 -0.00501977 0.00273195 -0.0399034 -0.000377319 -0.0595637 -0.00407674 -0.0149871 0.0227065 -0.0569997 -0.000118947 
-0.00902209 -0.000467163 0.000178116 -8.95855e-05 -3.6409e-05 0.00706056 -0.000202367 0.00776704 -0.048672 0.00081656 -0.00370472 -0.0420185 4.11287e-05 0.0633399 -7.19894e-05 -0.000465116 -0.0403565 0.0507089 0.00117148 -0.00810309 -0.000673781 -0.000298766 0.00617183 -0.0470285 -0.0573578 0.0717279 -4.10885e-06 0.0481293 -0.00556252 0.000293572 0.00852411 -0.00769646 -0.0332598 -3.04964e-05 0.00269481 0.00330967 -5.40554e-05 0.0021808 -2.56946e-06 0.0116328 -0.000602251 -0.0536666 0.012953 -2.26651e-05 -2.56983e-05 8.99427e-05 -0.000291332 0.0698199 -0.0467912 0.0483406 0.000218007 -0.0446677 0.039645 0.00867079 -5.51129e-05 -0.054515 -0.00225002 -0.00205138 0.00042746 -0.00538249 -0.0437179 0.0121751 0.000334992 0.000146125 0.000830004 -0.00786369 -0.0452279 -0.0455303 0.00214567 8.80455e-06 -3.20757e-05 -0.000358522 -0.000600109 -0.000404431 -0.000139423 -0.061866 -0.0228359 0.00432064 -0.00674095 -0.00938121 0.05461 -0.00141921 -0.00156375 -0.00776598 0.0683492 0.000404369 -0.000407858 -0.0166644 0.0513666 0.000329874 -0.0165142 -0.0036371 0.0385636 0.000305501 0.0668938 -0.000419285 0.01552 -0.0290001 0.0553804 -7.93081e-06 
0.00106604 2.87246e-06 8.17117e-06 -3.98211e-05 5.21961e-06 0.00129553 -1.55714e-05 -7.03422e-05 -0.0028363 8.47768e-06 -0.000175667 -0.00206986 3.23817e-06 -0.000332447 0.000346741 0.00176446 -0.000339009 -0.000195689 9.52735e-06 0.000107408 -2.22409e-05 0.00118719 -0.00162036 -0.00165418 -0.00238012 -4.10885e-06 0.00382663 -0.000200362 -0.00013342 -4.49651e-07 0.00109614 0.00148095 -0.00156577 5.58543e-06 0.00262829 -1.0395e-05 -2.43977e-06 0.000494603 -1.37112e-07 0.0002231 0.000137328 -0.00256198 -0.000451705 5.27488e-05 1.02344e-06 -3.78684e-07 -1.44525e-05 0.000279018 -0.00175336 9.62454e-05 7.34426e-05 -0.00215231 0.000728906 0.00121739 0.000157455 -0.00180755 0.00169237 0.00117968 6.37302e-06 0.000182674 -0.00106049 -0.000156923 -1.35801e-06 5.2629e-05 0.000134678 0.00146891 -0.0022212 -0.00225008 -0.000603499 4.33937e-06 -8.78718e-06 -1.96369e-05 -1.51358e-05 -2.01829e-05 -5.93681e-06 -0.00207287 0.000458481 -2.0362e-05 0.000496679 0.00118498 0.000125793 -6.98674e-05 0.0025286 1.92609e-05 -5.29907e-05 -7.35982e-07 -6.43676e-06 0.00254246 -0.000208433 0.000954936 -0.000771871 0.000416297 -0.000234791 5.6544e-05 0.000874027 -1.25673e-05 -4.48502e-05 -0.00136427 0.000712744 0.000237518 
-0.00660936 -0.000332174 0.000152588 -0.000509193 -2.77798e-05 0.00251035 -0.000136389 0.000750876 -0.0449409 -4.31588e-05 -0.00260774 -0.0290371 3.9402e-06 0.0487649 3.16785e-05 -0.000335822 -0.0290786 0.0510638 0.000781081 -0.00584286 -0.000449552 -0.000228544 0.00424578 -0.0422723 -0.0489424 0.0481293 -0.000200362 0.0530746 -0.00401129 0.000214298 0.0124859 -0.00559726 -0.023951 9.1126e-06 -0.0118386 -0.000148004 -3.90851e-05 -0.00210334 -2.0073e-06 0.00767279 -0.000435111 -0.0373759 -0.000208461 -5.46441e-06 -1.76585e-05 8.80361e-05 -0.000177758 0.0489858 -0.0337055 0.0443802 -1.4647e-05 -0.0318619 0.0379516 0.00695894 -3.95123e-05 -0.0445892 -0.00162937 -0.00330625 6.24947e-05 -0.00390347 -0.0455033 -0.00232072 4.44695e-05 -0.000421036 0.000804802 -0.00568638 -0.0312404 -0.0313372 -0.00889054 7.88197e-06 2.4007e-05 -0.000236604 -0.000432646 -0.000291118 -0.000102871 -0.0440366 -0.0151217 -0.00043905 -0.00487243 -0.00664296 0.0471285 -0.000883062 0.000735207 -0.00569911 0.0483244 0.000230016 -0.000294959 -0.0120722 0.0509782 -0.000224651 -0.0107115 -0.00263346 0.0395062 8.88261e-06 0.0483901 -0.00027526 0.0150515 -0.0197713 0.0471595 -1.58379e-05 
0.0608902 -0.000424629 -1.52165e-05 -0.00077725 0.000407557 -0.00643974 -0.00028964 -0.00131146 -0.0567653 -7.27572e-05 0.0223261 -0.0382447 -4.17161e-06 -0.00649367 -0.000237824 -0.000255294 -0.0362889 -0.0041001 -0.000256268 0.0606613 -0.000620972 0.00162008 -0.0599424 -0.0580268 0.00497799 -0.00556252 -0.00013342 -0.00401129 0.0664066 -2.41229e-05 0.0583037 0.060634 -0.0305335 2.34378e-06 -0.0131433 -0.000282697 0.000203455 0.0149873 2.23047e-06 -0.00100532 -0.000553815 -0.0492242 -0.0138458 2.65471e-06 -2.34203e-05 -7.05064e-06 -5.0243e-05 -0.00704316 -0.0429813 -0.00376245 -1.25933e-05 -0.0400998 -0.0178981 -0.00105227 -5.13027e-05 -0.0566034 0.0132632 -0.00414492 -3.33955e-05 0.0415473 -0.0577412 -0.00290997 0.000138188 -0.000595851 -6.97223e-05 0.0621484 -0.0412666 -0.0414299 -0.0103372 -2.18189e-06 -0.000162583 -0.000330959 -0.000542999 -0.000373559 0.00116527 0.0120026 0.0487152 -0.000501127 -0.00621003 0.0606895 -0.00445991 -0.00130907 0.00598653 0.0623454 -0.00679768 -3.647e-05 -0.000375295 0.0556131 -0.00422797 -0.000160827 -0.0149388 0.0236036 -0.00436477 0.000213313 -0.00680299 -0.000385117 -0.00120371 0.0394116 -0.00806672 -1.50292e-05 
-3.47403e-05 -2.0537e-06 1.57321e-06 -2.26473e-06 -1.74432e-07 -2.94727e-05 3.36782e-06 3.39703e-05 -0.000269912 3.56469e-05 -1.54659e-05 -0.000181605 -2.32971e-08 0.000288708 2.39071e-07 -2.21187e-06 -0.000167234 0.000302121 6.67263e-06 -3.46966e-05 5.35018e-06 -1.44762e-06 -2.74605e-05 -0.000265724 -0.000290983 0.000293572 -4.49651e-07 0.000214298 -2.41229e-05 0.000341683 0.000135677 -3.36957e-05 -0.000144215 -1.38619e-07 -9.52492e-05 -1.35173e-06 -2.37552e-07 -1.75768e-05 -1.22e-08 6.62547e-05 -2.51665e-06 -0.000191967 8.1717e-05 -1.00351e-07 -1.17739e-07 6.02972e-07 -1.3174e-06 0.000262138 -0.000195807 0.000224309 -1.40947e-07 -0.000184246 0.00017198 6.06941e-06 1.18415e-05 -0.00026353 -9.57542e-06 -1.97609e-05 3.75937e-05 -2.36357e-05 -0.000268792 -1.39976e-05 2.79303e-05 -2.93994e-06 1.21739e-05 -3.4065e-05 -0.000198378 -0.000196339 -4.95857e-05 -2.25975e-08 1.68813e-06 5.59409e-07 -1.78391e-06 -1.47251e-06 -6.25234e-07 -0.000270604 -0.000100394 -2.78491e-06 -2.64408e-05 -1.09059e-05 7.92013e-05 7.78053e-06 -6.55838e-06 -3.21861e-05 0.000241477 6.26329e-06 -1.79352e-06 -7.16309e-05 0.000302387 -1.4525e-06 -6.98847e-05 -1.58257e-05 0.000257821 2.05132e-05 0.00027953 -9.19463e-07 2.92609e-05 -0.000126264 0.000249003 -9.626e-08 
0.0830059 -0.000670986 -1.50127e-05 -0.00130706 0.00030695 -0.00954712 -0.00047484 -0.000242962 -0.0987637 -0.000116057 0.0262726 -0.0647705 -8.14536e-06 0.00994274 0.000493189 0.00110174 -0.061863 0.0129394 0.000131978 0.0813562 -0.00103713 0.00355466 -0.0828095 -0.0980498 -0.0120125 0.00852411 0.00109614 0.0124859 0.0583037 0.000135677 0.105594 0.0843874 -0.0513207 7.44596e-05 -0.00940841 -0.000260859 0.000429278 0.0298333 -4.28293e-06 0.000972202 -0.000929136 -0.0829884 -0.0218217 0.000137977 -3.97734e-05 7.16645e-05 -0.000449062 0.00924499 -0.0721686 0.00696824 -4.92776e-05 -0.0689189 -0.0110989 -0.0017285 -7.74507e-05 -0.0979052 0.0250773 -0.00687913 2.79561e-06 0.0599079 -0.0997989 -0.00489437 -3.26263e-05 -0.00102661 -4.9045e-05 0.085803 -0.0697737 -0.0703288 -0.0190118 3.76893e-07 -0.000266197 -0.00059141 -0.000922182 -0.000630294 2.15817e-06 -0.000915761 0.0626043 0.000221595 -0.010385 0.0833739 0.00931927 -0.00219529 0.0118854 0.0846966 0.00988524 0.000182351 -0.000627913 0.07263 0.0138398 0.000433101 -0.0255262 0.040845 0.0121555 0.000254364 0.00967386 -0.000646933 -0.00189611 0.0419006 0.00522831 -3.19064e-05 
0.08674 -0.000552339 -1.25727e-05 -0.00106905 0.000390397 -0.0110241 -0.000400575 -0.00183423 -0.0816728 -0.000101316 0.0270394 -0.053551 -6.0819e-06 -0.0089768 -0.000224097 0.00128223 -0.0515261 -0.00568573 -0.000322409 0.084514 -0.000859855 0.00360834 -0.0863461 -0.0830405 0.00690311 -0.00769646 0.00148095 -0.00559726 0.060634 -3.36957e-05 0.0843874 0.0896387 -0.0425709 8.70841e-05 -0.00742341 -0.000387792 0.000446387 0.0315142 -5.98874e-08 -0.0013593 -0.000770833 -0.0688563 -0.0193038 0.000144906 -3.04712e-05 -9.5435e-06 -0.000383689 -0.00965668 -0.0598961 -0.00523592 -4.10505e-05 -0.0571944 -0.0271517 -0.00146349 -7.14062e-05 -0.081294 0.0257506 -0.00591832 -2.69019e-05 0.060765 -0.0827294 -0.00411138 9.02283e-05 -0.000755721 1.6248e-05 0.089043 -0.0578966 -0.058354 -0.0157913 -4.49149e-06 -0.000227718 -0.000479019 -0.000761181 -0.000523036 0.000940712 0.0160975 0.0698246 0.000505013 -0.00864536 0.0868472 -0.00617922 -0.00182209 0.00849769 0.0877866 -0.00953094 -5.09763e-05 -0.000517368 0.0779557 -0.00586933 0.000475722 -0.0211707 0.0411352 -0.00608549 0.000284845 -0.00843189 -0.000536711 -0.0016513 0.0500258 -0.0133597 0.000211178 
-0.0489677 -0.00252595 -8.99179e-05 -0.00457557 -0.000217639 -0.0483711 -0.00171448 -0.00603775 0.0715431 -0.000384762 -0.0205568 0.0573847 -1.06841e-05 -0.0384555 0.000663507 -0.00275918 0.170189 -0.0245728 -0.00159412 -0.0445354 -0.00372727 -0.00181126 0.048308 0.0708695 0.0434796 -0.0332598 -0.00156577 -0.023951 -0.0305335 -0.000144215 -0.0513207 -0.0425709 0.244777 -0.000171579 -0.0288598 -0.00169131 -0.000158998 -0.0223516 -6.7047e-07 -0.00600897 -0.00330235 0.127883 -0.00876413 -0.00012558 -0.000141439 -4.21657e-05 -0.00126964 -0.0412736 0.167836 -0.0225009 -0.000176099 0.109676 -0.0256568 -0.00512911 6.42521e-05 0.0758965 -0.012395 -0.0246981 -0.000199702 -0.0297948 0.0685286 -0.0122707 -0.000286591 -0.00367478 -0.000443977 -0.0432502 0.0899869 0.0802687 -0.00897889 -2.82587e-05 -0.000973012 0.000105134 0.000494656 -0.0021679 -0.000774572 0.042144 -0.125761 -0.00367241 0.0436022 -0.0533198 -0.0266716 0.00490642 -0.010843 -0.0434708 -0.0406481 -0.000220932 -0.00130974 -0.089929 -0.0253484 -0.00168445 -0.0886199 -0.0200222 -0.0224927 -0.000304534 -0.0403626 -0.00200379 -0.00719824 -0.115513 -0.0572771 -0.000119554 
