6.61996e-06 -7.92458e-10 2.57962e-07 -3.1631e-09 1.29993e-07 -2.67029e-10 -2.28076e-07 -8.90405e-09 -2.9867e-09 -1.37842e-08 2.12694e-07 -1.36105e-07 -8.61271e-09 4.52054e-06 -1.65908e-08 -3.59076e-08 6.18989e-07 -8.3139e-08 4.13746e-07 1.86269e-08 -1.07045e-07 -4.11985e-11 -3.46131e-09 -3.62006e-09 -5.06565e-06 -1.03742e-09 -9.70152e-08 -1.75802e-08 6.27792e-08 -1.97549e-07 -4.18453e-06 -8.38167e-08 4.92098e-06 -4.27176e-06 -8.94141e-11 -1.80152e-10 -4.62683e-06 -1.85082e-06 -7.65536e-08 -9.36587e-08 -7.39057e-10 -1.66732e-06 -2.11777e-08 -3.50224e-07 7.03551e-08 -5.37191e-08 -8.59938e-11 3.38122e-06 -4.05144e-06 -7.34827e-08 8.18744e-07 -4.47379e-06 -4.47579e-06 3.43772e-06 -5.06639e-06 4.61803e-06 -1.29174e-09 -2.9623e-08 -8.8431e-07 -7.94154e-08 -6.17975e-08 -1.87081e-10 -3.09781e-09 -1.73819e-10 -4.94743e-09 5.60114e-07 4.38429e-06 3.91126e-08 -1.01098e-06 -1.65026e-09 3.74826e-06 -4.80391e-11 -1.63711e-07 -1.76983e-08 6.17727e-07 -1.14321e-09 -2.42624e-06 -2.44444e-09 -2.40325e-06 -2.32911e-09 -3.5609e-10 -2.44168e-10 -1.62411e-10 -9.6977e-08 1.39394e-07 1.16178e-06 3.67461e-07 -2.84662e-07 1.62208e-06 -6.10541e-10 2.98657e-06 -1.03696e-06 -3.21422e-08 4.58196e-06 -5.33376e-07 -1.06781e-10 -8.84522e-09 3.28134e-07 -9.27386e-08 -3.96613e-09 
-7.92458e-10 0.000119692 -1.96566e-06 -3.38637e-08 -7.26605e-06 4.18381e-08 -4.12421e-06 1.95658e-07 -5.40073e-08 -2.49254e-07 1.37149e-05 -2.4378e-06 -1.5574e-07 3.56026e-06 1.99e-06 -6.49301e-07 1.30958e-06 8.24663e-06 8.36428e-05 6.53331e-06 -3.27384e-05 -7.44974e-10 -1.92561e-08 2.2454e-07 -8.94963e-05 -1.87592e-08 7.68571e-06 3.8721e-06 -6.34479e-06 4.70178e-05 -7.63323e-05 4.11438e-06 6.64806e-05 -6.51711e-05 -1.61684e-09 -3.25762e-09 -7.16383e-05 -2.49443e-05 -1.18762e-06 -8.0359e-07 -1.33641e-08 -4.09131e-05 -2.22948e-07 -6.33295e-06 2.8914e-05 -9.71379e-07 -1.55499e-09 8.50047e-05 -6.72792e-05 7.73124e-06 -9.8269e-06 -6.60377e-05 -7.28538e-05 6.03304e-05 -7.93838e-05 7.05192e-05 -2.3358e-08 -4.72326e-07 2.78945e-05 1.13965e-07 7.76587e-06 -3.38291e-09 -5.60163e-08 -3.1431e-09 7.83871e-07 -3.39874e-07 5.53327e-05 2.58142e-07 -3.23143e-05 -2.98409e-08 7.78176e-05 -8.68671e-10 -2.96032e-06 1.0133e-06 -7.04126e-07 -2.06721e-08 -3.63894e-05 -4.42017e-08 -6.6412e-05 -4.21164e-08 -6.43902e-09 -4.41518e-09 -2.9368e-09 1.03764e-05 -1.09516e-08 1.17181e-05 7.22459e-05 5.31591e-06 9.0586e-06 -1.10401e-08 -4.0905e-06 -8.14815e-05 8.18786e-07 6.10609e-05 -9.64481e-06 -1.93087e-09 -1.59944e-07 -3.37449e-08 2.41305e-06 -7.17179e-08 
2.57962e-07 -1.96566e-06 0.016151 3.0407e-06 -0.000341069 -6.62355e-07 0.00290641 4.01738e-05 0.000223448 4.53088e-05 7.03304e-05 1.25094e-05 2.27831e-05 -0.000969793 0.00022683 0.000438876 -0.0030862 0.000204817 -0.000111384 0.000426486 -0.00115094 -1.02191e-07 -6.13566e-06 2.00439e-05 -0.00476175 -2.55662e-06 0.000318074 -4.11105e-05 -0.000177522 0.000277516 -0.00282335 -0.000109734 0.00161156 -0.00561594 -2.21789e-07 -4.46861e-07 -0.00564322 -0.00309775 0.000989701 -7.10404e-05 -1.46987e-06 0.00311851 -4.86406e-05 -0.000691621 0.00101535 0.000873458 3.3362e-08 0.00243887 -0.00401331 0.000110879 0.00129932 -0.00304729 -0.00256276 0.00426004 -0.00887818 0.00501991 3.45255e-06 -6.4992e-05 0.00397568 0.000369929 -0.00013829 -3.00715e-07 8.7986e-05 -2.61152e-07 9.92281e-05 0.000764474 0.00219894 4.10182e-05 0.00189329 7.73299e-05 0.0048092 -1.19159e-07 -0.00033223 6.00799e-05 -9.65613e-05 0.000106621 -0.0057677 3.51666e-06 -0.00359369 4.25694e-05 -2.96602e-07 -2.32316e-07 3.07146e-07 -0.000145978 -9.4894e-07 -0.000372742 0.00182931 -0.000340854 -0.000331081 -1.05776e-06 9.96634e-05 -0.00607491 -6.85843e-05 0.00532485 6.96469e-05 -3.15322e-08 -2.14436e-05 -4.24227e-06 0.000279942 0.000350105 
-3.1631e-09 -3.38637e-08 3.0407e-06 0.000477582 -0.000279531 -1.92733e-08 5.17882e-05 -2.22666e-07 1.85311e-05 5.50844e-06 -3.41127e-06 -9.33362e-06 -6.21637e-07 -1.37548e-05 -8.50803e-07 4.20831e-06 -0.000202823 0.000211876 0.000156013 0.000251099 0.000105418 -2.97357e-09 1.11335e-05 6.26205e-06 -0.000245419 7.20846e-06 0.000243584 1.47778e-06 -0.000249895 0.000210738 -0.000296213 2.34604e-05 4.55834e-05 -0.000308065 7.86021e-06 2.20331e-07 -0.000333423 -0.000129583 4.81277e-07 -6.75998e-06 3.71332e-06 -0.000123427 1.87715e-05 -1.4788e-05 0.0001139 -3.87727e-06 -6.20675e-09 7.43628e-05 -0.000354317 0.000213973 6.83729e-05 -0.00032216 -0.000319428 3.04579e-05 -0.000184806 0.000316797 -9.32335e-08 0.000166845 8.22331e-05 9.72472e-06 0.000239216 -1.35029e-08 -2.2359e-07 -1.25457e-08 6.99577e-07 3.11407e-06 6.74608e-05 -2.22935e-06 -0.000138166 -1.1911e-07 2.20521e-05 3.06533e-07 -1.18061e-05 1.13026e-05 5.72614e-06 6.41537e-08 -0.000168982 -1.76431e-07 -0.000389044 2.14752e-05 1.10965e-07 -1.76232e-08 -1.17223e-08 -6.62817e-07 8.9962e-07 -1.16449e-05 0.000247708 0.000279107 -1.05795e-05 -4.40668e-08 6.52362e-05 -0.000276856 0.000117397 3.79187e-05 -3.84973e-05 -7.70708e-09 0.000126205 6.55307e-07 0.000262136 9.47071e-07 
1.29993e-07 -7.26605e-06 -0.000341069 -0.000279531 0.0192509 -2.84246e-05 -0.00999215 -0.000227895 -4.53174e-05 -0.00183935 -0.000861191 0.000325133 -6.4276e-05 0.000336302 -5.34978e-05 -0.00347998 0.0107005 -0.0112501 -0.00302972 -0.0121378 -0.0034203 -1.14113e-06 -0.00010334 -0.000525282 0.0154395 -2.54494e-05 -0.0140572 -0.00255769 0.00761989 -0.00886601 0.0108178 -0.00461244 0.00469647 0.0114164 -1.30548e-05 -4.22229e-06 0.00963036 0.00375264 -0.000342084 0.00023444 -0.000107851 0.00635054 -0.000591355 0.000530896 -0.00821037 0.000145217 -1.12349e-05 -0.011678 0.00996332 -0.0107535 -0.00106947 0.00906744 0.00941189 0.000213074 0.0136503 -0.0123403 -0.000166475 -0.0033425 0.00388368 -0.00423934 -0.00907495 8.82603e-08 8.15216e-06 -2.48011e-05 -0.000731965 6.13821e-05 0.00226047 -0.000100804 0.00530758 -3.61716e-05 -0.00186757 -1.39084e-06 0.000452352 -0.00240935 0.000108147 -2.12923e-05 0.00642469 -6.66159e-05 0.0114088 -0.000339951 -2.79138e-05 5.34259e-07 -4.56159e-06 -0.00153856 -2.44019e-06 0.000450239 -0.0112002 -0.0120757 -0.00152284 -1.1566e-07 0.000484306 0.0161227 -0.00464306 -0.00110021 0.00151444 3.16736e-07 -0.00122786 -0.000103308 -0.0132467 3.52448e-06 
-2.67029e-10 4.18381e-08 -6.62355e-07 -1.92733e-08 -2.84246e-05 4.0335e-05 8.66964e-07 -5.42538e-08 -1.81984e-08 4.79344e-07 -2.15384e-07 -5.15976e-07 -5.24785e-08 -2.41369e-06 -1.0109e-07 2.71045e-05 -2.87351e-05 2.91801e-05 2.70468e-05 2.90953e-05 -1.65027e-05 -2.51029e-10 -2.10903e-08 1.67942e-07 -3.41851e-05 -6.32116e-09 2.90955e-05 2.96595e-05 -2.82675e-05 7.06963e-06 -1.57995e-05 8.74596e-06 -7.74574e-06 -2.60285e-05 -5.44814e-10 1.95569e-07 -2.80153e-05 -1.12773e-05 -1.56453e-07 -5.70676e-07 -4.50319e-09 -1.39702e-05 8.07628e-07 -1.7573e-06 2.82653e-05 -8.73185e-08 -5.23973e-10 3.51069e-05 -2.01274e-05 2.91823e-05 -4.17255e-06 -2.72595e-05 -1.74217e-05 2.04551e-05 -3.52531e-05 1.49017e-05 -7.87076e-09 8.95028e-08 -8.18242e-06 -4.8389e-07 2.67035e-05 -1.13991e-09 -1.88754e-08 -1.05911e-09 -3.01455e-08 -1.41482e-07 -1.14358e-05 -8.20174e-09 -1.09064e-05 -1.00553e-08 -1.44777e-06 -2.9271e-10 -9.6085e-07 6.14883e-06 -2.37264e-07 -6.96574e-09 -1.47701e-05 -1.48943e-08 -2.34301e-05 -1.41916e-08 -2.16971e-09 -1.48775e-09 -9.89593e-10 -2.90896e-07 -3.69027e-09 1.11283e-05 2.8264e-05 2.02755e-05 8.97205e-06 2.23961e-06 -1.38172e-06 -3.57883e-05 -1.95847e-07 -2.71414e-06 -2.87327e-06 -6.5063e-10 1.75944e-06 -1.13708e-08 1.85826e-06 -2.41662e-08 
-2.28076e-07 -4.12421e-06 0.00290641 5.17882e-05 -0.00999215 8.66964e-07 0.0332656 0.00031804 0.000124533 0.00130683 -2.03528e-05 0.00854748 0.000862283 -0.00202427 -4.30838e-05 0.00319128 -0.0117794 0.00732419 0.000746507 0.00759173 -0.000317132 -2.1441e-07 -2.0371e-06 0.000173237 -0.0276904 -3.01907e-06 0.00997628 0.000739324 -0.00490395 0.0024367 -0.00247062 0.00221019 -0.00677985 -0.0209114 -4.6534e-07 1.35243e-06 -0.00286907 -0.00827288 -0.000108996 -0.000156606 4.15004e-05 -0.00939149 0.000157144 -0.00177343 0.00566776 -0.000187741 4.82461e-07 0.0253551 -0.00277503 0.00722521 -0.00332323 0.00137538 -0.00168928 -0.00252917 -0.0300017 0.0131363 0.000186414 0.00137942 0.0034733 0.0038007 0.00599417 3.86637e-06 0.000417061 3.58723e-07 0.000556895 -0.00011323 -0.00807872 -2.68547e-05 -0.00852154 1.85821e-06 0.0161539 -1.23344e-07 -0.000825758 0.00167652 -0.000198617 -4.60629e-06 -0.0125303 -1.27216e-05 -0.00191384 0.000293349 3.59346e-06 -8.0406e-07 4.55476e-06 0.0057649 -1.40195e-06 0.000959666 0.00686017 0.00649222 -0.000357667 -1.26411e-06 -0.0011793 -0.0275244 0.00348138 0.0120689 -0.00219665 -5.5572e-07 0.000479783 2.45646e-05 0.00870261 -3.90434e-06 
-8.90405e-09 1.95658e-07 4.01738e-05 -2.22666e-07 -0.000227895 -5.42538e-08 0.00031804 0.00134321 1.02398e-05 8.84605e-06 5.18451e-07 -1.67633e-05 -1.74989e-06 -7.84809e-05 -3.30418e-06 4.42112e-06 0.000110037 1.54151e-06 3.39235e-05 0.00022745 0.000618561 -1.70386e-09 -7.03254e-07 5.24492e-07 -0.000490806 9.75888e-07 9.38822e-05 -3.57188e-06 -1.04448e-05 1.13761e-05 -0.000630579 -9.71285e-06 0.000622667 -0.000865272 -1.81668e-08 -3.66026e-08 -0.000936143 -0.000375965 -1.04272e-05 -1.80458e-05 -9.34917e-08 0.000257736 -3.56613e-06 -7.09303e-05 0.000120336 -1.08944e-05 -1.74719e-08 0.000417473 -0.000898421 1.50102e-07 -0.000119584 -0.000650686 -0.000844315 0.000600184 -0.000560663 0.000923931 8.32422e-06 -2.932e-06 0.000848584 6.08048e-07 2.06109e-05 2.5323e-08 -6.29399e-07 -3.53158e-08 -9.65199e-07 -2.5277e-06 0.000614262 -3.23891e-06 -0.000393389 -3.35292e-07 0.000184035 -9.76039e-09 -3.32521e-05 -2.72588e-06 -7.68489e-06 1.24395e-07 -0.000485754 -4.9665e-07 -0.000706748 2.15968e-05 -7.23488e-08 5.13724e-07 -3.29979e-08 -1.84167e-05 -1.23052e-07 5.21983e-05 0.000123969 0.000166167 0.0001175 -1.24047e-07 -2.06232e-05 -0.000521491 -5.82719e-06 0.000908927 -9.3419e-05 -2.16952e-08 -9.87135e-07 6.75751e-06 0.000301444 -8.05821e-07 
-2.9867e-09 -5.40073e-08 0.000223448 1.85311e-05 -4.53174e-05 -1.81984e-08 0.000124533 1.02398e-05 0.00045096 3.08392e-06 0.000104338 -8.56578e-06 -4.40303e-07 -2.51536e-05 5.82644e-07 -1.96716e-06 -9.45016e-05 1.22061e-06 2.15135e-05 2.51074e-05 0.000115211 -2.80774e-09 6.30077e-06 -2.46713e-07 -0.000316462 1.9086e-05 1.71949e-05 5.68547e-07 -7.6615e-06 -6.12664e-06 -0.000185988 -5.66224e-06 6.58223e-05 -0.000290421 3.04057e-06 -1.22777e-08 -0.000166259 -0.000125773 -4.83391e-06 -6.38298e-06 1.75297e-06 0.000244358 -1.44329e-06 2.47017e-05 1.87609e-05 5.4139e-05 -5.86061e-09 2.62833e-05 -0.000193098 -3.60129e-06 -2.49112e-05 -0.000296593 -0.000154149 3.24185e-05 -0.000316425 0.000148432 -8.8034e-08 -2.01885e-06 0.000127959 -3.04895e-06 1.92651e-05 -1.27499e-08 6.25489e-05 -1.1846e-08 -3.13842e-07 8.54201e-07 0.000152207 -2.10503e-06 -2.93036e-05 7.84199e-07 0.000299368 -3.27394e-09 -7.3905e-06 -1.06284e-06 -2.65378e-06 3.55422e-07 -0.000157702 -1.66592e-07 -0.000152891 7.35127e-06 -2.42681e-08 -1.66404e-08 -1.10685e-08 -6.60913e-06 -4.12754e-08 -1.14645e-05 3.26203e-05 0.00010654 -6.85415e-06 2.1724e-08 -1.45011e-05 -2.62372e-05 3.64946e-06 0.000140149 -3.53304e-05 -7.27726e-09 -3.92816e-07 4.76152e-07 2.68331e-05 -2.70298e-07 
-1.37842e-08 -2.49254e-07 4.53088e-05 5.50844e-06 -0.00183935 4.79344e-07 0.00130683 8.84605e-06 3.08392e-06 0.00207787 -3.109e-05 -4.27628e-05 -2.70897e-06 -3.20227e-05 8.84992e-07 0.000664719 -0.00157325 0.00171931 2.96684e-05 0.0018239 0.000743232 -1.29582e-08 1.0958e-05 3.8168e-05 -0.00169291 -3.26302e-07 0.00172905 1.22505e-05 -0.00172499 0.000910218 -0.0012025 7.21569e-05 -0.000324794 -0.00134305 -2.81236e-08 1.22334e-06 -0.0014445 -0.000575029 4.18414e-05 -2.82987e-05 4.76754e-06 -0.00064547 -8.61073e-07 -0.0001101 0.00093104 -1.68964e-05 1.72952e-07 0.000706016 -0.00154238 0.00166018 -0.000201732 -0.00140555 -0.001395 -0.000371073 -0.00155158 0.00145005 2.47037e-06 0.000876289 -0.000480191 -2.4942e-05 0.00144509 -5.88431e-08 -9.7436e-07 6.81995e-07 3.11272e-05 1.00433e-05 -0.000474071 6.12824e-06 -0.000609136 -4.92392e-07 -0.000271376 -1.51099e-08 -5.14291e-05 0.000319343 -9.17105e-06 -2.12909e-07 -0.000761662 2.31146e-07 -0.00166173 4.43808e-05 4.47466e-06 -7.67986e-08 1.25583e-07 -1.19557e-05 3.16173e-07 -5.16641e-05 0.00170648 0.00178381 -2.76415e-05 -1.92035e-07 0.000124688 -0.00168332 0.00137524 -0.000201899 -0.000167764 -3.35859e-08 2.47479e-05 5.4497e-06 0.00183093 -1.24748e-06 
2.12694e-07 1.37149e-05 7.03304e-05 -3.41127e-06 -0.000861191 -2.15384e-07 -2.03528e-05 5.18451e-07 0.000104338 -3.109e-05 0.0183763 0.000193749 -6.37071e-06 0.00638142 -4.32895e-05 0.000167263 0.000700839 -0.000125661 0.000727186 -0.000152345 0.00624634 7.67891e-08 1.47218e-05 3.58727e-05 -0.00621372 -2.9347e-06 -0.000221091 -4.87651e-05 -0.000116614 0.000844976 -0.00730306 -0.000181608 0.0058096 -0.0115991 4.24039e-06 1.48371e-06 -0.00918094 -0.00522534 -6.98319e-05 -0.000223176 -2.09068e-06 0.00241074 -5.68052e-05 0.000183524 -0.000171942 9.69902e-05 -2.43263e-07 0.00530142 -0.0045186 -0.000201458 0.00530506 -0.0108961 -0.00868228 0.00472633 -0.00683434 0.0082836 -3.4808e-06 2.71745e-05 -0.00185497 0.00105376 -0.000173026 -5.29224e-07 3.70011e-06 -4.91708e-07 -1.39955e-05 -6.55786e-05 0.0105195 -2.77225e-05 -0.00531601 7.7165e-05 0.00986288 -8.25621e-08 -0.000453467 -5.00326e-05 -2.62271e-05 1.99271e-06 -0.00420346 5.03484e-05 -0.00717666 -6.57871e-06 -8.07324e-07 -6.64047e-07 -4.59435e-07 -0.00012395 -1.5566e-06 -0.000298517 0.000326216 -0.000473252 0.00174078 6.6207e-08 -0.000500281 -0.00317523 -9.01388e-05 0.0087222 -0.00122382 -3.02066e-07 -2.43985e-05 1.1276e-06 -9.76634e-05 -1.04096e-05 
-1.36105e-07 -2.4378e-06 1.25094e-05 -9.33362e-06 0.000325133 -5.15976e-07 0.00854748 -1.67633e-05 -8.56578e-06 -4.27628e-05 0.000193749 0.020137 0.0010574 -0.00113041 -4.90559e-05 0.000112962 -0.00446902 -0.000255627 -0.000235078 0.000442841 -0.00739507 -1.2795e-07 -1.04598e-05 -7.02612e-06 -0.017158 -1.91857e-06 -0.000238503 -2.09754e-05 0.00013353 -0.000610791 0.00701628 0.00496368 -0.0049857 -0.0127027 -2.77693e-07 -1.52831e-07 -0.00344535 -0.00573462 -0.000101415 -0.000172082 -2.29528e-06 -0.0051828 0.00188356 -0.00107148 -0.00025552 0.000236995 -2.6707e-07 0.0165838 -0.00358883 -0.000228131 -0.0021201 0.00337894 -0.00140228 0.00545931 -0.018205 -0.00362753 -3.83841e-06 -8.85565e-05 0.00987458 -5.97799e-05 -0.000189967 8.91565e-06 0.000381252 -5.39829e-07 -1.52719e-05 -7.18669e-05 -0.0056029 -8.53368e-05 -0.00537017 1.85881e-05 0.0159078 -1.49195e-07 -0.000505173 -5.42356e-05 -0.000112937 -3.55045e-06 -0.0075138 -7.57833e-06 0.00285485 -6.37351e-06 1.76108e-05 -7.5831e-07 -4.37731e-07 0.010794 -1.88094e-06 0.00977981 -7.62324e-05 -0.000834229 0.00247389 1.98605e-05 -0.000697993 -0.0166446 -9.89772e-05 0.0114756 -0.00124202 -3.31628e-07 -2.61939e-05 -5.63571e-06 -0.000270104 -1.14409e-05 
-8.61271e-09 -1.5574e-07 2.27831e-05 -6.21637e-07 -6.4276e-05 -5.24785e-08 0.000862283 -1.74989e-06 -4.40303e-07 -2.70897e-06 -6.37071e-06 0.0010574 0.00129932 -7.68308e-05 -1.19722e-06 -6.40016e-06 -0.000906575 -1.62324e-05 -1.71099e-05 -1.48877e-05 -0.000453018 -8.09664e-09 -6.80243e-07 -1.71442e-07 -0.00114761 -2.03882e-07 8.56305e-05 5.125e-06 -4.18355e-05 -3.47239e-05 0.000385258 5.74436e-06 -0.000330915 -0.00080896 -1.75724e-08 -3.54049e-08 0.000157133 -0.000362407 3.38751e-05 8.27015e-06 -1.45245e-07 -0.000299176 -3.97534e-06 -5.3372e-05 -2.07116e-05 1.89894e-05 -1.69002e-08 0.00112129 -6.31674e-05 -1.44414e-05 -0.000132111 0.000407006 0.000336197 -9.38736e-05 -0.00116176 -0.000262267 2.13947e-06 -5.63173e-06 0.000384721 0.000124773 -1.16949e-05 1.76567e-07 2.27453e-06 -3.41603e-08 -8.78975e-07 -4.56333e-06 -0.000427761 -2.89357e-06 -0.000348121 -1.84321e-07 0.0010388 -9.44102e-09 -5.46377e-06 -3.43488e-06 -7.65268e-06 -2.24672e-07 -0.000468447 -4.80399e-07 0.000232087 2.2456e-06 -6.99815e-08 -4.79857e-08 2.80818e-08 0.000302428 -1.19025e-07 0.000757063 -3.60185e-05 -5.58906e-05 -2.68432e-05 -1.19988e-07 -4.45656e-05 -0.000988015 -6.31684e-06 0.000315409 -0.000104823 -2.09853e-08 -1.73833e-06 -3.66751e-07 -1.40224e-05 -7.79454e-07 
4.52054e-06 3.56026e-06 -0.000969793 -1.37548e-05 0.000336302 -2.41369e-06 -0.00202427 -7.84809e-05 -2.51536e-05 -3.20227e-05 0.00638142 -0.00113041 -7.68308e-05 0.0562579 0.000543948 -0.000281224 0.00507697 -0.000726935 -0.000778131 -0.000936004 0.0147932 1.24094e-06 -1.05937e-05 -3.06453e-05 0.00200256 -7.71064e-06 -0.000855566 -0.000158682 0.000467252 -0.000365298 -0.03157 -0.000753381 0.0204511 -0.018556 1.98511e-06 3.40159e-06 -0.0217032 -0.00663523 0.000320531 0.00498578 -6.68038e-06 -0.0131027 -0.00019058 -0.00307032 -0.00098194 -0.000481493 -7.30636e-07 -0.00129525 -0.00538456 -0.000664168 0.000575091 -0.0134838 -0.0278237 -0.0049049 0.00242334 0.020456 -1.16761e-05 -0.000153457 -0.0149104 -0.000168111 -0.000557425 -4.71038e-07 -2.80013e-05 -1.50449e-06 -4.47202e-05 0.000980901 0.0199557 0.00019883 -0.0116727 -1.42534e-05 -4.54688e-05 1.29577e-06 -0.00143193 -0.000156616 0.00472898 1.53865e-05 1.0756e-05 -1.09821e-05 -0.000623822 -2.10497e-05 -1.48205e-06 -2.06371e-06 -9.3804e-07 -0.000817481 -4.14776e-06 0.000810024 -0.00190636 -0.00177157 0.0058012 -3.93871e-06 0.00738293 0.00376595 -0.000281029 0.0204431 -0.0047314 -9.65196e-07 -7.86325e-05 0.000141362 -0.00072466 -3.27234e-05 
-1.65908e-08 1.99e-06 0.00022683 -8.50803e-07 -5.34978e-05 -1.0109e-07 -4.30838e-05 -3.30418e-06 5.82644e-07 8.84992e-07 -4.32895e-05 -4.90559e-05 -1.19722e-06 0.000543948 0.00249988 4.34964e-06 -0.000348997 6.56657e-05 9.00107e-05 -1.40858e-05 -0.000347678 -1.55967e-08 -1.2337e-06 -1.32046e-06 7.71864e-05 -3.92741e-07 -1.54575e-05 -5.73543e-06 -3.27567e-05 -4.44072e-05 -0.00128474 -2.75909e-05 0.000925553 -0.000587584 -3.38499e-08 1.11799e-07 -0.000641026 0.000252507 0.000180992 6.22532e-05 -1.13121e-07 -0.000607832 -7.96734e-06 2.06776e-05 2.01512e-05 -1.768e-05 1.00778e-07 -0.000110692 -0.000464493 -6.59867e-06 -0.000263646 -0.000617337 -0.000642902 -0.00041037 -0.000113228 0.000495457 -4.89019e-07 -1.08278e-05 -0.000494641 -2.81113e-05 -1.3155e-05 3.25092e-08 2.98392e-06 -6.58035e-08 2.59036e-06 0.000320176 0.000692122 2.51101e-05 0.000626103 -6.24745e-07 -6.12289e-05 3.21814e-07 -3.50935e-05 -6.21681e-06 -1.09015e-05 6.92639e-05 -0.000755487 -9.25401e-07 -0.000182585 -8.05077e-07 -1.34807e-07 -9.24357e-08 2.18618e-05 -3.61497e-05 4.40528e-08 -3.15074e-05 4.82189e-05 -6.86791e-05 0.000499536 -2.31135e-07 0.000182346 0.000106601 -4.73156e-06 0.000274857 -2.82891e-05 -4.04244e-08 -2.11524e-06 1.13369e-05 -1.41418e-05 0.000244942 
-3.59076e-08 -6.49301e-07 0.000438876 4.20831e-06 -0.00347998 2.71045e-05 0.00319128 4.42112e-06 -1.96716e-06 0.000664719 0.000167263 0.000112962 -6.40016e-06 -0.000281224 4.34964e-06 0.00539468 -0.00320219 0.0039929 0.000216358 0.00385405 -0.000949176 -3.3756e-08 -2.15603e-06 6.02739e-05 -0.00472323 -7.66678e-07 0.00357202 0.000347879 -0.00189228 -0.000129622 -0.00269362 0.00230627 -0.000820556 -0.00337444 -7.32616e-08 5.90587e-08 -0.00340864 -0.00142733 -6.00343e-05 -7.26726e-05 1.05311e-05 -0.00187147 0.000301321 -0.000286489 0.00343663 -4.30414e-05 1.07287e-06 0.00439038 -0.00319341 0.00353037 -0.00013508 -0.00299079 -0.00319189 0.00150066 -0.00463178 0.00327878 5.90583e-05 -1.21649e-05 -0.000779208 6.57609e-05 0.00190433 1.00482e-08 -1.27819e-06 7.00914e-07 8.88063e-05 -6.33517e-06 -0.000928667 -1.86276e-05 -0.00148351 4.45281e-08 0.00122732 -3.93609e-08 -0.00013387 9.56155e-05 -3.02717e-05 -9.36688e-07 -0.00182952 -5.28502e-08 -0.00362763 3.98216e-05 2.4649e-06 -2.00059e-07 6.35953e-08 0.000255315 4.71002e-08 0.000140908 0.00402341 0.0028379 7.49469e-05 5.07309e-06 -0.00018575 -0.00462365 0.000779688 0.000693105 -0.000430399 -3.74908e-08 0.000577146 1.85643e-05 0.00326609 -2.42299e-06 
6.18989e-07 1.30958e-06 -0.0030862 -0.000202823 0.0107005 -2.87351e-05 -0.0117794 0.000110037 -9.45016e-05 -0.00157325 0.000700839 -0.00446902 -0.000906575 0.00507697 -0.000348997 -0.00320219 0.0847601 -0.00966596 -0.00198195 -0.0093836 0.0301808 5.819e-07 2.00386e-05 -0.000236826 0.010789 1.21262e-05 -0.0110227 -0.00233588 0.00712795 -0.0028954 -0.0197603 -0.00416189 0.0238109 -0.0130522 9.32912e-07 -2.62214e-06 -0.0156688 -0.00830758 2.72863e-05 -0.00276753 -0.000100381 0.00656889 -0.000468703 0.00161114 -0.00700314 -0.00227067 -1.02754e-05 -0.00707052 -0.0118126 -0.0096084 0.00984697 -0.017967 -0.0174503 0.0178999 0.0131368 0.0149017 -0.000113445 -0.00192191 0.0208881 -0.000696596 -0.0082578 -4.64094e-06 -0.000419892 -2.28616e-05 -0.000676724 0.000316077 0.0276876 0.000343087 -0.0305808 1.23154e-05 0.00477869 -1.11481e-07 -0.000191741 -0.00209888 0.000402159 7.73035e-06 -0.0273274 3.45259e-05 -0.00604131 -0.00025189 -2.30005e-05 -2.4878e-05 -1.6294e-06 -0.00360516 3.88427e-06 -0.00682698 -0.00768551 -0.00766592 0.00146175 -4.24499e-05 0.00311653 0.00968657 -0.00420254 0.0218007 -0.00784691 1.4782e-06 -0.00106971 -3.99452e-05 -0.00946387 -2.49345e-05 
-8.3139e-08 8.24663e-06 0.000204817 0.000211876 -0.0112501 2.91801e-05 0.00732419 1.54151e-06 1.22061e-06 0.00171931 -0.000125661 -0.000255627 -1.62324e-05 -0.000726935 6.56657e-05 0.0039929 -0.00966596 0.012401 0.0035055 0.0111074 -0.000997909 -7.81573e-08 4.62024e-06 0.000226969 -0.0113133 -9.48083e-07 0.0112312 0.00257948 -0.00759623 0.00554742 -0.00758827 0.00478159 -0.00263023 -0.00810216 -1.69627e-07 3.93823e-06 -0.00877491 -0.00330031 -0.000133466 -0.000170429 0.000105118 -0.00447017 0.000687271 -0.000657527 0.00874189 -0.000101343 1.11935e-05 0.00795709 -0.00929474 0.0109248 -0.000922558 -0.00842766 -0.00837843 -0.000151686 -0.0107547 0.00869393 5.62128e-05 0.00240181 -0.00318855 -4.93182e-06 0.00906608 -3.54911e-07 -5.4735e-06 2.49869e-05 0.000736608 4.24565e-05 -0.00289288 -4.73263e-05 -0.00365857 -2.73402e-06 -0.000223511 -9.11347e-08 -0.000310575 0.00239682 -7.16751e-05 -2.16877e-06 -0.00459441 -3.28399e-06 -0.0101652 0.000207395 2.87878e-05 -4.63209e-07 3.85584e-08 2.34356e-05 6.61041e-07 -0.00029725 0.0119285 0.0103282 -0.000204444 1.06175e-06 -0.000371805 -0.0113557 0.0046054 -0.00136354 -0.00101168 -2.02573e-07 0.0012168 6.04397e-05 0.0103932 -3.68745e-06 
4.13746e-07 8.36428e-05 -0.000111384 0.000156013 -0.00302972 2.70468e-05 0.000746507 3.39235e-05 2.15135e-05 2.96684e-05 0.000727186 -0.000235078 -1.71099e-05 -0.000778131 9.00107e-05 0.000216358 -0.00198195 0.0035055 0.0143285 0.00412573 -0.00138869 2.82847e-07 -7.52893e-06 1.48424e-05 -0.0110741 1.08125e-07 0.00314886 0.00153229 -0.0028368 0.00517514 -0.00869552 0.00140968 0.0072816 -0.00937239 -1.96385e-07 -3.95678e-07 -0.0101114 -0.00404901 -9.60622e-05 -0.000205298 2.77134e-05 -0.000778976 0.00024093 -0.000768895 0.0084146 -0.000117106 -6.22062e-08 0.0107014 -0.0108155 0.00315324 -0.000941971 -0.0098047 -0.00982169 0.00742917 -0.0109755 0.0101318 -2.83712e-06 0.000135241 0.00609985 0.000316809 0.00313236 -4.10897e-07 -6.80388e-06 2.35416e-05 0.000474347 0.000391244 0.0064972 -3.8693e-05 -0.00403285 -1.08121e-06 0.00735599 -1.05511e-07 -0.000359568 0.000341698 -7.47882e-05 1.11244e-06 -0.00524053 -5.10551e-06 -0.011588 4.32444e-05 2.63712e-05 -5.36279e-07 -1.83378e-07 -0.000126866 8.58313e-06 -0.000204602 0.0110468 0.00316888 -3.27361e-05 -1.0143e-06 -0.000318683 -0.011208 0.00124652 0.0065442 -0.00117027 3.21387e-08 0.000264439 -4.06207e-06 0.00251238 4.8429e-05 
1.86269e-08 6.53331e-06 0.000426486 0.000251099 -0.0121378 2.90953e-05 0.00759173 0.00022745 2.51074e-05 0.0018239 -0.000152345 0.000442841 -1.48877e-05 -0.000936004 -1.40858e-05 0.00385405 -0.0093836 0.0111074 0.00412573 0.0155665 -0.000747013 -9.84325e-08 4.42348e-06 0.000493438 -0.0143071 -2.65298e-07 0.0114999 0.00234533 -0.00746306 0.00536043 -0.00736046 0.00577862 -0.00178234 -0.0102039 -2.13631e-07 3.86958e-06 -0.0105905 -0.00414345 -0.000171724 -0.000220992 0.000106351 -0.00559145 0.00127582 -0.00083676 0.00881175 8.16363e-05 1.11512e-05 0.0100352 -0.0114914 0.0104462 -0.00145864 -0.00948422 -0.0102526 0.00163785 -0.0133277 0.0102731 6.12237e-05 0.00288857 -0.000829909 0.000272155 0.00872485 -2.66979e-07 -7.19469e-06 2.49014e-05 0.000731433 -5.16174e-05 -0.00275148 -4.21703e-06 -0.00461893 -3.72617e-06 0.00198567 -1.14776e-07 -0.000391143 0.00215293 -9.23418e-05 -1.07805e-06 -0.00579485 -4.08364e-06 -0.0118397 0.000290885 3.89992e-05 -5.83372e-07 1.35298e-07 0.00133039 5.92985e-07 0.000431126 0.0132471 0.0105494 -0.000110019 5.11281e-07 -0.000462703 -0.0143529 0.00452262 0.00121186 -0.00127387 1.15437e-08 0.00125368 9.96947e-05 0.0112067 -5.11265e-06 
-1.07045e-07 -3.27384e-05 -0.00115094 0.000105418 -0.0034203 -1.65027e-05 -0.000317132 0.000618561 0.000115211 0.000743232 0.00624634 -0.00739507 -0.000453018 0.0147932 -0.000347678 -0.000949176 0.0301808 -0.000997909 -0.00138869 -0.000747013 0.242157 7.96158e-07 0.000174268 0.000116448 -0.000315172 8.64604e-05 0.000971932 -0.00102491 -0.000570365 0.00467548 -0.158951 -0.00488318 0.131442 -0.133885 7.61619e-06 2.92677e-06 -0.131077 -0.0339162 -0.00186999 -0.00529656 -3.07195e-05 0.0941 -0.00127133 -0.00701757 -0.0042464 -0.00307347 -4.80123e-06 0.00262246 -0.11107 -0.000923228 0.053497 -0.125898 -0.140416 0.0981759 0.00177613 0.137644 6.38144e-05 0.00161056 0.0706413 0.00232106 -0.00028004 2.17946e-06 -0.000188734 -1.06863e-05 -0.000274476 0.000728182 0.137125 -0.000755408 -0.115609 -2.93101e-06 0.030445 7.0434e-07 -0.0097861 0.000782337 0.00276058 -2.14777e-05 -0.11676 0.0002021 -0.0797516 7.05542e-05 -2.05679e-05 -1.13618e-05 -9.74725e-06 -0.00411837 4.85624e-05 -0.00809043 -0.000326146 0.0135628 0.00199952 -2.97454e-05 0.0192118 0.00275301 0.000953546 0.128722 -0.0163115 4.68019e-06 -0.000411512 0.000129767 0.00155495 -0.000221257 
-4.11985e-11 -7.44974e-10 -1.02191e-07 -2.97357e-09 -1.14113e-06 -2.51029e-10 -2.1441e-07 -1.70386e-09 -2.80774e-09 -1.29582e-08 7.67891e-08 -1.2795e-07 -8.09664e-09 1.24094e-06 -1.55967e-08 -3.3756e-08 5.819e-07 -7.81573e-08 2.82847e-07 -9.84325e-08 7.96158e-07 6.22329e-06 -3.25391e-09 -3.40315e-09 -4.58013e-06 -9.75259e-10 -9.12021e-08 -1.65268e-08 5.90175e-08 1.72429e-06 -1.43333e-06 6.44539e-07 -1.01722e-06 -4.0158e-06 -8.40565e-11 -1.69358e-10 -4.34959e-06 -1.73992e-06 -7.19666e-08 -8.80467e-08 -6.94773e-10 -2.07941e-06 -1.99088e-08 -3.29238e-07 -1.03075e-07 -5.05003e-08 -8.08411e-11 4.41789e-06 -8.59682e-07 -6.90796e-08 1.92723e-06 -4.20572e-06 -4.2076e-06 4.30853e-06 -3.38168e-06 4.34132e-06 -1.21434e-09 -2.7848e-08 9.33146e-08 1.38201e-06 -5.80947e-08 -1.75871e-10 -2.91219e-09 -1.63404e-10 -4.65099e-09 -2.18285e-08 4.12159e-06 -2.90367e-08 -1.62821e-06 1.15115e-07 2.48229e-06 -4.51607e-11 -1.53902e-07 -1.66379e-08 -3.66062e-08 -1.07471e-09 -2.28086e-06 -2.29797e-09 -1.57243e-06 -2.18956e-09 -3.34753e-10 -2.29537e-10 -1.52679e-10 -9.11662e-08 -5.69352e-10 1.39186e-06 -2.09205e-07 -2.67605e-07 5.94761e-06 -5.73957e-10 8.68224e-08 -5.13016e-06 -3.02163e-08 4.31368e-06 -5.01416e-07 -1.00382e-10 -8.31522e-09 -1.75434e-09 8.61516e-08 -3.72848e-09 
-3.46131e-09 -1.92561e-08 -6.13566e-06 1.11335e-05 -0.00010334 -2.10903e-08 -2.0371e-06 -7.03254e-07 6.30077e-06 1.0958e-05 1.47218e-05 -1.04598e-05 -6.80243e-07 -1.05937e-05 -1.2337e-06 -2.15603e-06 2.00386e-05 4.62024e-06 -7.52893e-06 4.42348e-06 0.000174268 -3.25391e-09 0.000522583 3.90749e-07 3.34185e-05 4.60806e-06 4.26427e-06 -1.38851e-06 -3.14916e-05 -1.24694e-05 -0.000230295 -6.15662e-06 -0.000124848 8.68471e-05 9.20627e-06 -1.42287e-08 9.06434e-05 2.01197e-05 1.07904e-05 -5.44062e-06 -5.83717e-08 8.94322e-05 -1.45598e-06 3.68553e-06 -3.97991e-06 -3.96614e-06 -6.79191e-09 -4.78991e-05 0.000100628 5.99624e-06 -4.76129e-05 1.06372e-05 6.19128e-05 -0.000112239 4.02391e-05 -0.000129052 1.44643e-07 5.07367e-06 -0.000126035 -6.05234e-06 1.76958e-05 -1.47759e-08 -2.44669e-07 -1.37285e-08 3.59115e-08 -1.83393e-06 -3.39757e-05 -2.27286e-06 -9.2418e-05 -1.30339e-07 -5.94039e-05 -3.7942e-09 -1.12068e-05 -1.26117e-06 -2.94216e-06 -9.02921e-08 -1.49133e-06 -1.93065e-07 3.48537e-05 1.271e-08 -2.81245e-08 -1.92847e-08 -1.28274e-08 -6.95271e-06 -2.78344e-08 -1.09796e-05 -5.43314e-06 2.4597e-05 -1.04961e-05 -4.82213e-08 -1.67402e-05 3.31925e-05 7.8547e-06 -0.000141524 -3.55934e-05 -8.43368e-09 1.81392e-07 9.92751e-08 5.44205e-06 -3.1325e-07 
-3.62006e-09 2.2454e-07 2.00439e-05 6.26205e-06 -0.000525282 1.67942e-07 0.000173237 5.24492e-07 -2.46713e-07 3.8168e-05 3.58727e-05 -7.02612e-06 -1.71442e-07 -3.06453e-05 -1.32046e-06 6.02739e-05 -0.000236826 0.000226969 1.48424e-05 0.000493438 0.000116448 -3.40315e-09 3.90749e-07 0.000546538 -0.000494712 -6.90281e-08 0.00045262 0.000116981 -0.000148471 -4.42165e-06 -0.000305456 0.000187456 -0.000130599 -0.000352863 -7.38594e-09 2.45119e-07 -0.00022171 -0.000146628 -6.04028e-06 -7.73655e-06 5.68656e-05 -0.000194724 9.05398e-06 -2.89298e-05 0.000141446 -4.4374e-06 9.39563e-07 0.000475207 -0.000356868 0.000170353 -4.7811e-05 -3.66418e-05 -0.00035811 0.000179041 -0.000488991 0.00037763 3.89964e-07 1.9093e-05 -0.000168852 0.000202817 0.000130095 -1.54536e-08 -2.5589e-07 -1.43581e-08 2.4799e-07 -1.91804e-06 -0.000171671 -2.41142e-06 -0.000160057 -1.36317e-07 0.000186976 -3.96821e-09 -1.35231e-05 -8.2195e-07 -3.09654e-06 -2.77666e-08 -0.000200417 -2.01919e-07 -0.000255283 3.57606e-07 4.57252e-07 -2.01692e-08 1.63251e-07 0.000357209 -5.00283e-08 -1.27623e-05 0.000164317 0.000218069 -1.17521e-06 1.19567e-07 -1.09499e-06 -0.000496472 -6.15067e-07 0.000226044 -4.40588e-05 -8.82048e-09 1.79227e-05 1.20458e-05 0.000234279 -1.27617e-07 
-5.06565e-06 -8.94963e-05 -0.00476175 -0.000245419 0.0154395 -3.41851e-05 -0.0276904 -0.000490806 -0.000316462 -0.00169291 -0.00621372 -0.017158 -0.00114761 0.00200256 7.71864e-05 -0.00472323 0.010789 -0.0113133 -0.0110741 -0.0143071 -0.000315172 -4.58013e-06 3.34185e-05 -0.000494712 0.0862337 1.04375e-05 -0.0131908 -0.00240148 0.00721937 -0.0154311 0.0197067 -0.0114466 -0.0125539 0.057733 1.28745e-06 -1.56127e-05 0.0393783 0.0259058 0.000520784 0.00129163 -9.94019e-05 0.00883738 -0.00288698 0.00478387 -0.0145065 -0.000425061 -1.01485e-05 -0.0653918 0.0415548 -0.0100415 -0.0145562 0.0311614 0.0356335 -0.0375171 0.0685403 -0.0441515 -0.000176511 -0.00319067 -0.0257375 -0.0100743 -0.00839306 -1.93996e-05 -0.000415642 -2.28139e-05 -0.000675403 -0.000576961 -0.01782 9.29394e-05 0.0253992 -0.000199048 -0.0632962 -2.81631e-07 0.00217214 -0.00228825 0.000517072 4.90407e-06 0.0314336 -6.23833e-05 0.0329277 -0.000310487 -4.72061e-05 3.5157e-06 -3.95483e-06 -0.0131341 3.16714e-06 -0.0135613 -0.0242507 -0.0109666 -0.0106688 -2.73023e-05 0.0024525 0.0621797 -0.00427925 -0.0492321 0.00556827 2.87504e-07 -0.00117938 -0.000124246 -0.0121352 -3.60194e-05 
-1.03742e-09 -1.87592e-08 -2.55662e-06 7.20846e-06 -2.54494e-05 -6.32116e-09 -3.01907e-06 9.75888e-07 1.9086e-05 -3.26302e-07 -2.9347e-06 -1.91857e-06 -2.03882e-07 -7.71064e-06 -3.92741e-07 -7.66678e-07 1.21262e-05 -9.48083e-07 1.08125e-07 -2.65298e-07 8.64604e-05 -9.75259e-10 4.60806e-06 -6.90281e-08 1.04375e-05 0.000156685 -8.39897e-07 -1.76163e-07 -1.67721e-06 5.4769e-06 -9.13162e-05 -1.93413e-06 4.88237e-05 -9.2652e-05 2.31455e-06 -4.2646e-09 -6.43472e-05 -3.8863e-05 -1.02886e-06 -2.18044e-06 -1.74951e-08 8.72303e-05 -4.51323e-07 -4.76057e-06 -1.2887e-07 -1.17832e-06 -2.03566e-09 -1.24835e-05 -9.41935e-05 -1.3295e-06 -8.46136e-06 -9.07078e-05 -9.44184e-05 -3.09379e-05 1.36172e-05 8.09222e-05 -3.05783e-08 -5.47907e-07 8.47898e-05 -1.87994e-06 6.36045e-06 -4.42862e-09 3.93335e-07 -4.11468e-09 -1.17117e-07 -5.49664e-07 8.91659e-05 2.57216e-06 -3.86217e-05 -3.90652e-08 -1.94162e-05 -1.13719e-09 -3.8754e-06 -4.18959e-07 -9.21783e-07 1.89604e-07 -3.96845e-05 -5.78652e-08 -9.54581e-05 3.31531e-07 -8.42943e-09 -5.77999e-09 -3.84462e-09 -2.29566e-06 1.429e-06 -3.98215e-06 -4.66467e-06 0.000122205 -3.2882e-06 -1.44528e-08 -4.92137e-06 9.71989e-06 -5.77544e-07 5.40729e-05 -8.13951e-06 -2.52773e-09 -2.09386e-07 -4.4176e-08 3.24801e-06 -9.38871e-08 
-9.70152e-08 7.68571e-06 0.000318074 0.000243584 -0.0140572 2.90955e-05 0.00997628 9.38822e-05 1.71949e-05 0.00172905 -0.000221091 -0.000238503 8.56305e-05 -0.000855566 -1.54575e-05 0.00357202 -0.0110227 0.0112312 0.00314886 0.0114999 0.000971932 -9.12021e-08 4.26427e-06 0.00045262 -0.0131908 -8.39897e-07 0.0144401 0.00257554 -0.00759432 0.00558562 -0.00873245 0.00457117 -0.0037393 -0.00945141 -1.97938e-07 3.88119e-06 -0.00777557 -0.00340309 -0.000112069 -0.000204451 0.000107534 -0.00521754 0.000597065 -0.000775296 0.00832126 -0.000116583 1.11663e-05 0.00997903 -0.00850635 0.0108932 -0.00118195 -0.00694407 -0.00742965 -0.000885043 -0.0127909 0.0101606 0.00015022 0.00227698 -0.00433946 0.00266775 0.00910942 5.85347e-09 -6.3677e-06 2.49319e-05 0.000735688 -5.14023e-05 -0.00418893 -3.99896e-05 -0.00427033 -1.69881e-07 0.000555026 2.03212e-08 -0.000362412 0.002349 -8.42146e-05 4.70925e-06 -0.00537001 -2.98464e-06 -0.00909312 0.000305614 2.8675e-05 -5.4052e-07 -1.28661e-08 0.00143604 6.49275e-07 -0.000356444 0.0108992 0.0103135 -0.000214152 5.75097e-07 -0.000417619 -0.0132941 0.00460546 -0.00104973 -0.00118069 -2.36383e-07 0.00121634 7.52155e-05 0.0114112 -8.26993e-06 
-1.75802e-08 3.8721e-06 -4.11105e-05 1.47778e-06 -0.00255769 2.96595e-05 0.000739324 -3.57188e-06 5.68547e-07 1.22505e-05 -4.87651e-05 -2.09754e-05 5.125e-06 -0.000158682 -5.73543e-06 0.000347879 -0.00233588 0.00257948 0.00153229 0.00234533 -0.00102491 -1.65268e-08 -1.38851e-06 0.000116981 -0.00240148 -1.76163e-07 0.00257554 0.00264857 -0.00191694 0.00115098 -0.00160138 0.00206364 -0.000677419 -0.00171328 -3.58686e-08 7.54398e-07 -0.00185378 -0.000732846 -1.15396e-05 -3.75713e-05 7.12569e-05 -0.00094528 0.000134835 -0.000140493 0.00231948 -1.31262e-05 1.01688e-05 0.0022357 -0.00196683 0.00256793 -0.000279676 -0.00173966 -0.00176282 -1.86979e-05 -0.0023747 0.00179082 3.47182e-06 6.78534e-05 -0.000795459 -3.1421e-05 0.00229381 -7.50479e-08 -1.24269e-06 2.96361e-06 5.442e-06 -9.03799e-06 -0.000734383 -1.20072e-05 -0.000775247 -6.62003e-07 -0.000339364 -1.9271e-08 -6.55763e-05 0.00040459 -1.56206e-05 -4.586e-07 -0.000973228 2.59411e-07 -0.00211597 -8.10995e-07 8.56715e-06 -9.79482e-08 -1.51513e-08 2.00442e-05 4.27046e-07 -2.55353e-05 0.00249334 0.00239183 -5.04874e-05 1.10508e-06 -9.00439e-05 -0.0024101 0.000230783 -0.000561889 -0.000213888 -4.28352e-08 0.000412578 2.62747e-05 0.0019635 -1.59102e-06 
6.27792e-08 -6.34479e-06 -0.000177522 -0.000249895 0.00761989 -2.82675e-05 -0.00490395 -1.04448e-05 -7.6615e-06 -0.00172499 -0.000116614 0.00013353 -4.18355e-05 0.000467252 -3.27567e-05 -0.00189228 0.00712795 -0.00759623 -0.0028368 -0.00746306 -0.000570365 5.90175e-08 -3.14916e-05 -0.000148471 0.00721937 -1.67721e-06 -0.00759432 -0.00191694 0.00939333 -0.00399849 0.00565957 -0.00245749 0.00144142 0.00525157 -8.04191e-06 -4.02193e-06 0.00553345 0.00235808 0.000109118 0.000130664 -0.000103435 0.00177886 -0.000547093 0.000443918 -0.00545959 7.55768e-05 -1.12335e-05 -0.00440637 0.00601073 -0.00752966 0.000574273 0.00585388 0.00592957 0.00107331 0.00698457 -0.00575858 -3.34162e-05 -0.00222603 0.0016445 0.000113174 -0.00676349 2.67997e-07 4.111e-06 -2.4761e-05 -0.000728316 2.29446e-07 0.00176293 3.69901e-05 0.00261562 -5.59265e-06 0.000741898 6.88169e-08 0.000122786 -0.00223769 5.50848e-05 -3.539e-06 0.00235969 3.02503e-06 0.00702538 -0.000217304 -2.77132e-05 6.44115e-09 -1.20677e-07 0.000107158 -7.51491e-05 0.000150966 -0.00772997 -0.00808023 0.000206451 8.2461e-07 0.000236769 0.0073217 -0.00421485 0.00210343 0.000610173 -1.37035e-07 -0.00113748 -5.736e-05 -0.0071867 -7.49178e-06 
-1.97549e-07 4.70178e-05 0.000277516 0.000210738 -0.00886601 7.06963e-06 0.0024367 1.13761e-05 -6.12664e-06 0.000910218 0.000844976 -0.000610791 -3.47239e-05 -0.000365298 -4.44072e-05 -0.000129622 -0.0028954 0.00554742 0.00517514 0.00536043 0.00467548 1.72429e-06 -1.24694e-05 -4.42165e-06 -0.0154311 5.4769e-06 0.00558562 0.00115098 -0.00399849 0.0289508 -0.0120128 0.00169531 0.00257892 -0.0187652 5.36101e-08 4.56792e-06 -0.0190637 -0.00793976 0.00152447 -0.000415536 -1.31482e-06 -0.0105372 8.53951e-06 -0.00141437 0.00465833 -0.000113565 6.23569e-06 0.0100082 -0.0191628 0.00503722 0.0144397 -0.019469 -0.0169177 0.0110696 -0.0125965 0.0190013 9.6605e-06 0.00351615 0.00740516 0.00646745 0.00494915 -6.19982e-07 -1.33641e-05 2.08131e-05 0.000372858 -5.22057e-05 0.0133385 0.000967737 -0.00851541 0.000130458 0.0161845 8.53452e-07 -0.000694022 0.00228308 -0.000157876 3.23834e-05 -0.0102437 6.18511e-05 -0.021986 6.63776e-05 3.6815e-06 -5.30647e-07 -7.32107e-07 -0.000423885 -2.70675e-06 -0.000715986 0.0120979 0.0110412 0.00427031 -2.74883e-06 -0.000130218 -0.0229995 0.00319273 0.0146013 -0.0023972 -4.54674e-07 0.000210928 2.24678e-05 0.00668386 -1.67383e-05 
-4.18453e-06 -7.63323e-05 -0.00282335 -0.000296213 0.0108178 -1.57995e-05 -0.00247062 -0.000630579 -0.000185988 -0.0012025 -0.00730306 0.00701628 0.000385258 -0.03157 -0.00128474 -0.00269362 -0.0197603 -0.00758827 -0.00869552 -0.00736046 -0.158951 -1.43333e-06 -0.000230295 -0.000305456 0.0197067 -9.13162e-05 -0.00873245 -0.00160138 0.00565957 -0.0120128 0.229929 -0.000507326 -0.155081 0.151487 -8.66683e-06 -5.55867e-06 0.160523 0.0555067 -0.000849335 0.0020365 -7.00395e-05 -0.0932135 0.000504413 0.00876223 -0.00992141 0.00282674 -6.0153e-06 -0.0228559 0.140592 -0.00690905 -0.0603935 0.152285 0.172864 -0.120095 0.0179231 -0.165396 -8.67604e-05 -0.00115753 -0.0853006 -0.00289122 -0.00579445 5.46383e-07 0.000139529 -1.59748e-05 -0.000476564 -0.00210059 -0.158017 6.93028e-05 0.085025 -1.79178e-05 -0.0481812 -4.09306e-06 0.00793656 -0.0016716 -0.00333472 -9.57468e-05 0.0783959 -0.00023517 0.103273 -0.000206839 -1.43888e-05 8.76304e-06 -1.02557e-05 0.00324704 -5.87043e-05 0.00417962 -0.0172584 -0.0226578 -0.00500198 7.64173e-07 -0.0214303 0.012984 -0.00298437 -0.149004 0.0133714 -6.88015e-06 -0.00070418 -0.000162285 -0.00709047 -0.0002831 
-8.38167e-08 4.11438e-06 -0.000109734 2.34604e-05 -0.00461244 8.74596e-06 0.00221019 -9.71285e-06 -5.66224e-06 7.21569e-05 -0.000181608 0.00496368 5.74436e-06 -0.000753381 -2.75909e-05 0.00230627 -0.00416189 0.00478159 0.00140968 0.00577862 -0.00488318 6.44539e-07 -6.15662e-06 0.000187456 -0.0114466 -1.93413e-06 0.00457117 0.00206364 -0.00245749 0.00169531 -0.000507326 0.0125008 -0.00174337 -0.00816187 -1.7101e-07 5.62115e-07 -0.00875734 -0.00347309 -0.000146267 -0.000178484 3.78965e-05 -0.00448554 0.00285189 -0.00066675 0.00408986 0.000127326 1.02655e-05 0.0104683 -0.00912911 0.00460186 -0.00090257 -0.00511554 -0.00851147 0.00578462 -0.011107 0.00379127 4.07095e-05 0.000304231 0.00375438 -0.000108273 0.0032367 1.07822e-05 1.76819e-05 7.08942e-08 2.35844e-05 -4.44092e-05 -0.0018619 -5.4784e-05 -0.00370472 -3.15621e-06 0.00615907 -9.18776e-08 -0.000313107 0.000330021 -7.4474e-05 -2.11978e-06 -0.00463291 -2.46179e-06 -0.005041 8.4921e-06 3.94523e-05 -4.66985e-07 4.27135e-08 0.004258 -9.28325e-07 0.00564473 0.00634802 0.00390026 0.001625 2.4689e-05 -0.000413962 -0.0114711 8.25761e-05 0.00483376 -0.00101594 -2.04224e-07 0.00106141 5.81609e-05 0.00418625 -5.81212e-06 
4.92098e-06 6.64806e-05 0.00161156 4.55834e-05 0.00469647 -7.74574e-06 -0.00677985 0.000622667 6.58223e-05 -0.000324794 0.0058096 -0.0049857 -0.000330915 0.0204511 0.000925553 -0.000820556 0.0238109 -0.00263023 0.0072816 -0.00178234 0.131442 -1.01722e-06 -0.000124848 -0.000130599 -0.0125539 4.88237e-05 -0.0037393 -0.000677419 0.00144142 0.00257892 -0.155081 -0.00174337 0.190781 -0.162712 -3.46649e-06 2.1957e-06 -0.17363 -0.0695786 -0.000676991 -0.00303504 -2.86524e-05 0.0763209 -0.000535159 -0.0127208 0.00360653 -0.00201497 -3.33388e-06 0.0163711 -0.155377 -0.00283614 0.0627793 -0.157294 -0.170307 0.137489 -0.0116773 0.17504 -5.00692e-05 -0.00114252 0.113614 -0.00227802 -0.0023945 1.93707e-06 -0.000120098 -6.73877e-06 -0.000191806 0.00253554 0.167777 0.00019664 -0.0690053 -2.91522e-06 0.0499266 -9.02423e-07 -0.00626658 -0.000678585 0.00374231 8.43991e-05 -0.0843504 0.000202379 -0.108413 -8.26238e-05 -1.08452e-05 -5.82611e-06 1.24035e-05 -0.00347012 5.74633e-05 -0.000923003 0.0090957 0.0103132 0.00293539 -2.19266e-05 0.0252014 -0.00109276 -0.00115615 0.170035 -0.0197907 2.81024e-06 -0.000290936 0.000102298 -0.0035863 0.000344578 
