3.36667e-07 -1.05826e-12 -4.55622e-13 -1.55927e-10 -1.38819e-12 -1.61379e-10 -4.24341e-10 -2.55126e-11 3.02872e-07 -2.47747e-07 -2.79984e-07 -5.30679e-08 -3.24812e-10 3.1073e-07 -1.3569e-09 -4.27118e-12 -6.83321e-11 -2.96209e-07 -9.64056e-10 1.51486e-08 0 -5.10611e-13 -2.35081e-07 1.49083e-08 -8.21182e-09 -3.08214e-07 -1.42129e-10 -2.66043e-07 -8.64964e-11 2.68711e-07 -6.95778e-14 -3.30382e-12 -4.096e-10 -1.99217e-11 -1.83431e-08 -7.70038e-09 -2.90424e-09 -2.28579e-07 -5.58109e-10 -3.07369e-07 3.14587e-07 5.8475e-09 0 -1.69909e-09 -5.19014e-09 -9.20222e-14 -4.11651e-10 -1.14255e-10 6.74743e-10 -2.07379e-08 -8.55358e-12 -2.95938e-07 1.74831e-08 -3.67076e-08 -1.01e-13 3.15066e-07 -1.7472e-09 -1.11685e-09 -7.93018e-11 -5.656e-13 -5.21594e-08 -2.51081e-07 -7.63672e-12 1.31694e-07 2.93957e-07 -1.94582e-11 1.58479e-07 -8.97988e-09 -2.89533e-13 2.93705e-07 -1.12222e-14 -1.04044e-08 -1.26018e-09 7.75856e-10 -8.69015e-11 0 -3.67575e-10 -4.74462e-10 -1.51886e-08 -2.09241e-07 -1.05065e-09 -3.17314e-08 -5.05e-14 -3.143e-10 -6.55378e-13 2.42318e-07 -2.65691e-08 -1.06611e-13 4.74914e-09 -3.10932e-07 -1.81609e-11 -1.53473e-10 -1.12671e-11 2.9413e-07 -6.62111e-13 -7.68827e-09 -7.74109e-12 -3.75916e-10 2.371e-07 -3.56282e-09 
-1.05826e-12 3.14332e-06 -4.25398e-12 -1.45583e-09 -1.2961e-11 -1.50674e-09 -3.96192e-09 -2.38202e-10 1.14787e-06 -2.31312e-06 -2.61411e-06 -4.88809e-07 -3.03265e-09 2.89451e-06 -1.26689e-08 -3.98784e-11 -6.37992e-10 -1.72899e-06 -9.00104e-09 1.13711e-08 0 -4.76739e-12 -2.3816e-06 -4.7539e-08 -7.66708e-08 -2.87102e-06 -1.32701e-09 -2.48395e-06 -8.07585e-10 2.68892e-06 -6.49622e-13 -3.08466e-11 -3.82428e-09 -1.86002e-10 2.25404e-07 -6.5229e-08 -2.04491e-08 -2.32089e-06 -5.21086e-09 -2.86312e-06 -1.94189e-08 4.79293e-08 0 -1.58638e-08 -4.84584e-08 -8.59178e-13 -3.84344e-09 -1.06675e-09 6.29983e-09 2.75631e-06 -7.98616e-11 -2.94314e-06 -2.34996e-08 -3.36059e-07 -9.43e-13 1.15056e-07 -1.63129e-08 -1.04277e-08 -7.40412e-10 -5.2808e-12 -4.86993e-07 -2.34425e-06 -7.13013e-11 2.88129e-06 2.92463e-06 -1.81674e-10 1.67468e-06 -7.71752e-08 -2.70327e-12 2.92229e-06 -1.04778e-13 -9.71424e-08 -1.17658e-08 -1.22942e-06 -8.11368e-10 0 -3.43191e-09 -4.42988e-09 1.77819e-06 -2.14034e-06 -9.80952e-09 -2.89598e-07 -4.715e-13 -2.9345e-09 -6.11902e-12 2.2525e-06 -2.48066e-07 -9.95389e-13 9.00942e-07 -2.8964e-06 -1.69562e-10 -1.43292e-09 -1.05197e-10 2.92625e-06 -6.18189e-12 -7.17826e-08 -7.22757e-11 -3.50979e-09 2.39378e-06 -3.32647e-08 
-4.55622e-13 -4.25398e-12 1.35333e-06 -6.26796e-10 -5.58024e-12 -6.48711e-10 -1.70577e-09 -1.02556e-10 1.87881e-07 -8.39228e-07 -3.32148e-07 -2.09989e-07 -1.30568e-09 3.6574e-07 4.45455e-08 -1.71693e-11 -2.74682e-10 -3.34431e-07 -3.87532e-09 5.71651e-08 0 -2.05256e-12 -5.55375e-07 5.61992e-08 -3.30099e-08 -6.32294e-07 -5.71332e-10 -6.72773e-07 -3.47698e-10 7.13893e-07 -2.79689e-13 -1.32807e-11 2.50202e-08 -8.00812e-11 -5.04023e-08 -3.0954e-08 -1.16745e-08 -5.29237e-07 -2.24349e-09 -3.75561e-07 2.34973e-07 2.35058e-08 0 1.66503e-07 -2.08633e-08 -3.69911e-13 -1.65476e-09 -4.59281e-10 2.71233e-09 2.62417e-08 -3.43837e-11 -3.33343e-07 -1.01175e-08 -1.47557e-07 -4.06e-13 2.369e-07 -7.02339e-09 1.68844e-07 -3.18778e-10 -2.2736e-12 2.56996e-07 -6.15964e-07 -3.06981e-11 1.56346e-07 3.25378e-07 -7.82182e-11 2.2382e-07 -3.60974e-08 -1.16387e-12 3.24367e-07 -4.51111e-14 -4.18238e-08 2.14934e-07 -2.40215e-07 -3.49327e-10 0 -1.47758e-09 1.38093e-07 -6.10553e-08 -5.41503e-07 1.24433e-08 2.22446e-07 -2.03e-13 -1.26342e-09 -2.63449e-12 5.84468e-07 -1.06803e-07 -4.28556e-13 -1.13054e-08 -3.89887e-07 -7.30033e-11 -6.16931e-10 -4.52916e-11 3.26072e-07 -2.66156e-12 -3.09053e-08 -3.11176e-11 2.21822e-07 5.63489e-07 -1.43218e-08 
-1.55927e-10 -1.45583e-09 -6.26796e-10 0.000462935 -1.90972e-09 -2.22008e-07 -5.83764e-07 -3.50975e-08 -1.89774e-05 0.000119509 -1.17525e-05 -7.30051e-05 3.69826e-07 -3.55508e-05 -1.86668e-06 -5.87583e-09 -9.4004e-08 2.80069e-05 -1.05291e-06 -6.67401e-06 0 -7.02444e-10 0.000112077 -6.19791e-06 -1.12969e-05 -1.10172e-06 -1.95526e-07 9.64999e-05 1.76742e-08 -6.58195e-05 -9.57177e-11 -4.54505e-09 -5.63484e-07 -2.74061e-08 -2.52345e-05 -1.04334e-05 -3.85867e-06 0.000109942 -7.67787e-07 2.92817e-05 -2.86125e-06 7.9077e-06 0 -2.33743e-06 -3.41337e-06 -1.26594e-10 -5.66306e-07 -1.57179e-07 -3.97843e-06 -5.41528e-05 -1.17671e-08 2.84723e-05 -2.06251e-06 -5.03617e-05 -1.38945e-10 -2.20183e-06 -1.97361e-06 -1.53645e-06 -1.09095e-07 -7.78092e-10 -7.17553e-05 9.67125e-05 -1.05058e-08 -2.97694e-05 -3.12417e-05 -2.67685e-08 -6.67811e-06 -1.22169e-05 -3.98309e-10 -3.15876e-05 -1.54383e-11 -6.48998e-06 -5.36955e-07 -2.28599e-06 -1.1955e-07 0 1.43297e-08 -6.52714e-07 -2.08949e-05 -0.000160675 -2.87025e-08 -3.84294e-05 -6.94725e-11 2.16762e-06 -9.01599e-10 -0.00010228 -3.6551e-05 -1.46664e-10 -2.09805e-05 3.47392e-05 -2.49839e-08 -2.11132e-07 -1.55001e-08 -3.10041e-05 -9.10862e-10 -8.89337e-06 -1.06494e-08 -5.17146e-07 -0.000109187 -4.52468e-06 
-1.38819e-12 -1.2961e-11 -5.58024e-12 -1.90972e-09 4.12332e-06 -1.97649e-09 -5.19713e-09 -3.12466e-10 -1.28952e-07 9.62377e-07 -1.39245e-06 -6.4995e-07 -3.97814e-09 -2.27659e-07 3.33813e-08 -5.23114e-11 -8.36899e-10 1.60557e-07 -1.18073e-08 -5.94174e-08 0 -6.25372e-12 9.09223e-07 -6.23603e-08 -7.05745e-08 2.5847e-07 -1.74073e-09 7.61632e-07 -1.05937e-09 -4.97343e-07 -8.52156e-13 -4.04636e-11 -5.01658e-09 -2.43991e-10 -1.34657e-07 -9.43106e-08 -3.55697e-08 -3.94475e-07 -6.83546e-09 2.68828e-07 -2.54732e-08 2.16174e-08 0 -2.08097e-08 -2.68997e-08 -1.12704e-12 -5.04171e-09 -1.39934e-09 8.26393e-09 -4.08938e-07 -1.0476e-10 1.63869e-07 -3.08261e-08 -4.49577e-07 -1.237e-12 -1.96025e-08 -2.13988e-08 3.63213e-08 -9.71251e-10 -6.9272e-12 -6.38823e-07 9.44875e-07 -9.35309e-11 -2.25031e-07 -1.88138e-07 4.97617e-08 -5.94539e-08 -1.09981e-07 -3.54607e-12 -1.91218e-07 -1.37444e-13 1.19238e-07 1.0279e-06 9.50232e-09 -1.06433e-09 0 -4.50188e-09 -5.81099e-09 -1.46023e-07 -7.70966e-07 -1.28678e-08 -3.38632e-07 -6.185e-13 -3.84939e-09 -8.02676e-12 -8.60581e-07 -3.25406e-07 -1.30572e-12 -1.86785e-07 2.25181e-07 -2.22426e-10 -1.87966e-09 -1.37994e-10 -1.86023e-07 -8.10922e-12 -9.41623e-08 -9.48092e-11 -4.60405e-09 -8.845e-07 -4.36357e-08 
-1.61379e-10 -1.50674e-09 -6.48711e-10 -2.22008e-07 -1.97649e-09 0.000479114 -2.47507e-07 -3.63246e-08 -1.65675e-05 -0.000334644 -0.000395543 -7.46943e-05 4.97536e-07 0.000419075 6.43914e-05 5.85398e-10 1.12709e-07 -0.000296556 -9.82616e-07 0.000133673 0 -7.27004e-10 -0.000236389 0.000116791 0.000241295 -0.000434173 1.3543e-06 -0.000378117 1.74685e-06 0.000337404 -9.90643e-11 -4.70396e-09 3.07015e-06 -2.83643e-08 2.91659e-06 0.000117453 9.92164e-06 -0.000222868 1.00254e-05 -0.000421556 5.58537e-06 -8.7701e-05 0 0.000299501 -7.38968e-06 -1.31021e-10 -5.86106e-07 1.60659e-07 -2.8264e-07 0.000387591 1.04782e-06 -0.000118157 6.64309e-06 -5.20273e-05 -1.43803e-10 6.21186e-07 -2.48765e-06 8.25565e-05 -1.12909e-07 -8.05297e-10 -7.20474e-05 -0.000355998 -1.08731e-08 4.21097e-05 0.000303093 -2.77044e-08 -6.9116e-06 1.42612e-05 -4.12235e-10 0.000303631 -1.59781e-11 -1.48138e-05 8.27243e-06 -3.00868e-06 -1.2373e-07 0 -5.2335e-07 6.81131e-07 3.75412e-05 -0.000188911 9.15076e-06 -2.54123e-05 -7.19015e-11 1.11358e-05 -9.33122e-10 0.00014775 -3.76923e-05 -1.51792e-10 9.84126e-05 -0.000424596 -2.58574e-08 2.31487e-07 6.07291e-07 0.000301132 -9.42709e-10 -1.02732e-05 -1.10217e-08 2.01477e-06 0.000223746 -4.54938e-06 
-4.24341e-10 -3.96192e-09 -1.70577e-09 -5.83764e-07 -5.19713e-09 -2.47507e-07 0.00125883 -9.55146e-08 -2.86651e-05 -0.000907905 -0.00103922 0.000915733 -1.21604e-06 -3.50254e-05 -4.70333e-06 -1.59905e-08 1.12942e-05 -3.88532e-05 1.63141e-05 -1.12227e-05 0 7.04755e-07 -0.000954248 -1.85923e-05 -1.77603e-05 -4.86631e-05 -5.32107e-07 -0.000993691 2.88728e-05 3.5391e-05 -2.60487e-10 -1.23689e-08 9.8532e-06 -7.45833e-08 -6.62833e-05 0.00111456 0.00018825 -0.000930031 -1.41946e-06 -0.000807427 1.53867e-05 -0.00108685 0 3.38289e-05 -1.78776e-05 -3.44515e-10 -1.54115e-06 -4.27749e-07 -0.000633487 0.000592671 -3.20231e-08 3.8526e-05 1.34671e-05 0.00095589 -3.78126e-10 -2.72079e-07 -6.5412e-06 0.000103635 1.77264e-05 -2.11751e-09 -0.000194629 -0.0009391 -2.85905e-08 -1.47391e-08 1.68854e-05 -7.28481e-08 -9.56385e-06 0.00112908 -1.08396e-09 -8.14614e-06 -4.2014e-11 -3.82824e-05 8.85878e-06 -6.52867e-06 -2.0201e-07 0 -1.31947e-06 1.64504e-05 -5.58569e-05 -0.00085728 3.11666e-05 0.000736647 -1.89063e-10 3.65665e-06 -2.45362e-09 0.00090262 0.000810733 -3.99133e-10 -5.50432e-05 1.77413e-05 -6.79913e-08 1.55542e-06 4.78179e-08 -5.92142e-06 -2.47883e-09 -2.87535e-05 3.70102e-06 -3.90697e-07 0.000815382 9.27144e-06 
-2.55126e-11 -2.38202e-10 -1.02556e-10 -3.50975e-08 -3.12466e-10 -3.63246e-08 -9.55146e-08 7.57743e-05 1.59783e-05 -4.99319e-05 -6.30214e-05 2.8895e-05 -7.31115e-08 2.16686e-05 -3.0209e-07 -9.61396e-10 -1.53808e-08 -2.43919e-05 8.53001e-07 4.64674e-07 0 -1.14933e-10 -5.72259e-05 -1.06608e-06 -1.84839e-06 -6.7679e-05 -3.19918e-08 -5.97567e-05 1.1172e-06 6.35456e-05 -1.56612e-11 -7.43654e-10 -9.21965e-08 -4.48416e-09 2.34845e-05 4.58434e-05 5.02629e-06 -5.57624e-05 -1.25624e-07 -6.29953e-05 -4.68154e-07 -3.59713e-06 0 -2.02448e-07 -1.13158e-06 -2.07132e-11 -9.26582e-08 -2.57175e-08 1.51877e-07 2.10703e-05 -1.92532e-09 -2.3141e-05 -4.76532e-07 -3.33581e-06 -2.2734e-11 -3.60261e-07 -3.93275e-07 5.11942e-07 -1.785e-08 -1.2731e-10 -1.13038e-05 -5.4279e-05 1.16549e-05 6.55525e-05 2.28716e-05 -4.37983e-09 -1.09266e-06 4.02954e-05 -6.51708e-11 2.25883e-05 -2.526e-12 -2.04193e-06 6.64635e-06 -8.69656e-09 2.03773e-07 0 -8.27371e-08 2.94799e-05 2.12412e-05 -5.14329e-05 2.57068e-05 4.07143e-05 -1.1367e-11 -7.07454e-08 -1.47518e-10 -5.58164e-06 -4.11042e-06 -2.3997e-11 -8.32803e-07 -2.20442e-05 -4.08783e-09 -3.45451e-08 -2.5361e-09 2.39905e-05 -1.49034e-10 -1.73055e-06 -1.74243e-09 -5.7948e-08 1.7127e-05 -1.95195e-09 
3.02872e-07 1.14787e-06 1.87881e-07 -1.89774e-05 -1.28952e-07 -1.65675e-05 -2.86651e-05 1.59783e-05 0.0392956 -0.0301462 -0.0340715 -0.00645746 -3.48717e-05 0.0375057 0.000269883 3.13017e-06 -1.44313e-06 -0.0383741 -6.40353e-05 0.000377682 0 -6.21447e-08 -0.0306773 -0.00034975 0.000191147 -0.0375062 -1.72981e-05 -0.0323738 -1.05272e-05 0.0351322 -8.46807e-09 3.31457e-06 -4.98177e-05 -2.4246e-06 0.0364271 -0.000821187 -0.000342291 -0.0302492 -2.36922e-05 -0.0374029 0.00497511 0.000710112 0 -4.58209e-05 -0.000629574 2.62134e-07 -4.7194e-05 -1.32489e-05 6.67806e-05 0.0353789 -1.04103e-06 -0.0382813 -0.000291003 -0.00446719 -1.22924e-08 0.0041648 -0.000212642 -0.000106785 -9.65156e-06 -6.88372e-08 -0.00614377 -0.030549 3.05389e-06 0.037865 0.038148 3.25251e-05 0.00212588 -0.00107305 8.80952e-08 0.0381373 -1.36582e-09 -0.0012643 -0.000153372 -0.00128143 0.000166967 0 -3.86196e-05 9.89482e-05 0.0283439 -0.0278965 -0.000127767 -0.0038611 -6.14618e-09 -3.82523e-05 1.96903e-07 0.0132421 -0.00305968 -1.29753e-08 0.015591 -0.0378364 -2.2103e-06 -1.86787e-05 4.85385e-07 0.0381869 1.19417e-07 -0.000934447 -9.42141e-07 9.87718e-05 0.0311061 -0.000241255 
-2.47747e-07 -2.31312e-06 -8.39228e-07 0.000119509 9.62377e-07 -0.000334644 -0.000907905 -4.99319e-05 -0.0301462 0.194359 0.0978398 -0.115642 -6.82799e-05 -0.0566744 -0.00296016 -8.5359e-06 -4.22063e-05 0.0447007 -0.00196535 -0.00884842 0 -1.11609e-06 0.171842 -0.00902384 -0.0139088 0.0596688 -0.000121109 0.150525 -9.59677e-07 -0.100833 5.45842e-08 -2.57146e-06 -0.0007299 3.88536e-06 -0.0400942 -0.0144808 -0.00450661 0.168896 -0.00097533 0.0636894 -0.00454614 0.0122238 0 -0.00365572 -0.00656539 -2.01141e-07 0.000292313 8.16568e-05 0.00091853 -0.08399 -1.33797e-05 0.0453028 -0.00137556 -0.0799227 -6.07648e-08 -0.00348981 0.00120408 -0.00188836 -1.62053e-06 -1.23628e-06 -0.0890168 0.176486 -1.66923e-05 -0.0471631 -0.0496028 -4.13082e-05 -0.00844551 -0.0177205 -6.32859e-07 -0.0501883 -2.45294e-08 0.00283529 0.000935873 0.00167866 -0.000188125 0 0.000260342 -0.00103216 -0.0331992 0.154712 -0.00011661 -0.0463599 -1.10382e-07 -4.22654e-06 -1.39252e-06 -0.161525 -0.0578868 8.36371e-08 -0.0331675 0.0562308 -3.9696e-05 -0.000328056 -2.40042e-05 -0.0492594 2.4943e-07 0.00297424 -4.43732e-07 -0.000812188 -0.173888 2.54621e-05 
-2.79984e-07 -2.61411e-06 -3.32148e-07 -1.17525e-05 -1.39245e-06 -0.000395543 -0.00103922 -6.30214e-05 -0.0340715 0.0978398 0.140017 -0.033982 -6.8286e-06 -0.0640197 -0.00334707 -8.9507e-06 -0.000165521 0.0505012 -0.000908409 -0.0104658 0 -1.09465e-06 0.0896822 -0.0104896 -0.00102936 0.0690956 -5.96359e-05 0.106284 -0.000209061 -0.103751 -1.52049e-08 -3.98446e-06 -0.00095657 -6.60711e-07 -0.0453112 -0.0189881 -0.00590439 0.0857799 -0.00115442 0.0719164 -0.0051368 0.0114426 0 -0.00330291 -0.00475586 -2.27314e-07 0.000141989 7.95414e-06 0.000932768 -0.0725818 -4.66911e-06 0.0511985 -0.00387661 -0.0383828 -5.61577e-08 -0.00395363 -0.000100855 -0.00255412 -2.22187e-05 -3.04829e-08 -0.0162224 0.0987019 -1.8821e-05 -0.0534034 -0.0559957 -4.63625e-05 -0.00517073 -0.0179248 -7.15207e-07 -0.0560981 -2.77212e-08 0.00417012 -0.000936851 0.00176989 -0.000212575 0 -4.98131e-05 -0.000201633 -0.0375161 0.0794089 -0.00232064 -0.0498034 -1.24745e-07 -0.000310622 -1.61892e-06 -0.0696912 0.00427073 -1.06685e-07 -0.0376551 0.0635056 -4.39413e-05 -0.00031151 -2.76754e-05 -0.0556411 -1.34222e-06 -0.00357047 -1.91221e-05 -0.000916825 -0.0861551 -0.00537718 
-5.30679e-08 -4.88809e-07 -2.09989e-07 -7.30051e-05 -6.4995e-07 -7.46943e-05 0.000915733 2.8895e-05 -0.00645746 -0.115642 -0.033982 0.132781 -6.65268e-05 -0.0120888 -0.000633768 -1.8931e-06 4.39469e-05 0.0093578 -0.000297861 -0.00218664 0 1.2776e-06 -0.117965 -0.00222243 0.00228076 0.0102392 6.01183e-05 -0.0904897 -2.29243e-05 0.0349118 -3.25763e-08 -1.54685e-06 -0.000190401 -1.374e-06 -0.00858779 0.0147631 0.00488559 -0.114486 -0.00023373 0.00217867 -0.000972609 -0.0135917 0 -0.000794456 -7.01874e-05 -4.30848e-08 -0.000191699 -5.08807e-05 -0.000548749 0.0155041 1.20919e-05 0.00969813 -0.00103587 0.0913227 -4.72882e-08 -0.000748602 -0.000795155 0.00130515 1.45275e-05 1.07852e-06 0.0921047 -0.114024 1.12312e-05 -0.00986838 -0.0105742 -8.85034e-06 0.00116303 0.0198541 -1.3556e-07 -0.0105876 2.80791e-08 -0.000920552 -0.000557277 0.000179026 -3.76473e-05 0 -0.000172042 0.000957703 -0.00711112 -0.106562 0.00039827 0.0501478 -2.36441e-08 -0.000122578 -3.06848e-07 0.121364 0.0652677 -4.99153e-08 -0.00707881 0.0119326 -7.71628e-06 -1.75935e-06 1.43481e-05 -0.0104591 -3.10001e-07 -0.00349948 -3.39438e-06 -0.000175714 0.114112 -0.00153212 
-3.24812e-10 -3.03265e-09 -1.30568e-09 3.69826e-07 -3.97814e-09 4.97536e-07 -1.21604e-06 -7.31115e-08 -3.48717e-05 -6.82799e-05 -6.8286e-06 -6.65268e-05 0.000963856 4.20434e-05 -3.22848e-06 2.64427e-07 2.6418e-07 -3.80176e-05 -2.52937e-06 2.96072e-06 0 -1.46326e-09 -6.4243e-05 8.80546e-06 2.92774e-05 -6.16675e-05 -4.07301e-07 8.73599e-05 -2.47873e-07 -3.33979e-05 -1.99389e-10 -9.46777e-09 -1.17379e-06 -5.70896e-08 -6.41918e-06 -1.99603e-05 -8.32268e-06 -0.000260666 -3.99375e-07 -2.24473e-05 -3.6136e-06 1.64139e-05 0 3.80642e-05 -3.50007e-06 -2.63708e-10 -1.11634e-06 -2.74086e-07 -6.11764e-05 2.37773e-05 -2.4512e-08 -2.56825e-05 1.81058e-06 -0.000105193 -2.89436e-10 -1.29663e-06 1.22964e-05 -9.20574e-07 -2.27255e-07 -1.62084e-09 6.52501e-05 -7.02779e-05 -2.18846e-08 2.49707e-05 3.28839e-05 -5.57615e-08 -1.39111e-05 -2.56637e-05 2.15837e-07 3.21632e-05 -3.21596e-11 0.000171314 -2.9713e-06 -1.28663e-06 -2.49034e-07 0 -5.63361e-07 -1.35967e-06 2.92105e-05 -0.000484959 -2.89418e-06 -4.64329e-05 -1.44718e-10 -5.14023e-07 -1.87812e-09 4.9335e-06 -7.53026e-05 -3.05516e-10 -4.05778e-06 -4.43965e-05 5.79562e-08 8.50192e-07 -3.22882e-08 3.34421e-05 -1.89741e-09 6.73877e-05 -2.21837e-08 6.09402e-07 -3.8924e-06 -8.45332e-06 
3.1073e-07 2.89451e-06 3.6574e-07 -3.55508e-05 -2.27659e-07 0.000419075 -3.50254e-05 2.16686e-05 0.0375057 -0.0566744 -0.0640197 -0.0120888 4.20434e-05 0.0711044 0.00369702 9.00929e-06 1.45356e-06 -0.0551371 0.0011036 0.0109447 0 -1.16843e-07 -0.0475439 0.0103942 0.0016677 -0.0701479 4.20132e-05 -0.060855 -1.96696e-05 0.0648339 -1.59215e-08 4.34399e-06 0.000927818 -4.55868e-06 0.0500519 -0.000782406 -0.000518107 -0.0462374 0.00127542 -0.0661527 0.00535668 0.00112736 0 0.00338097 -0.0011768 2.52276e-07 -9.05382e-05 -2.41949e-05 0.000111058 0.0664953 -1.21732e-06 -0.0561612 0.000130703 -0.00839942 -2.31118e-08 0.0041863 -0.000398121 0.000124093 -1.81466e-05 -5.6093e-08 -0.011358 -0.0570473 3.74582e-06 0.0584979 0.0612385 4.6794e-05 0.0063867 -0.00194585 7.93746e-07 0.0615796 -2.56798e-09 -0.00238033 -0.000284614 -0.00184143 0.000229241 0 -6.14989e-05 5.90955e-05 0.04159 -0.0415868 -0.00023991 -0.00680228 1.38444e-07 -7.17212e-05 1.7567e-06 0.0282414 -0.00579295 -2.43958e-08 0.0412423 -0.0697555 4.90109e-05 -3.51192e-05 8.70175e-06 0.0609993 4.84891e-08 -0.00175931 -1.77139e-06 0.00101142 0.0501229 0.00121521 
-1.3569e-09 -1.26689e-08 4.45455e-08 -1.86668e-06 3.33813e-08 6.43914e-05 -4.70333e-06 -3.0209e-07 0.000269883 -0.00296016 -0.00334707 -0.000633768 -3.22848e-06 0.00369702 0.00401416 8.65534e-07 -7.1137e-07 -0.00125422 -8.30118e-06 0.00261446 0 -6.11277e-09 -0.000566568 0.00255401 -6.85437e-06 -0.00368313 5.09185e-05 -0.00317903 -1.03549e-06 0.0028432 -8.32949e-10 -3.95517e-08 0.000511756 -2.38492e-07 0.00111143 -8.0755e-05 4.9152e-05 -0.000185637 2.18119e-05 -0.0036742 -2.00324e-05 1.06572e-07 0 8.30427e-05 -6.1227e-05 -1.10164e-09 -4.92808e-06 -1.28446e-06 -9.08899e-06 0.00324176 -1.02399e-07 -0.00118194 0.000108449 -0.000439444 -1.20912e-09 -1.1514e-05 -2.00599e-05 5.29996e-05 -9.49361e-07 -6.77107e-09 -0.000615258 -0.00299214 -9.14229e-08 0.000801625 0.00131873 6.33723e-07 -5.64772e-05 -0.000103743 -3.46614e-09 0.00147776 -1.34347e-10 -0.000124557 -1.50862e-05 -0.000388515 -1.37007e-07 0 -3.22042e-06 -5.68002e-06 0.00123216 -0.000140659 -1.25778e-05 -0.000346256 -6.0456e-10 -3.76263e-06 -7.84585e-09 -0.000548195 -0.000283209 -1.27629e-09 0.00211442 -0.00371424 4.61693e-05 -1.8373e-06 -1.34884e-07 0.00123388 -7.92645e-09 -9.19801e-05 -9.26723e-08 0.000314416 0.000923623 3.73744e-05 
-4.27118e-12 -3.98784e-11 -1.71693e-11 -5.87583e-09 -5.23114e-11 5.85398e-10 -1.59905e-08 -9.61396e-10 3.13017e-06 -8.5359e-06 -8.9507e-06 -1.8931e-06 2.64427e-07 9.00929e-06 8.65534e-07 1.26865e-05 -2.57497e-09 -5.46909e-06 -3.63287e-08 3.96385e-06 0 -1.92414e-11 -3.10893e-06 6.6813e-07 6.72192e-08 -9.03449e-06 -5.35589e-09 -7.58534e-06 -3.25946e-09 4.43286e-06 -2.62191e-12 -1.24498e-10 3.0279e-06 -7.50712e-10 4.64877e-06 -2.90175e-07 -1.09441e-07 -3.7139e-06 -2.10313e-08 -9.10596e-06 -7.83758e-08 2.20352e-07 0 3.93061e-08 1.04442e-06 -3.46769e-12 -1.55123e-08 -4.30547e-09 -1.87907e-07 5.27153e-06 -3.22326e-10 -5.4589e-06 1.97182e-06 -1.38326e-06 -3.806e-12 -6.03128e-08 -6.584e-08 1.77913e-07 -2.98834e-09 -2.13136e-11 -1.85886e-06 -6.87821e-06 -2.87776e-10 3.16122e-06 5.38422e-06 -7.33247e-10 -1.82928e-07 -3.3839e-07 -1.09105e-11 5.43808e-06 -4.22889e-13 -1.87388e-08 -4.74876e-08 -2.00763e-07 9.26725e-07 0 -1.38514e-08 -1.78792e-08 5.66764e-06 -2.51519e-06 -3.95917e-08 -8.39074e-07 -1.903e-12 -1.18438e-08 -2.46967e-11 -2.21834e-06 -8.94542e-07 -4.01744e-12 4.97863e-06 -9.01692e-06 -6.84361e-10 -5.78334e-09 -4.2458e-10 5.39073e-06 -2.49504e-11 -7.63852e-08 -2.91709e-10 4.6725e-06 3.34833e-06 -1.34258e-07 
-6.83321e-11 -6.37992e-10 -2.74682e-10 -9.4004e-08 -8.36899e-10 1.12709e-07 1.12942e-05 -1.53808e-08 -1.44313e-06 -4.22063e-05 -0.000165521 4.39469e-05 2.6418e-07 1.45356e-06 -7.1137e-07 -2.57497e-09 0.000202925 2.05005e-06 -4.67868e-07 3.52191e-06 0 -3.07833e-10 -8.67043e-05 3.55371e-06 1.73727e-05 -7.47969e-05 -8.56858e-08 -0.00013603 6.41187e-07 0.000133585 -4.19464e-11 -1.99178e-09 1.6664e-06 -1.20102e-08 -1.80186e-06 1.1621e-05 1.04991e-05 -4.43877e-05 9.36865e-07 -7.77904e-05 -1.25389e-06 -5.12138e-06 0 -7.37668e-07 1.9381e-05 -5.54776e-11 -2.48173e-07 -6.88808e-08 -9.6655e-07 -1.48997e-05 -5.15671e-09 2.78644e-06 4.52326e-05 -1.50666e-05 -6.089e-11 -7.28244e-07 9.01333e-06 5.18335e-06 5.55525e-07 -3.40984e-10 -6.80871e-06 -0.000132046 -4.60396e-09 9.74641e-05 -2.86773e-06 -1.17308e-08 -1.76989e-06 7.91295e-06 -1.74551e-10 -3.54267e-06 -6.76556e-12 -6.1692e-06 -6.69727e-07 -4.02259e-07 2.50943e-07 0 -2.216e-07 7.1004e-05 4.33202e-07 -0.000136149 3.36594e-07 8.27067e-05 -3.0445e-11 1.57718e-06 -3.95108e-10 -3.58091e-05 -1.60178e-05 -6.42728e-11 -8.61431e-06 -9.82202e-07 -1.09487e-08 -9.25244e-08 -6.79262e-09 6.04231e-05 -3.99168e-10 -4.63504e-06 -4.66688e-09 -2.26629e-07 3.86513e-05 0.000139879 
-2.96209e-07 -1.72899e-06 -3.34431e-07 2.80069e-05 1.60557e-07 -0.000296556 -3.88532e-05 -2.43919e-05 -0.0383741 0.0447007 0.0505012 0.0093578 -3.80176e-05 -0.0551371 -0.00125422 -5.46909e-06 2.05005e-06 0.0570731 -0.00118657 -0.00213385 0 9.21611e-08 0.0455904 -0.00012196 -0.00200678 0.0553186 1.36732e-05 0.0480175 -2.74215e-05 -0.0519143 1.25582e-08 -4.28702e-06 5.81727e-05 3.5957e-06 -0.0510947 -0.000101418 0.000331251 0.0443381 9.31641e-05 0.0554318 -0.00579004 -0.000506322 0 -0.00373796 0.000931814 -7.33908e-08 7.06996e-05 1.7912e-05 -8.78455e-05 -0.0526381 -3.28169e-08 0.0541198 0.000356667 0.00636935 1.82297e-08 -0.0044547 0.000315355 -0.000637824 7.05999e-06 -4.58057e-09 0.0088113 0.0453175 -6.7483e-06 -0.0530953 -0.056342 -3.5428e-05 -0.00316669 0.000932905 -7.87742e-07 -0.056359 2.02552e-09 0.00187477 0.000202495 0.00182095 -0.000234208 0 4.33942e-05 -8.32602e-05 -0.0423205 0.0406279 0.000114463 0.00505395 -1.40885e-07 4.12185e-05 -1.78838e-06 -0.0259438 0.00438451 1.92424e-08 -0.0273893 0.0554944 -4.89388e-05 2.62806e-05 -1.4403e-05 -0.0564322 -8.04944e-08 0.00138762 1.3972e-06 -0.00026354 -0.0461027 0.000273133 
-9.64056e-10 -9.00104e-09 -3.87532e-09 -1.05291e-06 -1.18073e-08 -9.82616e-07 1.63141e-05 8.53001e-07 -6.40353e-05 -0.00196535 -0.000908409 -0.000297861 -2.52937e-06 0.0011036 -8.30118e-06 -3.63287e-08 -4.67868e-07 -0.00118657 0.00285533 -3.54636e-05 0 -4.34303e-09 -0.00203767 -4.25407e-05 0.00117633 -0.00112637 -1.09222e-06 -0.000941094 2.93376e-05 0.000954997 -5.91797e-10 1.91899e-07 1.03395e-05 -1.69445e-07 0.00115969 -1.40626e-05 1.48412e-05 -0.00199778 -4.74702e-06 -0.00112529 -1.12904e-05 -4.04384e-06 0 2.85349e-05 -1.90383e-05 -7.82699e-10 -2.18132e-06 -2.88464e-07 -7.30428e-06 0.00100776 -7.27528e-08 -0.0011175 -1.83411e-05 -0.000176068 -8.5906e-10 -1.36133e-05 -1.37342e-05 -4.96946e-06 3.02161e-07 -4.81074e-09 0.000860766 -0.0020055 -6.49545e-08 0.00107589 0.00113482 -1.18836e-07 -3.26956e-05 -2.50988e-05 -2.46264e-09 0.00113165 -9.54511e-11 -5.44087e-05 3.39981e-05 6.59908e-06 -7.39145e-07 0 -3.12642e-06 4.48777e-06 -8.2131e-05 -0.00189647 3.60503e-05 -0.000204743 -4.2953e-10 -2.67329e-06 -5.57434e-09 0.00200017 -0.000183125 -9.06786e-10 0.00105177 -0.00109508 -1.54469e-07 1.18463e-06 -9.58329e-08 0.00113577 -5.63162e-09 -5.71596e-05 -6.58422e-08 4.71929e-06 0.00198658 -2.90437e-05 
1.51486e-08 1.13711e-08 5.71651e-08 -6.67401e-06 -5.94174e-08 0.000133673 -1.12227e-05 4.64674e-07 0.000377682 -0.00884842 -0.0104658 -0.00218664 2.96072e-06 0.0109447 0.00261446 3.96385e-06 3.52191e-06 -0.00213385 -3.54636e-05 0.0142024 0 -2.18552e-08 0.000166698 0.0098126 0.000607157 -0.011302 2.99199e-05 -0.0103859 8.12777e-06 0.00952833 -2.97807e-09 7.52562e-08 0.000974418 3.93977e-07 0.00162778 -3.81624e-05 -6.00441e-05 0.00103999 0.000685302 -0.00706977 -8.66258e-05 0.000164978 0 9.37919e-05 -0.000207565 -3.93874e-09 -1.76195e-05 1.00497e-05 1.46904e-05 0.0100337 5.55668e-10 -0.00175822 0.000576561 -0.00156666 -4.32301e-09 8.78375e-05 -5.77604e-05 5.35696e-05 -3.39428e-06 -2.42089e-08 -0.00211941 -0.00921406 -2.0201e-08 0.00121 0.00201184 1.60471e-05 -0.000179177 -0.000186774 4.27404e-09 0.00238935 -4.80335e-10 -0.000437395 -5.21384e-05 -0.000469488 5.45104e-05 0 -1.00896e-05 -1.6208e-05 0.00237018 0.000484522 -3.66999e-05 -0.000379778 -2.16151e-09 -4.65268e-06 -2.80515e-08 -0.00274173 -0.0011351 -4.56318e-09 0.00851639 -0.010978 3.59927e-05 -5.45896e-06 6.20108e-06 0.00204845 -2.83397e-08 -0.000122058 -3.31335e-07 0.000696367 0.000435251 0.000255597 
0 0 0 0 0 0 0 0 0 0 0 0 0 0 0 0 0 0 0 0 0 0 0 0 0 0 0 0 0 0 0 0 0 0 0 0 0 0 0 0 0 0 0 0 0 0 0 0 0 0 0 0 0 0 0 0 0 0 0 0 0 0 0 0 0 0 0 0 0 0 0 0 0 0 0 0 0 0 0 0 0 0 0 0 0 0 0 0 0 0 0 0 0 0 0 0 0 0 0 0 
-5.10611e-13 -4.76739e-12 -2.05256e-12 -7.02444e-10 -6.25372e-12 -7.27004e-10 7.04755e-07 -1.14933e-10 -6.21447e-08 -1.11609e-06 -1.09465e-06 1.2776e-06 -1.46326e-09 -1.16843e-07 -6.11277e-09 -1.92414e-11 -3.07833e-10 9.21611e-08 -4.34303e-09 -2.18552e-08 0 1.51666e-06 -1.14913e-06 -2.29377e-08 -3.69939e-08 1.28176e-07 -6.40286e-10 -1.19184e-06 -3.89662e-10 -2.1604e-07 -3.13444e-13 -1.48836e-11 -1.84523e-09 -8.97462e-11 -8.26347e-08 1.31531e-06 7.69166e-08 -1.11984e-06 -2.51425e-09 1.31986e-07 -9.36968e-09 -1.48366e-06 0 -7.65433e-09 -2.33813e-08 -4.14556e-13 -1.85447e-09 -5.14711e-10 -1.25696e-06 3.16478e-07 -3.85334e-11 9.33795e-08 -1.13386e-08 1.34463e-06 -4.55e-13 -7.21028e-09 -7.87104e-09 -5.03137e-09 -3.57251e-10 -2.548e-12 -2.28309e-07 -1.13111e-06 -3.44031e-11 -9.74852e-08 -1.02306e-07 -8.76583e-11 -2.18686e-08 1.21955e-06 -1.30433e-12 -1.03439e-07 -5.05556e-14 -4.68715e-08 -5.67705e-09 -7.03171e-07 -3.91487e-10 0 -1.65591e-09 -2.13743e-09 -6.84241e-08 -1.03272e-06 -4.73312e-09 8.67051e-07 -2.275e-13 -1.4159e-09 -2.95244e-12 1.18173e-06 1.30031e-06 -4.80278e-13 -6.87044e-08 1.15932e-07 -8.18141e-11 -6.91388e-10 -5.07578e-11 -1.01528e-07 -2.98278e-12 -3.46353e-08 -3.48732e-11 -1.69348e-09 1.15822e-06 -1.60503e-08 
-2.35081e-07 -2.3816e-06 -5.55375e-07 0.000112077 9.09223e-07 -0.000236389 -0.000954248 -5.72259e-05 -0.0306773 0.171842 0.0896822 -0.117965 -6.4243e-05 -0.0475439 -0.000566568 -3.10893e-06 -8.67043e-05 0.0455904 -0.00203767 0.000166698 0 -1.14913e-06 0.183608 0.00233644 -0.0165835 0.0503144 -8.45481e-05 0.146008 -0.000167536 -0.0972441 5.00823e-08 -2.81856e-06 0.000193215 -1.56697e-06 -0.0409497 -0.0172744 -0.00633653 0.173747 0.000335639 0.0571878 -0.00467949 0.0131453 0 -0.00376513 0.001432 -2.07095e-07 0.000262045 7.16308e-05 0.000314618 -0.0720615 -1.35698e-05 0.0462655 0.00159031 -0.0825027 -6.72999e-08 -0.00359264 0.000642382 -0.00221556 -2.89829e-06 -1.27288e-06 -0.0959637 0.173744 -1.68831e-05 -0.0475315 -0.0506367 -2.52973e-05 -0.00861771 -0.0199758 -6.34926e-07 -0.0508159 -2.52555e-08 0.000820047 -0.000390832 0.00164957 -0.000195381 0 0.000240062 -0.00106598 -0.0337105 0.163566 -0.00150765 -0.0530789 -1.1365e-07 -1.18261e-05 -1.47492e-06 -0.160841 -0.0597224 7.6739e-08 -0.0244544 0.0470254 -4.08477e-05 2.61036e-05 -1.99732e-05 -0.0502296 -7.6341e-07 0.00549466 -1.74213e-05 -9.86409e-05 -0.172708 0.00194177 
1.49083e-08 -4.7539e-08 5.61992e-08 -6.19791e-06 -6.23603e-08 0.000116791 -1.85923e-05 -1.06608e-06 -0.00034975 -0.00902384 -0.0104896 -0.00222243 8.80546e-06 0.0103942 0.00255401 6.6813e-07 3.55371e-06 -0.00012196 -4.25407e-05 0.0098126 0 -2.29377e-08 0.00233644 0.014895 -0.000361049 -0.0108653 4.82186e-05 -0.0091176 -3.8856e-06 0.0087349 -3.12558e-09 6.82521e-08 0.000836127 -4.74924e-07 -0.00025718 -0.000323227 -0.000117808 0.00251445 0.00136247 -0.00646131 -5.73751e-05 0.000241622 0 -3.02068e-05 0.000261995 -4.13383e-09 -1.11889e-05 -4.29922e-06 -1.42958e-05 0.0099563 8.79089e-07 9.93839e-05 0.000595978 -0.00160445 -4.53713e-09 3.10944e-05 -4.57278e-05 -2.72848e-05 -3.5024e-06 -2.54079e-08 -0.00231914 -0.00809083 -2.16391e-07 0.000480648 0.000239167 1.50292e-05 -2.43112e-05 -0.000326425 3.66023e-09 0.000680717 -5.04126e-10 -0.000341099 -4.87633e-05 -0.000584897 5.37954e-06 0 1.13911e-05 -2.13138e-05 0.000306978 0.00122258 -4.25306e-05 -0.000673492 -2.26857e-09 -1.21223e-05 -2.94409e-08 -0.00268486 -0.00118624 -4.78919e-09 0.00876928 -0.0104573 4.44075e-05 -5.64099e-06 4.87719e-06 0.000255828 -2.97434e-08 -0.00026565 -3.47746e-07 0.00055232 -0.000248381 0.00152166 
-8.21182e-09 -7.66708e-08 -3.30099e-08 -1.12969e-05 -7.05745e-08 0.000241295 -1.77603e-05 -1.84839e-06 0.000191147 -0.0139088 -0.00102936 0.00228076 2.92774e-05 0.0016677 -6.85437e-06 6.72192e-08 1.73727e-05 -0.00200678 0.00117633 0.000607157 0 -3.69939e-08 -0.0165835 -0.000361049 0.0237966 -0.00136549 -9.9673e-06 -0.00250846 1.632e-05 0.00341155 -5.04092e-09 -1.92696e-07 -2.70789e-05 4.70004e-07 0.000994464 0.000567716 -4.33241e-06 -0.0140435 -3.94618e-05 -0.00145975 0.00014412 0.000158645 0 0.00218016 -3.26164e-05 -6.66702e-09 -2.85942e-05 -4.79109e-06 4.05086e-05 0.00058328 2.73625e-07 -0.00146392 -0.000171761 -0.00227987 1.32683e-07 0.000863778 4.33386e-05 0.000157874 6.79037e-08 -1.09778e-08 0.015279 -0.0137482 -1.36615e-07 0.000328089 0.00188218 3.98025e-06 0.000579224 -0.000577584 -2.09767e-08 0.00191956 -8.13052e-10 0.000188967 -8.53536e-05 -0.000237986 4.8014e-05 0 -2.51609e-05 1.22552e-05 0.00101246 -0.016241 -7.01529e-05 0.00323384 -3.65873e-09 1.13989e-05 4.58511e-08 0.0130736 -0.00132037 -7.72399e-09 -0.00110183 -0.00151041 1.01842e-05 1.02009e-05 8.53696e-07 0.0018538 -4.797e-08 -0.00054781 -5.60843e-07 4.49147e-06 0.0144462 -0.00023484 
-3.08214e-07 -2.87102e-06 -6.32294e-07 -1.10172e-06 2.5847e-07 -0.000434173 -4.86631e-05 -6.7679e-05 -0.0375062 0.0596688 0.0690956 0.0102392 -6.16675e-05 -0.0701479 -0.00368313 -9.03449e-06 -7.47969e-05 0.0553186 -0.00112637 -0.011302 0 1.28176e-07 0.0503144 -0.0108653 -0.00136549 0.0773695 -3.45786e-05 0.0642294 -9.54172e-05 -0.0682011 1.74658e-08 -4.45399e-06 -0.00096825 4.16417e-06 -0.049876 -0.00335642 -0.000713374 0.0490282 -0.00127313 0.0678829 -0.00565239 -2.5218e-05 0 -0.0037483 -0.000340535 -2.50233e-07 8.96814e-05 1.33474e-05 2.62704e-07 -0.0689301 -4.63284e-06 0.0563399 -0.00172124 0.00743759 2.53535e-08 -0.00433566 0.000414464 -0.000502845 1.86067e-05 6.86464e-08 0.0120028 0.0599497 -1.77063e-05 -0.0587184 -0.0611342 -5.23055e-05 -0.00639403 -0.0022333 -7.8732e-07 -0.0615347 -3.05163e-08 0.00258456 -0.0011419 0.00194098 -0.000232706 0 6.97144e-07 -0.000178172 -0.0412831 0.0440429 -0.00141081 0.002884 -1.37323e-07 1.71171e-05 -1.78215e-06 -0.0297209 0.00566369 2.6762e-08 -0.0412733 0.0698997 -4.84645e-05 -0.000198308 -1.5725e-05 -0.0610432 -3.37936e-08 0.00150121 -2.10501e-05 -0.00100647 -0.0520343 -0.0017754 
-1.42129e-10 -1.32701e-09 -5.71332e-10 -1.95526e-07 -1.74073e-09 1.3543e-06 -5.32107e-07 -3.19918e-08 -1.72981e-05 -0.000121109 -5.96359e-05 6.01183e-05 -4.07301e-07 4.20132e-05 5.09185e-05 -5.35589e-09 -8.56858e-08 1.36732e-05 -1.09222e-06 2.99199e-05 0 -6.40286e-10 -8.45481e-05 4.82186e-05 -9.9673e-06 -3.45786e-05 0.000421988 -0.000171391 -1.08463e-07 3.73517e-05 -8.72478e-11 -4.14286e-09 1.02064e-05 -2.4981e-08 -1.64782e-05 2.79674e-05 2.00715e-05 -4.00013e-05 1.27682e-06 -5.47148e-05 -5.91399e-07 -3.63741e-05 0 -2.1306e-06 -5.96156e-06 -1.15392e-10 -3.29528e-07 -1.43271e-07 7.02767e-07 5.20496e-05 1.59274e-07 9.97234e-06 1.30721e-06 3.96135e-05 -1.2665e-10 -2.00699e-06 5.20908e-06 6.08951e-06 1.72253e-08 -7.0924e-10 -1.39558e-05 -0.000180219 5.70905e-08 -1.96418e-05 3.55862e-05 -2.43998e-08 7.56161e-07 1.49629e-05 -3.63063e-10 1.03408e-05 -1.40722e-11 -1.28268e-05 -1.45355e-06 -2.03238e-05 -1.08971e-07 0 -4.60924e-07 1.29171e-06 -9.14596e-06 -0.000227586 7.94586e-06 0.0001175 -6.3325e-11 1.59214e-07 -8.21818e-10 8.97503e-05 -6.66405e-08 -1.33686e-10 1.84927e-05 -3.42969e-05 -2.27731e-08 6.67551e-07 -1.41285e-08 -9.58392e-06 -8.30261e-10 -9.62746e-06 -9.70702e-09 7.50528e-06 1.68693e-05 -2.96097e-06 
-2.66043e-07 -2.48395e-06 -6.72773e-07 9.64999e-05 7.61632e-07 -0.000378117 -0.000993691 -5.97567e-05 -0.0323738 0.150525 0.106284 -0.0904897 8.73599e-05 -0.060855 -0.00317903 -7.58534e-06 -0.00013603 0.0480175 -0.000941094 -0.0103859 0 -1.19184e-06 0.146008 -0.0091176 -0.00250846 0.0642294 -0.000171391 0.165768 -0.000171005 -0.109728 4.33532e-08 -3.21809e-06 -0.000881326 6.47965e-06 -0.0430535 -0.0180384 -0.00631428 0.140524 -0.00107092 0.0670984 -0.00488148 0.0137159 0 -0.00315273 0.00301263 -2.15995e-07 0.000252679 5.63908e-05 0.000386192 -0.0813488 -1.6997e-05 0.0486486 0.000389373 -0.0845157 6.2932e-08 -0.00375674 0.000902433 -0.00236024 -1.73846e-05 -9.20914e-07 -0.0613579 0.154973 -1.77483e-05 -0.0505989 -0.0532985 -4.22458e-05 -0.00473998 -0.0207606 -6.79595e-07 -0.0538517 -2.63409e-08 0.00425024 -0.000481552 0.00169068 -0.000202323 0 0.000202065 -0.000904104 -0.0356508 0.130248 -0.00160324 -0.0512551 -1.18534e-07 -6.254e-05 -1.53831e-06 -0.126991 -0.0483451 6.64282e-08 -0.0353628 0.0603279 -4.26275e-05 3.41406e-05 -2.64396e-05 -0.0528987 -8.70779e-07 0.00437908 -1.81699e-05 -0.000873297 -0.141721 -9.05956e-05 
-8.64964e-11 -8.07585e-10 -3.47698e-10 1.76742e-08 -1.05937e-09 1.74685e-06 2.88728e-05 1.1172e-06 -1.05272e-05 -9.59677e-07 -0.000209061 -2.29243e-05 -2.47873e-07 -1.96696e-05 -1.03549e-06 -3.25946e-09 6.41187e-07 -2.74215e-05 2.93376e-05 8.12777e-06 0 -3.89662e-10 -0.000167536 -3.8856e-06 1.632e-05 -9.54172e-05 -1.08463e-07 -0.000171005 0.000256854 -2.08767e-05 -5.30968e-11 -2.52124e-09 1.92908e-05 -1.52028e-08 -1.39981e-05 0.000219254 0.000209917 -0.000173068 -4.25909e-07 -4.78685e-05 -1.5872e-06 -0.000217791 0 -1.21663e-06 -3.96074e-06 -7.02248e-11 2.65857e-07 1.32281e-06 -7.17842e-06 -2.80516e-05 -6.52748e-09 1.58183e-05 -1.12073e-06 0.000150037 -7.7076e-11 -1.22141e-06 -9.5667e-07 6.3081e-05 3.29948e-06 -4.31626e-10 -3.21576e-05 -0.000169611 -5.8278e-09 -1.45738e-05 -1.71105e-05 -1.48491e-08 -3.33117e-06 0.000211817 -2.20951e-10 -1.75224e-05 -8.564e-12 -4.19993e-06 0.000130592 5.28745e-07 -6.6317e-08 0 -2.80507e-07 7.86459e-06 -1.15909e-05 -0.00016371 0.000185118 0.000211378 -3.8538e-11 1.61701e-05 -5.00138e-10 -1.12372e-05 -2.00923e-05 -8.1358e-11 -1.16384e-05 1.96386e-05 -1.38591e-08 3.49547e-07 1.44735e-07 -1.69153e-05 -5.05276e-10 -5.81714e-06 2.19743e-06 -2.86873e-07 -5.90733e-05 -2.71889e-06 
2.68711e-07 2.68892e-06 7.13893e-07 -6.58195e-05 -4.97343e-07 0.000337404 3.5391e-05 6.35456e-05 0.0351322 -0.100833 -0.103751 0.0349118 -3.33979e-05 0.0648339 0.0028432 4.43286e-06 0.000133585 -0.0519143 0.000954997 0.00952833 0 -2.1604e-07 -0.0972441 0.0087349 0.00341155 -0.0682011 3.73517e-05 -0.109728 -2.08767e-05 0.122154 -2.94384e-08 3.87882e-06 0.000546845 -2.86554e-06 0.0467188 0.00823007 0.00126423 -0.0932555 0.00111881 -0.0637189 0.00529407 -0.000798722 0 0.00346221 -0.00216225 2.34399e-07 -0.000170106 -4.16745e-05 0.000187677 0.0671035 -2.15569e-06 -0.0527915 -0.000856797 0.0289452 -4.27331e-08 0.00407593 -0.00072996 0.000624668 -2.7356e-05 -1.65972e-07 0.0291666 -0.104711 1.63356e-05 0.0548827 0.0578066 4.31106e-05 0.00559185 0.00661634 7.37498e-07 0.0582243 2.85852e-08 -0.00238626 0.000564307 -0.00176658 0.000216975 0 -0.000130834 0.000363045 0.038671 -0.0870094 0.000792524 0.0460735 1.28633e-07 -0.000110487 1.66938e-06 0.0759399 -0.00610164 -4.51072e-08 0.0371779 -0.0642784 4.53394e-05 -5.83478e-05 3.49955e-06 0.0573994 9.59861e-07 -0.0032503 1.82447e-05 0.000304346 0.0947182 0.000819306 
-6.95778e-14 -6.49622e-13 -2.79689e-13 -9.57177e-11 -8.52156e-13 -9.90643e-11 -2.60487e-10 -1.56612e-11 -8.46807e-09 5.45842e-08 -1.52049e-08 -3.25763e-08 -1.99389e-10 -1.59215e-08 -8.32949e-10 -2.62191e-12 -4.19464e-11 1.25582e-08 -5.91797e-10 -2.97807e-09 0 -3.13444e-13 5.00823e-08 -3.12558e-09 -5.04092e-09 1.74658e-08 -8.72478e-11 4.33532e-08 -5.30968e-11 -2.94384e-08 2.06667e-07 -2.02809e-12 -2.51438e-10 -1.22292e-11 -1.12601e-08 -4.72697e-09 -1.7828e-09 5.40737e-08 -3.42602e-10 1.79849e-08 -1.27675e-09 3.58955e-09 0 -1.04301e-09 -3.18603e-09 -5.64889e-14 -2.52697e-10 -7.01365e-11 4.14199e-10 -2.50074e-08 -5.25071e-12 1.27242e-08 -1.54504e-09 -2.25334e-08 -6.2e-14 -9.825e-10 -1.07254e-09 -6.85594e-10 -4.86803e-11 -3.472e-13 -3.20186e-08 5.25375e-08 -4.68789e-12 -1.32837e-08 -1.39406e-08 -1.19446e-11 -2.9799e-09 -5.5124e-09 -1.77733e-13 -1.4095e-08 -6.88889e-15 -6.38688e-09 -7.73576e-10 4.76268e-10 -5.33455e-11 0 -2.2564e-10 -2.91254e-10 -9.32372e-09 -9.07221e-08 -6.44952e-10 -1.94787e-08 -3.1e-14 -1.92936e-10 -4.02311e-13 -4.56395e-08 -1.63098e-08 -6.54444e-14 -9.36192e-09 1.57973e-08 -1.11483e-11 -9.42111e-11 -6.91644e-12 -1.38346e-08 -4.06444e-13 -4.71953e-09 -4.75196e-12 -2.30761e-10 -4.88432e-08 -2.18708e-09 
-3.30382e-12 -3.08466e-11 -1.32807e-11 -4.54505e-09 -4.04636e-11 -4.70396e-09 -1.23689e-08 -7.43654e-10 3.31457e-06 -2.57146e-06 -3.98446e-06 -1.54685e-06 -9.46777e-09 4.34399e-06 -3.95517e-08 -1.24498e-10 -1.99178e-09 -4.28702e-06 1.91899e-07 7.52562e-08 0 -1.48836e-11 -2.81856e-06 6.82521e-08 -1.92696e-07 -4.45399e-06 -4.14286e-09 -3.21809e-06 -2.52124e-09 3.87882e-06 -2.02809e-12 9.81324e-06 -1.19392e-08 -5.80688e-10 3.94199e-06 -2.24455e-07 -8.46542e-08 -2.39237e-06 -1.62681e-08 -4.13601e-06 -6.06249e-08 1.70446e-07 0 -4.95261e-08 -1.51285e-07 -2.68231e-12 -1.1999e-08 -3.33035e-09 1.96678e-08 4.05255e-06 -2.49324e-10 -4.27914e-06 -7.33645e-08 -1.06997e-06 -2.944e-12 -4.66529e-08 -3.42616e-08 -3.25547e-08 -2.31153e-09 -1.64864e-11 -8.10368e-07 -4.17198e-06 -2.22599e-10 3.99257e-06 4.22138e-06 -5.67178e-10 2.48503e-07 -2.6175e-07 -8.43947e-12 4.21405e-06 -3.27111e-13 -3.03274e-07 -3.67324e-08 2.26151e-08 -2.53305e-09 0 -1.07143e-08 -1.38299e-08 3.33727e-06 -5.16203e-06 -3.06248e-08 -5.74924e-07 -1.472e-12 -9.16137e-09 -1.91033e-11 -1.63806e-07 -7.74451e-07 -3.10756e-12 1.58793e-07 -4.34988e-06 -5.29364e-10 -4.47351e-09 -3.2842e-10 4.22641e-06 -1.92996e-11 -2.24102e-07 -2.25641e-10 -1.09574e-08 2.56407e-06 -1.03851e-07 
-4.096e-10 -3.82428e-09 2.50202e-08 -5.63484e-07 -5.01658e-09 3.07015e-06 9.8532e-06 -9.21965e-08 -4.98177e-05 -0.0007299 -0.00095657 -0.000190401 -1.17379e-06 0.000927818 0.000511756 3.0279e-06 1.6664e-06 5.81727e-05 1.03395e-05 0.000974418 0 -1.84523e-09 0.000193215 0.000836127 -2.70789e-05 -0.00096825 1.02064e-05 -0.000881326 1.92908e-05 0.000546845 -2.51438e-10 -1.19392e-08 0.00121515 -7.19922e-08 -6.41809e-05 3.56627e-05 0.000128861 0.000261802 2.89793e-07 -0.000892364 -5.80613e-06 -3.23785e-05 0 -4.84012e-06 -1.66059e-05 -3.32546e-10 -1.48761e-06 -3.79556e-07 -2.76497e-06 0.000545126 -3.09106e-08 7.21635e-05 0.000134991 -0.000118456 -3.6499e-10 -5.24058e-06 1.70604e-06 3.85395e-06 3.34009e-06 -2.04394e-09 -0.000128598 -0.000861468 -2.75973e-08 -7.72503e-05 -7.68744e-05 -7.03174e-08 -1.72925e-05 2.60588e-05 -1.0463e-09 -7.69398e-05 -4.05544e-11 -3.73458e-05 3.10627e-05 -7.59957e-06 -5.40415e-08 0 -7.21662e-07 -2.47927e-07 -5.48848e-05 0.000203645 4.15665e-05 9.20101e-05 -1.82495e-10 -1.1358e-06 -2.36838e-09 -0.000251997 -9.59479e-05 -3.85267e-10 0.000773854 -0.000922366 -6.56293e-08 -2.61281e-07 -4.07167e-08 -7.68636e-05 -2.39271e-09 -2.76103e-05 2.73869e-06 0.000278635 -0.00028146 -1.14152e-05 
-1.99217e-11 -1.86002e-10 -8.00812e-11 -2.74061e-08 -2.43991e-10 -2.83643e-08 -7.45833e-08 -4.48416e-09 -2.4246e-06 3.88536e-06 -6.60711e-07 -1.374e-06 -5.70896e-08 -4.55868e-06 -2.38492e-07 -7.50712e-10 -1.20102e-08 3.5957e-06 -1.69445e-07 3.93977e-07 0 -8.97462e-11 -1.56697e-06 -4.74924e-07 4.70004e-07 4.16417e-06 -2.4981e-08 6.47965e-06 -1.52028e-08 -2.86554e-06 -1.22292e-11 -5.80688e-10 -7.19922e-08 5.91698e-05 -3.22403e-06 -9.73437e-07 -4.77122e-07 -1.26375e-05 1.81905e-07 5.14949e-06 -3.65562e-07 1.02777e-06 0 -2.98637e-07 -4.38898e-07 -1.6174e-11 -7.23528e-08 -2.00817e-08 1.18594e-07 -6.29352e-06 -1.5034e-09 3.64324e-06 -4.4238e-07 -3.67181e-06 -1.7752e-11 -2.81312e-07 -3.07092e-07 -1.96301e-07 -1.39383e-08 -9.94112e-11 9.41901e-06 7.94601e-06 -1.34225e-09 -3.80342e-06 -3.99152e-06 -3.42002e-09 -8.53213e-07 -1.57833e-06 -5.08891e-11 -4.03572e-06 -1.97244e-12 2.13146e-05 -2.21492e-07 1.36366e-07 -1.5274e-08 0 -6.46058e-08 -5.67259e-08 -2.66959e-06 -3.63119e-05 -1.84664e-07 -1.53859e-07 -8.876e-12 -5.52421e-08 -1.15191e-10 -9.07762e-06 -4.56319e-06 -1.87382e-11 -2.68053e-06 4.37979e-06 -3.19201e-09 4.83025e-07 -1.98033e-09 -3.96117e-06 -1.16374e-10 -1.35131e-06 -1.36059e-09 -6.6072e-08 -1.12749e-05 -6.09543e-07 
