0.0103513 -8.04026e-05 5.5264e-07 -0.00132449 -0.000703765 -0.000136596 -0.000839606 -0.00220711 -1.1898e-06 -1.78406e-05 -0.000181749 -7.98749e-05 0.000909575 0.00543659 -0.0039406 0.00141632 -5.313e-05 9.49361e-05 0.00242586 -0.00132157 0.000220625 -0.000162455 -0.00136439 -0.00232241 -0.00172572 -5.93261e-05 0.00320496 -1.82713e-05 -0.000882762 -0.00261339 -6.64794e-05 -0.00101326 0.00226943 -0.00183684 -0.00190815 -0.00369858 -0.000457518 0.00662036 -0.00130954 -3.10129e-06 -0.00702277 -6.28409e-05 -0.00384169 0.00105648 -2.12276e-05 -0.00114678 -3.97159e-05 -0.00257464 0.00143153 0.000162344 -0.000179492 -0.000204553 -1.733e-05 -8.5737e-06 -2.18622e-05 -3.134e-05 -0.00019633 0.00407709 -1.21982e-05 -0.00120414 -1.0883e-05 0.00770578 -2.5684e-05 0.000482455 -0.000781195 -0.00253947 -2.34766e-07 -0.000328216 -0.000275314 -0.000166989 0.000229471 3.58459e-06 1.61678e-05 -1.0464e-05 -2.82661e-07 0.00466423 -2.60108e-09 -1.71291e-05 -0.00149693 0.00663835 0.00134643 -5.54452e-05 -0.0013282 2.61041e-05 -1.96333e-05 -0.000808248 0.000210737 -0.000884591 3.23768e-06 -0.000871537 -0.00312883 -0.00141668 -2.70296e-06 -0.00138948 -0.00185944 -1.34703e-06 0.00430347 -6.74848e-06 -2.20834e-05 -0.000944584 
-8.04026e-05 0.000123691 -6.53542e-09 1.03333e-06 -8.96614e-08 -1.70765e-08 -1.21336e-07 8.44018e-05 -1.59994e-10 -1.25278e-08 1.66325e-07 -1.63017e-08 -1.48849e-05 -0.000103628 -9.04245e-06 -6.45981e-08 -1.44671e-08 -2.34589e-06 -8.10294e-05 -5.07751e-07 -4.7329e-06 -4.07737e-08 7.59294e-06 -3.87703e-06 -9.80987e-07 7.44492e-07 -8.45938e-05 -4.32107e-09 -4.50642e-08 8.27039e-05 2.26888e-06 -4.96253e-07 7.88399e-07 3.17041e-05 -3.33738e-07 -1.50055e-06 -1.02679e-05 -4.82094e-05 1.92117e-05 -4.28149e-09 -1.26826e-05 1.06003e-05 8.71092e-05 -7.95909e-06 -1.40617e-08 -6.39975e-08 -5.01548e-09 -4.81181e-06 -1.50077e-05 9.97762e-06 -1.5411e-07 8.95508e-06 -2.16775e-09 -2.21375e-07 1.05602e-08 -4.49426e-09 -1.09826e-06 -9.23706e-05 -2.03209e-09 -1.63484e-06 -2.75975e-07 -4.69584e-06 -8.34938e-09 -5.97252e-06 -8.01155e-09 8.50791e-05 -1.04738e-09 5.24886e-07 -4.5562e-08 4.43795e-07 5.74014e-06 -5.55963e-08 -4.15888e-07 -5.23811e-08 -7.17499e-10 -2.6576e-05 -8.65947e-12 -2.51203e-08 -2.0596e-07 7.23192e-07 -1.25939e-05 7.63537e-07 -7.95045e-08 -5.09703e-07 -1.07768e-06 -6.26042e-07 1.14455e-05 6.40924e-05 -9.45003e-08 2.65623e-05 -1.11538e-05 -8.71059e-08 -6.81211e-08 -8.3751e-08 8.2948e-05 -3.50502e-10 -0.000100634 3.42441e-08 -3.46098e-08 -6.32115e-07 
5.5264e-07 -6.53542e-09 5.28272e-05 -7.11759e-08 -3.82907e-08 -7.29265e-09 -5.18174e-08 7.9016e-07 -6.83268e-11 -5.35009e-09 3.26599e-05 -6.96176e-09 2.45031e-05 1.01304e-06 -1.63165e-06 8.91422e-08 -6.17829e-09 -4.61824e-07 -3.65562e-05 -2.55275e-07 4.00063e-05 -1.74128e-08 1.2284e-05 -1.15594e-06 -3.84041e-07 -5.92936e-08 -6.76034e-09 -1.84535e-09 -5.76803e-08 -3.45668e-07 4.84226e-06 -5.74929e-07 -3.29016e-05 -7.11427e-07 -1.42526e-07 -7.10578e-07 6.73815e-06 -2.57843e-05 7.46912e-07 -1.82845e-09 -6.07892e-06 -2.57788e-06 -1.16765e-06 2.57372e-06 -6.00519e-09 -6.5766e-08 -2.1419e-09 -1.94576e-06 3.84087e-05 -3.99666e-05 9.00852e-07 -1.88116e-06 -9.25758e-10 -3.45402e-08 -1.18427e-09 -1.91931e-09 4.76454e-08 -3.04972e-05 -8.67821e-10 -1.08395e-06 1.55962e-07 5.86671e-06 -3.56567e-09 -2.37458e-05 -4.18567e-08 -4.00193e-06 -4.47294e-10 -3.35016e-08 -1.94576e-08 -1.05224e-06 3.0181e-05 1.7959e-07 -1.77608e-07 -2.23698e-08 -3.06414e-10 -2.94692e-05 -3.6981e-12 -1.07278e-08 -8.79568e-08 2.41059e-06 6.97294e-06 -1.57085e-07 -7.23884e-08 4.62233e-06 -7.83372e-07 -2.67356e-07 -2.12726e-05 -6.16265e-08 -4.03572e-08 -5.10062e-07 -4.85018e-06 -7.56346e-08 2.25757e-06 -7.42018e-08 1.68169e-06 -1.49685e-10 7.75246e-07 -1.03459e-09 2.9522e-07 -2.82762e-07 
-0.00132449 1.03333e-06 -7.11759e-08 0.00134545 0.000693924 0.000114094 5.55519e-05 3.30068e-07 4.64924e-07 1.1969e-06 -7.22794e-06 7.70325e-05 -0.000184664 -0.00130675 1.31506e-05 -0.00127478 4.63824e-05 -2.8967e-05 7.80521e-06 0.00120455 -9.51737e-05 6.75259e-05 -3.69604e-05 0.00120474 0.00124746 3.44124e-06 -0.00128898 9.94627e-06 0.000732006 -6.74851e-06 -2.65494e-05 -1.43384e-05 -0.0012777 -1.81427e-05 0.000978245 0.00123227 0.000147369 -0.000885887 3.03012e-05 2.07004e-06 0.00114595 -4.15308e-05 1.68261e-05 -0.000135988 4.45686e-06 0.0010801 1.49871e-06 -4.73457e-05 -0.000216316 -0.00108948 0.000179815 -4.68664e-05 7.77306e-06 -2.41095e-06 7.89799e-07 -4.89461e-08 1.68558e-05 -0.00101492 7.40454e-06 0.000147974 -7.64858e-07 -0.00118749 1.40357e-05 -0.00116884 0.000722493 -9.23367e-05 -1.14068e-08 7.8749e-05 0.00023932 4.69225e-05 -7.09625e-05 -1.02154e-07 -4.52935e-06 -5.70472e-07 -7.81413e-09 -0.000882217 -9.43084e-11 4.23642e-06 0.000192667 -0.00122286 -0.000186835 -6.47783e-06 0.00118622 -5.55107e-06 3.65922e-06 1.79152e-05 -0.000706867 -1.56826e-06 -1.02918e-06 8.23825e-05 -0.000104689 0.00127245 -7.41893e-07 0.00127317 -3.25928e-05 6.09516e-07 -0.00117405 7.33616e-07 7.95307e-06 0.000254132 
-0.000703765 -8.96614e-08 -3.82907e-08 0.000693924 0.000724265 5.75299e-05 -4.42315e-08 -4.19821e-06 -9.37395e-10 -7.33995e-08 -3.88843e-06 4.93645e-05 -8.90299e-05 -0.000698879 -3.61582e-06 -0.000709757 2.30857e-06 -1.54993e-05 3.66834e-05 0.000655764 -5.12241e-05 4.78511e-05 -1.5767e-05 0.000652324 0.000703125 -8.13466e-07 -0.000705232 1.05468e-06 0.000404729 -3.75565e-06 -1.42828e-05 -7.88761e-06 -0.00070545 -7.83028e-06 0.000586538 0.000686131 9.9135e-05 -0.000476305 -1.20813e-05 1.09492e-06 0.00063131 -3.524e-05 -1.54993e-05 -7.31421e-05 -8.23869e-08 0.000623924 3.21395e-06 -1.30842e-05 -0.000116251 -0.000610133 2.05571e-05 -2.54949e-05 3.17397e-06 -1.29702e-06 -1.62474e-08 -2.63316e-08 -3.5413e-06 -0.000594288 3.01427e-07 3.7269e-05 -1.32598e-06 -0.00063224 5.34415e-07 -0.000628943 0.000345502 -5.16503e-05 -6.13656e-09 4.25404e-05 8.08097e-05 -4.28747e-06 -3.87658e-05 -3.25735e-07 -2.43666e-06 -3.06898e-07 -4.20378e-09 -0.000492294 -5.07353e-11 -1.03845e-07 0.000101423 -0.000673318 -0.000100644 -2.81609e-06 0.000715767 -2.98632e-06 -1.07473e-05 -3.05461e-06 -0.000450951 -8.45472e-07 -4.73672e-07 2.70857e-05 -6.58143e-05 0.000707972 -3.99118e-07 0.000709065 -1.90924e-05 1.46131e-08 -0.000629738 4.25806e-07 5.80556e-07 7.78774e-05 
-0.000136596 -1.70765e-08 -7.29265e-09 0.000114094 5.75299e-05 0.000138021 4.97939e-07 -9.57648e-07 -1.78532e-10 -1.39793e-08 -7.40572e-07 8.59181e-06 -1.89268e-05 -0.000135393 -9.00015e-06 -0.000136427 2.50523e-07 -2.97477e-06 6.93728e-06 0.000135993 -9.7559e-06 1.31478e-05 -3.78694e-06 0.000131728 0.000134905 -1.54929e-07 -0.000135923 -4.82174e-09 3.92026e-05 -9.03199e-07 -2.72024e-06 -1.50224e-06 -0.000136217 -1.8589e-06 0.000133704 0.000135227 -7.23216e-06 -9.04744e-05 7.17859e-06 -4.77756e-09 0.000114964 -6.73577e-06 -2.56429e-06 -1.40477e-05 -1.5691e-08 0.000132208 8.64403e-07 -5.4586e-06 -2.21958e-05 -0.000119214 4.13668e-08 -4.9153e-06 6.75811e-08 -2.47025e-07 -3.0944e-09 -5.01499e-09 5.1449e-07 -0.000118243 -2.26754e-09 -1.0556e-06 -3.1539e-07 -0.000122711 2.73499e-08 -0.000121397 0.000107954 -9.34002e-06 -1.16874e-09 5.79665e-09 1.36825e-05 1.56665e-05 -7.38315e-06 -6.20379e-08 -4.64075e-07 -5.84503e-08 -8.00632e-10 -9.35007e-05 -9.6628e-12 -2.80309e-08 5.40177e-07 -0.000128336 -1.92233e-05 -2.43784e-07 0.000134734 -5.6876e-07 -2.04688e-06 7.14219e-08 -0.00010371 -1.61025e-07 -1.0545e-07 -6.59412e-07 -1.11097e-05 0.000136182 -7.6014e-08 0.000136466 -3.63624e-06 -3.91113e-10 -0.000120353 -2.70328e-09 2.13801e-08 2.07712e-05 
-0.000839606 -1.21336e-07 -5.18174e-08 5.55519e-05 -4.42315e-08 4.97939e-07 0.000979871 4.46955e-05 9.32065e-07 3.58067e-06 -3.62541e-06 2.24082e-07 -0.000133373 -0.000856529 0.000375382 -1.26317e-05 3.55529e-06 1.4553e-05 -0.000436627 1.62395e-06 -6.59098e-05 5.52005e-06 -2.96453e-06 0.000517114 1.61513e-06 5.65916e-06 -0.000235786 1.76241e-06 8.86245e-06 9.29024e-05 -1.87451e-05 2.49297e-07 -0.00041429 -5.56158e-06 0.000626327 0.000435564 0.000631225 -0.000644647 0.000138146 -3.39466e-08 0.000725216 7.53695e-05 0.000307642 -9.27018e-05 3.45518e-06 3.67567e-06 -3.97663e-08 -3.36591e-05 -0.000156194 0.000112196 -1.2219e-06 1.79613e-05 2.29479e-07 -1.25522e-06 1.35447e-05 6.64437e-06 3.37289e-05 -0.00081048 1.38389e-06 0.000725262 -1.76432e-06 -0.000828103 -6.61997e-08 -6.21431e-05 -7.77104e-07 0.000153824 -8.30439e-09 3.9068e-05 1.02542e-06 6.22571e-05 -3.21738e-05 -8.41394e-08 6.91255e-06 -3.11981e-07 -5.68883e-09 -0.000378819 1.6598e-08 8.06416e-06 0.000778774 -0.000736288 -0.000127737 -4.83489e-06 1.79382e-07 -4.01128e-06 1.45794e-05 0.000630183 -0.000145832 6.18918e-06 -7.09265e-07 0.000245754 -8.95509e-05 1.20524e-05 -5.40112e-07 5.47238e-06 3.45263e-05 1.06055e-06 -0.00080605 3.23079e-06 1.25892e-06 9.75695e-06 
-0.00220711 8.44018e-05 7.9016e-07 3.30068e-07 -4.19821e-06 -9.57648e-07 4.46955e-05 0.00688934 -8.97246e-09 -7.02558e-07 0.000962094 -8.00863e-07 -0.000750532 -0.00648689 -0.0005071 8.53587e-06 -2.47981e-07 -0.000122686 -0.00619484 -2.46552e-05 -0.000100868 1.72341e-06 0.00444383 -0.000182304 -5.65576e-05 0.0004525 -0.00368392 1.17674e-07 -2.24107e-06 0.00462066 4.77225e-05 0.0036009 -0.000391648 0.0042991 9.34973e-05 0.000155842 -0.000518932 -0.00436627 0.00103254 -2.40106e-07 0.00137787 -8.34602e-06 0.0064426 -0.000633283 4.13981e-05 -6.50951e-06 -2.81268e-07 -3.98162e-05 -0.000976494 0.000316467 1.56082e-06 0.00122485 3.96177e-06 -1.24147e-05 3.76449e-06 4.62796e-06 -3.68071e-05 -0.00596537 -1.1396e-07 0.000967892 -1.55039e-05 -0.00387511 -4.68233e-07 0.000428242 -5.49649e-06 0.00514701 -5.87372e-08 0.000446941 -2.55512e-06 -6.73252e-06 0.000513352 -3.05117e-06 -2.60299e-06 6.83913e-06 6.83096e-07 -0.00352337 -4.85623e-10 4.16792e-06 2.61631e-05 -0.00465336 -0.000838473 5.57931e-06 -8.56915e-06 -2.85541e-05 -0.000101177 -2.43051e-05 0.000911283 0.00113415 -5.29958e-06 0.00252506 -0.000632593 -8.86543e-06 -6.90233e-07 -8.67729e-06 0.00465509 -1.96562e-08 -0.00586887 7.17475e-07 5.61241e-06 -3.69881e-05 
-1.1898e-06 -1.59994e-10 -6.83268e-11 4.64924e-07 -9.37395e-10 -1.78532e-10 9.32065e-07 -8.97246e-09 1.29333e-06 -1.30976e-10 -6.93861e-09 -1.70431e-10 -1.7733e-07 -1.17853e-06 2.65463e-07 -2.67818e-07 -1.51251e-10 -2.78714e-08 -8.62652e-07 -6.24939e-09 -9.14056e-08 2.69574e-07 -3.54809e-08 -4.88627e-08 2.58803e-07 -1.45157e-09 -1.16094e-06 -4.51761e-11 -1.41207e-09 5.61538e-07 -2.54866e-08 -1.40749e-08 -2.60573e-07 -1.74165e-08 9.29844e-07 9.45938e-07 8.20757e-07 -8.50739e-07 3.4049e-07 -4.47623e-11 1.14321e-06 -6.31092e-08 9.04748e-07 -1.31617e-07 -1.47013e-10 -1.61002e-09 -5.2436e-11 -5.11431e-08 -2.07958e-07 -1.96546e-07 -1.6112e-09 -4.60528e-08 -2.26635e-11 -2.31444e-09 -2.89922e-11 -4.69868e-11 -1.14821e-08 -1.02366e-06 -2.12452e-11 -2.65362e-08 -2.95497e-09 -1.14971e-06 -8.72914e-11 -4.75772e-07 -1.0247e-09 8.35362e-07 -1.09502e-11 2.6918e-07 -4.76343e-10 -2.59232e-08 -6.91747e-08 -5.8125e-10 -4.34804e-09 -5.47636e-10 -7.50133e-12 -8.78687e-07 -9.05333e-14 -2.62629e-10 1.20118e-06 -1.11241e-06 -1.80108e-07 -6.37532e-09 2.68228e-07 -5.32886e-09 -1.91778e-08 -6.54516e-09 1.89011e-07 -1.50868e-09 -9.87986e-10 3.50846e-07 2.41263e-07 2.68148e-07 -7.12196e-10 2.68183e-07 -3.40689e-08 -3.66444e-12 -1.03812e-06 -2.53278e-11 -3.6184e-10 -6.92231e-09 
-1.78406e-05 -1.25278e-08 -5.35009e-09 1.1969e-06 -7.33995e-08 -1.39793e-08 3.58067e-06 -7.02558e-07 -1.30976e-10 0.00010126 -5.36637e-07 -1.3345e-08 -7.12188e-06 -1.42014e-05 8.87091e-06 -1.56058e-05 2.48235e-08 6.75429e-06 -3.25555e-06 1.544e-06 -5.6272e-06 1.92466e-05 -1.58488e-06 -6.52692e-07 -8.76742e-07 3.63007e-07 7.09075e-07 -3.53736e-09 -1.10568e-07 -2.2612e-08 6.66444e-05 -1.10208e-06 -2.01751e-05 -1.17374e-06 5.01251e-08 1.87679e-05 -8.7849e-06 -1.49083e-06 3.7818e-05 -3.50495e-09 1.00051e-05 1.27285e-05 -2.2016e-06 -9.23581e-06 -1.15114e-08 -1.26067e-07 -4.10582e-09 -3.64125e-06 -1.56968e-05 1.27687e-05 -1.26159e-07 -3.53934e-06 3.74156e-06 1.86878e-06 -2.27014e-09 4.54965e-06 2.4265e-08 -5.61009e-05 -1.66353e-09 1.47455e-05 4.48621e-07 -1.82407e-05 -6.83505e-09 4.21427e-06 -8.02352e-08 -7.20798e-06 5.12476e-07 -6.42194e-08 -3.72984e-08 -1.85316e-06 -5.38982e-06 -4.55128e-08 -2.67125e-07 -4.28808e-08 -5.87366e-10 2.74007e-05 -7.0889e-12 -2.05642e-08 1.11314e-05 -1.12741e-05 -1.35461e-05 2.01414e-06 -1.38762e-07 -4.17258e-07 -1.50165e-06 -2.92496e-07 -5.80535e-05 -1.18132e-07 -7.73608e-08 -9.77739e-07 -2.78065e-06 1.59983e-05 3.87567e-07 -9.55711e-08 7.62355e-07 -2.86932e-10 -7.5757e-05 -1.9832e-09 -2.83326e-08 -1.35361e-07 
-0.000181749 1.66325e-07 3.26599e-05 -7.22794e-06 -3.88843e-06 -7.40572e-07 -3.62541e-06 0.000962094 -6.93861e-09 -5.36637e-07 0.00533612 -7.0697e-07 0.00190286 -0.000983196 -0.000392013 8.07575e-06 -6.27408e-07 -0.000109428 -0.00481989 -2.08199e-05 0.00380205 -1.75494e-06 0.0012371 -0.000189675 -4.59799e-05 1.12287e-05 -0.000156449 -1.87396e-07 8.10587e-06 0.000900237 -8.87917e-05 0.000745689 -0.00318092 0.000987954 -1.26702e-05 -4.22028e-05 0.00151785 -0.00226103 -7.38955e-05 -1.45679e-07 -0.000525886 -0.000243372 0.000993462 -0.000521153 -4.06496e-07 -4.93522e-06 -2.17511e-07 -0.000205131 0.00275362 -0.00347379 0.000341947 -9.9596e-05 -4.73444e-08 -9.60059e-06 -1.20263e-07 -1.94907e-07 -4.52093e-05 -0.00461311 3.58539e-07 1.20445e-05 -3.31093e-06 -0.000281616 -3.62095e-07 -0.000790941 -4.25056e-06 0.000632889 -4.54229e-08 9.92456e-06 -1.97593e-06 -9.23325e-05 0.00301523 4.08224e-06 -1.65395e-05 0.000146162 3.0555e-07 -0.00301886 -3.75543e-10 -1.08942e-06 -5.03538e-06 -0.000642753 0.000586811 -2.29923e-05 -7.35107e-06 0.000145489 -6.84317e-05 -2.71501e-05 0.000576355 -4.95487e-06 -4.09829e-06 0.00011435 -0.000492527 -7.68072e-06 0.000177119 -7.53523e-06 0.00133335 2.47994e-08 -0.000449289 -1.05063e-07 2.62238e-06 -2.61979e-05 
-7.98749e-05 -1.63017e-08 -6.96176e-09 7.70325e-05 4.93645e-05 8.59181e-06 2.24082e-07 -8.00863e-07 -1.70431e-10 -1.3345e-08 -7.0697e-07 0.000131759 -1.19947e-05 -7.87898e-05 -8.76233e-06 -8.85643e-05 5.00792e-06 -2.08313e-06 1.85499e-06 7.70233e-05 -1.37991e-06 6.30323e-06 -3.47512e-06 7.46514e-05 7.77191e-05 2.54342e-08 -7.7664e-05 -4.60296e-09 4.84861e-05 6.97782e-07 7.13319e-06 -1.43408e-06 -8.17094e-05 2.82116e-07 7.38145e-05 7.98942e-05 -1.05436e-05 -3.80177e-05 1.30992e-05 -4.56079e-09 5.7994e-05 -6.36348e-06 -2.35586e-06 5.32633e-06 -1.49791e-08 6.60026e-05 -5.34267e-09 -4.87426e-06 2.90134e-06 -8.58391e-05 2.79169e-07 -4.15561e-06 1.62436e-06 -2.35817e-07 -2.95399e-09 4.38546e-07 -1.15657e-06 -8.78428e-05 -2.16465e-09 9.66247e-07 -1.6108e-07 -7.09197e-05 -8.89405e-09 -8.44218e-05 3.14923e-05 -4.1989e-06 -1.11571e-09 2.3231e-06 5.82147e-06 5.40538e-06 -2.42815e-06 -5.92231e-08 -4.43018e-07 -5.57982e-08 -7.64305e-10 -6.95621e-05 -9.22437e-12 -2.6759e-08 5.20605e-07 -7.24495e-05 4.53223e-06 -4.22909e-07 7.25628e-05 -5.42953e-07 -1.95401e-06 -4.73548e-07 -7.05318e-05 -4.0385e-08 -1.00665e-07 -9.98941e-07 -9.44805e-06 7.7768e-05 -6.92317e-08 7.77716e-05 -2.55792e-06 -3.73367e-10 -7.99233e-05 -2.58063e-09 -3.68676e-08 3.84136e-06 
0.000909575 -1.48849e-05 2.45031e-05 -0.000184664 -8.90299e-05 -1.89268e-05 -0.000133373 -0.000750532 -1.7733e-07 -7.12188e-06 0.00190286 -1.19947e-05 0.118311 0.00192706 -0.00171062 8.43093e-05 -1.59513e-05 0.00210388 -0.0101342 -0.000230656 0.021525 -4.28784e-05 0.0145043 -0.00360038 0.00265329 -5.26059e-05 0.000957759 -4.68595e-06 -0.000147372 -0.000786786 -0.00206232 -0.00130824 -0.000821014 -0.00140221 -0.0003699 -0.00135053 0.0640325 -0.0832816 -0.00239276 8.7126e-07 0.00525274 -0.00336779 -0.00227504 0.0677047 -1.55854e-05 -0.000163887 -5.55893e-06 0.015104 0.0778482 -0.0810268 1.55909e-05 -0.00457983 -2.40264e-06 -0.000235849 -3.0369e-06 -3.67457e-06 -0.00119239 0.00135765 -1.87227e-06 -0.00271493 -0.000231371 0.00324166 -1.81074e-06 -0.0809086 -0.000108595 0.00442024 -8.54205e-07 -8.42208e-05 -1.42388e-05 -0.00261193 -0.00517372 -4.5707e-05 0.000285232 -3.48002e-05 3.41142e-06 -0.0761869 -9.59776e-09 9.04845e-05 -0.000194306 -0.011401 0.0790411 -0.000320747 -0.000161751 0.00343067 -0.00197926 -0.000693866 -0.0825536 -0.000159921 -3.65232e-05 -0.00130262 -0.0109981 -0.000196296 -7.21624e-05 -0.000192578 -0.00335873 7.15192e-08 -0.00070433 -2.09175e-06 0.000114503 -0.000602885 
0.00543659 -0.000103628 1.01304e-06 -0.00130675 -0.000698879 -0.000135393 -0.000856529 -0.00648689 -1.17853e-06 -1.42014e-05 -0.000983196 -7.87898e-05 0.00192706 0.0188077 0.000320336 0.00139901 -5.39642e-05 -0.000182232 0.00688203 -0.00132863 0.00116183 -0.000157386 -0.00745032 -0.00144403 -0.00122099 -0.000581592 0.00555747 -1.79402e-05 -0.000859324 -0.00571259 6.58068e-05 -0.00443206 0.00240746 -0.00524987 -0.00247224 -0.0028875 0.000498456 0.00568612 -0.00171526 -1.45301e-06 -0.0100452 -0.000561198 -0.00988258 0.00194849 -0.000104214 -0.00113479 -3.93426e-05 -0.00318481 0.00305949 -0.000580644 -0.000180352 -0.00352578 -1.71873e-05 7.76804e-06 -1.99735e-05 -3.384e-05 -0.000127385 0.0112733 -1.1575e-05 -0.00227214 -1.35419e-05 0.00778989 -1.82391e-05 -0.000387719 -0.000772881 -0.0132837 1.62352e-07 -0.000544557 -0.000267651 -0.000180377 -1.16757e-05 7.70114e-06 3.55055e-05 -1.02506e-05 -3.52116e-07 0.00999359 -3.86577e-08 -1.68695e-05 -0.00134291 0.0144661 0.00266299 -0.00204221 -0.00128667 7.77175e-05 -3.71705e-05 -0.000717782 -0.000411717 -0.00112922 1.25316e-05 -0.00887728 -0.000156656 -0.00140079 1.05593e-05 -0.00137289 -0.00500439 -1.32234e-06 0.0162299 -9.57115e-06 -5.66586e-05 -0.000217631 
-0.0039406 -9.04245e-06 -1.63165e-06 1.31506e-05 -3.61582e-06 -9.00015e-06 0.000375382 -0.0005071 2.65463e-07 8.87091e-06 -0.000392013 -8.76233e-06 -0.00171062 0.000320336 0.0677529 -0.000119076 -2.02832e-06 -0.00153389 0.00382902 0.000524647 -0.0050534 4.32676e-05 3.62882e-05 0.00302714 -0.000250315 -5.60856e-05 0.000386034 1.36634e-05 -6.65801e-05 -0.000365565 -0.0012167 -0.000763771 -0.000348064 0.000279289 0.000390644 0.00100834 -0.00351342 -0.0463755 -0.000990053 -2.42651e-06 0.024316 0.00504657 -0.00103015 -0.00645276 -7.39214e-06 -3.19975e-05 5.85978e-06 0.00661455 -0.0107812 0.00632635 -5.74042e-05 -0.00213616 8.79117e-07 2.77871e-05 3.15477e-06 2.91109e-06 -0.000385424 0.00733552 -1.20072e-06 0.00261177 -0.000149791 -0.0477406 1.09032e-05 0.00720082 -8.17646e-06 -0.00286079 -6.18878e-07 -3.7033e-05 -1.36284e-05 -0.00130902 -0.00377558 -3.17474e-05 0.000142767 -2.37243e-05 -4.23956e-07 0.00207517 -5.11671e-09 6.57024e-06 0.000927262 -0.017991 -0.00895894 0.00044511 4.38097e-05 -0.000274287 -0.000882445 0.00101544 0.00139439 -8.52202e-05 -4.80051e-05 -0.000666087 0.022285 6.58916e-05 -4.02315e-05 4.28606e-05 -0.00191092 1.59562e-07 0.0072165 -9.84794e-07 -2.03403e-05 0.00177931 
0.00141632 -6.45981e-08 8.91422e-08 -0.00127478 -0.000709757 -0.000136427 -1.26317e-05 8.53587e-06 -2.67818e-07 -1.56058e-05 8.07575e-06 -8.85643e-05 8.43093e-05 0.00139901 -0.000119076 0.00168449 -4.98193e-05 1.4609e-05 -7.75672e-05 -0.00131871 9.99951e-05 -0.000139811 4.40699e-05 -0.00130886 -0.0014498 -1.09496e-05 0.00137088 -1.23311e-05 -0.000812774 6.62697e-06 3.14143e-05 8.78601e-06 0.00141632 2.0189e-05 -0.0010091 -0.00136284 -0.000196218 0.00103838 -1.41947e-05 -2.05827e-06 -0.00123055 5.65843e-06 3.48236e-05 2.02966e-05 1.918e-07 -0.00115309 -4.00483e-05 5.83169e-05 8.10711e-05 0.00134604 -0.000210485 4.80758e-05 -1.33471e-05 2.83952e-06 3.78245e-08 -6.3987e-06 -3.58657e-06 0.00105769 -1.22623e-05 -0.000141163 -1.58481e-06 0.00131091 -1.51628e-05 0.00140802 -0.000788323 0.000121965 1.42861e-08 -9.82267e-05 -0.000275299 -4.21195e-05 8.57017e-05 1.81658e-07 3.54265e-06 5.87804e-07 -3.54676e-09 0.00103963 1.18114e-10 5.97022e-09 -0.000172201 0.00132015 4.07841e-05 3.73419e-06 -0.00129462 -6.37107e-06 4.4635e-06 5.61911e-06 0.000801591 7.3496e-07 -2.54363e-07 -4.05658e-05 4.89534e-05 -0.00142176 9.29162e-07 -0.00140165 4.22844e-05 -1.18859e-08 0.00124457 -4.73623e-07 -5.24126e-06 -0.000294526 
-5.313e-05 -1.44671e-08 -6.17829e-09 4.63824e-05 2.30857e-06 2.50523e-07 3.55529e-06 -2.47981e-07 -1.51251e-10 2.48235e-08 -6.27408e-07 5.00792e-06 -1.59513e-05 -5.39642e-05 -2.02832e-06 -4.98193e-05 0.000116933 -1.64021e-06 -1.60548e-06 4.84616e-05 -6.0618e-06 1.01454e-07 -3.20828e-06 8.44417e-05 3.95142e-05 -1.31255e-07 -5.30578e-05 -4.08495e-09 4.3809e-05 -7.65185e-07 4.88876e-06 -1.49353e-07 -5.09075e-05 -1.54151e-06 4.88845e-05 4.72137e-05 -2.69946e-06 -7.29161e-05 1.12378e-05 -4.04752e-09 6.14087e-05 6.18016e-06 -2.36142e-06 -1.04212e-05 -1.32933e-08 9.09775e-06 -4.74141e-09 -2.52116e-06 -1.87441e-05 -3.68667e-05 2.67764e-06 -3.62088e-06 4.64617e-07 -2.09278e-07 -2.62155e-09 -4.24867e-09 8.91176e-06 -9.00497e-05 6.39475e-06 5.75472e-05 -2.67197e-07 -7.09632e-05 1.54402e-08 -3.83705e-05 4.30734e-06 -8.52551e-06 -9.90148e-10 -7.41606e-08 -4.30722e-08 2.6716e-05 -5.73496e-06 -5.25582e-08 3.94017e-06 -4.95187e-08 -6.78291e-10 -2.43566e-05 -8.18627e-12 -2.37476e-08 7.35196e-06 -4.40454e-05 -1.46426e-05 3.20193e-07 6.32309e-06 -4.8185e-07 4.55895e-07 4.12484e-06 -4.86578e-06 -1.36419e-07 3.93997e-07 -5.8576e-07 -7.34988e-06 4.98492e-05 -6.43986e-08 4.98157e-05 7.86068e-07 -3.31349e-10 -9.21144e-05 -2.29021e-09 2.47281e-07 3.77074e-05 
9.49361e-05 -2.34589e-06 -4.61824e-07 -2.8967e-05 -1.54993e-05 -2.97477e-06 1.4553e-05 -0.000122686 -2.78714e-08 6.75429e-06 -0.000109428 -2.08313e-06 0.00210388 -0.000182232 -0.00153389 1.4609e-05 -1.64021e-06 0.0210857 -0.00316751 -0.00010015 0.00315496 -2.80624e-06 -0.000558728 -0.000663335 -0.000169546 3.20667e-05 -0.000742413 -7.02744e-07 -1.05686e-05 -0.000117226 0.00150077 -8.4248e-05 0.000147208 -0.000251661 -4.60882e-05 0.000723469 -0.00131423 -0.0065735 0.00217727 -7.45848e-07 -0.00246019 0.00595236 -5.92532e-05 -0.00116177 1.65071e-05 -2.66735e-05 -8.73712e-07 -0.000829729 -0.000334462 0.000330911 -2.47165e-05 0.0046323 -3.77629e-07 0.000120539 -4.69748e-07 -1.19581e-07 -4.92002e-05 -0.0151019 -3.53996e-07 -0.000381741 -4.78337e-05 0.000957703 -1.45449e-06 9.71861e-07 -1.70739e-05 0.00293872 -6.24574e-08 -1.05324e-05 -6.52704e-06 0.000294207 -0.00108771 -7.54504e-06 0.000144324 -9.05162e-06 -1.2499e-07 0.0048731 -1.50851e-09 -4.22603e-06 -3.43688e-05 0.00117456 0.0014986 -8.70317e-05 -2.95182e-05 -3.84718e-05 0.000250088 -0.000106042 -0.000998925 -1.42216e-05 1.77311e-05 0.000283522 -0.00176658 -3.08524e-05 2.11731e-05 -3.0268e-05 0.00243664 5.12275e-07 -0.0164466 1.81311e-07 0.000126771 -0.000114993 
0.00242586 -8.10294e-05 -3.65562e-05 7.80521e-06 3.66834e-05 6.93728e-06 -0.000436627 -0.00619484 -8.62652e-07 -3.25555e-06 -0.00481989 1.85499e-06 -0.0101342 0.00688203 0.00382902 -7.75672e-05 -1.60548e-06 -0.00316751 0.0516638 -0.000505852 -0.0334448 1.03961e-05 -0.00525165 -0.000610369 -0.00216081 -0.000570417 0.00523433 -2.27773e-06 -0.000158302 -0.00493745 -0.00508595 -0.00360468 0.00311676 -0.00399392 -0.000345663 0.000320613 -0.00991923 0.0278988 -0.00890021 1.78119e-07 0.00119496 -0.000889868 -0.0118175 0.00154472 -6.88379e-05 4.69455e-05 2.21571e-06 0.000620738 -0.0164775 0.0123277 -0.000373751 -0.000401834 -3.17568e-06 4.92245e-05 -1.59016e-05 -2.50912e-05 0.00014798 0.0339985 -3.80561e-06 -0.00132132 -0.000529113 0.00412472 2.66187e-06 0.00925871 4.28957e-05 -0.00534337 -5.62063e-06 -0.000428541 -4.37854e-06 0.00044543 -0.00664104 -0.000148856 -0.000411941 -0.000168083 -2.77969e-06 0.0133723 -5.28411e-08 -3.83525e-05 -0.000403779 0.00313887 -0.0140256 0.000136499 6.89628e-05 -0.00229708 0.000711146 -0.000165521 -0.00268027 -0.00109288 4.11578e-05 -0.00283452 0.00433428 6.63309e-05 -0.000516312 6.49754e-05 -0.0217521 -1.78182e-06 0.00816673 -1.39731e-05 -0.00017787 0.000184209 
-0.00132157 -5.07751e-07 -2.55275e-07 0.00120455 0.000655764 0.000135993 1.62395e-06 -2.46552e-05 -6.24939e-09 1.544e-06 -2.08199e-05 7.70233e-05 -0.000230656 -0.00132863 0.000524647 -0.00131871 4.84616e-05 -0.00010015 -0.000505852 0.00480865 -0.000335592 8.2824e-05 0.00067843 0.00283925 0.00131195 -5.09985e-06 -0.00136969 1.82579e-05 0.000812351 -2.00126e-05 -9.09868e-05 -3.40248e-05 -0.00129891 -5.16128e-05 0.000954567 0.0012313 -0.000104491 -0.00311412 -4.61032e-05 2.10943e-06 0.00415091 -0.000220675 0.00059805 -0.000228812 -5.49253e-07 0.00121001 3.84808e-05 0.000126025 -0.000747575 -0.00217135 0.00018729 -0.000163614 1.09953e-05 4.68131e-05 -1.08317e-07 -1.75547e-07 -2.70115e-05 -0.000548871 1.22106e-05 0.000944815 0.000112597 -0.00422503 2.09505e-05 -0.000899419 0.000785862 0.00152078 -4.09109e-08 9.05558e-05 0.000275387 -7.18779e-06 -0.000256282 2.46174e-06 -1.7313e-06 -2.04601e-06 -2.80256e-08 -0.00302667 -3.3824e-10 -7.44535e-07 6.73085e-05 -0.00382722 -0.000625473 -1.94087e-05 0.00123036 -8.15906e-06 -5.81697e-05 0.000106467 -0.00146981 -4.89989e-06 -2.45786e-06 6.09147e-06 0.000739314 0.00131699 -2.66082e-06 0.00131712 -0.000118604 -1.36907e-08 -0.00104661 -2.796e-08 4.0348e-06 0.000722704 
0.000220625 -4.7329e-06 4.00063e-05 -9.51737e-05 -5.12241e-05 -9.7559e-06 -6.59098e-05 -0.000100868 -9.14056e-08 -5.6272e-06 0.00380205 -1.37991e-06 0.021525 0.00116183 -0.0050534 9.99951e-05 -6.0618e-06 0.00315496 -0.0334448 -0.000335592 0.0656795 -1.96043e-05 -0.00119882 -0.00180727 0.00135934 3.70621e-05 -0.000673867 -2.46866e-06 0.000104094 -0.000311061 0.00393441 -0.000520306 -0.00349184 -0.000784733 -0.000189484 -0.000933163 0.0131736 -0.0346414 0.00549155 5.70625e-07 -0.00802527 -0.0011186 -0.000851049 0.0132562 -8.03023e-06 -8.40231e-05 -2.86538e-06 -0.0015066 0.0428402 -0.0330049 0.000569082 -0.00208625 -1.23845e-06 -0.00011868 -1.57095e-06 2.02399e-07 -0.000387023 -0.0310619 2.28239e-06 -0.000656266 -7.17183e-05 0.00746298 -3.99339e-06 -0.0282312 -5.5348e-05 -0.00507175 8.51623e-07 -3.94741e-05 3.84635e-05 -0.000743636 0.00633515 0.000115764 0.000235351 0.000213688 2.62676e-06 -0.0269592 -4.94721e-09 8.15285e-07 -6.51994e-05 0.0047174 0.0341915 -0.00032348 -9.66257e-05 0.00215698 -0.000996516 -0.000352095 -0.0120967 -8.08555e-05 -5.29253e-05 -0.000652779 -0.0064264 -0.000101182 0.000477799 -9.9265e-05 0.0117924 1.06309e-06 0.00118848 7.10263e-06 0.000146321 -0.000354181 
-0.000162455 -4.07737e-08 -1.74128e-08 6.75259e-05 4.78511e-05 1.31478e-05 5.52005e-06 1.72341e-06 2.69574e-07 1.92466e-05 -1.75494e-06 6.30323e-06 -4.28784e-05 -0.000157386 4.32676e-05 -0.000139811 1.01454e-07 -2.80624e-06 1.03961e-05 8.2824e-05 -1.96043e-05 0.000329491 -6.33547e-06 5.67742e-05 0.000100993 1.30101e-05 -9.87122e-05 -1.15129e-08 3.39568e-05 9.72342e-06 1.56082e-05 -2.90691e-06 -0.000154774 -1.30518e-06 5.10975e-05 0.00024101 -6.1129e-06 -0.000117404 1.49186e-05 2.38593e-07 0.000111545 9.38336e-05 4.94185e-06 -3.3292e-05 -2.74656e-08 4.31164e-05 3.201e-05 -8.26025e-06 -5.21538e-05 -5.13112e-05 8.22726e-07 2.1737e-05 6.51422e-06 -2.53158e-07 1.92781e-08 8.31803e-06 2.70717e-06 -0.000277547 -5.41423e-09 5.24707e-05 -7.26395e-07 -0.000130565 -2.22458e-08 -9.12681e-05 2.45322e-05 -1.86742e-05 3.20543e-07 4.85143e-05 9.95273e-07 1.71269e-05 -1.68622e-05 -1.48129e-07 -7.74745e-07 4.60437e-07 -1.91168e-09 2.3902e-08 -2.3072e-11 -6.69297e-08 6.67112e-05 -0.000136549 -4.49865e-05 -1.37472e-06 9.6825e-05 -1.35804e-06 -2.60736e-06 -1.64134e-06 -2.65747e-05 -3.84481e-07 5.68216e-07 -7.05547e-07 1.76903e-05 0.000142448 -1.615e-07 0.000117754 -3.75229e-06 -9.33867e-10 -0.000276693 5.83545e-07 -9.22133e-08 1.55692e-05 
-0.00136439 7.59294e-06 1.2284e-05 -3.69604e-05 -1.5767e-05 -3.78694e-06 -2.96453e-06 0.00444383 -3.54809e-08 -1.58488e-06 0.0012371 -3.47512e-06 0.0145043 -0.00745032 3.62882e-05 4.40699e-05 -3.20828e-06 -0.000558728 -0.00525165 0.00067843 -0.00119882 -6.33547e-06 0.0266811 -0.000601546 -0.000194313 0.00036838 -0.00189035 2.65075e-07 -2.83124e-05 0.00377815 -0.000490942 0.0031653 -0.000647555 0.00301839 -5.63112e-06 4.33196e-05 -0.00233383 -0.0167231 -0.000296693 -4.56146e-07 0.020291 -0.00132593 0.00775441 -0.00265009 -7.35053e-07 -3.08144e-05 -1.11225e-06 0.0176774 -0.00376112 0.0021886 -2.47695e-05 0.00039707 3.6226e-06 -4.87664e-05 3.6817e-06 7.25e-06 -0.000243128 -0.0021099 -3.67311e-07 0.000301661 -2.88031e-05 -0.00600091 -4.2159e-07 0.00285318 -2.15554e-05 0.0200742 5.71062e-07 2.31665e-05 -7.09734e-06 -0.000288496 -0.00021887 2.42409e-06 -1.63989e-05 -8.42291e-06 1.94218e-07 -0.0183056 3.80796e-08 -4.35077e-06 1.62689e-05 -0.023716 -0.00364143 0.000162409 -2.02367e-05 2.35263e-05 -0.000399415 -0.000127177 -0.0141745 0.000369968 -1.78468e-05 0.0025253 -0.00186654 -3.90957e-05 -1.26168e-05 -3.83517e-05 0.00233695 -7.77288e-08 -0.016617 1.55609e-06 -7.55854e-06 -0.000146753 
-0.00232241 -3.87703e-06 -1.15594e-06 0.00120474 0.000652324 0.000131728 0.000517114 -0.000182304 -4.88627e-08 -6.52692e-07 -0.000189675 7.46514e-05 -0.00360038 -0.00144403 0.00302714 -0.00130886 8.44417e-05 -0.000663335 -0.000610369 0.00283925 -0.00180727 5.67742e-05 -0.000601546 0.0363531 0.00492849 -2.09594e-05 -0.0013807 3.1237e-05 0.000762411 5.82501e-06 -0.000539151 0.000712283 -0.00155607 0.000190235 0.00132813 0.00111104 0.00175329 -0.0199606 -0.000357262 8.55752e-07 0.0224766 -0.00179459 -0.000718617 0.00545616 -2.9145e-06 0.00118759 1.82216e-05 -0.00054113 -0.00281533 -0.00134793 0.000168571 -0.00128253 7.13463e-06 0.000434195 1.20264e-05 -1.2359e-06 0.00396938 -0.0043052 1.30061e-05 0.0143829 0.000268827 -0.0212694 1.91301e-05 -0.000518453 0.000758614 0.0016503 5.56792e-07 5.18419e-05 0.000284509 0.00520452 -0.00113746 -5.41595e-06 0.00183935 -1.40174e-05 2.2754e-07 -0.0188073 1.4022e-08 1.37248e-05 0.000718069 -0.0117451 -0.00197655 0.000920816 0.00120661 -0.000145498 0.00369209 0.0046796 -0.0164695 -3.54845e-05 -1.22841e-05 -0.000185332 -0.00246407 0.0012626 7.46224e-06 0.00126564 -0.000455102 -9.03779e-08 -0.00722124 6.03466e-07 -4.51329e-06 0.00409109 
-0.00172572 -9.80987e-07 -3.84041e-07 0.00124746 0.000703125 0.000134905 1.61513e-06 -5.65576e-05 2.58803e-07 -8.76742e-07 -4.59799e-05 7.77191e-05 0.00265329 -0.00122099 -0.000250315 -0.0014498 3.95142e-05 -0.000169546 -0.00216081 0.00131195 0.00135934 0.000100993 -0.000194313 0.00492849 0.00858252 -9.66335e-06 -0.00131002 1.23043e-05 0.000792371 -4.35894e-05 -0.000170562 -9.06226e-05 -0.0013473 -0.000115935 0.000968774 0.00129136 0.00484617 -0.00561473 -0.000114892 2.18036e-06 0.000875675 -0.000415648 -0.000189784 0.00340247 -9.84095e-07 0.00113461 3.8899e-05 -0.000259795 0.00437652 -0.00629097 0.000186735 -0.000308177 9.01496e-06 -1.05727e-05 -1.94072e-07 -3.14526e-07 0.000569576 -0.00280557 5.15445e-06 4.10754e-05 6.4983e-05 -0.00418138 1.4509e-05 -0.00629121 0.000777311 -0.000637993 -7.32999e-08 8.96033e-05 0.000275131 0.000744326 -0.000427456 -3.38751e-06 0.000203755 3.73417e-06 -5.02133e-08 -0.00581836 -6.06023e-10 5.45532e-06 0.000144636 -0.00093511 0.00473165 0.000120007 0.00130416 4.05557e-05 0.000502026 -2.91195e-05 -0.00485164 -1.0099e-05 -4.9035e-06 -2.97326e-05 -0.000717475 0.00135718 -2.17738e-06 0.00135826 -0.000216928 -7.86283e-09 -0.00120017 2.93791e-07 2.68787e-06 0.000298539 
-5.93261e-05 7.44492e-07 -5.92936e-08 3.44124e-06 -8.13466e-07 -1.54929e-07 5.65916e-06 0.0004525 -1.45157e-09 3.63007e-07 1.12287e-05 2.54342e-08 -5.26059e-05 -0.000581592 -5.60856e-05 -1.09496e-05 -1.31255e-07 3.20667e-05 -0.000570417 -5.09985e-06 3.70621e-05 1.30101e-05 0.00036838 -2.09594e-05 -9.66335e-06 0.00112109 2.65181e-06 -3.92036e-08 -1.18206e-06 1.65931e-05 -1.82047e-06 0.000393879 -4.07256e-05 0.000118869 6.70088e-05 7.17468e-07 -8.29631e-05 -0.000425066 -1.4953e-05 -3.88444e-08 0.000188733 -3.11591e-05 0.000599014 -0.000114 9.45124e-05 -1.37716e-06 -1.55037e-08 2.81832e-06 -9.98879e-05 6.1081e-05 -9.11523e-07 8.29857e-05 -1.96673e-08 -1.98846e-06 1.23817e-06 2.64923e-06 1.79259e-05 -0.000881303 -1.84364e-08 0.000573542 -2.56431e-06 -0.000390948 -7.57509e-08 -9.18773e-05 -8.89224e-07 0.000204131 -9.50254e-09 2.59316e-05 -4.13368e-07 5.30874e-05 0.000123184 -4.94405e-07 -5.29869e-07 3.72476e-06 -6.50961e-09 -0.000119593 -7.85643e-11 -2.27907e-07 1.68947e-05 -0.000516436 -5.27837e-05 9.8142e-06 -1.49452e-06 -4.21435e-06 -4.82901e-06 -7.13186e-07 0.000149973 -7.75892e-07 -7.30701e-07 0.000314237 -0.000101443 1.05198e-05 -6.18039e-07 6.70029e-06 -1.31381e-05 -3.17998e-09 -0.00081353 5.08021e-07 -3.14003e-07 -4.5138e-06 
0.00320496 -8.45938e-05 -6.76034e-09 -0.00128898 -0.000705232 -0.000135923 -0.000235786 -0.00368392 -1.16094e-06 7.09075e-07 -0.000156449 -7.7664e-05 0.000957759 0.00555747 0.000386034 0.00137088 -5.30578e-05 -0.000742413 0.00523433 -0.00136969 -0.000673867 -9.87122e-05 -0.00189035 -0.0013807 -0.00131002 2.65181e-06 0.0069528 -1.49621e-05 -0.000971922 -0.00286523 -0.000806881 -0.00161624 0.00134011 -0.0027109 -0.0011602 -0.00148436 0.00027009 0.00450308 -0.00253734 -1.87433e-06 -0.00180669 -0.000719947 -0.00407631 0.000711909 -1.07436e-07 -0.00114636 -3.86528e-05 0.000220478 0.00110716 0.000782416 -0.000185247 -0.00169495 -1.2904e-05 1.24065e-05 -1.42597e-05 -2.17923e-05 -9.60849e-05 0.00576966 -1.2175e-05 -0.000281709 -7.94491e-05 0.00405085 -1.45974e-05 0.000731466 -0.000783936 -0.0032663 -1.32405e-06 -0.000515983 -0.000274368 -0.000110744 0.000270707 2.34261e-08 -0.000158421 -1.05886e-05 -2.76056e-07 0.00209039 4.90128e-10 -1.52949e-05 -0.000340763 0.00360834 0.000850174 8.13124e-06 -0.00128503 2.87893e-05 7.82042e-05 -3.13826e-05 0.000273635 -0.00111912 4.11541e-06 -0.00231503 0.000500741 -0.00136905 -0.000103151 -0.00137103 -0.00511243 -1.33349e-06 0.00592951 -6.16621e-06 -7.06511e-05 -0.000287931 
-1.82713e-05 -4.32107e-09 -1.84535e-09 9.94627e-06 1.05468e-06 -4.82174e-09 1.76241e-06 1.17674e-07 -4.51761e-11 -3.53736e-09 -1.87396e-07 -4.60296e-09 -4.68595e-06 -1.79402e-05 1.36634e-05 -1.23311e-05 -4.08495e-09 -7.02744e-07 -2.27773e-06 1.82579e-05 -2.46866e-06 -1.15129e-08 2.65075e-07 3.1237e-05 1.23043e-05 -3.92036e-08 -1.49621e-05 3.49288e-05 3.55196e-07 2.14786e-07 -4.95003e-07 5.73203e-07 -1.66521e-05 -4.7038e-07 7.55577e-06 3.38352e-06 4.00957e-06 -2.29765e-05 1.7973e-07 -1.20893e-09 2.95288e-05 -1.6111e-06 -1.42023e-07 2.78199e-06 -3.97049e-09 1.33432e-05 4.1525e-07 -1.38126e-06 -5.61647e-06 -1.41855e-05 1.10065e-05 -7.37114e-07 -6.1209e-10 -6.25078e-08 9.5255e-07 -1.26901e-09 6.01323e-06 -4.53397e-06 -5.73783e-10 9.60332e-06 2.05353e-06 -3.10444e-05 1.12431e-06 -1.2938e-05 1.2279e-05 6.73735e-06 -2.95741e-10 -2.21505e-08 6.99047e-06 -3.2346e-07 -1.11158e-06 -1.56982e-08 1.4759e-06 -1.47904e-08 -2.02594e-10 -2.01747e-05 -2.4451e-12 -7.093e-09 5.88518e-06 -2.72711e-05 -3.72765e-06 1.52448e-06 6.99881e-06 -1.4392e-07 4.38719e-07 4.97656e-06 -2.53086e-05 3.19254e-07 -2.66833e-08 -6.72412e-08 -2.06016e-06 1.209e-05 -1.92348e-08 1.22576e-05 -5.10123e-07 -9.89683e-11 -2.20247e-05 -6.84046e-10 -9.77248e-09 9.89711e-07 
-0.000882762 -4.50642e-08 -5.76803e-08 0.000732006 0.000404729 3.92026e-05 8.86245e-06 -2.24107e-06 -1.41207e-09 -1.10568e-07 8.10587e-06 4.84861e-05 -0.000147372 -0.000859324 -6.65801e-05 -0.000812774 4.3809e-05 -1.05686e-05 -0.000158302 0.000812351 0.000104094 3.39568e-05 -2.83124e-05 0.000762411 0.000792371 -1.18206e-06 -0.000971922 3.55196e-07 0.00109062 2.8696e-06 0.000162168 -9.46175e-06 -0.000890798 2.37106e-05 0.000763794 0.000868118 1.6575e-05 -0.000645339 0.00022144 3.05546e-07 0.000742935 -5.24057e-05 -7.07785e-06 -0.000107459 -1.24106e-07 0.000681164 2.68224e-05 2.21892e-05 -0.000166795 -0.000691628 2.92165e-05 -3.7517e-05 1.30753e-06 -1.95381e-06 -2.44747e-08 3.487e-06 4.17337e-05 -0.000922509 1.15987e-05 4.07386e-05 -2.04787e-06 -0.000777662 6.9631e-07 -0.000696358 0.000364408 -1.92458e-05 -9.24399e-09 3.45343e-05 0.000155161 -9.6639e-06 -2.77561e-05 6.39319e-07 5.35613e-06 -4.62305e-07 -6.3325e-09 -0.00054968 -7.64267e-11 -3.83732e-08 7.03558e-06 -0.0008106 -0.000149971 -7.85269e-07 0.000741861 -1.11853e-06 1.44379e-06 -5.00198e-06 -0.000434317 -3.93604e-07 3.85959e-07 9.95882e-06 -5.86606e-06 0.00081139 3.48454e-05 0.000813133 0.000154216 -3.09346e-09 -0.000932081 3.88619e-07 4.24121e-06 0.00021649 
-0.00261339 8.27039e-05 -3.45668e-07 -6.74851e-06 -3.75565e-06 -9.03199e-07 9.29024e-05 0.00462066 5.61538e-07 -2.2612e-08 0.000900237 6.97782e-07 -0.000786786 -0.00571259 -0.000365565 6.62697e-06 -7.65185e-07 -0.000117226 -0.00493745 -2.00126e-05 -0.000311061 9.72342e-06 0.00377815 5.82501e-06 -4.35894e-05 1.65931e-05 -0.00286523 2.14786e-07 2.8696e-06 0.00650021 0.000133052 0.00331622 -0.000308909 0.0031355 0.000168805 0.000437848 -0.000461508 -0.0040576 0.00096009 -2.26454e-07 0.00106906 -0.000288522 0.00593894 -0.000648052 2.61959e-06 -3.18848e-06 -1.98609e-07 0.000519622 -0.00102565 0.000363237 -7.03779e-06 0.000266207 2.38868e-06 -1.16655e-05 2.48666e-06 2.40223e-05 -2.68186e-06 -0.00508945 -1.0748e-07 0.000129566 -1.1836e-05 -0.00232474 -3.0161e-07 0.000672404 -2.35731e-06 0.00543812 -5.53976e-08 0.000338061 -2.40984e-06 0.00018925 9.38159e-05 -2.94057e-06 -1.30669e-05 1.35428e-05 3.8205e-07 -0.00310652 2.87532e-09 2.59802e-06 0.000275043 -0.00396865 -0.000886869 -2.22896e-05 -5.24534e-06 -2.69289e-05 -9.03277e-05 8.4811e-06 0.000448871 0.00113637 -4.99826e-06 0.00118455 -0.00057762 -5.77405e-06 -1.76636e-06 -5.78994e-06 0.00413462 -1.85386e-08 -0.0056439 1.5352e-06 4.29277e-06 -3.49569e-05 
-6.64794e-05 2.26888e-06 4.84226e-06 -2.65494e-05 -1.42828e-05 -2.72024e-06 -1.87451e-05 4.77225e-05 -2.54866e-08 6.66444e-05 -8.87917e-05 7.13319e-06 -0.00206232 6.58068e-05 -0.0012167 3.14143e-05 4.88876e-06 0.00150077 -0.00508595 -9.09868e-05 0.00393441 1.56082e-05 -0.000490942 -0.000539151 -0.000170562 -1.82047e-06 -0.000806881 -4.95003e-07 0.000162168 0.000133052 0.0193178 -1.48979e-05 -3.61971e-06 0.00113168 -4.4987e-05 0.00199923 -0.0017118 0.000352112 0.010335 -6.65363e-07 -0.00220555 -0.000582614 4.52279e-05 -0.00198065 -2.24e-06 -2.45314e-05 -7.98953e-07 -0.00023401 -0.00289031 0.00247783 -2.24027e-05 0.000277863 -3.45318e-07 0.000582402 -4.41746e-07 9.13408e-06 0.00123437 -0.00996142 -3.23706e-07 -0.000403452 -3.51308e-05 0.00211482 -1.33003e-06 0.00223742 -1.5613e-05 -0.00134779 6.19982e-06 -5.4898e-06 -7.25791e-06 0.000197913 -0.000203669 -8.72967e-06 5.05535e-05 1.98582e-06 -4.42957e-08 0.00594727 -1.37943e-09 -1.7216e-06 1.63378e-05 0.00120522 -0.00243749 0.000147511 -2.56583e-05 -8.11944e-05 -0.00013136 -9.86168e-05 -0.0113885 -1.6414e-05 2.54967e-06 -0.000188415 -0.00178958 -2.82125e-05 0.000243998 -2.76281e-05 0.00520558 4.97499e-07 -0.0124192 2.66409e-06 1.30001e-05 -0.000105397 
-0.00101326 -4.96253e-07 -5.74929e-07 -1.43384e-05 -7.88761e-06 -1.50224e-06 2.49297e-07 0.0036009 -1.40749e-08 -1.10208e-06 0.000745689 -1.43408e-06 -0.00130824 -0.00443206 -0.000763771 8.78601e-06 -1.49353e-07 -8.4248e-05 -0.00360468 -3.40248e-05 -0.000520306 -2.90691e-06 0.0031653 0.000712283 -9.06226e-05 0.000393879 -0.00161624 5.73203e-07 -9.46175e-06 0.00331622 -1.48979e-05 0.0107642 -0.000300374 0.00255924 1.54373e-05 -0.000137754 -0.000929619 -0.0066393 0.00035478 -3.76647e-07 -0.000309956 -0.000215899 0.00431676 -0.00107049 6.45863e-05 -1.25673e-05 -4.41218e-07 0.000303272 -0.00173537 0.000951323 -1.16906e-05 -0.00032169 4.793e-07 -1.6558e-05 9.59381e-07 5.19463e-06 0.00141077 -0.00775836 -1.78765e-07 0.000868637 1.03357e-05 -0.00139449 -7.34504e-07 0.00113276 -8.62219e-06 0.00322053 -9.21395e-08 0.000281916 -4.00814e-06 0.00515823 0.000504697 -4.89087e-06 -1.32995e-05 1.64531e-06 -6.31192e-08 -0.00279336 3.92382e-08 -2.20986e-06 -1.78718e-05 -0.00327923 -0.00150018 2.80221e-06 -1.43015e-05 -4.38158e-05 0.00397476 -5.49669e-05 -0.000384302 0.000876499 2.568e-05 0.000721681 -0.000839687 -1.55802e-05 -4.53603e-06 -1.50384e-05 0.00261775 -3.08341e-08 -0.00865421 3.16882e-07 -2.96133e-06 -5.78204e-05 
